589.4039,478.6012,57.782898,64.2713,0.97378784,7,-1,-1
582.2041,378.71988,34.530518,30.572937,0.27291736,2,-1,-1
581.2606,378.26126,32.296326,33.386475,0.2290332,1,-1,-1
164.27307,217.89125,22.258347,31.315277,0.15408686,1,-1,-1
578.9214,381.54327,50.325928,46.206787,0.13770884,7,-1,-1
146.4717,219.67834,34.982178,23.05397,0.13130313,1,-1,-1
151.23248,226.53618,36.389572,26.626633,0.100363255,1,-1,-1
142.49236,222.60948,43.218826,21.489166,0.09245822,2,-1,-1
136.10141,228.0049,52.449295,24.804214,0.084537655,3,-1,-1
595.43604,492.65256,31.330505,43.395294,0.07948026,1,-1,-1
596.1305,483.54926,29.620483,34.943115,0.07885915,2,-1,-1
613.92896,487.54044,29.961792,43.85916,0.07662991,1,-1,-1
591.98236,480.5127,55.82074,62.270813,0.07150334,3,-1,-1
579.8815,382.0329,49.758545,46.664032,0.069913596,8,-1,-1
616.8248,483.69998,25.659607,38.391083,0.069068015,2,-1,-1
597.567,477.19504,38.109802,50.378815,0.06884068,7,-1,-1
171.882,220.04991,19.65062,34.126083,0.06646991,1,-1,-1
136.36182,227.35439,47.893127,25.883911,0.06565887,2,-1,-1
474.7027,45.71801,37.225647,16.448574,0.060301185,1,-1,-1
144.4515,221.54698,34.041916,22.304337,0.059923887,3,-1,-1
581.8394,378.29755,34.732117,28.935547,0.057995766,3,-1,-1
141.33672,219.77637,25.195557,30.160675,0.05783552,1,-1,-1
148.27954,219.28801,24.207703,27.562927,0.056762427,2,-1,-1
165.57576,220.85197,20.370117,33.142944,0.055542678,2,-1,-1
581.7321,387.09177,31.940369,40.32019,0.055290878,1,-1,-1
591.1081,381.30212,35.114502,30.383148,0.054777175,1,-1,-1
140.80132,221.63594,26.220444,32.154037,0.054589182,2,-1,-1
578.9214,381.54327,50.325928,46.206787,0.05034548,3,-1,-1
