560.83453,570.48456,224.557,126.77496,0.74200255,4,-1,-1
1236.0095,510.64847,65.69641,53.747528,0.7185349,4,-1,-1
1312.4713,584.53217,32.19934,81.38391,0.71512836,1,-1,-1
1024.2251,541.96594,36.76294,82.38098,0.7134319,1,-1,-1
565.7132,513.75073,16.345154,46.65979,0.66866887,1,-1,-1
1014.67993,506.12872,93.80701,64.942444,0.5933901,4,-1,-1
1080.0311,466.72247,28.572021,24.914062,0.5814371,4,-1,-1
1399.2721,654.2978,59.837646,141.99109,0.5721879,1,-1,-1
1702.8468,570.34863,43.385986,101.24249,0.5524316,1,-1,-1
1198.1799,614.4508,48.868896,91.59839,0.5165357,10,-1,-1
1053.9142,512.57074,102.25598,60.783142,0.51623535,4,-1,-1
962.02155,512.0348,24.832703,40.541626,0.5086779,2,-1,-1
1270.0641,540.7849,146.98376,99.76849,0.5032669,8,-1,-1
1059.2982,631.6032,62.324585,67.23767,0.50204265,2,-1,-1
1661.3577,497.79218,87.457275,55.128784,0.4959049,4,-1,-1
1439.9104,713.01965,58.44702,143.98688,0.47184065,1,-1,-1
1034.659,645.90204,104.71997,148.4447,0.45902723,7,-1,-1
958.1216,534.99097,29.29657,35.04883,0.45900947,10,-1,-1
1297.0446,641.51825,54.343872,88.424194,0.45509928,1,-1,-1
1062.6663,629.9808,60.12317,60.7016,0.4550405,10,-1,-1
1392.9548,755.3394,41.450684,73.691345,0.4497373,2,-1,-1
1859.3185,577.89136,60.05652,102.39276,0.42784104,2,-1,-1
1077.1709,481.5831,11.587036,21.672546,0.42436457,2,-1,-1
141.96777,659.77185,86.082184,99.57074,0.4234413,10,-1,-1
1202.5792,535.75665,24.542236,36.625244,0.42155707,2,-1,-1
1391.9911,614.03375,48.94104,99.38635,0.42118654,1,-1,-1
1423.9941,673.8645,63.568115,159.85999,0.42025694,1,-1,-1
540.01843,512.8464,24.002808,55.333984,0.41912,1,-1,-1
263.9185,594.3747,71.81976,148.27881,0.41612476,1,-1,-1
688.7692,521.3958,145.93134,100.47119,0.41470647,8,-1,-1
1079.4603,568.3236,40.98999,77.192505,0.41439644,2,-1,-1
1404.5616,592.4807,42.212524,67.99054,0.41041875,1,-1,-1
1296.6493,641.2127,54.154053,89.16846,0.4069553,2,-1,-1
451.4304,598.495,97.88034,71.07446,0.40631723,7,-1,-1
914.06354,763.61676,115.08502,264.31036,0.40211385,1,-1,-1
1389.3287,757.57104,54.379883,83.09424,0.40191144,10,-1,-1
1283.6512,689.8523,71.09558,99.03943,0.39929938,7,-1,-1
1035.7378,643.81006,101.846924,148.79407,0.3971842,8,-1,-1
1077.2373,570.11035,43.383423,77.15045,0.38922787,1,-1,-1
1279.5669,690.32355,74.946045,100.14252,0.3880636,10,-1,-1
251.42824,594.68463,84.53618,146.30347,0.3791486,10,-1,-1
348.06842,542.046,35.63199,69.03595,0.37571016,10,-1,-1
135.4632,673.9302,92.99417,87.66968,0.37159908,3,-1,-1
1307.7319,556.54254,121.15552,108.9436,0.370753,8,-1,-1
1508.3751,705.85095,58.380493,159.05536,0.36697572,1,-1,-1
1196.3915,575.906,56.18628,93.006165,0.36476916,2,-1,-1
515.00543,508.67368,18.38916,51.49051,0.35934076,1,-1,-1
962.0129,531.13635,24.35138,37.372803,0.35429356,2,-1,-1
661.07355,546.1506,51.067932,46.72296,0.35264865,10,-1,-1
1859.3185,577.89136,60.05652,102.39276,0.35137215,1,-1,-1
388.04266,758.60236,171.11499,189.22174,0.34969497,7,-1,-1
1077.4032,573.02686,43.206177,75.10217,0.34951636,10,-1,-1
1148.6853,479.36722,15.165405,26.10202,0.34947205,1,-1,-1
333.00397,550.4357,44.61154,69.877625,0.34373236,10,-1,-1
1279.9087,544.84985,158.26086,111.79242,0.3430914,6,-1,-1
1390.7903,744.29846,53.354614,98.777954,0.34132046,1,-1,-1
1198.1696,543.3428,33.105835,45.464478,0.33998477,2,-1,-1
1083.4387,457.2594,24.783691,20.666077,0.33423305,4,-1,-1
1197.6422,612.22864,50.71582,94.667175,0.33257675,1,-1,-1
1346.4813,487.06747,42.538574,56.53531,0.32661337,4,-1,-1
1164.6027,528.9378,20.709839,32.84131,0.32610068,2,-1,-1
1050.458,462.00824,33.131714,27.669708,0.32249206,4,-1,-1
1525.4132,690.49664,323.38867,241.54718,0.321927,7,-1,-1
305.87817,574.248,43.568665,67.00531,0.3194714,3,-1,-1
1333.1139,717.5562,29.553833,63.49579,0.31890813,1,-1,-1
1276.9753,716.00433,32.59314,63.78174,0.317482,3,-1,-1
1316.4178,493.71198,33.2323,24.474426,0.31677103,10,-1,-1
1270.0641,540.7849,146.98376,99.76849,0.31653005,5,-1,-1
1162.434,537.57715,29.72107,42.083313,0.3123488,7,-1,-1
1064.127,541.8862,75.84485,81.73663,0.3113696,7,-1,-1
307.39844,572.90076,41.652954,67.43677,0.31114608,10,-1,-1
1066.7389,649.70514,50.530884,66.254456,0.310218,2,-1,-1
1013.7939,505.83813,99.5965,66.29553,0.30929312,5,-1,-1
1163.7241,538.4201,25.218872,37.276,0.30745605,2,-1,-1
1207.437,534.0977,17.56958,27.089783,0.30695057,2,-1,-1
1526.7477,690.4135,314.18066,244.63019,0.306849,8,-1,-1
1224.06,493.88477,18.57544,27.209839,0.3062572,2,-1,-1
1067.3745,547.55286,68.50244,76.92462,0.30499023,8,-1,-1
1076.46,489.07443,13.149292,17.356445,0.3021128,10,-1,-1
1214.7156,514.38684,21.880249,25.239563,0.29860404,3,-1,-1
1075.4192,495.22354,21.11267,19.054413,0.29772013,3,-1,-1
1046.3121,512.9163,106.21399,61.665527,0.29692757,5,-1,-1
1525.4132,690.49664,323.38867,241.54718,0.29648232,6,-1,-1
701.9058,520.6602,134.7248,100.599915,0.2940204,6,-1,-1
1074.1608,603.1669,50.5802,52.712585,0.29315215,3,-1,-1
1162.242,537.9756,29.764526,41.466187,0.2927875,10,-1,-1
1471.2368,776.0142,69.67615,130.74243,0.29232198,10,-1,-1
536.5891,537.3057,28.915894,57.917786,0.2911005,10,-1,-1
441.3925,636.1777,48.53897,40.438965,0.29078788,3,-1,-1
1191.1627,607.8906,47.08496,88.36774,0.2906852,2,-1,-1
335.29578,539.60443,104.768036,175.54083,0.29006225,8,-1,-1
1327.5874,575.38324,162.42627,82.12079,0.28990304,8,-1,-1
1077.1299,480.82602,11.189209,21.554016,0.2876631,1,-1,-1
1166.7604,518.09467,21.38562,33.89099,0.2867029,2,-1,-1
1280.8059,550.3834,160.4967,111.78339,0.2822429,7,-1,-1
887.12335,529.8744,41.29193,30.542725,0.27909094,3,-1,-1
859.67346,557.54486,28.03009,44.96588,0.27644593,10,-1,-1
540.0682,520.93677,24.53125,52.323303,0.27638495,2,-1,-1
1069.0774,550.305,63.064697,73.88757,0.2755462,10,-1,-1
812.5161,554.8997,34.188965,39.913452,0.2746902,10,-1,-1
1185.1064,516.0085,28.5,39.203796,0.27309155,7,-1,-1
1310.0802,573.617,63.103394,97.13794,0.26999724,1,-1,-1
1184.888,514.7621,29.293213,39.980347,0.26987648,10,-1,-1
1136.6564,510.06055,17.611206,32.64984,0.26933667,1,-1,-1
1266.8254,542.36646,90.15503,81.50244,0.26889682,8,-1,-1
1195.341,577.24255,58.62256,90.09625,0.26700896,1,-1,-1
1218.4558,499.55893,16.90686,28.775665,0.26698408,2,-1,-1
925.4621,795.16907,93.961975,230.93958,0.26670974,10,-1,-1
1015.78644,529.5275,39.081604,78.88367,0.2660482,1,-1,-1
1528.8018,520.71375,106.4447,54.74408,0.2658722,4,-1,-1
1062.6787,628.1674,59.94568,62.529114,0.26225963,1,-1,-1
1198.1249,544.86554,33.71765,33.38922,0.26136592,10,-1,-1
1032.6925,648.7541,104.47119,142.12158,0.26024604,10,-1,-1
1148.6853,479.36722,15.165405,26.10202,0.26019007,2,-1,-1
280.74307,557.90674,31.06903,71.37085,0.25948876,1,-1,-1
699.71655,522.05383,138.99371,99.6864,0.25879413,7,-1,-1
1196.3838,577.4318,56.227295,89.50079,0.2567807,10,-1,-1
1160.6173,469.6202,29.916138,29.879333,0.25527585,7,-1,-1
1076.3766,493.58334,14.188599,15.445404,0.25486684,3,-1,-1
1333.5077,720.1411,28.99292,60.344666,0.25430375,2,-1,-1
1221.207,497.3193,11.865967,22.595428,0.25423723,2,-1,-1
0.0,717.1936,77.272026,110.79004,0.253755,10,-1,-1
1202.5792,535.75665,24.542236,36.625244,0.25352982,1,-1,-1
1390.6244,761.66504,51.137695,78.80713,0.2534498,3,-1,-1
1277.3385,720.95404,30.412354,58.91913,0.25341377,10,-1,-1
333.6684,542.2666,105.94379,173.88354,0.25267297,7,-1,-1
1392.7504,625.993,41.71765,91.82727,0.24998069,2,-1,-1
1127.0026,473.90057,19.641113,30.034546,0.24928918,7,-1,-1
1063.3865,644.83746,56.777344,72.96045,0.24922225,1,-1,-1
437.11243,633.9478,50.202606,49.562927,0.24837965,10,-1,-1
1519.8639,758.25476,47.589844,128.42871,0.24829742,1,-1,-1
869.2988,532.85455,47.906372,28.294922,0.24801227,3,-1,-1
447.1632,768.8246,85.81708,97.90674,0.24787131,2,-1,-1
1849.4286,579.15894,69.94641,98.22119,0.24780339,10,-1,-1
263.3774,595.7849,72.05261,142.96509,0.24772477,7,-1,-1
961.06384,530.4612,26.546875,38.540955,0.24771374,3,-1,-1
1067.3745,547.55286,68.50244,76.92462,0.24767283,1,-1,-1
444.19974,722.39355,88.04678,125.62775,0.24446788,1,-1,-1
1074.1608,603.1669,50.5802,52.712585,0.24426061,10,-1,-1
1215.5743,513.50934,20.464233,26.456299,0.24403173,10,-1,-1
1472.7039,762.7888,67.7865,141.604,0.24312165,1,-1,-1
0.47386885,707.0492,106.124596,112.74921,0.24203905,3,-1,-1
960.8026,512.8723,29.215942,35.90497,0.24131498,10,-1,-1
960.41455,513.0891,29.798706,38.408936,0.24128726,1,-1,-1
594.16956,536.0426,30.618713,38.437805,0.24114293,3,-1,-1
1460.2571,717.5897,71.72034,159.24432,0.23943084,1,-1,-1
1142.7716,461.85764,10.809204,20.427185,0.23939738,1,-1,-1
1283.6512,689.8523,71.09558,99.03943,0.23863202,8,-1,-1
1284.9067,688.4421,74.037964,101.14484,0.23780835,1,-1,-1
871.64197,532.3538,40.30017,29.101562,0.23633549,10,-1,-1
1346.5325,486.99283,43.446167,58.155243,0.2355721,5,-1,-1
1197.6876,542.2851,34.752808,47.56024,0.2351624,1,-1,-1
262.09842,593.52997,73.4155,146.24304,0.2335873,8,-1,-1
1101.3413,463.63525,9.433716,20.713928,0.23335066,1,-1,-1
1406.3577,588.78326,42.046387,56.12097,0.23294091,2,-1,-1
1207.0475,503.93134,16.5625,24.203064,0.23172197,2,-1,-1
1059.5604,537.0269,85.140015,84.931885,0.23171327,4,-1,-1
1316.4758,471.82257,50.57556,21.938324,0.22997397,7,-1,-1
911.464,509.60864,34.93799,37.18866,0.22862399,7,-1,-1
1079.4603,568.3236,40.98999,77.192505,0.22844443,3,-1,-1
691.8087,521.544,143.24078,102.23865,0.22760424,5,-1,-1
552.8079,610.07477,146.14178,91.763916,0.22609636,4,-1,-1
1180.1237,488.94385,23.031616,25.797058,0.2247836,7,-1,-1
1385.1349,618.84247,148.79773,80.45477,0.22382045,7,-1,-1
851.69073,536.74915,37.76355,27.038086,0.22330058,10,-1,-1
1347.319,487.31055,44.113037,61.503845,0.2227886,8,-1,-1
1526.4242,665.02386,341.85962,244.58801,0.2221956,4,-1,-1
560.3928,470.16162,17.41571,48.742004,0.22202522,1,-1,-1
534.4661,563.8154,29.39502,46.753906,0.22005308,10,-1,-1
317.84528,566.0602,47.276,85.11395,0.21980035,10,-1,-1
449.68756,597.0854,99.99933,72.02966,0.21844286,10,-1,-1
862.7441,518.53516,61.577576,39.871765,0.21783099,10,-1,-1
1205.7456,494.83337,16.376831,23.17395,0.21768796,2,-1,-1
1014.67993,506.12872,93.80701,64.942444,0.21750244,8,-1,-1
1193.0938,616.25726,36.187256,68.42438,0.21679097,1,-1,-1
1403.083,615.4393,51.416504,69.43036,0.216589,1,-1,-1
962.0129,531.13635,24.35138,37.372803,0.2164926,1,-1,-1
1394.2797,754.9955,38.193604,68.29535,0.21484011,1,-1,-1
1686.4753,510.19714,21.397217,48.348938,0.21479693,1,-1,-1
1266.5791,540.1038,126.84668,84.95001,0.21401274,7,-1,-1
1058.9971,629.62366,64.41968,60.08423,0.21399164,3,-1,-1
315.84702,564.1461,28.79773,65.38739,0.21351328,3,-1,-1
1085.9579,498.89877,13.116699,18.089691,0.21345413,3,-1,-1
159.13304,656.88654,58.290817,89.52014,0.21309003,3,-1,-1
1126.7266,473.93872,19.564453,29.909851,0.21286774,8,-1,-1
907.49304,493.9215,42.454285,41.260193,0.21261954,7,-1,-1
537.6479,541.6851,27.19403,51.790466,0.21233645,1,-1,-1
1187.0579,558.84045,86.193115,125.94751,0.21202973,8,-1,-1
1137.0895,510.54916,16.488647,30.641266,0.21153459,2,-1,-1
905.97845,461.43826,23.174683,31.891174,0.2111541,7,-1,-1
812.5161,554.8997,34.188965,39.913452,0.21093974,3,-1,-1
1346.0045,543.3025,21.906494,41.599182,0.21071059,1,-1,-1
1435.7117,657.9237,42.376343,105.422,0.20975915,1,-1,-1
1508.3751,705.85095,58.380493,159.05536,0.20885926,2,-1,-1
181.6062,683.2693,47.279694,75.72516,0.2086088,3,-1,-1
1778.0135,550.1468,103.421875,66.31592,0.20833239,7,-1,-1
388.04266,758.60236,171.11499,189.22174,0.2081536,8,-1,-1
1651.2175,492.15912,82.54675,38.639587,0.20783764,4,-1,-1
1055.06,511.9506,99.876465,63.48459,0.20770279,8,-1,-1
313.75977,570.16534,50.80002,75.970276,0.20712888,1,-1,-1
1148.5287,480.61316,15.429443,24.70166,0.20705238,10,-1,-1
1142.9072,459.0116,10.94812,21.00354,0.206999,2,-1,-1
1856.6707,580.4572,62.704346,101.15076,0.20581073,7,-1,-1
1507.2797,659.7244,279.82568,196.65381,0.20549288,8,-1,-1
887.25,531.46826,40.63849,29.016785,0.20497447,10,-1,-1
564.98364,564.5251,223.44086,137.54797,0.20436963,5,-1,-1
560.41016,572.9354,226.24841,126.51825,0.20415923,6,-1,-1
827.91394,550.1879,35.964172,45.53534,0.20309442,10,-1,-1
848.5292,536.26666,44.56018,26.94812,0.20297354,3,-1,-1
1399.2721,654.2978,59.837646,141.99109,0.20275688,2,-1,-1
1265.0245,492.9293,16.622803,21.496124,0.20274293,3,-1,-1
1282.9897,641.0427,70.24255,122.78583,0.2026146,7,-1,-1
537.4487,539.66797,27.786255,54.37085,0.20247614,2,-1,-1
1296.1556,515.52454,58.20703,42.515137,0.20204216,4,-1,-1
1184.9587,514.85345,28.034424,39.66681,0.20195764,2,-1,-1
1195.2515,575.69415,59.69812,92.00995,0.20143965,4,-1,-1
141.96777,659.77185,86.082184,99.57074,0.20055774,7,-1,-1
308.65646,574.95435,55.01303,68.83728,0.19965377,2,-1,-1
1685.177,521.2608,55.77539,43.64734,0.19943124,10,-1,-1
165.385,653.3137,48.28099,88.01953,0.19917366,2,-1,-1
563.7934,566.6139,221.64008,131.13934,0.19898748,8,-1,-1
1297.4077,640.9309,55.315186,87.69086,0.1986329,10,-1,-1
1395.7244,627.66235,32.472656,62.800842,0.1979484,1,-1,-1
332.39798,549.70667,41.792267,70.128845,0.19789004,3,-1,-1
1316.822,496.38638,18.588257,20.924042,0.19788724,10,-1,-1
1078.1854,454.51236,8.234863,18.076904,0.19680536,1,-1,-1
876.85675,514.776,20.945923,39.511353,0.19665754,2,-1,-1
1386.1752,762.83685,56.21985,77.83673,0.1957494,7,-1,-1
0.0,705.39166,105.71336,139.21631,0.19460768,7,-1,-1
1076.55,483.2666,12.356201,22.127594,0.19449782,3,-1,-1
1390.5819,546.4206,34.382812,32.109436,0.19420531,3,-1,-1
1135.5746,513.8316,19.695068,35.77527,0.1941477,10,-1,-1
1202.1471,537.1277,24.779785,34.091125,0.19395241,10,-1,-1
1141.1565,464.1277,11.283936,20.474487,0.19319603,2,-1,-1
1423.6279,623.5971,149.922,75.234924,0.19255489,8,-1,-1
1346.8127,540.40924,22.828003,34.574463,0.19219333,2,-1,-1
1284.6968,690.832,72.853516,96.382385,0.19216025,2,-1,-1
1736.7462,514.86694,75.12952,44.70508,0.19178495,10,-1,-1
857.5627,548.1005,32.837402,54.56488,0.1913755,1,-1,-1
1077.0131,494.718,16.911377,15.656647,0.19111794,10,-1,-1
450.01523,598.5045,100.04648,71.397644,0.19095549,8,-1,-1
911.464,509.60864,34.93799,37.18866,0.1902118,10,-1,-1
450.2712,775.02985,83.97067,86.02832,0.18988028,1,-1,-1
902.45374,525.949,30.658875,32.632996,0.18987316,3,-1,-1
1266.0872,482.15533,15.308105,27.127014,0.1898371,3,-1,-1
1158.2467,465.0958,11.790039,19.959198,0.18956557,1,-1,-1
1314.0981,472.28943,51.385498,20.74887,0.18887365,10,-1,-1
13.518414,698.71185,93.261246,117.55109,0.18887296,10,-1,-1
1078.587,564.6017,49.790894,67.8006,0.18874541,7,-1,-1
1234.8931,511.50922,70.20166,54.285095,0.18836117,10,-1,-1
1487.1288,594.2906,38.736694,66.54755,0.18832529,1,-1,-1
1310.0802,573.617,63.103394,97.13794,0.18808144,8,-1,-1
64.189125,611.2466,26.95082,29.934265,0.18742257,2,-1,-1
1079.8784,466.601,28.881714,25.685669,0.18724984,5,-1,-1
1025.5873,493.10538,22.92273,21.594513,0.18708804,3,-1,-1
1166.7604,518.09467,21.38562,33.89099,0.18684456,1,-1,-1
1265.0238,492.09628,16.73462,22.914703,0.1868313,10,-1,-1
1193.5287,548.90405,51.034424,74.965454,0.1860609,10,-1,-1
1050.3137,460.55447,35.35144,30.598816,0.18574375,5,-1,-1
587.4218,540.7529,41.066406,47.640564,0.18508103,3,-1,-1
1293.7332,639.20526,70.27673,125.56201,0.18445927,8,-1,-1
1200.9888,622.4153,46.0,83.72943,0.18336159,3,-1,-1
1440.62,649.7448,293.3734,184.7992,0.1829175,7,-1,-1
1327.5874,575.38324,162.42627,82.12079,0.1828607,7,-1,-1
1387.5604,578.4261,68.96814,93.99304,0.18265599,1,-1,-1
827.91394,550.1879,35.964172,45.53534,0.18246388,3,-1,-1
1853.6897,579.61884,65.6853,97.35364,0.18243992,3,-1,-1
561.74524,571.034,225.01984,129.52472,0.18236688,7,-1,-1
616.9876,539.14044,59.35846,47.636414,0.1821219,10,-1,-1
1204.6912,501.67603,13.406982,19.796875,0.182096,2,-1,-1
262.53613,590.90656,72.706085,151.20581,0.1815956,3,-1,-1
1072.7389,552.2396,54.73352,77.719055,0.18131155,4,-1,-1
1277.788,722.54877,29.892822,57.197937,0.17992762,1,-1,-1
1196.9169,493.62402,16.678955,23.476196,0.17924547,2,-1,-1
992.212,496.75815,26.434021,35.18094,0.17915541,10,-1,-1
932.98035,751.0604,88.7077,159.27612,0.17911154,2,-1,-1
1582.475,397.8781,40.501953,70.94061,0.17864591,4,-1,-1
858.9183,535.77765,27.713318,35.258057,0.17807657,2,-1,-1
805.8335,557.5101,28.07611,37.78363,0.17802656,10,-1,-1
1180.6586,489.58203,23.121094,25.099365,0.17792827,2,-1,-1
1278.1304,538.7044,199.24597,143.09058,0.17768568,8,-1,-1
1158.297,465.3357,11.634888,18.883575,0.17748836,2,-1,-1
162.08075,654.83124,53.47545,86.09784,0.17707649,10,-1,-1
1076.46,489.07443,13.149292,17.356445,0.17695534,1,-1,-1
0.0,723.1397,60.17353,99.03235,0.1769278,3,-1,-1
1292.3501,560.9665,118.644775,104.93378,0.17682686,1,-1,-1
1513.5344,741.6836,55.33545,146.16455,0.17671329,10,-1,-1
1390.9264,669.0124,41.20703,110.62756,0.17617649,1,-1,-1
1160.6173,469.6202,29.916138,29.879333,0.17615959,8,-1,-1
0.0,707.2898,104.72027,129.98907,0.17610788,2,-1,-1
1284.9866,697.485,57.35254,93.26703,0.1759544,3,-1,-1
1790.2277,553.1071,75.77637,63.695923,0.17580101,10,-1,-1
1316.4758,471.82257,50.57556,21.938324,0.17549992,4,-1,-1
1031.5406,502.22778,67.06616,49.068604,0.17542288,4,-1,-1
1142.6456,517.30096,24.623535,32.11737,0.17502168,10,-1,-1
1223.0707,499.9439,19.683228,24.804443,0.17474535,10,-1,-1
287.5653,560.17957,40.307068,70.894775,0.17437235,3,-1,-1
1194.1849,502.75623,18.13855,23.640015,0.17392135,2,-1,-1
862.7441,518.53516,61.577576,39.871765,0.17375806,7,-1,-1
434.28528,707.54736,86.048706,145.573,0.17303878,2,-1,-1
1298.7828,515.3346,54.134277,43.614624,0.1725342,7,-1,-1
1871.2494,532.1606,48.12561,100.342896,0.17221162,2,-1,-1
1076.2332,569.57355,47.037964,78.14282,0.17164224,8,-1,-1
1076.6696,569.3283,33.510498,50.22638,0.17160499,2,-1,-1
876.5067,528.61127,29.060974,32.408386,0.17135912,1,-1,-1
1180.4529,489.1438,23.08545,25.59082,0.17135447,10,-1,-1
1207.7703,509.94385,18.353882,26.64502,0.17126995,3,-1,-1
906.0807,461.52448,23.201904,30.69873,0.17084116,10,-1,-1
871.2307,552.84845,21.363281,46.272034,0.17082256,1,-1,-1
1266.0872,482.15533,15.308105,27.127014,0.17052743,10,-1,-1
1015.7706,481.164,13.22522,27.734894,0.17014223,1,-1,-1
1166.7604,518.09467,21.38562,33.89099,0.17013344,10,-1,-1
1356.0195,575.4107,47.763306,94.892456,0.16995618,1,-1,-1
1526.4242,665.02386,341.85962,244.58801,0.169826,5,-1,-1
1019.5092,471.76367,12.556702,27.100128,0.16977623,1,-1,-1
1312.011,584.38245,33.72339,81.760254,0.16872701,2,-1,-1
1208.2145,510.75092,17.202393,25.400818,0.16865358,10,-1,-1
876.85675,514.776,20.945923,39.511353,0.16771555,1,-1,-1
1207.437,534.0977,17.56958,27.089783,0.16759202,1,-1,-1
1069.0774,550.305,63.064697,73.88757,0.1675866,2,-1,-1
334.45715,538.7944,104.43396,174.93268,0.16639408,5,-1,-1
1164.0432,527.0372,23.486328,36.592102,0.16638243,1,-1,-1
1187.5757,509.5642,26.916382,35.065125,0.16631976,3,-1,-1
678.9601,551.2181,31.950256,32.056213,0.16625953,10,-1,-1
1360.3638,618.93677,140.89221,82.58984,0.16617858,8,-1,-1
952.67035,477.68362,23.09967,40.627228,0.16611138,7,-1,-1
912.2754,511.69354,33.458862,35.19684,0.16587195,3,-1,-1
1220.2827,509.4133,22.797974,30.434235,0.16575527,3,-1,-1
836.64246,522.57,62.197083,42.2937,0.16571254,10,-1,-1
1471.8115,761.86615,70.561646,146.4549,0.16539478,7,-1,-1
1060.4418,630.2674,65.40491,65.795044,0.16534439,7,-1,-1
1349.6951,496.20868,34.317627,34.52771,0.16531757,4,-1,-1
1452.7264,706.72833,36.42334,105.773315,0.16470477,1,-1,-1
1347.319,487.31055,44.113037,61.503845,0.16437325,7,-1,-1
1194.3066,619.9959,32.30371,60.139343,0.16429508,2,-1,-1
1180.1237,488.94385,23.031616,25.797058,0.16407794,8,-1,-1
858.15546,559.58154,30.491943,44.69275,0.16391852,3,-1,-1
1434.5217,641.3645,131.52063,107.67609,0.16390622,7,-1,-1
932.98035,751.0604,88.7077,159.27612,0.16387376,1,-1,-1
1315.5791,494.89752,29.65979,23.241455,0.16372767,3,-1,-1
1184.9587,514.85345,28.034424,39.66681,0.16371042,1,-1,-1
1058.4865,614.9777,75.16919,119.35419,0.16353965,8,-1,-1
137.40271,678.37006,68.518524,69.28772,0.16277835,10,-1,-1
1423.9941,673.8645,63.568115,159.85999,0.16209158,2,-1,-1
1283.788,546.51074,181.35718,130.69598,0.16206923,5,-1,-1
1055.776,657.6588,75.78894,100.34265,0.16179597,2,-1,-1
1347.0867,487.88336,42.464966,59.86969,0.16145438,6,-1,-1
540.5331,519.2103,24.068298,56.384155,0.16133994,10,-1,-1
1114.2627,456.6779,9.960693,18.25238,0.16092971,10,-1,-1
858.3789,549.27856,31.130615,53.845215,0.16059631,2,-1,-1
1235.4282,511.83966,69.35632,54.095154,0.15997699,7,-1,-1
1124.4766,472.43942,21.836182,35.27722,0.15979546,1,-1,-1
335.29578,539.60443,104.768036,175.54083,0.15967676,4,-1,-1
1190.9719,616.7392,41.911743,68.88147,0.15928856,10,-1,-1
1297.4077,640.9309,55.315186,87.69086,0.15853441,3,-1,-1
674.0482,544.9079,62.697998,43.432068,0.15848392,10,-1,-1
453.06073,622.7653,79.598206,48.59308,0.15842125,3,-1,-1
1074.0896,471.2659,29.775024,27.085999,0.15838543,4,-1,-1
1126.8492,477.24042,18.802979,27.367188,0.15830398,10,-1,-1
1054.3356,481.47177,16.628052,22.359833,0.15822273,1,-1,-1
1032.6925,648.7541,104.47119,142.12158,0.15816212,3,-1,-1
1058.4865,614.9777,75.16919,119.35419,0.1579799,7,-1,-1
0.0,711.14264,49.364372,91.219666,0.15789893,10,-1,-1
1370.1343,569.80786,94.65332,109.91931,0.15785778,8,-1,-1
1222.2399,497.12567,20.228394,29.253723,0.15758133,1,-1,-1
0.0,723.993,58.089832,99.556335,0.15755361,1,-1,-1
1075.2029,457.45038,36.467285,30.375214,0.15704697,4,-1,-1
1013.92316,505.4369,96.73004,65.167786,0.15700048,6,-1,-1
1383.1493,588.197,83.79187,63.08728,0.15687323,8,-1,-1
974.85913,499.60483,19.025757,26.862762,0.1567905,2,-1,-1
889.65424,491.08817,54.42444,36.873566,0.1567277,7,-1,-1
1323.8406,604.8248,128.15771,92.26111,0.15656275,8,-1,-1
1401.906,569.5734,108.71179,99.85297,0.15648943,8,-1,-1
900.5979,526.36993,33.288208,31.608093,0.1563887,10,-1,-1
1292.4371,644.962,58.084595,84.279724,0.15633664,4,-1,-1
1278.772,728.23285,26.990479,50.99109,0.15588179,2,-1,-1
1167.099,517.87836,21.2417,33.862183,0.1552754,7,-1,-1
1073.6361,497.86832,25.019531,16.170319,0.15487891,10,-1,-1
1210.3224,636.77,32.157104,67.5329,0.15437776,10,-1,-1
1206.7362,504.08575,17.8042,24.094482,0.15423602,3,-1,-1
1046.3121,512.9163,106.21399,61.665527,0.15384847,6,-1,-1
1247.5353,468.49127,13.760498,28.459686,0.15376869,1,-1,-1
658.10114,547.0401,18.93451,42.58954,0.15371287,1,-1,-1
127.011314,676.28455,55.887383,67.43561,0.15363112,3,-1,-1
1461.1506,621.92365,129.63489,72.90485,0.15331602,7,-1,-1
277.31482,581.68774,45.42166,91.743774,0.15327406,3,-1,-1
1040.1758,537.3561,116.544556,79.604675,0.15325916,8,-1,-1
1348.8872,533.5992,29.9646,27.62677,0.15323222,10,-1,-1
662.7043,547.3644,47.72278,44.76172,0.15288657,7,-1,-1
871.42896,556.915,21.690063,43.626404,0.15277907,10,-1,-1
1086.7932,567.42316,36.60132,54.085266,0.15273768,1,-1,-1
1438.614,712.2908,59.155884,144.37958,0.15261382,2,-1,-1
1152.6947,466.39212,11.347046,19.50409,0.15259343,1,-1,-1
953.765,516.14435,36.69397,56.110413,0.15257868,10,-1,-1
997.3133,473.72153,27.191956,27.465118,0.15254745,10,-1,-1
251.33087,659.63257,38.94879,81.04462,0.15207109,3,-1,-1
1026.881,483.37384,14.901855,26.6391,0.15195665,2,-1,-1
287.5653,560.17957,40.307068,70.894775,0.1519365,10,-1,-1
1187.2672,510.44147,20.248657,29.75946,0.15169546,2,-1,-1
945.5415,754.0128,67.084595,82.09741,0.1516301,2,-1,-1
954.3183,522.9855,37.441162,48.890137,0.15118405,2,-1,-1
989.92676,499.0909,22.258972,33.17404,0.15114588,3,-1,-1
1686.4753,510.19714,21.397217,48.348938,0.15111691,2,-1,-1
536.457,538.8951,19.070984,39.016113,0.1509575,1,-1,-1
1083.088,457.25552,25.659546,21.306396,0.15094483,5,-1,-1
1518.9263,521.11206,118.634766,58.389526,0.15079963,5,-1,-1
403.7558,754.98816,162.70544,186.90173,0.15075561,10,-1,-1
1501.874,532.6073,137.97241,77.78912,0.1506846,4,-1,-1
809.85394,549.76733,42.953674,46.31421,0.15064707,7,-1,-1
1195.0653,575.2101,59.806396,90.65271,0.15049648,7,-1,-1
1772.3737,797.85016,147.00134,281.52484,0.15047508,6,-1,-1
1323.8406,604.8248,128.15771,92.26111,0.15032575,7,-1,-1
1682.2747,518.2045,61.05664,46.27008,0.15021262,4,-1,-1
143.47928,669.72473,55.082306,79.02014,0.15019807,3,-1,-1
1017.50366,536.9897,90.39026,81.49567,0.15011266,8,-1,-1
325.63354,566.65356,21.110565,50.672363,0.15005004,3,-1,-1
1076.5704,475.9081,19.2052,24.533325,0.14999247,1,-1,-1
1070.4656,642.0383,39.765015,52.490723,0.1496911,2,-1,-1
1272.2583,538.49304,119.836914,87.07788,0.14966354,6,-1,-1
1458.1323,736.2275,79.85034,173.91016,0.14959034,3,-1,-1
959.6433,514.5497,31.52246,36.69525,0.14954025,3,-1,-1
1027.4829,548.2516,49.789307,71.82019,0.14917162,10,-1,-1
1389.8042,548.46674,36.380615,33.65039,0.14902696,10,-1,-1
954.5446,464.95273,22.257385,35.21768,0.14897415,7,-1,-1
1190.4836,509.45987,23.088013,29.399323,0.14894569,10,-1,-1
1054.9069,620.995,80.666504,105.16919,0.14882681,10,-1,-1
508.09354,577.98975,52.307526,36.496826,0.14870152,10,-1,-1
840.4056,546.4206,44.383545,53.112732,0.14867344,10,-1,-1
1162.434,537.57715,29.72107,42.083313,0.14863539,3,-1,-1
333.76953,0.0,39.742798,39.49334,0.14861786,4,-1,-1
482.1611,585.50433,60.207916,45.97986,0.14858776,10,-1,-1
1205.2716,547.16406,20.08728,33.078186,0.14812505,2,-1,-1
1162.434,537.57715,29.72107,42.083313,0.1480231,8,-1,-1
1873.9785,531.6272,45.396484,94.00983,0.14778912,1,-1,-1
1032.885,539.429,21.378296,54.649963,0.14763242,1,-1,-1
807.7671,463.71158,17.854492,20.215332,0.14758962,10,-1,-1
1193.6041,503.39893,18.915527,23.059937,0.14757258,3,-1,-1
1209.646,621.1485,35.60083,66.39703,0.14746675,2,-1,-1
162.08075,654.83124,53.47545,86.09784,0.14745748,1,-1,-1
326.46902,558.9148,22.184814,49.050537,0.14742717,10,-1,-1
605.45825,539.9683,53.10315,46.114563,0.14737332,3,-1,-1
1476.5405,653.77203,179.5946,201.3277,0.14728987,8,-1,-1
1266.8254,542.36646,90.15503,81.50244,0.14724797,5,-1,-1
1410.3999,650.4296,45.220947,90.54852,0.14696145,1,-1,-1
1300.0409,516.7851,51.430786,40.851868,0.14660999,8,-1,-1
535.93286,539.57275,19.690125,37.151245,0.14616516,2,-1,-1
662.7043,547.3644,47.72278,44.76172,0.14598346,3,-1,-1
318.36948,568.5483,50.294617,70.68787,0.14584664,3,-1,-1
916.59827,480.53,55.273438,50.080963,0.14576375,7,-1,-1
1197.1825,541.76044,20.473267,30.521606,0.14556113,2,-1,-1
1060.4418,630.2674,65.40491,65.795044,0.14548406,8,-1,-1
1164.0432,527.0372,23.486328,36.592102,0.1454347,7,-1,-1
862.56805,464.44385,10.507751,23.037811,0.14541918,1,-1,-1
544.9222,530.6039,17.789368,40.04718,0.14522648,1,-1,-1
1166.6986,539.2913,16.363281,27.985657,0.1451042,2,-1,-1
1415.0854,649.51483,80.246826,115.047,0.14487177,1,-1,-1
1046.3121,512.9163,106.21399,61.665527,0.1448653,7,-1,-1
781.0447,504.29974,27.27069,27.433044,0.14469025,3,-1,-1
1472.7039,762.7888,67.7865,141.604,0.14443454,2,-1,-1
1392.5427,534.9477,170.37646,107.39545,0.14382553,8,-1,-1
1192.6974,545.7275,40.34265,73.93213,0.14381593,1,-1,-1
805.8335,557.5101,28.07611,37.78363,0.14375675,3,-1,-1
1184.888,514.7621,29.293213,39.980347,0.14369634,8,-1,-1
1043.4762,500.42584,52.810913,29.182312,0.14357087,4,-1,-1
1207.0475,503.93134,16.5625,24.203064,0.14356989,10,-1,-1
1218.4558,499.55893,16.90686,28.775665,0.14346474,1,-1,-1
1221.2273,512.6628,21.07251,24.749939,0.14344376,10,-1,-1
1027.4657,483.03317,13.927612,27.399689,0.14341918,1,-1,-1
1234.8931,511.50922,70.20166,54.285095,0.14335653,8,-1,-1
1374.563,612.215,96.33362,99.91138,0.14331609,7,-1,-1
637.1446,530.51544,63.09497,53.59082,0.14328575,10,-1,-1
475.24707,590.88367,54.85486,73.91382,0.14294884,7,-1,-1
1102.5468,561.0125,43.716675,48.853516,0.14275685,10,-1,-1
1159.188,470.72873,26.486694,29.904999,0.14274883,10,-1,-1
1268.3884,541.8927,148.29187,96.86859,0.14266586,4,-1,-1
803.86505,489.46194,41.92639,44.82669,0.1426225,7,-1,-1
1680.5575,652.2096,61.261963,39.418823,0.14259672,10,-1,-1
1235.4299,511.17474,67.02905,53.105225,0.14246729,5,-1,-1
0.0,738.4156,122.71287,174.2522,0.14228287,7,-1,-1
1329.653,486.98193,53.29004,45.23822,0.14215824,8,-1,-1
1268.6202,547.94586,52.197754,75.55255,0.14213961,7,-1,-1
1246.9856,468.15054,14.44873,29.096527,0.14208224,10,-1,-1
876.5067,528.61127,29.060974,32.408386,0.14180568,2,-1,-1
1217.9576,500.62625,18.596924,26.83133,0.14171249,10,-1,-1
1018.613,514.5738,56.476013,73.74725,0.14165539,1,-1,-1
1197.9318,542.1226,35.64673,48.663696,0.14151347,7,-1,-1
1684.905,511.00034,107.86853,49.788727,0.14143649,4,-1,-1
1196.9169,493.62402,16.678955,23.476196,0.14121315,10,-1,-1
975.94403,489.94202,17.747803,28.31604,0.1411815,2,-1,-1
287.5653,560.17957,40.307068,70.894775,0.14113748,1,-1,-1
989.78314,499.42746,22.889954,32.762177,0.14084396,7,-1,-1
451.67722,625.13074,80.87985,45.81311,0.14060402,10,-1,-1
336.17194,558.3521,28.84375,53.805176,0.14033827,10,-1,-1
1371.7751,673.37805,82.19458,155.00757,0.14027697,1,-1,-1
957.6936,532.67474,31.50238,37.907166,0.14024875,7,-1,-1
1207.0475,503.93134,16.5625,24.203064,0.14014527,1,-1,-1
1501.874,532.6073,137.97241,77.78912,0.14006585,7,-1,-1
1141.1565,464.1277,11.283936,20.474487,0.1400441,10,-1,-1
1269.2413,545.3831,74.79053,75.53607,0.14003646,1,-1,-1
1147.5118,463.599,13.637573,23.373352,0.13988289,1,-1,-1
