965.81604,997.8532,68.674805,62.506165,0.9999879,4,-1,-1
704.443,843.5708,66.32123,46.084045,0.99986875,4,-1,-1
857.2104,952.5688,66.59631,54.53485,0.99984336,4,-1,-1
439.29172,834.0744,45.80417,44.15039,0.9998239,4,-1,-1
1826.3396,1019.5655,47.933105,59.26422,0.9997419,4,-1,-1
802.328,788.86316,63.7464,47.51123,0.99970365,4,-1,-1
644.24304,978.62946,54.275574,58.620056,0.998739,4,-1,-1
979.9838,864.4338,58.7641,49.99951,0.99867606,4,-1,-1
928.242,993.4849,57.914795,53.731262,0.9984687,4,-1,-1
1072.3053,917.63403,53.780273,52.922302,0.99844265,4,-1,-1
571.6459,907.8342,70.18439,35.729248,0.99837166,4,-1,-1
1791.8029,929.16,45.88208,55.1662,0.9982606,4,-1,-1
384.91254,772.3747,38.981415,40.799988,0.99712956,4,-1,-1
1212.1942,805.95325,53.08618,42.837524,0.99625385,4,-1,-1
1161.5834,962.7858,52.63733,53.16632,0.9960372,4,-1,-1
1040.507,904.86346,52.397217,47.055054,0.9948072,4,-1,-1
1002.69525,887.8838,61.57782,50.44098,0.9937736,4,-1,-1
1120.5723,777.3239,49.11731,35.60016,0.9935251,4,-1,-1
888.89514,973.10034,67.23633,51.91565,0.99292123,4,-1,-1
1101.0734,708.7422,60.391846,27.394348,0.98995864,4,-1,-1
1095.6836,871.0093,52.628296,39.720947,0.98907244,4,-1,-1
809.42175,559.36975,45.750732,34.04187,0.98630005,4,-1,-1
1162.2417,748.46576,47.289917,33.746643,0.9684869,4,-1,-1
1448.4576,694.6699,38.330444,35.51837,0.9684577,4,-1,-1
905.5092,982.2465,65.19324,52.34735,0.9674213,4,-1,-1
1256.7174,704.65894,41.711304,35.951294,0.9657832,4,-1,-1
556.32855,873.4755,78.18054,35.82489,0.96537507,4,-1,-1
1061.444,853.7631,58.73291,41.499756,0.9639894,4,-1,-1
1167.1873,794.33966,42.671265,33.5968,0.9513259,4,-1,-1
1126.6985,885.5267,58.944458,38.22809,0.94812757,4,-1,-1
349.15735,737.8016,39.350677,36.4776,0.94604063,4,-1,-1
1183.4811,799.38855,45.37195,34.689453,0.944314,4,-1,-1
1024.8535,896.56964,54.33362,47.99518,0.93157023,4,-1,-1
1199.262,687.8992,51.19104,32.721924,0.9284729,4,-1,-1
1194.3788,760.1558,42.552124,34.534607,0.9163201,4,-1,-1
1242.7042,700.9079,41.34912,33.58972,0.91415036,4,-1,-1
420.60303,726.9797,41.06143,33.946167,0.8861291,4,-1,-1
305.86417,690.66876,35.626312,33.555664,0.8800789,4,-1,-1
596.7444,701.83276,52.15735,31.089783,0.8645943,4,-1,-1
1176.154,679.1772,44.315674,29.020935,0.8520479,4,-1,-1
1227.3024,767.80554,41.171997,36.44818,0.8505136,4,-1,-1
517.56525,733.9749,47.883423,28.55774,0.83057165,4,-1,-1
875.4857,964.2579,66.95819,51.91217,0.80565166,4,-1,-1
1297.8563,679.9562,41.24475,34.90094,0.7963679,4,-1,-1
449.645,651.72046,46.82077,26.486755,0.7537434,4,-1,-1
547.69684,723.5864,44.52643,27.368225,0.7203551,4,-1,-1
1265.6589,674.6684,42.202637,31.8432,0.69673264,4,-1,-1
1382.8644,638.0551,49.705933,39.292847,0.6874094,4,-1,-1
946.67487,692.51843,28.032532,39.39514,0.6344175,4,-1,-1
1113.2784,877.5881,59.57434,40.184082,0.61003494,4,-1,-1
574.9558,713.0064,48.17462,27.934448,0.58916384,4,-1,-1
403.5706,892.8009,37.823853,47.89099,0.57252884,4,-1,-1
1322.7167,689.84314,43.63965,32.10681,0.5706975,4,-1,-1
677.99396,641.5846,49.390137,31.350037,0.50399834,5,-1,-1
1229.7162,696.58704,45.024292,32.729553,0.494259,4,-1,-1
1159.6239,645.97345,44.10132,29.131958,0.48313293,4,-1,-1
1323.6807,631.965,39.664185,30.085571,0.47576815,4,-1,-1
520.4953,576.82385,43.657166,25.704895,0.4557813,4,-1,-1
1310.0822,723.1771,42.432007,33.570618,0.4437598,6,-1,-1
1233.4535,665.524,43.11621,28.260681,0.42567834,4,-1,-1
678.6825,650.5499,50.416077,27.375916,0.42111295,4,-1,-1
461.8863,676.4969,46.623657,31.147705,0.40507373,4,-1,-1
409.30322,603.5562,36.201843,30.495605,0.40478176,4,-1,-1
1344.7806,616.45435,38.9906,29.033264,0.4026162,4,-1,-1
1365.6791,627.7761,41.551636,31.371277,0.39489192,4,-1,-1
251.5594,625.9847,34.5374,31.728882,0.38879263,4,-1,-1
461.8863,676.4969,46.623657,31.147705,0.3876015,5,-1,-1
490.40872,667.90924,45.281464,32.35211,0.38706377,4,-1,-1
1310.467,628.1086,39.636353,29.14795,0.38219392,4,-1,-1
1155.2772,673.9678,44.851807,25.92102,0.37773657,4,-1,-1
490.56384,641.90295,44.56537,24.606628,0.37290913,4,-1,-1
431.53793,598.85516,37.25229,31.944214,0.37043965,4,-1,-1
210.33266,590.0153,34.971283,29.75879,0.3694194,4,-1,-1
457.96765,589.1129,37.41037,31.060974,0.36434776,4,-1,-1
1362.4347,561.4543,36.19812,35.30127,0.35267028,4,-1,-1
490.40872,667.90924,45.281464,32.35211,0.3515409,5,-1,-1
1385.4646,569.1469,35.801514,34.624878,0.34732383,4,-1,-1
628.9401,617.806,50.368286,28.33435,0.3374801,5,-1,-1
1191.624,653.5469,46.319214,28.13501,0.33330712,4,-1,-1
1361.5593,559.8865,34.6427,35.85553,0.33094096,5,-1,-1
1329.3192,551.86346,39.548218,39.31433,0.32602343,4,-1,-1
1383.976,565.2984,35.70288,36.648132,0.3102975,5,-1,-1
1330.563,550.43774,39.405273,39.541992,0.30134663,5,-1,-1
1202.4691,658.07806,44.321533,27.335266,0.29898858,4,-1,-1
1348.0455,636.93365,39.32251,30.604797,0.29288763,4,-1,-1
490.40872,667.90924,45.281464,32.35211,0.28850055,6,-1,-1
1297.6212,718.3435,46.72351,33.761536,0.27644607,6,-1,-1
1351.0894,702.30975,61.1261,39.35083,0.27607816,6,-1,-1
1121.9082,667.79443,41.67456,27.269165,0.27439082,4,-1,-1
1410.6877,578.92633,32.245117,32.16394,0.27414417,4,-1,-1
1370.0618,566.4973,38.28723,34.001648,0.27408636,5,-1,-1
173.92738,407.7539,41.988388,30.662231,0.27310073,6,-1,-1
1257.2466,614.7965,36.767944,28.83368,0.2686923,4,-1,-1
1056.2341,910.05817,53.51306,53.11078,0.2616955,4,-1,-1
409.30322,603.5562,36.201843,30.495605,0.2537079,5,-1,-1
386.19443,614.45447,41.68289,31.674622,0.25283408,4,-1,-1
1430.244,588.5067,37.024292,30.092041,0.2503681,4,-1,-1
1346.1118,700.7913,61.15735,39.42444,0.24837661,4,-1,-1
1537.2183,554.7107,43.078247,26.797668,0.2473276,6,-1,-1
1153.4984,788.90674,45.050537,33.889893,0.24656755,4,-1,-1
1387.8214,571.69165,37.065186,33.433044,0.24610844,6,-1,-1
1332.6296,697.6574,48.106567,35.783142,0.24452922,4,-1,-1
1361.5593,559.8865,34.6427,35.85553,0.23971555,6,-1,-1
396.35593,610.8067,41.893585,29.327515,0.2342335,4,-1,-1
596.9651,636.1248,46.763306,23.098633,0.22831783,4,-1,-1
1411.1127,517.1164,30.67627,35.045532,0.22658563,6,-1,-1
1389.5944,576.00604,38.232544,31.262817,0.22428435,5,-1,-1
364.57388,598.2879,39.532684,29.869507,0.22377631,4,-1,-1
1205.1746,764.8189,42.646606,36.722717,0.21861523,4,-1,-1
1349.1841,560.5552,36.506104,34.776672,0.21825498,4,-1,-1
1312.7559,726.2192,42.245483,31.898987,0.21466458,5,-1,-1
1268.6034,617.01196,38.284912,29.385132,0.21454164,4,-1,-1
628.9401,617.806,50.368286,28.33435,0.21301904,4,-1,-1
1313.6918,604.36383,37.78418,27.517212,0.21054736,4,-1,-1
1240.0585,769.39606,49.83203,39.142273,0.21019816,4,-1,-1
1304.4685,722.52026,50.611816,36.228577,0.21005398,4,-1,-1
1360.1843,643.69446,41.55957,31.419617,0.20976633,4,-1,-1
1263.856,764.64594,39.736206,36.103516,0.20936951,4,-1,-1
461.35483,676.77716,46.316406,30.971802,0.20797181,6,-1,-1
1295.9137,718.46796,52.233032,38.07361,0.20107257,5,-1,-1
1133.9047,671.41956,41.323242,25.085632,0.20030087,4,-1,-1
431.53793,598.85516,37.25229,31.944214,0.19695368,5,-1,-1
357.15652,550.1307,41.514343,28.221924,0.19686982,4,-1,-1
1288.3557,723.5167,43.52124,34.16931,0.19634295,6,-1,-1
1243.0554,612.75665,39.005737,27.851746,0.1959978,4,-1,-1
449.39285,582.5038,41.15207,30.986206,0.19428754,4,-1,-1
1370.0618,566.4973,38.28723,34.001648,0.19330081,6,-1,-1
488.59094,559.44275,43.978638,25.249268,0.19160229,4,-1,-1
1323.7458,631.4425,39.782837,30.477905,0.19100347,5,-1,-1
1385.8676,638.3879,48.349976,39.28009,0.19054529,6,-1,-1
1324.91,611.6836,41.171875,29.102234,0.18781465,4,-1,-1
1312.7559,726.2192,42.245483,31.898987,0.18695399,8,-1,-1
1330.5264,551.1863,39.25415,39.49774,0.18675092,6,-1,-1
434.70074,671.1191,40.36801,31.163818,0.18657249,4,-1,-1
1394.8718,512.6976,30.980957,34.782715,0.1848346,6,-1,-1
218.16112,654.77,39.217026,28.937195,0.18447497,4,-1,-1
1253.0996,781.0547,44.63965,40.5343,0.1776968,4,-1,-1
1467.9928,599.9738,33.855225,32.329773,0.17751837,6,-1,-1
1188.6329,673.06757,48.969482,31.908264,0.17571154,4,-1,-1
343.0493,557.75134,41.326355,26.64148,0.17484546,4,-1,-1
437.85736,592.67816,40.741425,31.751953,0.17301878,4,-1,-1
598.54126,631.6178,46.24341,24.603333,0.17189977,5,-1,-1
505.09305,662.5431,43.974762,30.322754,0.16686594,5,-1,-1
1268.6034,617.01196,38.284912,29.385132,0.16644731,5,-1,-1
1361.8801,615.8158,44.549683,29.100464,0.16585839,4,-1,-1
1310.467,628.1086,39.636353,29.14795,0.16422743,5,-1,-1
497.01038,580.9966,36.828857,26.205872,0.16027188,4,-1,-1
407.42242,581.5488,42.819366,24.602234,0.15822902,4,-1,-1
1411.1127,517.1164,30.67627,35.045532,0.15562898,4,-1,-1
539.5671,649.6196,43.025574,27.782959,0.15453443,6,-1,-1
464.09036,588.1491,36.731537,29.29535,0.1543988,5,-1,-1
1894.1086,982.0056,22.435059,49.583252,0.15332443,10,-1,-1
432.67905,579.32556,39.810577,28.54181,0.15136048,4,-1,-1
1217.3202,604.97705,38.88025,28.168823,0.15115425,4,-1,-1
1405.5001,579.2508,36.046143,31.371521,0.15087914,6,-1,-1
411.43005,594.3268,39.590027,31.003174,0.15013811,4,-1,-1
1260.9392,768.887,41.86731,41.755066,0.14977309,5,-1,-1
1228.9409,684.27814,44.62097,31.29181,0.14760384,4,-1,-1
547.69684,723.5864,44.52643,27.368225,0.14760253,5,-1,-1
540.0261,649.67786,41.642212,28.07013,0.14711711,5,-1,-1
434.70074,671.1191,40.36801,31.163818,0.14703092,5,-1,-1
386.19443,614.45447,41.68289,31.674622,0.14622244,5,-1,-1
1177.1187,680.09705,44.746582,28.933228,0.1458357,5,-1,-1
1382.0325,561.64325,36.31836,34.25409,0.14432088,6,-1,-1
445.68094,674.5514,47.905823,31.112183,0.14381474,4,-1,-1
1257.2466,614.7965,36.767944,28.83368,0.14355928,5,-1,-1
1266.9614,594.5956,39.567017,24.264648,0.1428937,4,-1,-1
1106.4069,772.7364,50.20459,35.73767,0.14265844,4,-1,-1
1124.9802,885.15875,61.229126,39.453674,0.14140269,7,-1,-1
1410.6877,578.92633,32.245117,32.16394,0.14090782,5,-1,-1
422.17807,536.573,43.504242,23.786072,0.13964358,4,-1,-1
477.06644,582.999,39.312042,27.679077,0.13961408,4,-1,-1
396.35593,610.8067,41.893585,29.327515,0.1392394,5,-1,-1
443.49036,571.2723,48.96161,24.167908,0.13898978,4,-1,-1
1430.244,588.5067,37.024292,30.092041,0.13745004,6,-1,-1
256.96872,563.3294,49.8703,27.057617,0.13641816,5,-1,-1
505.09305,662.5431,43.974762,30.322754,0.13614398,6,-1,-1
379.57404,545.355,39.180634,25.428528,0.13563725,4,-1,-1
251.5594,625.9847,34.5374,31.728882,0.13234201,5,-1,-1
1272.9398,751.5003,41.479492,29.533264,0.13208914,4,-1,-1
1360.4674,547.3082,36.27295,31.121338,0.13206142,4,-1,-1
1295.6031,624.84485,39.70874,29.004028,0.13106981,4,-1,-1
645.9264,614.8419,46.224976,28.046814,0.13096687,5,-1,-1
1156.7877,791.1366,43.620117,33.78479,0.13000906,5,-1,-1
256.96872,563.3294,49.8703,27.057617,0.12971735,4,-1,-1
1179.6228,752.22577,44.08838,33.946472,0.12840557,4,-1,-1
427.00912,662.8623,39.54547,32.171143,0.12687027,4,-1,-1
451.4884,649.3927,45.05719,28.079346,0.12629738,5,-1,-1
365.40305,610.6021,42.118103,29.473206,0.12560886,4,-1,-1
1386.0002,636.30475,47.04431,40.008667,0.124608815,5,-1,-1
1192.4205,654.7736,47.5271,27.823914,0.12317389,5,-1,-1
471.49005,725.44214,34.457214,33.328735,0.12271395,4,-1,-1
1288.3557,723.5167,43.52124,34.16931,0.12231803,4,-1,-1
1373.9183,507.91748,35.3468,34.060608,0.122267544,6,-1,-1
519.5455,660.9753,41.81378,29.056091,0.12222615,5,-1,-1
1302.0743,609.75446,37.397095,30.097351,0.12112728,4,-1,-1
1286.5115,722.0524,41.13257,34.57953,0.12091267,5,-1,-1
518.66547,659.6463,42.00641,31.309937,0.12005064,4,-1,-1
518.66547,659.6463,42.00641,31.309937,0.119522005,6,-1,-1
464.3096,657.3272,46.15921,32.510986,0.11937457,4,-1,-1
645.9264,614.8419,46.224976,28.046814,0.11925873,4,-1,-1
505.09305,662.5431,43.974762,30.322754,0.11911124,4,-1,-1
518.45013,577.6216,43.42157,25.037537,0.118937045,5,-1,-1
178.54666,559.12146,38.621902,26.480286,0.118881464,4,-1,-1
574.08356,713.95374,48.155334,27.974548,0.11792618,5,-1,-1
1430.244,588.5067,37.024292,30.092041,0.11785895,5,-1,-1
445.68094,674.5514,47.905823,31.112183,0.117800206,5,-1,-1
540.0261,649.67786,41.642212,28.07013,0.11752874,4,-1,-1
1365.6791,627.7761,41.551636,31.371277,0.1173538,5,-1,-1
472.9996,565.8504,41.120514,27.45282,0.11616114,4,-1,-1
1278.1293,734.4137,39.998047,33.803467,0.115853816,4,-1,-1
1153.2168,660.85236,41.38269,31.157593,0.11564863,4,-1,-1
469.67108,585.4095,36.10132,31.248901,0.1154674,4,-1,-1
1315.5984,553.10834,39.33667,35.63208,0.11530697,4,-1,-1
388.0201,671.00165,39.253296,27.365784,0.115300596,4,-1,-1
416.56802,672.60986,36.793182,31.717041,0.11523199,4,-1,-1
1341.6396,544.12616,38.07666,33.052246,0.11377159,5,-1,-1
1341.6396,544.12616,38.07666,33.052246,0.11355585,4,-1,-1
382.2343,593.0427,42.215454,26.48639,0.11326909,4,-1,-1
245.59975,536.17926,47.70833,27.30487,0.11309564,5,-1,-1
1480.5293,476.63983,30.759644,34.14261,0.11154774,6,-1,-1
1479.8104,600.36633,36.911743,31.723938,0.11117658,6,-1,-1
402.4167,669.8645,36.182404,29.864685,0.11085588,4,-1,-1
1393.4543,581.2934,37.921875,30.76294,0.11082244,4,-1,-1
425.13977,605.552,38.64987,32.507507,0.11043891,4,-1,-1
328.3827,560.82477,41.799683,26.572693,0.11016625,4,-1,-1
1433.0187,529.0393,33.222534,33.578064,0.10973832,4,-1,-1
607.6846,596.5202,37.17517,30.919312,0.10928109,5,-1,-1
503.5975,570.36993,40.680634,28.297668,0.108617336,4,-1,-1
502.54587,555.69165,40.684296,27.947083,0.10846248,4,-1,-1
1461.5503,529.96075,34.31421,32.653015,0.10778257,4,-1,-1
1253.0996,781.0547,44.63965,40.5343,0.10764769,5,-1,-1
1243.0554,612.75665,39.005737,27.851746,0.10590351,5,-1,-1
1158.3735,653.29395,42.29419,31.156433,0.10583797,5,-1,-1
247.46696,536.93854,45.093826,25.765076,0.105776995,4,-1,-1
373.7188,595.9753,39.07541,28.164795,0.10541165,5,-1,-1
607.3752,696.65656,49.119812,29.65149,0.105400234,4,-1,-1
6.5085697,958.8275,26.203375,41.90631,0.10473865,10,-1,-1
1199.0597,687.24786,52.229614,33.289917,0.10447651,5,-1,-1
1333.0411,713.8796,41.054443,35.52649,0.10423073,4,-1,-1
1348.3634,697.69,59.45874,36.93109,0.10363901,5,-1,-1
286.1339,569.0957,38.446747,29.36444,0.10359424,4,-1,-1
1370.1238,648.60187,41.335693,35.153076,0.10277802,4,-1,-1
381.88565,535.4707,42.79077,27.669678,0.102419674,4,-1,-1
1315.5984,553.10834,39.33667,35.63208,0.10218778,5,-1,-1
1260.9392,768.887,41.86731,41.755066,0.10216138,6,-1,-1
1233.4535,665.524,43.11621,28.260681,0.10211107,5,-1,-1
1193.6954,759.7931,42.796387,34.532776,0.10203433,5,-1,-1
357.43445,550.8929,41.632812,28.027588,0.10167831,5,-1,-1
1344.7806,616.45435,38.9906,29.033264,0.10159832,5,-1,-1
1369.1295,667.2617,39.072266,31.871277,0.10109109,4,-1,-1
1361.5593,559.8865,34.6427,35.85553,0.10053748,9,-1,-1
473.85825,582.69604,39.186615,27.52417,0.100533694,5,-1,-1
351.8379,602.5513,40.052216,27.454834,0.10021037,4,-1,-1
344.22214,594.5609,40.38614,31.273804,0.10005787,4,-1,-1
678.39044,650.1077,50.09973,27.695679,0.099934906,8,-1,-1
1314.6173,609.5225,35.98938,28.521912,0.09970608,5,-1,-1
427.00912,662.8623,39.54547,32.171143,0.09912449,5,-1,-1
388.62973,627.6736,42.380005,29.220459,0.099104285,4,-1,-1
1894.1086,982.0056,22.435059,49.583252,0.09888238,1,-1,-1
1339.3505,603.7029,43.482178,31.151123,0.09866312,4,-1,-1
1394.8718,512.6976,30.980957,34.782715,0.09843883,4,-1,-1
1154.8167,740.8949,43.80249,33.536682,0.09804326,4,-1,-1
490.56384,641.90295,44.56537,24.606628,0.097965956,5,-1,-1
402.7488,535.7178,42.465973,26.917358,0.097786665,4,-1,-1
1591.8008,561.7439,33.910034,30.922302,0.096637934,4,-1,-1
1344.9064,555.2272,42.638306,41.117065,0.096597135,5,-1,-1
1295.6031,624.84485,39.70874,29.004028,0.09630385,5,-1,-1
1090.7461,772.43195,39.5708,30.528992,0.0960519,4,-1,-1
376.59235,671.2073,36.916748,29.505371,0.09585157,4,-1,-1
517.1976,733.7304,47.441833,29.089783,0.0957171,5,-1,-1
1397.4503,567.6603,37.229126,33.319763,0.0956929,5,-1,-1
1268.6034,617.01196,38.284912,29.385132,0.094762206,6,-1,-1
1372.2898,640.4124,44.179077,36.774597,0.09370467,5,-1,-1
1254.8558,600.2717,38.79492,31.96289,0.09360856,4,-1,-1
579.7207,641.0055,45.253784,24.238586,0.09332433,4,-1,-1
1297.6212,718.3435,46.72351,33.761536,0.09303784,8,-1,-1
403.1327,592.4716,39.300873,29.002197,0.09265503,5,-1,-1
579.7207,641.0055,45.253784,24.238586,0.09230894,5,-1,-1
1355.5525,633.78784,39.52881,32.198547,0.0918234,5,-1,-1
1355.4427,604.30634,40.272095,31.897278,0.09155157,4,-1,-1
511.5502,636.3599,42.717743,25.053955,0.091493785,4,-1,-1
497.01038,580.9966,36.828857,26.205872,0.09134671,5,-1,-1
1204.093,798.4789,46.206543,37.220398,0.09088504,4,-1,-1
381.88565,535.4707,42.79077,27.669678,0.09084973,5,-1,-1
393.85995,580.17017,38.668365,29.716553,0.090761065,4,-1,-1
1331.7245,728.863,38.978638,34.412598,0.09049165,4,-1,-1
1397.8906,629.8464,41.319824,35.79828,0.09032029,4,-1,-1
437.85736,592.67816,40.741425,31.751953,0.09018886,5,-1,-1
365.3078,535.7537,45.03592,26.558105,0.090114504,4,-1,-1
1397.4503,567.6603,37.229126,33.319763,0.089544415,4,-1,-1
1459.3263,566.31415,37.992554,30.705322,0.08931142,6,-1,-1
1132.9393,637.385,42.852905,26.345581,0.08899787,4,-1,-1
1312.7559,726.2192,42.245483,31.898987,0.08818507,7,-1,-1
1344.9064,555.2272,42.638306,41.117065,0.08791393,6,-1,-1
1300.8344,736.0097,44.33484,31.695374,0.087827146,6,-1,-1
1159.3518,771.0411,44.083862,46.688904,0.08765921,4,-1,-1
460.40475,657.25635,50.007324,29.839417,0.087016344,5,-1,-1
499.94418,645.25946,42.525543,29.417358,0.08689901,4,-1,-1
1127.483,742.5466,41.865234,30.367188,0.08687726,4,-1,-1
