407.10257,575.62317,132.60013,177.86328,0.9090042,4,-1,-1
578.5726,170.67319,35.76111,32.81366,0.8743975,4,-1,-1
571.2662,216.7526,78.12323,36.40747,0.86151844,4,-1,-1
897.29266,271.72418,92.552246,69.12796,0.8614408,4,-1,-1
545.4902,255.32224,85.238464,49.132965,0.854193,4,-1,-1
464.4823,403.01462,22.929382,58.63092,0.85025775,1,-1,-1
901.1247,188.94505,48.13617,33.969254,0.8431723,4,-1,-1
607.91516,124.66091,29.128784,25.576225,0.83018947,4,-1,-1
1057.8875,489.6343,104.48889,111.26724,0.8181971,4,-1,-1
561.8957,123.83832,32.09027,28.479263,0.8104968,4,-1,-1
910.40826,329.37613,108.54773,77.18869,0.80903924,4,-1,-1
888.08356,248.19373,55.088562,39.6062,0.79693794,4,-1,-1
997.9053,403.81995,94.64111,81.18469,0.765846,4,-1,-1
799.2139,133.82613,30.662292,26.080566,0.7621931,4,-1,-1
539.55865,298.39264,74.20825,61.148193,0.7620951,4,-1,-1
451.22357,459.9387,136.68689,129.83133,0.7582232,4,-1,-1
986.63385,229.60762,27.460327,24.901184,0.7357552,10,-1,-1
833.954,115.91049,27.357605,22.019058,0.7270268,4,-1,-1
449.78168,405.5503,14.754059,37.269592,0.710974,1,-1,-1
1176.5093,414.5999,79.19653,50.44577,0.7100286,10,-1,-1
279.11606,489.12265,53.61618,44.230865,0.7084559,3,-1,-1
519.6819,329.9449,128.15704,93.6951,0.70810425,4,-1,-1
572.57056,190.1902,35.162598,33.991196,0.7048824,4,-1,-1
1043.2833,293.79114,41.60437,34.247833,0.6760722,10,-1,-1
805.9622,232.54352,16.566345,28.412964,0.66519094,2,-1,-1
606.2584,92.14172,49.763733,20.864845,0.649088,4,-1,-1
1058.4009,311.5227,45.13147,31.166595,0.6478816,10,-1,-1
208.65529,524.6,177.58073,178.64642,0.64012975,4,-1,-1
766.25006,68.103325,6.208313,14.968796,0.628424,1,-1,-1
701.1646,370.27164,25.135376,45.114044,0.62353134,2,-1,-1
1041.1907,328.00357,20.275513,34.934387,0.60108143,1,-1,-1
492.01678,421.8487,88.26727,55.871124,0.58183974,7,-1,-1
649.1322,99.18365,42.993835,21.21045,0.5811267,4,-1,-1
615.1318,50.22152,51.5058,30.550919,0.5786631,9,-1,-1
723.9753,48.155388,28.650085,12.237679,0.57319343,4,-1,-1
783.59283,97.62005,54.2619,25.400574,0.55663353,5,-1,-1
701.4507,386.03967,25.170715,41.89038,0.5484828,10,-1,-1
805.3168,242.24612,16.814148,27.635529,0.54571664,10,-1,-1
491.78824,421.1199,90.66623,55.74466,0.53634834,8,-1,-1
619.7322,66.0829,32.486877,18.23381,0.5355296,5,-1,-1
739.4498,58.543884,16.335388,13.815903,0.5252951,4,-1,-1
550.61786,98.73,45.743286,24.28041,0.5250146,4,-1,-1
786.8338,143.28726,10.826782,21.706345,0.5219387,2,-1,-1
699.93317,66.93778,17.404236,15.259773,0.5171906,4,-1,-1
875.4382,137.75514,16.421814,16.75705,0.50605446,10,-1,-1
787.2335,152.27592,9.260376,16.087097,0.5059529,3,-1,-1
441.04495,378.33258,40.51593,31.357971,0.49985206,10,-1,-1
768.96045,51.583847,5.7651978,13.050888,0.47904897,1,-1,-1
660.4238,26.610989,16.531067,8.897224,0.47742105,4,-1,-1
1219.4967,506.95847,140.06055,165.99814,0.47071892,6,-1,-1
211.7002,524.2095,173.97308,175.15686,0.46603268,5,-1,-1
559.321,224.40633,81.118286,40.577713,0.46548927,4,-1,-1
595.7764,104.96928,7.936096,20.050468,0.46424317,1,-1,-1
646.6379,72.726395,18.527283,17.839668,0.45591247,4,-1,-1
880.63965,148.19937,24.593994,15.247711,0.44844362,3,-1,-1
621.85535,77.57507,31.038025,18.569069,0.44660878,5,-1,-1
553.8624,234.04079,81.142395,48.530777,0.4425032,4,-1,-1
592.7645,86.621254,51.654236,22.93576,0.43668187,4,-1,-1
699.7974,66.84619,17.500122,15.367081,0.43581158,5,-1,-1
647.5473,46.884598,15.54187,10.197948,0.4354504,4,-1,-1
622.1517,76.8763,30.291016,15.985077,0.4343581,4,-1,-1
632.85895,35.598797,12.265015,10.116722,0.4270539,4,-1,-1
601.5176,105.72,30.410278,20.016998,0.4193203,5,-1,-1
786.8338,143.28726,10.826782,21.706345,0.41501358,1,-1,-1
717.4441,36.550426,12.842346,8.939705,0.406769,4,-1,-1
601.5176,105.72,30.410278,20.016998,0.40195337,4,-1,-1
725.2085,41.205944,11.543335,9.094486,0.39861265,4,-1,-1
1046.045,305.58853,43.510376,34.163208,0.3913738,10,-1,-1
458.55194,401.2563,14.465881,34.471985,0.38882414,1,-1,-1
784.9595,117.70549,10.892639,17.341583,0.38116425,2,-1,-1
616.1188,79.49996,37.3974,19.769875,0.3726268,4,-1,-1
784.64764,117.82492,11.815308,17.71022,0.3666667,1,-1,-1
879.92316,146.90813,23.642517,15.903366,0.36078447,10,-1,-1
646.6379,72.726395,18.527283,17.839668,0.35641903,5,-1,-1
707.40955,31.853006,12.732849,9.108408,0.3504932,4,-1,-1
450.39374,403.23807,16.423706,38.641815,0.33906835,2,-1,-1
1043.7761,296.22348,42.81604,32.89206,0.3357974,3,-1,-1
449.11984,460.6394,137.08371,129.43561,0.33254895,5,-1,-1
532.08685,313.5459,100.66498,80.45041,0.3290605,4,-1,-1
587.30194,107.44782,8.385559,18.7416,0.3286218,1,-1,-1
714.88275,33.36571,12.13916,9.412567,0.32314372,4,-1,-1
805.3168,242.24612,16.814148,27.635529,0.32037705,3,-1,-1
629.0529,46.079353,14.357788,9.527679,0.31687832,4,-1,-1
602.49445,105.00192,29.827393,22.641563,0.30896086,8,-1,-1
722.28015,39.787827,12.808289,8.729492,0.2962391,4,-1,-1
783.59283,97.62005,54.2619,25.400574,0.2959024,6,-1,-1
649.1322,99.18365,42.993835,21.21045,0.29531676,5,-1,-1
874.7898,137.47092,17.837402,17.092194,0.29510757,3,-1,-1
739.4498,58.543884,16.335388,13.815903,0.29314685,5,-1,-1
434.93896,397.50903,18.251892,37.21527,0.292776,1,-1,-1
614.8131,55.21258,46.344116,27.783192,0.29006946,6,-1,-1
537.10236,193.75569,22.81665,16.01535,0.2882421,10,-1,-1
638.1867,43.855095,14.437378,9.000908,0.28535593,4,-1,-1
996.274,401.2925,95.76874,83.44006,0.27608317,5,-1,-1
632.3857,41.228912,16.878906,9.095627,0.27591687,4,-1,-1
629.6644,26.29468,16.427795,8.999376,0.27086002,4,-1,-1
1221.1073,504.16745,138.44995,170.39407,0.27010235,8,-1,-1
876.00305,136.77122,14.81012,18.416534,0.26682878,2,-1,-1
599.50916,94.714035,44.731506,23.52031,0.26636004,4,-1,-1
783.59283,97.62005,54.2619,25.400574,0.26471758,9,-1,-1
595.24646,87.34119,36.987244,15.562843,0.26463938,4,-1,-1
784.1148,120.1691,12.970581,16.20543,0.2627517,10,-1,-1
783.90125,97.70261,53.677063,25.30751,0.26248974,4,-1,-1
601.5176,105.72,30.410278,20.016998,0.26023716,6,-1,-1
373.1327,481.2745,14.012299,10.859924,0.25936285,2,-1,-1
701.41,370.62094,24.828186,44.21176,0.25909725,1,-1,-1
615.2152,79.37688,38.863586,20.468292,0.25670403,6,-1,-1
1058.9835,311.3032,44.847168,31.41098,0.25501996,3,-1,-1
1172.3662,409.38287,84.885254,58.705627,0.25367063,7,-1,-1
702.1883,388.03235,23.575623,39.862823,0.2520123,3,-1,-1
605.93713,91.310616,50.190674,21.633316,0.24904221,6,-1,-1
520.0835,330.53326,128.85931,93.30487,0.24900267,5,-1,-1
617.6912,61.489136,41.15027,23.673874,0.24849463,9,-1,-1
451.54068,382.20526,28.89148,21.207977,0.24742672,10,-1,-1
602.3301,90.45535,49.829895,22.578781,0.24594483,5,-1,-1
638.6553,21.186743,17.56897,8.485502,0.24458188,4,-1,-1
986.96326,230.60841,27.094177,23.649338,0.24325383,3,-1,-1
642.63226,45.71476,15.587219,9.316963,0.24130261,4,-1,-1
772.21454,51.66848,6.085449,12.918762,0.24125251,1,-1,-1
798.5492,116.36338,11.614014,16.884315,0.24086848,1,-1,-1
702.45874,26.334492,14.84436,8.052658,0.2403022,4,-1,-1
632.6025,28.893759,14.239746,8.467825,0.23893362,4,-1,-1
770.4558,49.65035,5.3841553,13.406593,0.23764989,1,-1,-1
618.9874,66.588646,33.585754,18.58078,0.23600891,4,-1,-1
550.61786,98.73,45.743286,24.28041,0.23511514,5,-1,-1
798.6723,116.918686,10.583191,14.027298,0.23455265,2,-1,-1
452.73425,379.4147,33.679626,43.598206,0.23260921,10,-1,-1
688.56287,20.877392,8.656616,8.682646,0.23000923,4,-1,-1
1223.1686,502.8318,136.38867,173.12396,0.22963831,7,-1,-1
617.60406,64.75323,36.634216,20.008484,0.22797972,6,-1,-1
1046.045,305.58853,43.510376,34.163208,0.22660843,3,-1,-1
703.92413,29.59149,14.019348,7.200037,0.22622064,4,-1,-1
798.63336,120.93594,15.776123,18.330719,0.2229048,7,-1,-1
683.1517,15.815189,3.3551636,7.906208,0.22196424,1,-1,-1
718.3951,35.876476,13.348999,9.517876,0.22195941,5,-1,-1
641.2082,23.303783,17.508545,8.076897,0.22118515,4,-1,-1
725.65955,42.300056,11.520813,9.199787,0.22082242,5,-1,-1
774.4657,52.57137,5.121643,11.244247,0.2205145,1,-1,-1
804.91876,240.7217,18.753296,29.599014,0.2204555,2,-1,-1
594.80444,85.56228,40.06476,18.789612,0.21933374,5,-1,-1
572.9646,190.26396,35.117737,33.96573,0.21781671,5,-1,-1
647.5473,46.884598,15.54187,10.197948,0.21673265,5,-1,-1
790.8301,114.49991,10.317932,17.801208,0.21673164,1,-1,-1
1172.3662,409.38287,84.885254,58.705627,0.21628615,3,-1,-1
790.13245,115.13787,11.517639,17.126823,0.21541402,2,-1,-1
628.2531,47.172424,15.803467,10.768406,0.21443471,5,-1,-1
806.17664,232.80324,16.283142,28.828445,0.21388903,10,-1,-1
799.5402,119.7616,14.270935,19.86676,0.21261317,1,-1,-1
688.57446,19.794844,8.898987,9.779781,0.21202844,5,-1,-1
724.471,46.355545,12.506165,9.374317,0.21199012,4,-1,-1
784.2124,120.17425,12.202332,16.267296,0.2104652,3,-1,-1
596.327,99.77833,7.9155884,19.010048,0.20593372,1,-1,-1
708.55743,27.644428,19.498718,8.01033,0.20549849,4,-1,-1
660.3803,26.213825,16.504456,9.124611,0.20453188,5,-1,-1
428.00046,382.29626,45.579193,39.81015,0.20285186,10,-1,-1
701.3303,21.369812,19.153809,8.038902,0.20214984,4,-1,-1
634.8777,32.542057,12.296204,9.327614,0.20199007,4,-1,-1
786.39197,150.92413,10.835327,17.877518,0.20171589,10,-1,-1
701.80316,386.179,24.331665,41.46518,0.20127049,2,-1,-1
614.8131,55.21258,46.344116,27.783192,0.20055223,5,-1,-1
544.6359,255.83931,86.68268,48.05165,0.19967079,5,-1,-1
601.8996,105.84182,30.074402,20.949287,0.19860744,7,-1,-1
688.01404,6.508784,10.543701,7.2473435,0.19790137,4,-1,-1
630.8995,43.93286,17.175964,8.847427,0.19709685,4,-1,-1
492.17023,432.66928,51.421997,42.832947,0.1954206,10,-1,-1
286.54868,412.65494,65.80249,48.98938,0.19466045,7,-1,-1
1058.8904,311.50797,45.105103,31.369873,0.19436777,7,-1,-1
458.78772,400.40762,14.297455,33.56241,0.19366446,2,-1,-1
293.17352,417.44434,57.858368,42.527985,0.19342825,10,-1,-1
525.1431,412.4579,50.16754,62.401672,0.1931962,8,-1,-1
526.7739,417.94003,48.269287,48.2435,0.19211757,7,-1,-1
1058.9835,311.3032,44.847168,31.41098,0.19061148,4,-1,-1
435.87476,397.17505,17.477295,37.94275,0.18968564,2,-1,-1
909.704,328.55106,109.346924,78.10312,0.1887897,5,-1,-1
799.24866,120.3471,13.573853,19.659264,0.18825886,3,-1,-1
699.8041,22.950655,15.090515,7.683113,0.18786708,4,-1,-1
799.3715,120.08758,14.620789,19.698051,0.18756285,8,-1,-1
805.3133,237.38942,17.131836,30.015152,0.18724608,1,-1,-1
700.0369,67.04687,17.349182,14.952904,0.18680274,6,-1,-1
1043.8788,294.3305,41.302246,33.661407,0.18565074,4,-1,-1
627.906,48.929886,16.301453,9.569626,0.18557939,4,-1,-1
786.3229,151.4025,10.502563,17.374908,0.18531218,1,-1,-1
724.3979,47.297997,27.740295,13.045094,0.18290979,5,-1,-1
881.26917,146.17784,14.944702,13.301468,0.18211159,3,-1,-1
799.39215,119.84362,14.596497,20.124596,0.180403,10,-1,-1
649.1404,99.16539,42.86615,21.153969,0.1796894,6,-1,-1
279.65723,488.34998,52.448395,44.03711,0.17883417,10,-1,-1
882.21936,136.973,8.277039,15.529373,0.17766947,2,-1,-1
834.07574,115.990135,27.040222,21.9562,0.176317,5,-1,-1
449.32925,403.74915,18.254333,37.488373,0.17504576,10,-1,-1
1043.7936,296.10434,43.319458,32.784637,0.17382094,7,-1,-1
637.13184,7.255898,18.318848,8.580391,0.17185932,4,-1,-1
444.87177,399.34076,26.769623,42.201843,0.17119986,1,-1,-1
593.57434,85.179085,44.74109,20.010727,0.17094523,6,-1,-1
454.98007,383.33804,27.93515,45.440247,0.17019665,1,-1,-1
631.4332,38.1152,12.073975,10.058041,0.16955248,4,-1,-1
897.29266,271.72418,92.552246,69.12796,0.16929951,5,-1,-1
647.67206,51.104412,18.23877,22.637943,0.16837949,9,-1,-1
645.3134,14.262175,19.78247,7.8165817,0.16828707,4,-1,-1
446.7741,386.2071,30.19345,30.43161,0.16766211,10,-1,-1
877.3326,137.3148,15.439636,17.139862,0.16735548,1,-1,-1
437.51285,378.82968,45.290894,34.975372,0.16727903,3,-1,-1
834.07574,115.990135,27.040222,21.9562,0.16664374,7,-1,-1
372.44788,481.69983,15.2146,10.098755,0.16564965,10,-1,-1
287.5268,415.29654,63.57965,45.398743,0.16523036,8,-1,-1
806.5484,241.11545,12.408752,22.141113,0.16521108,2,-1,-1
732.0211,47.53899,19.169495,8.580101,0.1648604,4,-1,-1
799.9305,133.92157,29.26892,25.567047,0.16479757,5,-1,-1
630.3508,43.3028,28.325073,13.221828,0.16454956,4,-1,-1
535.84094,192.64708,21.935669,17.542648,0.1634565,3,-1,-1
647.68097,72.80085,18.0401,17.585388,0.16341445,6,-1,-1
580.58826,108.689026,10.058533,17.833786,0.16269845,1,-1,-1
1041.8569,328.4452,18.59253,33.814545,0.16221544,2,-1,-1
491.78824,421.1199,90.66623,55.74466,0.16220292,5,-1,-1
696.2934,19.60323,15.439331,7.6347485,0.16214591,4,-1,-1
766.4006,67.695755,6.3308716,15.156128,0.16195542,2,-1,-1
373.1327,481.2745,14.012299,10.859924,0.16172534,1,-1,-1
1221.1073,504.16745,138.44995,170.39407,0.16013998,5,-1,-1
492.01678,421.8487,88.26727,55.871124,0.15993086,4,-1,-1
699.7974,66.84619,17.500122,15.367081,0.15990964,8,-1,-1
834.07574,115.990135,27.040222,21.9562,0.15986133,6,-1,-1
794.301,114.94478,8.71991,14.493332,0.15968785,2,-1,-1
631.9758,40.75428,17.269226,9.641651,0.15881813,5,-1,-1
701.1646,370.27164,25.135376,45.114044,0.15877041,10,-1,-1
715.097,27.685411,20.337708,8.237268,0.15855747,4,-1,-1
834.07574,115.990135,27.040222,21.9562,0.15840256,8,-1,-1
1172.3662,409.38287,84.885254,58.705627,0.15830821,8,-1,-1
787.79974,151.54373,7.7043457,15.805557,0.15791318,2,-1,-1
650.3884,16.016722,17.180237,7.711931,0.15676004,4,-1,-1
783.0851,154.21655,16.884155,13.531494,0.15644562,3,-1,-1
1043.7443,321.42783,24.291504,33.197723,0.15636289,3,-1,-1
570.60034,216.66808,79.331055,38.252197,0.15627119,5,-1,-1
693.8645,13.071731,17.042725,7.5543165,0.15450567,4,-1,-1
766.54156,52.929443,6.538086,12.543961,0.1543189,1,-1,-1
623.0269,84.68661,31.80896,17.570175,0.15332872,5,-1,-1
628.2147,25.267641,17.327515,10.083147,0.15260035,5,-1,-1
1059.2186,312.0054,44.236084,31.345062,0.1513789,1,-1,-1
688.01404,6.508784,10.543701,7.2473435,0.15040144,5,-1,-1
1055.679,316.53696,28.57727,26.376312,0.15007028,10,-1,-1
771.20605,53.405704,5.053528,12.440189,0.14999488,1,-1,-1
787.04456,115.15558,14.8151245,19.023727,0.14978117,10,-1,-1
1172.3662,409.38287,84.885254,58.705627,0.14961195,4,-1,-1
785.043,48.113167,4.9903564,12.449669,0.14951769,1,-1,-1
722.28015,39.787827,12.808289,8.729492,0.1494861,5,-1,-1
875.3884,137.9492,16.27008,16.551666,0.149362,7,-1,-1
729.26483,41.656708,22.001892,11.605923,0.14919737,4,-1,-1
701.7451,385.46466,23.759155,42.38388,0.14904234,1,-1,-1
790.9781,112.13402,8.862427,13.627098,0.1489689,2,-1,-1
874.296,143.03609,20.2854,14.938629,0.14790362,10,-1,-1
633.06256,20.400152,18.872375,10.191725,0.14770064,4,-1,-1
795.67847,116.75395,16.911316,17.085114,0.14737108,7,-1,-1
1043.7443,321.42783,24.291504,33.197723,0.14682287,1,-1,-1
464.9518,403.38367,19.811096,54.770813,0.14567792,2,-1,-1
724.1189,49.508335,13.431274,9.88501,0.14549443,4,-1,-1
797.15735,116.117775,14.706421,18.757713,0.14546353,10,-1,-1
729.26483,41.656708,22.001892,11.605923,0.14545605,5,-1,-1
711.9754,32.168373,10.35614,9.729843,0.14487687,4,-1,-1
716.10144,33.471783,12.044556,9.529167,0.14460072,5,-1,-1
440.704,403.47357,15.872223,34.277588,0.14459488,1,-1,-1
882.21936,136.973,8.277039,15.529373,0.14446211,1,-1,-1
666.5486,19.686514,3.538025,7.032852,0.1432727,1,-1,-1
887.56934,249.19255,56.548096,38.1754,0.14318836,10,-1,-1
784.22095,121.46427,18.216064,15.881081,0.14211673,7,-1,-1
607.36755,124.51677,29.903198,25.374237,0.14168128,5,-1,-1
724.9563,47.25482,18.295593,10.908192,0.14075667,4,-1,-1
118.829544,69.906494,33.13939,75.81183,0.14023513,9,-1,-1
638.91547,24.843693,15.762573,8.041874,0.14011735,4,-1,-1
436.19727,399.419,15.425018,35.440186,0.14011583,10,-1,-1
514.9053,152.4761,27.839966,28.42923,0.13954005,4,-1,-1
1178.9238,343.6713,17.760498,20.226257,0.13935298,3,-1,-1
1048.6146,318.72552,25.175537,22.356262,0.13934958,3,-1,-1
688.57184,20.515396,8.655518,8.905224,0.13905627,8,-1,-1
876.2226,142.81587,13.529846,14.620834,0.13882774,3,-1,-1
789.4909,155.41437,8.862915,14.408859,0.13803816,3,-1,-1
797.3552,117.380554,13.980652,14.581253,0.13802356,3,-1,-1
620.0233,76.75888,31.717468,16.021683,0.13789654,6,-1,-1
789.16595,121.53887,12.135925,15.217552,0.13775963,3,-1,-1
754.77905,39.39163,4.7228394,9.2422905,0.13752985,1,-1,-1
464.4823,403.01462,22.929382,58.63092,0.13531953,4,-1,-1
491.20038,426.979,82.88544,54.30536,0.13396266,10,-1,-1
449.5455,376.68256,30.424225,29.125305,0.13383451,2,-1,-1
432.67783,389.1482,26.350342,37.57016,0.13378674,10,-1,-1
636.31177,19.676727,18.177917,7.411579,0.13358173,4,-1,-1
706.57416,23.745686,19.538696,7.2841377,0.13289651,4,-1,-1
492.9781,431.23096,47.55652,42.841003,0.1328347,7,-1,-1
491.42905,431.5265,52.299286,42.93814,0.13186467,3,-1,-1
539.0213,298.17096,75.08954,60.061707,0.13175762,5,-1,-1
440.35184,377.57193,41.46039,31.53659,0.13162905,7,-1,-1
608.05884,88.8891,34.01178,13.375374,0.13140827,4,-1,-1
1225.0592,507.25256,134.49805,166.05707,0.1313164,4,-1,-1
794.301,114.94478,8.71991,14.493332,0.13108346,1,-1,-1
788.6644,118.83433,9.961792,14.65992,0.13105065,2,-1,-1
691.2219,13.912744,15.928345,7.9876795,0.1308204,5,-1,-1
900.582,188.20424,49.373657,36.014572,0.12965652,5,-1,-1
636.68036,39.79806,10.795166,9.164177,0.12910503,4,-1,-1
627.351,23.432419,16.303467,8.051149,0.12883765,4,-1,-1
638.1867,43.855095,14.437378,9.000908,0.12882048,5,-1,-1
593.41504,103.715126,7.8883057,20.211113,0.12872213,1,-1,-1
986.63385,229.60762,27.460327,24.901184,0.12832204,4,-1,-1
599.50916,94.714035,44.731506,23.52031,0.12773043,6,-1,-1
562.2311,119.86964,32.524597,33.27674,0.1272313,5,-1,-1
274.76913,417.05545,33.4382,44.0979,0.12720618,3,-1,-1
879.92316,146.90813,23.642517,15.903366,0.12720135,7,-1,-1
432.67783,389.1482,26.350342,37.57016,0.12714824,1,-1,-1
550.81067,98.9458,45.334717,24.667915,0.12714681,6,-1,-1
455.4613,384.32443,30.247498,34.200897,0.12675482,3,-1,-1
792.13544,111.944664,9.251221,14.199318,0.1265541,1,-1,-1
652.20886,14.360128,17.909729,7.1709347,0.126102,4,-1,-1
636.1563,27.080181,11.404236,7.217842,0.12595749,4,-1,-1
705.17725,372.64066,16.82605,29.436493,0.12550542,2,-1,-1
703.69586,26.665249,17.491638,8.827763,0.1254088,5,-1,-1
639.43634,45.722378,20.68628,11.064949,0.12528795,5,-1,-1
628.50793,46.041393,20.29004,11.985443,0.12510434,6,-1,-1
632.8831,34.144154,13.557678,10.737865,0.12509936,5,-1,-1
798.8789,118.81942,14.338074,21.290794,0.12493944,2,-1,-1
639.76324,12.208977,20.098389,9.547588,0.12479457,4,-1,-1
454.98007,383.33804,27.93515,45.440247,0.12467122,2,-1,-1
563.1189,97.59607,37.728455,18.942635,0.12447715,4,-1,-1
933.13727,145.895,24.731873,30.350815,0.124219984,8,-1,-1
646.94336,51.83793,18.891846,21.997902,0.12392762,5,-1,-1
602.3301,90.45535,49.829895,22.578781,0.1236251,9,-1,-1
459.053,385.57953,22.598297,26.195068,0.123330414,10,-1,-1
429.80093,377.91455,41.53842,25.79956,0.12302333,10,-1,-1
725.65955,42.300056,11.520813,9.199787,0.12279633,8,-1,-1
492.28397,420.55518,89.71713,57.166656,0.12165764,6,-1,-1
1041.1378,327.80728,20.316528,35.114746,0.12156919,10,-1,-1
603.3779,105.131714,29.332153,22.891571,0.12153584,1,-1,-1
647.4837,70.27866,17.167175,19.910805,0.121473044,9,-1,-1
659.52057,23.566109,14.136719,7.984316,0.12137234,4,-1,-1
694.8088,15.700764,15.41156,6.931219,0.1210382,4,-1,-1
887.6349,248.274,55.830566,39.51265,0.12075156,5,-1,-1
718.2144,29.820507,18.987915,8.143528,0.120664924,4,-1,-1
798.90607,126.47895,10.914246,20.710518,0.12061891,1,-1,-1
464.3929,403.73096,21.715515,57.577637,0.1205174,10,-1,-1
786.0758,143.70438,11.664001,22.555878,0.120212495,3,-1,-1
887.8051,151.7902,15.745422,12.602386,0.120036215,3,-1,-1
785.5804,154.92787,7.9717407,12.61351,0.1197992,3,-1,-1
881.26917,146.17784,14.944702,13.301468,0.119633764,10,-1,-1
635.05536,46.099396,16.582703,8.832146,0.11929533,4,-1,-1
657.0052,12.969155,12.578735,6.963664,0.11916125,4,-1,-1
1053.4294,302.80518,28.40857,27.538788,0.11904791,10,-1,-1
595.2688,105.6564,8.139038,19.59095,0.118673325,2,-1,-1
12.220392,562.3825,19.374182,33.267334,0.1185849,1,-1,-1
613.61993,79.49368,40.461365,22.32782,0.11819297,9,-1,-1
1041.2781,319.59125,31.838013,33.220917,0.11767006,10,-1,-1
786.90125,116.63732,16.210083,16.306068,0.11766198,3,-1,-1
851.5336,117.475006,8.417969,17.526703,0.11752403,1,-1,-1
722.57526,28.370779,18.04303,7.7799473,0.11744392,4,-1,-1
450.16586,402.9991,16.585815,38.68338,0.11735168,3,-1,-1
621.93695,77.82111,31.14264,17.83599,0.117313564,8,-1,-1
1041.6019,327.40863,19.904053,34.315277,0.11726686,3,-1,-1
879.92316,146.90813,23.642517,15.903366,0.11620593,4,-1,-1
988.6995,230.21083,22.246338,25.684875,0.11608246,2,-1,-1
737.8892,42.744656,13.296692,8.820816,0.116078705,4,-1,-1
544.9146,255.8439,85.5387,48.86606,0.11474192,1,-1,-1
432.67783,389.1482,26.350342,37.57016,0.114664346,2,-1,-1
646.94336,51.83793,18.891846,21.997902,0.11453599,6,-1,-1
691.4423,13.73415,14.581543,8.753853,0.114383906,4,-1,-1
629.9493,87.62531,7.723816,15.7489395,0.114352345,1,-1,-1
707.40955,31.853006,12.732849,9.108408,0.113969564,5,-1,-1
701.1472,382.8919,24.974792,44.53891,0.113857836,4,-1,-1
805.2629,243.01263,17.717896,27.529663,0.113781154,7,-1,-1
632.09827,38.07059,14.013062,9.494873,0.113639385,5,-1,-1
1171.3223,407.77863,86.6958,59.644287,0.1136252,1,-1,-1
1051.0732,312.51862,31.350586,21.803589,0.11344871,3,-1,-1
723.3774,40.82921,19.78125,12.515125,0.113403946,4,-1,-1
600.5165,108.214424,7.519104,17.356384,0.11322519,1,-1,-1
875.40436,137.49577,16.187805,17.217865,0.11289859,4,-1,-1
784.81146,122.62745,6.8634033,12.705284,0.1128487,1,-1,-1
669.36554,9.478498,3.6421509,7.2912636,0.11234668,1,-1,-1
516.6004,152.61505,26.083374,26.451538,0.112344414,10,-1,-1
503.5935,419.4323,49.351868,49.600006,0.11222878,7,-1,-1
651.89435,18.480003,16.51117,7.6144753,0.111332655,4,-1,-1
933.7704,146.05399,21.124634,29.744675,0.11124092,7,-1,-1
598.08453,84.20036,32.159546,13.439323,0.11121616,4,-1,-1
1042.5593,292.85428,40.407593,35.24942,0.11091474,1,-1,-1
1194.3899,420.50974,55.369873,42.28116,0.11078465,3,-1,-1
616.1784,74.96013,34.835815,15.260735,0.11062801,5,-1,-1
724.4904,40.418797,7.236145,7.6158295,0.11057314,4,-1,-1
787.04456,115.15558,14.8151245,19.023727,0.11052358,7,-1,-1
553.8624,234.04079,81.142395,48.530777,0.110522956,5,-1,-1
507.63116,436.26373,32.47693,49.718018,0.11028996,1,-1,-1
450.68256,386.07382,24.226898,33.638245,0.10994816,2,-1,-1
539.20374,298.26447,75.37195,61.732117,0.109871775,1,-1,-1
503.5222,437.18246,41.717133,47.519196,0.10985696,2,-1,-1
756.3212,40.13553,5.015381,9.08551,0.10964772,1,-1,-1
888.1834,248.34885,54.83618,39.2536,0.10937077,7,-1,-1
632.8357,27.34277,14.222107,9.457195,0.10935348,5,-1,-1
453.40842,381.50974,27.903809,23.845886,0.109306276,3,-1,-1
720.0596,39.078846,9.583435,8.264812,0.10898638,4,-1,-1
689.1076,18.49065,14.035645,10.67457,0.10884857,5,-1,-1
737.2522,50.497498,15.189514,8.64851,0.10870993,4,-1,-1
1055.679,316.53696,28.57727,26.376312,0.10853362,3,-1,-1
294.73563,417.26456,55.986298,42.906036,0.10831371,3,-1,-1
636.6477,7.227368,19.357422,8.882074,0.1082004,5,-1,-1
608.62103,124.86081,28.558655,25.22754,0.1078434,1,-1,-1
800.242,120.30555,14.026001,20.128242,0.10777998,4,-1,-1
1042.5593,292.85428,40.407593,35.24942,0.10748184,2,-1,-1
788.6644,118.83433,9.961792,14.65992,0.107462645,1,-1,-1
549.8666,79.70187,49.17993,27.902946,0.10716939,4,-1,-1
367.60132,477.74582,22.892303,17.73471,0.106832266,2,-1,-1
789.2905,122.60169,11.869385,13.968666,0.10643357,10,-1,-1
582.85803,88.31226,39.811707,16.471527,0.10639137,4,-1,-1
441.04495,378.33258,40.51593,31.357971,0.10637236,4,-1,-1
886.9659,146.74384,15.661804,13.314835,0.106253624,3,-1,-1
595.0048,96.18519,7.581787,16.57026,0.106179714,1,-1,-1
933.3047,145.53627,23.258484,31.073456,0.105938375,4,-1,-1
694.66406,20.122835,11.607971,6.402479,0.10549551,4,-1,-1
701.3303,21.369812,19.153809,8.038902,0.10547334,5,-1,-1
686.75037,6.20885,17.810242,9.8673315,0.10523829,4,-1,-1
708.56903,27.314007,19.694885,8.921089,0.10487673,5,-1,-1
572.49475,105.672455,21.915405,20.128098,0.10478988,1,-1,-1
629.5414,44.770428,14.27832,8.989033,0.10460055,5,-1,-1
435.8911,400.0512,15.744141,34.284393,0.10444847,3,-1,-1
642.1729,18.891888,18.92627,7.5187073,0.10418394,4,-1,-1
315.28964,107.745155,27.114746,17.57174,0.10405323,3,-1,-1
737.772,40.79348,12.654785,8.896999,0.10397488,8,-1,-1
754.77905,39.39163,4.7228394,9.2422905,0.103951484,2,-1,-1
887.9014,248.65443,55.602722,39.497696,0.10369626,1,-1,-1
1058.4009,311.5227,45.13147,31.166595,0.10356119,8,-1,-1
470.42822,399.33694,13.850372,30.453857,0.10315585,1,-1,-1
641.44806,23.182571,17.030334,8.210531,0.10273382,5,-1,-1
463.87988,388.00003,18.950989,31.057373,0.10204655,2,-1,-1
625.1092,85.90418,29.035034,15.631134,0.10202718,4,-1,-1
572.5191,190.06721,35.20941,35.21176,0.101860076,8,-1,-1
713.2019,30.529263,12.85321,8.619583,0.10161096,4,-1,-1
430.4214,388.2444,32.92108,34.628113,0.10147679,3,-1,-1
502.56088,156.21814,39.967804,35.14067,0.10140601,4,-1,-1
718.34155,32.911957,17.803894,8.45837,0.1012066,4,-1,-1
517.75195,333.20975,131.21173,88.87811,0.100318104,6,-1,-1
666.3194,19.648584,3.630127,7.243643,0.09992117,2,-1,-1
463.87988,388.00003,18.950989,31.057373,0.09955737,1,-1,-1
688.9492,20.05444,14.433105,8.640673,0.09944853,4,-1,-1
797.80884,116.337204,13.341919,17.39708,0.099446744,8,-1,-1
888.1834,248.34885,54.83618,39.2536,0.09942976,6,-1,-1
444.92062,379.8709,35.329712,36.81787,0.09940925,1,-1,-1
788.0101,121.34435,6.494629,14.443611,0.09926367,1,-1,-1
453.52283,387.7233,16.7276,33.31662,0.09910002,1,-1,-1
1267.5671,302.78232,24.78247,36.330505,0.099080175,10,-1,-1
577.078,170.3345,36.79315,33.309586,0.098661125,5,-1,-1
1193.3783,416.35617,53.98047,42.47809,0.09840688,2,-1,-1
522.3933,159.40274,20.515076,26.267212,0.09840581,10,-1,-1
741.55005,56.37603,11.825684,12.1364975,0.0984008,4,-1,-1
800.22864,133.67653,28.751709,25.6111,0.09836769,6,-1,-1
723.3774,40.82921,19.78125,12.515125,0.09833875,5,-1,-1
821.27075,115.79726,8.165649,18.28218,0.0983001,1,-1,-1
584.4604,101.82659,13.696533,22.235214,0.098196864,1,-1,-1
725.65955,42.300056,11.520813,9.199787,0.09813213,7,-1,-1
787.9017,120.13155,7.173218,11.613838,0.09768364,2,-1,-1
274.76913,417.05545,33.4382,44.0979,0.09760681,10,-1,-1
801.4037,117.2891,8.380432,9.700592,0.097317755,2,-1,-1
470.42822,399.33694,13.850372,30.453857,0.09725565,2,-1,-1
727.3721,43.21462,8.017212,8.175537,0.096783966,4,-1,-1
738.8379,54.51067,15.099304,7.811306,0.09662503,4,-1,-1
699.7974,66.84619,17.500122,15.367081,0.09654522,1,-1,-1
641.9676,16.20473,18.287964,7.345495,0.09648281,4,-1,-1
639.0857,21.251175,16.817505,8.147573,0.09643221,5,-1,-1
805.1279,242.46744,16.868103,27.111786,0.09636107,4,-1,-1
766.57983,68.4094,6.427429,15.916138,0.096275836,3,-1,-1
641.66266,74.80141,18.249695,14.1064,0.09624013,4,-1,-1
699.44073,13.427455,19.62146,8.136682,0.09621066,4,-1,-1
799.4081,135.09183,8.108582,18.424332,0.09605032,1,-1,-1
1043.7738,306.25778,33.188477,19.023407,0.09557393,3,-1,-1
629.18555,76.34834,19.795715,12.52285,0.095137596,4,-1,-1
425.90036,386.34726,16.354187,33.78421,0.09476906,1,-1,-1
756.443,40.54759,5.0739136,8.403618,0.0946143,2,-1,-1
777.7218,52.4022,5.1470947,11.695488,0.0945335,1,-1,-1
800.22864,133.67653,28.751709,25.6111,0.09442252,1,-1,-1
1239.9563,165.63118,12.056152,20.027588,0.09435907,1,-1,-1
799.9305,133.92157,29.26892,25.567047,0.09428415,8,-1,-1
789.6116,145.23302,9.052307,15.471405,0.093874305,2,-1,-1
707.43353,33.20911,7.435791,7.8663445,0.09385732,4,-1,-1
881.2383,151.36101,15.645386,12.557419,0.09380159,3,-1,-1
1044.319,296.6762,42.250122,32.29315,0.093485326,8,-1,-1
1069.8036,134.43954,22.522583,17.896317,0.09337488,7,-1,-1
900.3745,188.74956,49.98413,35.192535,0.09322968,1,-1,-1
1048.6146,318.72552,25.175537,22.356262,0.09303057,10,-1,-1
687.11053,390.66608,36.423218,38.85724,0.09297961,10,-1,-1
597.6111,108.46329,5.003723,14.764267,0.09293437,1,-1,-1
587.30194,107.44782,8.385559,18.7416,0.09289026,2,-1,-1
648.9165,98.54818,43.24579,22.603622,0.092887074,9,-1,-1
786.6822,120.529785,15.392029,16.47882,0.09283844,1,-1,-1
518.6873,417.88257,58.176453,52.220062,0.09282261,10,-1,-1
621.6727,98.17616,7.3096313,13.8534775,0.09281623,1,-1,-1
1283.1813,210.43315,18.959473,17.905014,0.09230408,1,-1,-1
1043.7738,306.25778,33.188477,19.023407,0.092224956,10,-1,-1
723.9753,48.155388,28.650085,12.237679,0.0921703,6,-1,-1
500.01807,433.35696,51.960815,50.795532,0.0921067,8,-1,-1
655.1907,20.052855,14.801758,8.052076,0.092078805,4,-1,-1
628.74786,40.45108,15.611816,11.627808,0.092074305,4,-1,-1
553.4898,89.40888,50.298035,28.521301,0.092042595,4,-1,-1
785.9861,119.36855,10.387573,16.393974,0.09194583,7,-1,-1
275.0239,416.3086,31.764069,43.55197,0.09182769,2,-1,-1
570.0291,215.8213,79.50232,38.17195,0.09175223,1,-1,-1
683.26,13.559742,3.5688477,7.665537,0.09174058,1,-1,-1
428.00046,382.29626,45.579193,39.81015,0.09170145,7,-1,-1
569.96515,191.51747,36.956482,35.061462,0.091492206,10,-1,-1
704.9959,395.50717,15.792969,32.15979,0.09147465,10,-1,-1
614.8131,55.21258,46.344116,27.783192,0.09136182,4,-1,-1
711.18726,32.74299,20.049255,11.600216,0.09130204,4,-1,-1
