862.6907,22.677008,70.477234,83.38007,0.99984,4,-1,-1
469.50732,221.48853,77.33429,133.70401,0.9995378,4,-1,-1
419.70724,146.5131,98.61813,83.18448,0.99921244,4,-1,-1
439.64523,493.43292,99.522064,212.8211,0.9971716,4,-1,-1
409.75137,61.328476,119.04123,68.270294,0.9686307,4,-1,-1
523.3841,137.73721,27.436218,58.83185,0.78476024,1,-1,-1
385.52875,4.912794,121.77423,57.911247,0.7761599,4,-1,-1
382.86804,4.237088,122.78888,59.17387,0.42305553,6,-1,-1
522.72003,137.25842,28.020874,60.174454,0.39952734,2,-1,-1
522.797,138.50029,27.472778,57.708954,0.38450018,10,-1,-1
403.85034,57.288334,125.75232,76.782104,0.3737864,5,-1,-1
251.95522,606.3883,114.741196,52.045776,0.34677202,4,-1,-1
352.72467,744.39276,60.350708,19.77826,0.33311102,6,-1,-1
351.2993,744.15424,62.621613,20.016785,0.32096738,5,-1,-1
496.62665,158.12334,31.546936,32.69017,0.29093844,10,-1,-1
519.1035,143.20468,29.801636,50.95288,0.22264162,3,-1,-1
516.0864,150.06256,27.480957,43.084656,0.20686582,10,-1,-1
499.1717,153.81839,25.834106,35.89601,0.19916967,1,-1,-1
490.55966,155.72144,23.890778,34.811813,0.19342718,1,-1,-1
351.57825,743.1459,62.013184,20.96814,0.18738088,4,-1,-1
362.21545,5.678758,145.25934,60.622147,0.17368987,5,-1,-1
389.27432,58.351803,140.01315,74.28929,0.16811475,9,-1,-1
499.1717,153.81839,25.834106,35.89601,0.16732523,2,-1,-1
490.55966,155.72144,23.890778,34.811813,0.14310926,2,-1,-1
499.30704,153.00917,29.487091,37.906906,0.13359162,3,-1,-1
496.85324,168.14653,32.809418,23.561096,0.13043636,2,-1,-1
389.27432,58.351803,140.01315,74.28929,0.13020742,6,-1,-1
1219.8849,35.93072,86.97986,39.223057,0.13018534,4,-1,-1
439.28265,529.74536,102.34125,177.95758,0.12989822,5,-1,-1
355.3607,5.6934485,153.0607,60.899105,0.11746138,9,-1,-1
1292.5101,0.08053429,49.325806,23.124302,0.11662677,4,-1,-1
512.0227,164.0213,28.622192,32.68744,0.09786829,3,-1,-1
490.55966,155.72144,23.890778,34.811813,0.09321281,10,-1,-1
351.2993,744.15424,62.621613,20.016785,0.09204289,9,-1,-1
352.72467,744.39276,60.350708,19.77826,0.090682924,1,-1,-1
522.3346,137.1531,28.788574,59.818207,0.08863437,4,-1,-1
496.85324,168.14653,32.809418,23.561096,0.08700535,1,-1,-1
351.71207,744.1373,62.444977,20.033691,0.08688304,8,-1,-1
516.0864,150.06256,27.480957,43.084656,0.07918382,1,-1,-1
505.36002,142.65436,27.090912,47.602066,0.07739475,1,-1,-1
343.70276,141.44257,55.722687,48.64273,0.07229936,5,-1,-1
506.4238,145.21428,24.396515,44.494217,0.07195863,2,-1,-1
252.88388,608.119,113.62399,51.12671,0.0712485,10,-1,-1
343.60428,141.46498,56.726746,47.75995,0.07037255,4,-1,-1
308.018,41.807644,28.670135,20.961243,0.06530297,8,-1,-1
308.018,41.807644,28.670135,20.961243,0.061125726,5,-1,-1
439.28265,529.74536,102.34125,177.95758,0.060795277,3,-1,-1
517.1522,156.15678,22.186401,42.41365,0.060570806,2,-1,-1
504.3972,139.52419,35.155487,51.334457,0.060361743,10,-1,-1
1115.2843,374.50452,22.572388,49.5101,0.058416337,1,-1,-1
523.78436,131.41864,23.24414,45.007507,0.05714646,2,-1,-1
466.52655,221.78575,79.167175,132.88722,0.056746542,1,-1,-1
500.20447,169.38622,22.62677,34.331085,0.056212068,1,-1,-1
345.13153,139.25784,51.774323,54.720444,0.055805087,9,-1,-1
439.28265,529.74536,102.34125,177.95758,0.05484897,2,-1,-1
492.7636,167.14095,19.754822,38.39862,0.051112592,1,-1,-1
472.93533,152.84013,31.15738,31.845398,0.050754905,10,-1,-1
422.6785,120.26363,98.01492,91.98397,0.05063361,5,-1,-1
