167.0271,388.24667,31.073929,42.7482,0.9998038,4,-1,-1
103.40572,342.0379,22.156265,30.311493,0.9997802,4,-1,-1
441.57498,410.86996,41.46277,38.08084,0.9991269,5,-1,-1
120.01381,293.834,25.478363,22.61615,0.9960916,4,-1,-1
373.12723,342.8714,30.423248,27.553406,0.99560064,5,-1,-1
106.97884,247.21497,20.142303,20.840393,0.99538255,4,-1,-1
84.31845,323.0897,21.153244,27.079834,0.99488664,4,-1,-1
304.902,333.5548,29.110657,29.256592,0.9935993,4,-1,-1
259.30054,267.88367,22.926453,21.804962,0.9856807,4,-1,-1
328.21417,296.81873,24.942719,24.073853,0.97815883,4,-1,-1
403.70206,374.85477,38.485443,37.296356,0.978092,4,-1,-1
100.43174,459.34726,30.062355,45.42804,0.9536576,4,-1,-1
523.53546,501.03757,61.64746,38.37729,0.94373477,4,-1,-1
277.7412,242.26776,24.145538,19.852844,0.922197,5,-1,-1
91.08177,383.76724,30.781006,59.181976,0.8795724,4,-1,-1
346.39355,315.8952,29.16623,23.871735,0.8523521,5,-1,-1
179.19568,170.78596,17.055466,18.699692,0.8458028,6,-1,-1
484.33856,459.23175,46.415466,46.22351,0.8412219,5,-1,-1
272.84457,317.29214,19.644257,24.493195,0.7679615,4,-1,-1
81.49888,288.88632,23.045624,31.998718,0.7483995,4,-1,-1
312.21323,301.06012,18.98703,24.440613,0.70766145,4,-1,-1
857.5263,320.88586,19.825378,14.510254,0.65871215,5,-1,-1
268.81628,229.54568,19.604248,18.27629,0.54647535,5,-1,-1
485.39505,459.21045,45.019196,45.352203,0.5091191,4,-1,-1
382.45438,271.8272,16.789276,21.633636,0.47849244,7,-1,-1
268.42407,230.853,20.473602,16.461502,0.4714756,4,-1,-1
346.48093,315.83972,29.1409,24.081818,0.46721235,4,-1,-1
144.25793,169.99638,22.741028,15.916763,0.45908383,6,-1,-1
299.66455,263.17993,22.183563,20.842346,0.430223,4,-1,-1
255.12714,220.96237,20.470795,14.098831,0.41902307,4,-1,-1
82.40919,252.49321,15.791298,24.142532,0.40159523,6,-1,-1
382.20053,272.21118,16.809723,21.586212,0.3964111,6,-1,-1
318.39014,299.73572,22.805695,24.383118,0.37994194,4,-1,-1
523.17334,501.77567,62.501404,37.524567,0.3721436,5,-1,-1
82.45375,252.39229,15.685402,24.011246,0.3625738,7,-1,-1
277.6407,242.33447,24.296234,19.972504,0.31275493,4,-1,-1
268.42407,230.853,20.473602,16.461502,0.31179458,6,-1,-1
382.22025,272.30896,16.566956,21.65094,0.30009258,8,-1,-1
239.99953,205.39546,19.96788,14.961563,0.2852254,4,-1,-1
299.66455,263.17993,22.183563,20.842346,0.28017038,6,-1,-1
299.83633,263.09543,22.075928,21.047058,0.259008,5,-1,-1
312.0095,301.28723,19.200348,24.557648,0.2572149,5,-1,-1
81.900764,289.01147,22.906662,31.801453,0.25709662,5,-1,-1
99.73375,459.96768,30.857544,45.862793,0.24839109,5,-1,-1
312.21323,301.06012,18.98703,24.440613,0.24510333,1,-1,-1
403.68777,375.31546,38.968292,36.565674,0.2443156,5,-1,-1
273.9069,237.02798,22.71222,18.277908,0.24117297,5,-1,-1
82.52618,252.38861,15.622475,24.114838,0.240138,8,-1,-1
485.39505,459.21045,45.019196,45.352203,0.23689911,1,-1,-1
346.39355,315.8952,29.16623,23.871735,0.225194,1,-1,-1
130.95363,329.23712,13.9943695,24.028076,0.21564603,7,-1,-1
130.95363,329.23712,13.9943695,24.028076,0.20977202,10,-1,-1
272.84457,317.29214,19.644257,24.493195,0.20669502,7,-1,-1
508.39297,372.49634,21.192474,21.9805,0.20509133,7,-1,-1
312.42496,301.05267,19.01593,24.441193,0.1969881,8,-1,-1
268.42407,230.853,20.473602,16.461502,0.18103889,8,-1,-1
82.20049,290.6405,22.59404,30.875946,0.17954376,6,-1,-1
141.32335,218.39604,22.564209,23.291718,0.17518282,5,-1,-1
277.6407,242.33447,24.296234,19.972504,0.17483014,6,-1,-1
130.95363,329.23712,13.9943695,24.028076,0.17305437,1,-1,-1
92.35883,381.93167,31.733032,57.468994,0.16320506,5,-1,-1
139.12616,218.05334,24.487274,20.545822,0.15870497,4,-1,-1
382.45438,271.8272,16.789276,21.633636,0.1564292,4,-1,-1
508.76218,372.7563,20.62503,21.70755,0.1531471,10,-1,-1
273.9069,237.02798,22.71222,18.277908,0.14219213,4,-1,-1
131.48598,328.58228,14.051819,24.23883,0.14090419,2,-1,-1
272.61243,317.52725,19.918823,24.284454,0.1391947,8,-1,-1
213.152,175.95244,20.311523,14.069,0.13138676,4,-1,-1
200.77335,165.25356,18.820312,13.798492,0.13006839,4,-1,-1
287.93365,195.2759,18.128845,14.975327,0.12773553,9,-1,-1
130.95363,329.23712,13.9943695,24.028076,0.12700155,3,-1,-1
92.35883,381.93167,31.733032,57.468994,0.12624714,9,-1,-1
234.53241,198.51538,20.730469,12.290054,0.12545457,4,-1,-1
92.35883,381.93167,31.733032,57.468994,0.12434977,6,-1,-1
679.3957,517.86163,14.595581,20.333008,0.11503911,1,-1,-1
268.29724,230.37146,20.80835,16.865036,0.10860184,7,-1,-1
312.42496,301.05267,19.01593,24.441193,0.10611066,6,-1,-1
272.84457,317.29214,19.644257,24.493195,0.10570729,10,-1,-1
141.247,219.18814,23.096191,23.987152,0.10562506,6,-1,-1
178.93622,170.5662,17.220688,19.121155,0.10220796,4,-1,-1
312.1942,301.5167,18.958984,24.811066,0.101895064,7,-1,-1
403.68777,375.31546,38.968292,36.565674,0.10076925,1,-1,-1
508.76218,372.7563,20.62503,21.70755,0.099918455,8,-1,-1
178.93622,170.5662,17.220688,19.121155,0.09931818,5,-1,-1
546.26373,355.43042,20.60022,15.899078,0.09843835,10,-1,-1
95.30882,402.22574,28.218887,51.65222,0.09625396,4,-1,-1
253.6677,218.74622,20.41156,15.720963,0.09454474,5,-1,-1
523.45996,501.79224,62.090332,37.300415,0.093850136,1,-1,-1
320.15674,195.6709,15.178162,17.755508,0.09308362,4,-1,-1
81.55262,288.9444,22.881317,32.253204,0.08871868,9,-1,-1
239.99953,205.39546,19.96788,14.961563,0.08784309,5,-1,-1
131.48598,328.58228,14.051819,24.23883,0.08768508,8,-1,-1
523.5071,501.56982,61.987,37.84503,0.08733773,6,-1,-1
382.45438,271.8272,16.789276,21.633636,0.08670369,5,-1,-1
318.74915,299.61365,23.41095,25.906128,0.08567864,5,-1,-1
178.93622,170.5662,17.220688,19.121155,0.085300416,9,-1,-1
312.77603,301.8711,18.736145,25.27295,0.08421692,10,-1,-1
259.18304,172.02206,20.27475,14.687424,0.083306044,4,-1,-1
675.0036,512.96484,13.234253,22.725647,0.08293563,1,-1,-1
320.09494,198.73727,14.176544,20.006088,0.082751155,5,-1,-1
328.0428,296.7848,25.054016,24.334656,0.08044058,1,-1,-1
674.1277,504.3498,12.540527,20.894653,0.07908204,1,-1,-1
815.8228,380.52078,10.891785,25.206726,0.07845011,1,-1,-1
259.18304,172.02206,20.27475,14.687424,0.07778436,5,-1,-1
263.79233,226.60606,21.89621,15.8585205,0.07773,4,-1,-1
508.76218,372.7563,20.62503,21.70755,0.07710475,1,-1,-1
286.95575,195.1724,19.871979,14.787888,0.07686046,6,-1,-1
138.3715,216.18764,23.973831,16.939743,0.07664004,5,-1,-1
485.39505,459.21045,45.019196,45.352203,0.0751673,2,-1,-1
204.46101,168.09938,19.370514,14.352158,0.074597955,4,-1,-1
281.89417,296.46002,19.350494,15.52771,0.07448593,4,-1,-1
142.77063,165.42226,21.930023,16.0811,0.07387498,6,-1,-1
277.6407,242.33447,24.296234,19.972504,0.07377085,1,-1,-1
485.39505,459.21045,45.019196,45.352203,0.07361981,6,-1,-1
373.1291,341.97733,30.549347,27.36493,0.07349029,4,-1,-1
312.42496,301.05267,19.01593,24.441193,0.07116085,2,-1,-1
320.4672,204.47443,14.747009,19.693604,0.07055375,4,-1,-1
273.9306,237.07097,24.845276,20.387009,0.06956577,6,-1,-1
82.29943,252.47284,15.891869,23.650604,0.06896305,5,-1,-1
508.37378,372.322,21.002625,22.217468,0.06880471,3,-1,-1
642.70557,472.15866,18.625305,17.57843,0.06839672,3,-1,-1
272.75754,317.2889,20.116272,24.49942,0.06757271,5,-1,-1
508.76218,372.7563,20.62503,21.70755,0.06747264,2,-1,-1
263.79233,226.60606,21.89621,15.8585205,0.067154825,5,-1,-1
82.20049,290.6405,22.59404,30.875946,0.06641185,7,-1,-1
144.73508,223.18788,23.285843,21.648819,0.0658502,4,-1,-1
273.10596,317.4318,19.478882,24.513947,0.065835804,1,-1,-1
255.12714,220.96237,20.470795,14.098831,0.06568405,7,-1,-1
95.80992,400.51797,27.085655,53.237213,0.06565094,5,-1,-1
305.00592,333.68347,28.887238,29.089844,0.06541121,5,-1,-1
328.1226,296.8068,24.96524,24.511963,0.064824045,5,-1,-1
346.3353,315.74612,29.222229,24.16455,0.06437749,6,-1,-1
82.29943,252.47284,15.891869,23.650604,0.06412935,4,-1,-1
82.1089,289.59058,22.5168,31.348572,0.063898414,1,-1,-1
141.247,219.18814,23.096191,23.987152,0.06383574,9,-1,-1
99.73375,459.96768,30.857544,45.862793,0.06330964,1,-1,-1
299.83633,263.09543,22.075928,21.047058,0.0619919,1,-1,-1
509.63058,380.4267,21.016144,19.498749,0.061760634,10,-1,-1
320.09494,198.73727,14.176544,20.006088,0.06163788,9,-1,-1
523.5071,501.56982,61.987,37.84503,0.061285436,10,-1,-1
310.87042,192.6131,19.542877,17.245773,0.060760617,4,-1,-1
95.80992,400.51797,27.085655,53.237213,0.06043923,9,-1,-1
255.12714,220.96237,20.470795,14.098831,0.060230225,8,-1,-1
320.09494,198.73727,14.176544,20.006088,0.059877276,6,-1,-1
169.35185,172.51546,22.645996,16.71791,0.058618754,6,-1,-1
213.152,175.95244,20.311523,14.069,0.057849914,5,-1,-1
100.49263,459.1576,30.171875,45.6221,0.05777666,10,-1,-1
484.89832,458.96634,45.538147,45.350006,0.057526737,3,-1,-1
346.48093,315.83972,29.1409,24.081818,0.057012647,8,-1,-1
224.32074,187.8716,21.670502,12.321701,0.05601555,4,-1,-1
283.86945,191.26363,17.40274,19.127014,0.055873632,9,-1,-1
300.6065,263.4829,21.845459,20.372467,0.054982573,8,-1,-1
382.45438,271.8272,16.789276,21.633636,0.05480072,9,-1,-1
82.29943,252.47284,15.891869,23.650604,0.054430276,2,-1,-1
542.4146,356.8982,24.434937,15.36731,0.054053962,3,-1,-1
236.75491,303.64496,23.254913,14.228973,0.053843677,4,-1,-1
268.38846,230.90387,20.71756,16.405731,0.053624958,1,-1,-1
100.352104,459.6663,30.058601,44.4899,0.05360326,2,-1,-1
386.16776,275.02682,19.2406,19.161316,0.053483397,7,-1,-1
386.16776,275.02682,19.2406,19.161316,0.05326152,8,-1,-1
522.8041,501.54657,62.250183,37.326416,0.052986205,2,-1,-1
677.8595,504.88528,16.081238,19.988495,0.052945852,1,-1,-1
255.12714,220.96237,20.470795,14.098831,0.05289015,6,-1,-1
554.9409,440.11694,16.337952,21.35019,0.052434683,1,-1,-1
238.14238,304.00418,21.566269,14.953522,0.052121907,7,-1,-1
200.2214,164.45381,19.075531,13.757034,0.05206594,5,-1,-1
346.48093,315.83972,29.1409,24.081818,0.05204293,2,-1,-1
259.2616,268.04654,22.960297,21.74405,0.051844448,1,-1,-1
672.8936,509.20755,11.406982,24.579987,0.050821424,1,-1,-1
509.32108,366.25476,21.17038,19.700287,0.05079198,3,-1,-1
