1856.5032,790.94714,62.056396,68.04187,0.99920756,4,-1,-1
1743.8839,786.84985,162.44739,89.85486,0.99380213,4,-1,-1
1261.3806,444.97632,96.24194,37.787964,0.9925624,4,-1,-1
1370.1906,527.88446,107.09021,41.804016,0.9925407,4,-1,-1
1523.0522,526.8221,89.593994,37.519043,0.9876298,4,-1,-1
493.18994,577.2063,60.473633,42.33142,0.9745791,8,-1,-1
1681.2815,863.0497,103.22864,65.75836,0.9716933,10,-1,-1
1020.89996,714.53,53.28192,85.10364,0.95583385,7,-1,-1
1455.8596,728.6061,55.10901,36.495544,0.8808683,3,-1,-1
1016.0964,445.6134,66.05426,32.16452,0.83314407,4,-1,-1
1199.4843,394.00833,82.26428,35.613037,0.81062096,5,-1,-1
804.0638,469.67377,29.949585,43.517883,0.73972434,4,-1,-1
1362.875,444.69846,89.855225,36.952393,0.7229432,4,-1,-1
1345.4921,438.91275,82.07349,32.026978,0.7143416,4,-1,-1
1175.1051,992.356,36.105225,63.231384,0.7121396,2,-1,-1
1178.6666,1025.0963,35.824707,53.7334,0.7000413,10,-1,-1
797.81177,419.72733,40.783264,38.55768,0.6928193,4,-1,-1
915.4298,436.7252,33.89258,40.3078,0.6621741,4,-1,-1
1335.8329,973.30853,222.057,105.06,0.6271695,4,-1,-1
1184.7333,459.1577,52.53369,27.539093,0.6113543,7,-1,-1
930.13995,405.7908,41.338074,30.733582,0.5573308,4,-1,-1
847.3116,407.07703,32.621826,39.970276,0.55343515,4,-1,-1
1334.8438,972.68207,221.4967,106.147644,0.5413762,9,-1,-1
913.1911,442.04465,35.62976,43.1792,0.5398149,5,-1,-1
911.2752,458.74728,36.523132,41.835327,0.5391881,4,-1,-1
1462.0681,717.9747,44.40454,33.528442,0.5149069,3,-1,-1
776.79724,379.23962,34.940186,34.736206,0.5086548,4,-1,-1
908.3769,411.26816,35.46051,35.33609,0.45088905,4,-1,-1
948.1645,825.22906,27.887695,61.550293,0.44277132,10,-1,-1
946.81195,822.817,29.695007,58.97888,0.43998384,2,-1,-1
911.2752,458.74728,36.523132,41.835327,0.43448812,5,-1,-1
1360.3713,444.19135,91.33179,37.203217,0.39599723,5,-1,-1
947.7091,823.29614,27.812805,61.66455,0.36732846,1,-1,-1
913.0202,430.40863,34.11145,39.431427,0.3671216,5,-1,-1
948.1645,825.22906,27.887695,61.550293,0.36486253,3,-1,-1
745.2826,414.5975,53.678833,37.141388,0.36232558,8,-1,-1
853.24664,550.76685,39.89801,31.25708,0.3550555,10,-1,-1
1174.9332,452.58633,49.77893,27.853912,0.34866714,7,-1,-1
853.057,548.0297,38.020752,32.70752,0.34005773,7,-1,-1
431.67816,452.16617,58.505432,29.405884,0.335948,5,-1,-1
1116.9592,531.5129,41.958984,28.226929,0.29088455,10,-1,-1
419.4178,454.48947,71.061035,26.24411,0.26552954,4,-1,-1
1178.6666,1025.0963,35.824707,53.7334,0.2609208,3,-1,-1
1116.9592,531.5129,41.958984,28.226929,0.2588315,3,-1,-1
742.29663,415.1437,57.16034,36.25186,0.25715035,4,-1,-1
1199.009,391.39346,99.923096,42.584686,0.2516138,6,-1,-1
911.6877,505.0617,23.966248,49.85266,0.24601108,8,-1,-1
1467.4578,706.38806,37.01892,35.096985,0.24401271,3,-1,-1
1178.4069,1016.6713,36.556152,59.358704,0.24053779,2,-1,-1
947.3656,404.48096,45.280823,28.539246,0.24020278,4,-1,-1
962.63293,397.3381,47.135437,25.25763,0.23698801,4,-1,-1
1468.43,706.69977,33.67859,36.233826,0.2358914,2,-1,-1
493.2405,577.5459,60.079437,42.074463,0.23443094,7,-1,-1
908.3769,411.26816,35.46051,35.33609,0.23190698,5,-1,-1
918.799,622.1272,22.717224,47.3078,0.2311714,1,-1,-1
435.13855,446.3557,59.467194,22.325928,0.22554827,4,-1,-1
534.50464,394.01447,54.377747,20.836823,0.22554445,4,-1,-1
1266.7646,411.33823,69.5437,32.10077,0.22133806,4,-1,-1
915.4298,436.7252,33.89258,40.3078,0.21625006,6,-1,-1
915.4298,436.7252,33.89258,40.3078,0.21544462,8,-1,-1
1021.54346,714.9178,53.48645,86.49823,0.21200019,8,-1,-1
930.83276,405.45712,41.970703,32.934174,0.20814854,5,-1,-1
1198.1951,393.90543,84.1438,35.688477,0.20681891,4,-1,-1
507.86108,416.02606,54.242798,26.613495,0.2055856,5,-1,-1
800.1603,446.4936,34.47351,36.893005,0.20414412,4,-1,-1
742.29663,415.1437,57.16034,36.25186,0.2037194,5,-1,-1
911.6732,504.67578,23.907104,49.113464,0.20206133,10,-1,-1
1175.1051,992.356,36.105225,63.231384,0.19838181,1,-1,-1
1456.2843,728.28143,54.70581,36.57892,0.19288138,7,-1,-1
918.60785,620.9904,22.838684,47.18396,0.19177532,2,-1,-1
536.5913,393.7496,52.41992,22.848175,0.18911105,5,-1,-1
507.86108,416.02606,54.242798,26.613495,0.18878004,4,-1,-1
797.9723,419.93246,40.455994,38.75119,0.18539053,6,-1,-1
844.9335,375.39948,34.47455,32.621582,0.18478292,4,-1,-1
797.8513,426.18054,37.536133,41.9411,0.1840539,5,-1,-1
522.205,409.2233,56.460938,26.30304,0.18077913,5,-1,-1
779.9559,485.88297,26.541138,46.88864,0.17741781,8,-1,-1
797.9723,419.93246,40.455994,38.75119,0.17645848,7,-1,-1
915.4298,436.7252,33.89258,40.3078,0.17390987,7,-1,-1
1116.158,522.31616,38.097412,31.743835,0.17190456,7,-1,-1
414.2687,458.09955,72.75818,24.438751,0.17168587,6,-1,-1
869.78467,440.16006,31.299255,34.766083,0.17002341,4,-1,-1
1807.872,783.7891,110.68762,83.73187,0.16986725,4,-1,-1
1115.3282,522.3953,39.7218,29.140686,0.16864938,10,-1,-1
475.69922,421.28333,47.73419,23.927551,0.1658003,4,-1,-1
911.6877,505.0617,23.966248,49.85266,0.16400221,7,-1,-1
1674.9668,861.97156,67.650024,46.039124,0.1617431,10,-1,-1
743.9356,415.05447,55.462463,36.51593,0.16087738,7,-1,-1
781.66266,416.34167,43.170105,35.573578,0.15998527,4,-1,-1
780.79407,486.71088,27.993225,45.723022,0.15924078,7,-1,-1
929.3033,381.39124,38.19751,28.9664,0.15712273,4,-1,-1
776.79724,379.23962,34.940186,34.736206,0.1532279,5,-1,-1
847.7648,405.41464,32.615784,40.89337,0.151279,5,-1,-1
910.7036,410.72205,45.51764,34.58795,0.14896312,6,-1,-1
911.4854,457.6683,36.364685,43.558228,0.14788133,6,-1,-1
780.79407,486.71088,27.993225,45.723022,0.14644834,5,-1,-1
742.29663,415.1437,57.16034,36.25186,0.14571717,6,-1,-1
962.63293,397.3381,47.135437,25.25763,0.14450842,5,-1,-1
522.205,409.2233,56.460938,26.30304,0.1423268,4,-1,-1
1176.0548,993.3803,39.78784,72.9234,0.14231434,10,-1,-1
804.4339,327.03522,41.899597,28.52008,0.1415619,5,-1,-1
1183.2472,460.89175,53.537598,25.162994,0.14127442,10,-1,-1
1682.2687,856.73193,36.29602,44.134583,0.1396569,2,-1,-1
548.9344,497.45215,44.75,27.89624,0.13902384,10,-1,-1
493.2405,577.5459,60.079437,42.074463,0.13878158,2,-1,-1
923.78174,647.48047,31.449524,40.62848,0.13871685,3,-1,-1
797.9723,419.93246,40.455994,38.75119,0.13837266,8,-1,-1
911.6732,504.67578,23.907104,49.113464,0.13766941,2,-1,-1
804.0638,469.67377,29.949585,43.517883,0.13654509,5,-1,-1
802.07837,432.81586,36.907104,39.337524,0.1359981,4,-1,-1
930.83276,405.45712,41.970703,32.934174,0.13573956,6,-1,-1
779.3794,482.08405,30.412659,41.008484,0.13494787,4,-1,-1
924.4122,646.4825,31.990784,40.785583,0.13303915,10,-1,-1
1335.3977,431.30963,61.306152,26.992554,0.13248369,4,-1,-1
1709.1382,736.50476,25.837769,49.142822,0.13243535,1,-1,-1
802.07837,432.81586,36.907104,39.337524,0.13230047,7,-1,-1
1117.9077,534.55206,41.969604,25.962402,0.13145587,7,-1,-1
1715.3934,864.02893,56.474854,51.89319,0.12687707,1,-1,-1
853.6683,553.337,41.96515,29.268433,0.12657008,3,-1,-1
911.6732,504.67578,23.907104,49.113464,0.12548226,1,-1,-1
891.06726,460.0178,42.884583,37.102875,0.1228337,4,-1,-1
1462.8162,722.1105,40.944824,40.055298,0.12225726,2,-1,-1
1395.7249,882.2738,30.496826,41.47223,0.121943355,1,-1,-1
1338.0408,972.8254,195.48743,106.00433,0.12155384,6,-1,-1
769.6184,405.65506,35.345764,39.81021,0.121043265,4,-1,-1
1266.7646,411.33823,69.5437,32.10077,0.12099892,7,-1,-1
923.63544,406.8432,46.299805,31.597565,0.120943725,8,-1,-1
914.6734,436.4952,34.63739,38.562958,0.119816124,1,-1,-1
804.0638,469.67377,29.949585,43.517883,0.11960262,8,-1,-1
844.8766,394.99304,32.43506,37.146362,0.118677706,4,-1,-1
1677.9365,858.9411,49.078003,40.05011,0.11855656,1,-1,-1
907.32184,447.28452,37.99597,39.010376,0.11747554,4,-1,-1
1176.0548,993.3803,39.78784,72.9234,0.11746329,3,-1,-1
1700.816,737.904,24.662842,50.4375,0.11700854,1,-1,-1
1338.3478,444.99966,71.4917,34.180023,0.1168696,4,-1,-1
804.0638,469.67377,29.949585,43.517883,0.116562486,7,-1,-1
844.9335,375.39948,34.47455,32.621582,0.11613798,5,-1,-1
1172.3949,449.017,41.303833,29.669922,0.11576164,8,-1,-1
466.77792,427.96875,50.09201,24.224915,0.115142494,4,-1,-1
974.5715,368.79517,41.965393,25.145508,0.11450267,4,-1,-1
1016.5363,445.9232,65.7829,32.033966,0.11446568,5,-1,-1
507.86108,416.02606,54.242798,26.613495,0.11414757,6,-1,-1
1093.2753,398.21234,50.00171,27.28592,0.11392754,4,-1,-1
1688.6093,863.18005,54.102295,47.042725,0.111608,2,-1,-1
566.5331,496.19894,49.198486,27.891144,0.111430794,10,-1,-1
1078.359,417.0973,36.03601,35.279724,0.10994694,4,-1,-1
803.6658,469.8151,30.244568,42.93869,0.109838665,1,-1,-1
800.1603,446.4936,34.47351,36.893005,0.10969329,7,-1,-1
832.4615,355.4228,34.241333,32.3757,0.10834223,4,-1,-1
892.45807,414.94516,42.03186,33.16089,0.10823658,4,-1,-1
435.13855,446.3557,59.467194,22.325928,0.108122796,5,-1,-1
877.77295,438.5277,42.03357,32.897034,0.10778287,4,-1,-1
802.07837,432.81586,36.907104,39.337524,0.10743919,6,-1,-1
1208.0195,466.0514,56.90332,26.5596,0.107087016,7,-1,-1
947.3656,404.48096,45.280823,28.539246,0.1054751,5,-1,-1
802.07837,432.81586,36.907104,39.337524,0.105094224,8,-1,-1
1268.4935,429.56927,64.98279,28.899017,0.104967624,4,-1,-1
1345.4921,438.91275,82.07349,32.026978,0.10488564,5,-1,-1
908.3769,411.26816,35.46051,35.33609,0.104779124,8,-1,-1
548.9344,497.45215,44.75,27.89624,0.10418269,7,-1,-1
939.38806,397.6933,48.887085,28.583374,0.10406789,4,-1,-1
844.8766,394.99304,32.43506,37.146362,0.103544414,5,-1,-1
450.2783,430.29416,49.94763,24.059448,0.103184074,4,-1,-1
1468.43,706.69977,33.67859,36.233826,0.103123575,1,-1,-1
566.5331,496.19894,49.198486,27.891144,0.10200611,7,-1,-1
1115.3282,522.3953,39.7218,29.140686,0.10058898,3,-1,-1
800.1603,446.4936,34.47351,36.893005,0.10036215,5,-1,-1
804.53937,326.77832,40.911377,28.079895,0.10034937,4,-1,-1
1345.9623,422.86072,59.406982,25.260925,0.0986014,4,-1,-1
1730.1676,780.3808,178.34924,97.8902,0.098044276,5,-1,-1
854.06866,540.4651,32.273804,37.671936,0.0979588,2,-1,-1
911.4854,457.6683,36.364685,43.558228,0.09713793,8,-1,-1
1181.2023,456.4475,52.907593,28.126312,0.09706476,8,-1,-1
1174.9332,452.58633,49.77893,27.853912,0.09697884,10,-1,-1
475.69922,421.28333,47.73419,23.927551,0.09602857,5,-1,-1
920.8378,427.5501,41.95569,35.232513,0.09513235,4,-1,-1
490.8956,419.81125,51.210297,24.919128,0.095127344,4,-1,-1
1172.3378,395.8097,51.563843,29.15332,0.09407103,4,-1,-1
999.14484,535.24414,22.782288,45.45459,0.09389481,1,-1,-1
930.07904,379.75528,35.270935,29.618195,0.093744904,5,-1,-1
1022.6953,715.02136,48.850464,80.98224,0.09373826,2,-1,-1
431.67816,452.16617,58.505432,29.405884,0.09360471,8,-1,-1
1394.0682,885.7942,45.718506,38.778442,0.092954785,3,-1,-1
1078.2401,435.19366,32.42444,34.840546,0.092772394,4,-1,-1
973.4485,384.68335,42.86371,25.792938,0.092502475,4,-1,-1
1523.9949,524.961,98.967896,44.560852,0.09249094,5,-1,-1
371.1981,433.60608,48.532745,25.393951,0.092365295,4,-1,-1
930.13995,405.7908,41.338074,30.733582,0.09234631,7,-1,-1
1266.7646,411.33823,69.5437,32.10077,0.09208712,5,-1,-1
911.6732,504.67578,23.907104,49.113464,0.09203136,4,-1,-1
1334.649,970.7799,224.1615,107.087036,0.091924995,5,-1,-1
1178.6666,1025.0963,35.824707,53.7334,0.09164998,4,-1,-1
548.9344,497.45215,44.75,27.89624,0.09160459,3,-1,-1
1183.2472,460.89175,53.537598,25.162994,0.09120956,3,-1,-1
1189.1075,393.9879,60.252075,31.967407,0.089417726,4,-1,-1
1079.705,421.55243,36.634644,34.555695,0.08934635,7,-1,-1
917.17096,413.99002,37.368042,40.556183,0.08857402,5,-1,-1
1266.2666,446.79095,99.70203,42.509125,0.08821043,5,-1,-1
457.05536,420.53787,50.326447,23.549255,0.08756101,4,-1,-1
371.1981,433.60608,48.532745,25.393951,0.08723968,5,-1,-1
904.2951,421.8922,34.64679,40.119812,0.08719525,4,-1,-1
917.17096,413.99002,37.368042,40.556183,0.087093025,4,-1,-1
1322.7799,575.1439,33.487915,34.594482,0.0868181,10,-1,-1
844.9335,375.39948,34.47455,32.621582,0.08638418,6,-1,-1
1702.7482,869.1145,62.9093,52.001892,0.08608371,2,-1,-1
1709.1382,736.50476,25.837769,49.142822,0.08583939,10,-1,-1
1078.8832,405.98297,44.759033,28.937714,0.08551079,4,-1,-1
1542.4172,488.41644,44.124756,31.164246,0.08534187,4,-1,-1
1688.6093,863.18005,54.102295,47.042725,0.08530557,1,-1,-1
1266.7646,411.33823,69.5437,32.10077,0.08520231,8,-1,-1
1239.9298,404.79477,68.81372,31.93991,0.084587574,4,-1,-1
1073.7444,409.76517,36.690063,32.11789,0.08447605,4,-1,-1
911.6732,504.67578,23.907104,49.113464,0.08356923,5,-1,-1
910.4215,507.4929,25.469849,48.21335,0.08270332,3,-1,-1
1078.359,417.0973,36.03601,35.279724,0.082288206,5,-1,-1
854.06866,540.4651,32.273804,37.671936,0.081582844,8,-1,-1
762.2975,389.2534,42.614014,35.455383,0.08153522,4,-1,-1
947.3656,404.48096,45.280823,28.539246,0.081256926,7,-1,-1
962.63293,397.3381,47.135437,25.25763,0.081219494,6,-1,-1
918.799,622.1272,22.717224,47.3078,0.08062294,10,-1,-1
910.7036,410.72205,45.51764,34.58795,0.080571026,7,-1,-1
832.4615,355.4228,34.241333,32.3757,0.07930073,5,-1,-1
929.4918,381.24017,36.987305,29.114807,0.07896441,6,-1,-1
1199.1113,393.97342,83.51172,35.477386,0.07859522,1,-1,-1
781.935,497.169,29.453125,43.115784,0.078535706,10,-1,-1
933.0579,394.57642,34.882996,36.119812,0.07821199,5,-1,-1
1189.1075,393.9879,60.252075,31.967407,0.07791382,5,-1,-1
1096.2933,461.39523,41.7312,29.680634,0.07785076,7,-1,-1
1020.57764,714.3639,53.814697,84.979065,0.07783571,6,-1,-1
1700.816,737.904,24.662842,50.4375,0.07779887,2,-1,-1
1079.705,421.55243,36.634644,34.555695,0.07745406,8,-1,-1
911.2752,458.74728,36.523132,41.835327,0.07743144,7,-1,-1
915.4298,436.7252,33.89258,40.3078,0.07700586,9,-1,-1
1709.1382,736.50476,25.837769,49.142822,0.07646695,2,-1,-1
566.5331,496.19894,49.198486,27.891144,0.076280445,3,-1,-1
920.0268,628.58057,27.443115,44.02765,0.076206535,3,-1,-1
994.56433,373.79044,43.344116,26.14215,0.076111406,4,-1,-1
980.1529,372.19382,42.170715,24.579498,0.07606053,5,-1,-1
1118.3411,519.62976,32.978516,36.349854,0.07558739,2,-1,-1
1337.1029,972.0177,216.47607,106.81201,0.07552004,1,-1,-1
1437.1633,765.60474,22.217285,48.61487,0.075487435,1,-1,-1
1700.816,737.904,24.662842,50.4375,0.074836224,10,-1,-1
1116.158,522.31616,38.097412,31.743835,0.07435331,1,-1,-1
1015.59644,373.9051,52.663208,24.661682,0.0742628,4,-1,-1
781.66266,416.34167,43.170105,35.573578,0.07392651,7,-1,-1
921.8212,396.19806,42.89386,33.161896,0.07384169,4,-1,-1
1197.979,394.1995,78.297485,36.760468,0.07375848,9,-1,-1
547.02527,400.7013,39.761353,31.921936,0.0735777,5,-1,-1
744.90546,414.62057,53.08081,37.366974,0.07355076,1,-1,-1
961.8551,319.9068,54.771606,26.168976,0.073517114,6,-1,-1
1727.0936,874.99274,39.19348,53.984924,0.07328689,2,-1,-1
847.4058,405.99304,32.543396,40.586517,0.073146224,6,-1,-1
1682.2687,856.73193,36.29602,44.134583,0.07290143,10,-1,-1
1457.3153,580.9062,46.9292,30.49176,0.07265282,7,-1,-1
433.858,453.26068,58.991943,27.597168,0.07250592,7,-1,-1
930.07904,379.75528,35.270935,29.618195,0.07241908,8,-1,-1
490.8956,419.81125,51.210297,24.919128,0.07236743,5,-1,-1
804.27765,326.39114,40.49292,29.301086,0.07211748,6,-1,-1
784.4003,474.7106,38.42041,35.864197,0.07198423,4,-1,-1
930.07904,379.75528,35.270935,29.618195,0.07188776,7,-1,-1
1321.1216,488.20285,52.46399,25.817291,0.071728915,3,-1,-1
962.63293,397.3381,47.135437,25.25763,0.07145721,7,-1,-1
1172.3949,449.017,41.303833,29.669922,0.07129997,3,-1,-1
930.13995,405.7908,41.338074,30.733582,0.070712924,1,-1,-1
769.6184,405.65506,35.345764,39.81021,0.07024452,5,-1,-1
1176.1271,1018.36926,39.85681,59.300537,0.070236355,1,-1,-1
608.56055,506.8221,50.015015,27.000885,0.07010779,10,-1,-1
986.4616,384.34805,41.60309,24.819397,0.06946531,5,-1,-1
909.62335,459.92316,38.53241,40.38037,0.06936821,1,-1,-1
1026.7235,364.226,52.267822,24.049347,0.0693475,4,-1,-1
475.35873,411.79788,49.974945,24.042633,0.06923187,4,-1,-1
881.33887,458.78378,30.207275,38.243073,0.06913859,4,-1,-1
1322.7799,575.1439,33.487915,34.594482,0.06899208,3,-1,-1
1096.2933,461.39523,41.7312,29.680634,0.06886548,3,-1,-1
804.0638,469.67377,29.949585,43.517883,0.068828255,10,-1,-1
888.8231,458.27933,36.380432,40.12265,0.06874883,5,-1,-1
1394.526,878.40295,32.09082,40.44513,0.0686512,10,-1,-1
1454.5917,581.9637,45.079468,29.808228,0.06854257,10,-1,-1
948.1645,825.22906,27.887695,61.550293,0.06802696,4,-1,-1
1081.1576,433.51852,33.57141,35.183563,0.06776139,7,-1,-1
522.205,409.2233,56.460938,26.30304,0.067563504,6,-1,-1
0.17458507,768.4269,24.266926,54.203247,0.06735739,2,-1,-1
784.48975,400.08313,32.25531,41.345215,0.06689346,4,-1,-1
488.85794,410.67215,58.31894,25.003235,0.06668317,4,-1,-1
831.2488,352.47647,34.29541,32.551086,0.06646258,6,-1,-1
754.4148,382.12277,49.900818,30.312195,0.066390306,4,-1,-1
798.9517,442.17133,33.27942,44.535767,0.06635934,6,-1,-1
886.5798,449.85635,41.372192,34.532898,0.06632587,4,-1,-1
1263.513,412.1482,65.887695,31.247925,0.06609404,10,-1,-1
536.5913,393.7496,52.41992,22.848175,0.06584141,6,-1,-1
516.77673,397.94284,63.99872,24.85553,0.065788984,4,-1,-1
466.77792,427.96875,50.09201,24.224915,0.06528443,5,-1,-1
800.79834,448.22504,36.88788,33.37686,0.0647493,8,-1,-1
994.56433,373.79044,43.344116,26.14215,0.06472036,5,-1,-1
525.36536,397.49136,53.450073,24.974854,0.06469217,5,-1,-1
1169.99,445.16037,37.53833,31.557037,0.064626426,7,-1,-1
1096.2933,461.39523,41.7312,29.680634,0.06425175,10,-1,-1
806.6827,318.05017,39.319275,27.66809,0.064159155,5,-1,-1
779.9559,485.88297,26.541138,46.88864,0.06359777,1,-1,-1
0.97211623,768.754,23.7768,55.674194,0.06359309,1,-1,-1
