535.39105,600.2111,35.77899,99.823364,0.99973965,1,-1,-1
484.3705,282.37643,87.430084,104.07187,0.9992151,4,-1,-1
743.568,268.97177,28.630188,53.458435,0.9891901,1,-1,-1
650.23035,295.56326,26.26416,74.104004,0.97222304,1,-1,-1
559.6441,102.5593,43.58844,77.30978,0.93237567,7,-1,-1
71.27406,29.175018,43.064842,37.759216,0.86257416,4,-1,-1
769.0164,282.12292,96.140686,149.51355,0.85412914,7,-1,-1
700.81946,306.47125,29.332214,60.370544,0.8437412,10,-1,-1
147.93938,28.436972,62.76909,51.036736,0.82517886,5,-1,-1
0.35982108,2.8426778,83.89218,41.295246,0.8153809,5,-1,-1
634.85333,294.42603,24.4599,72.519165,0.7998413,1,-1,-1
737.9521,224.26549,69.365845,41.94893,0.7577075,4,-1,-1
585.4438,306.2942,30.67981,55.84735,0.7439242,10,-1,-1
587.97797,283.43015,31.715149,61.028717,0.7336134,2,-1,-1
565.49585,97.91263,32.057495,33.777954,0.673537,7,-1,-1
698.8563,296.4081,32.625,63.055725,0.6640406,1,-1,-1
538.81415,222.65778,43.71808,41.175262,0.63582283,10,-1,-1
734.0997,239.09132,20.924194,45.88069,0.633355,1,-1,-1
546.61993,222.64806,41.963684,42.048477,0.6077849,7,-1,-1
471.16138,721.39624,70.49933,42.089478,0.5722075,10,-1,-1
470.62646,725.9101,71.90613,38.260925,0.57049924,7,-1,-1
517.5857,167.02167,60.25226,62.81601,0.5675715,7,-1,-1
2.3738704,3.9132276,76.95998,37.982506,0.5569382,4,-1,-1
534.2769,0.21607532,70.61212,26.036358,0.5540162,6,-1,-1
560.3977,29.639906,50.773804,73.31508,0.53755087,5,-1,-1
698.20636,297.17325,32.86432,60.917267,0.5210347,2,-1,-1
737.87756,224.48438,68.69995,36.292664,0.5140974,10,-1,-1
698.8252,61.580284,15.678101,45.37451,0.50929534,1,-1,-1
559.01416,30.259367,50.846375,74.77825,0.49811935,6,-1,-1
698.15594,22.681427,47.56732,20.412075,0.4850686,7,-1,-1
700.41797,36.861717,56.789246,22.981758,0.4680997,7,-1,-1
542.3909,231.60927,26.210999,39.75682,0.43859696,10,-1,-1
0.9668082,116.47422,27.172312,25.218025,0.42293936,10,-1,-1
559.40027,112.83107,44.226624,67.607086,0.42025486,6,-1,-1
70.942604,33.18487,70.00762,42.67072,0.40147388,4,-1,-1
714.97675,69.20335,56.21997,57.730667,0.343749,4,-1,-1
62.224243,1.544615,42.167114,24.994574,0.32399124,4,-1,-1
717.83746,69.71548,51.91931,63.069466,0.3132818,6,-1,-1
70.801895,33.019135,69.85791,42.21061,0.3080389,5,-1,-1
828.261,610.9541,29.618896,55.656128,0.30508834,1,-1,-1
769.14404,287.68704,92.54736,142.3487,0.29961097,6,-1,-1
558.5,68.48394,44.409546,79.85259,0.2983681,6,-1,-1
769.7842,287.14282,91.565735,143.21875,0.29426625,8,-1,-1
206.78482,154.76445,16.157944,43.646805,0.2904851,1,-1,-1
466.7556,723.9924,76.4082,40.17865,0.28162822,4,-1,-1
633.6353,46.3453,18.406677,37.65883,0.27592394,2,-1,-1
700.41797,36.861717,56.789246,22.981758,0.2741471,8,-1,-1
751.8145,273.96014,30.947754,55.681274,0.2695049,1,-1,-1
819.6512,589.2808,40.618103,58.16736,0.2617729,1,-1,-1
696.2449,11.127859,45.0213,20.465302,0.26099712,7,-1,-1
544.4918,228.51851,27.184021,42.268814,0.25989306,2,-1,-1
699.91425,25.657673,51.34558,22.908241,0.25522065,8,-1,-1
632.0217,63.06084,20.577759,32.395252,0.24293104,10,-1,-1
555.9743,89.097855,16.645325,38.797745,0.24228,1,-1,-1
2.2025714,15.1567545,87.19628,42.256523,0.23358604,4,-1,-1
694.4955,0.6261271,46.812622,19.111607,0.23158818,7,-1,-1
471.33374,724.4408,69.78851,39.730225,0.23005107,3,-1,-1
587.07263,287.63763,31.409607,59.311127,0.22816709,1,-1,-1
762.5031,125.93504,21.4917,36.80693,0.22231936,7,-1,-1
585.10364,305.9311,31.054932,52.67102,0.22103009,3,-1,-1
531.3102,223.56276,38.270996,32.263138,0.21932751,10,-1,-1
576.8896,35.865,35.88849,37.437595,0.21822256,4,-1,-1
552.8314,225.80849,29.305786,42.02736,0.21676746,1,-1,-1
552.8314,225.80849,29.305786,42.02736,0.21550706,2,-1,-1
234.78365,157.535,17.57315,39.38794,0.21510953,1,-1,-1
633.6353,46.3453,18.406677,37.65883,0.21475798,1,-1,-1
560.3509,79.66992,38.333435,56.783752,0.21394351,7,-1,-1
784.91425,228.95569,19.74414,37.248383,0.21320477,1,-1,-1
585.7261,301.57074,31.934143,59.646057,0.21118382,2,-1,-1
2.2025714,15.1567545,87.19628,42.256523,0.20502722,5,-1,-1
544.4918,228.51851,27.184021,42.268814,0.203621,1,-1,-1
534.4454,0.16999948,71.21228,25.89469,0.1986329,8,-1,-1
543.06213,227.0362,30.824097,43.36725,0.19566163,7,-1,-1
633.1622,47.864998,20.02417,37.19388,0.19441515,10,-1,-1
719.6258,66.14336,54.633545,121.442215,0.194195,6,-1,-1
575.6814,34.38911,38.665955,46.73189,0.19284695,5,-1,-1
594.2681,46.63171,20.253601,35.037975,0.18584839,1,-1,-1
587.7756,282.607,30.4646,61.92859,0.18499646,10,-1,-1
632.0217,63.06084,20.577759,32.395252,0.18150309,3,-1,-1
563.7929,29.27845,50.544556,58.52803,0.18021718,4,-1,-1
0.13062228,290.45844,18.577797,49.966156,0.17941377,4,-1,-1
174.49197,156.43929,18.14505,35.212097,0.17701766,1,-1,-1
753.49927,125.23911,24.298645,31.770332,0.17518327,7,-1,-1
582.648,306.73264,34.331726,60.766052,0.16753593,1,-1,-1
649.85986,295.9717,25.238525,71.504,0.16721752,4,-1,-1
823.4787,585.83356,98.84607,57.017212,0.16183883,3,-1,-1
747.13556,224.16838,59.479675,36.672897,0.16097718,1,-1,-1
555.47186,91.82602,20.8031,34.813156,0.15997452,7,-1,-1
740.04987,231.22011,38.722412,34.45906,0.15954009,10,-1,-1
935.055,557.75616,28.002808,42.258057,0.15912595,2,-1,-1
605.2816,0.0,17.11615,30.88073,0.15866017,1,-1,-1
756.4973,283.65363,35.859436,70.45453,0.15630281,1,-1,-1
561.04315,30.093126,49.823547,36.143646,0.15498063,5,-1,-1
697.6509,19.97118,45.592712,22.523266,0.15479308,3,-1,-1
519.1145,167.1453,59.850708,58.736023,0.15406564,4,-1,-1
697.6509,19.97118,45.592712,22.523266,0.15281373,8,-1,-1
29.738651,2.4752076,71.03793,32.819633,0.15271366,4,-1,-1
706.8912,26.883463,47.06897,23.478666,0.1519891,7,-1,-1
737.3078,224.06999,70.174866,41.315567,0.14990187,7,-1,-1
155.38362,155.71344,34.64592,27.272308,0.14782047,1,-1,-1
735.9014,229.50061,32.922607,55.970825,0.14775339,1,-1,-1
822.3653,586.0078,99.56378,56.497803,0.14770192,7,-1,-1
528.2629,213.00203,35.47699,23.631332,0.14604789,10,-1,-1
150.88316,28.279789,60.377228,51.789356,0.14404255,4,-1,-1
699.58734,299.9575,31.189636,64.44641,0.14380708,4,-1,-1
744.16595,123.68163,35.818726,23.546257,0.14305457,7,-1,-1
795.2564,243.75752,16.830261,33.565506,0.14294913,1,-1,-1
1013.90247,524.55194,33.841797,25.631104,0.14214775,8,-1,-1
556.885,88.32297,17.236206,35.846077,0.14178783,2,-1,-1
43.016106,83.500534,16.11021,32.88581,0.13942668,1,-1,-1
840.74347,614.4215,22.471497,50.219604,0.13942456,1,-1,-1
564.2224,30.491165,43.44989,31.210579,0.1387344,4,-1,-1
594.2681,46.63171,20.253601,35.037975,0.13829044,10,-1,-1
204.2662,27.962032,32.84691,23.787628,0.13592002,2,-1,-1
601.56915,292.10068,20.398987,49.575348,0.13559791,1,-1,-1
632.3437,61.842106,18.359497,34.36951,0.13287342,1,-1,-1
541.5974,221.17055,47.817017,42.58693,0.13270289,4,-1,-1
107.84321,135.5308,16.615967,33.28505,0.13256532,1,-1,-1
582.56775,39.9963,30.359436,39.2408,0.13079083,1,-1,-1
588.36707,290.88907,31.161133,54.89392,0.1296564,3,-1,-1
833.3613,494.19315,77.59601,142.37015,0.12935016,7,-1,-1
33.609615,34.045643,82.20743,39.12176,0.12751618,5,-1,-1
0.17473339,290.7611,18.64833,50.149597,0.12738478,5,-1,-1
158.0188,27.36604,47.5336,27.64738,0.12730423,5,-1,-1
697.6509,19.97118,45.592712,22.523266,0.12633711,10,-1,-1
717.5618,60.628227,49.690735,58.3684,0.12569499,7,-1,-1
936.124,555.81525,26.127014,43.70758,0.12478399,1,-1,-1
701.4586,36.917725,59.46997,39.06878,0.124278784,4,-1,-1
476.9416,718.3464,42.668335,27.41864,0.12378052,10,-1,-1
734.759,237.82141,29.354797,42.855347,0.12363735,10,-1,-1
574.5187,31.73717,37.941345,34.344353,0.12329164,7,-1,-1
1014.11414,524.564,33.68225,25.83728,0.123208344,5,-1,-1
554.0322,229.72789,25.28717,41.61653,0.12302366,10,-1,-1
726.6864,125.424904,55.655823,28.815697,0.122255266,7,-1,-1
17.18798,26.600498,88.33258,37.199528,0.12172669,4,-1,-1
739.9301,252.44617,26.445435,52.513855,0.12158087,1,-1,-1
697.60046,298.39346,31.69403,59.059235,0.12148005,3,-1,-1
766.1257,232.80698,35.917664,30.10141,0.119883776,1,-1,-1
632.3437,61.842106,18.359497,34.36951,0.11955124,2,-1,-1
594.2681,46.63171,20.253601,35.037975,0.11785242,4,-1,-1
529.50397,182.07373,55.20276,61.869904,0.11740795,7,-1,-1
697.8235,35.867367,46.94049,24.696941,0.11724305,3,-1,-1
1013.90247,524.55194,33.841797,25.631104,0.11597219,6,-1,-1
20.834496,178.4972,26.248264,29.315857,0.1135501,1,-1,-1
204.2662,27.962032,32.84691,23.787628,0.11335155,1,-1,-1
696.6716,11.949861,42.585693,21.564594,0.1126996,3,-1,-1
564.28284,89.90614,25.537354,34.540512,0.11231598,7,-1,-1
633.1622,47.864998,20.02417,37.19388,0.11150086,3,-1,-1
779.1631,229.16246,18.548096,37.001663,0.11092621,1,-1,-1
653.9035,294.65988,22.152344,65.5249,0.10910967,2,-1,-1
747.22095,123.44352,39.96051,38.758293,0.108707935,7,-1,-1
740.04987,231.22011,38.722412,34.45906,0.108039975,1,-1,-1
695.3759,34.913696,36.09503,25.449081,0.10797036,7,-1,-1
698.4238,37.618454,45.539368,25.419853,0.10775319,10,-1,-1
750.7143,232.44836,46.009094,29.614563,0.1076681,2,-1,-1
520.06866,168.40376,57.887268,56.347855,0.10616338,10,-1,-1
762.2619,293.7388,22.135254,48.332214,0.10607198,1,-1,-1
534.074,0.07350534,71.151,25.717949,0.10604441,4,-1,-1
632.3437,61.842106,18.359497,34.36951,0.105858475,7,-1,-1
532.48566,0.64914626,67.45068,25.049969,0.10583514,7,-1,-1
801.99646,244.05286,17.336365,34.865753,0.105033845,1,-1,-1
490.58533,361.96304,17.886292,34.553467,0.10434559,1,-1,-1
698.8252,61.580284,15.678101,45.37451,0.10432908,2,-1,-1
590.0982,35.81321,25.198242,39.616653,0.104242,7,-1,-1
1014.11414,524.564,33.68225,25.83728,0.104020864,4,-1,-1
33.609615,34.045643,82.20743,39.12176,0.1030215,4,-1,-1
819.6512,589.2808,40.618103,58.16736,0.101690054,3,-1,-1
457.15454,726.0337,86.79901,38.13733,0.101655304,8,-1,-1
554.7674,35.634613,23.88208,34.56711,0.101582944,4,-1,-1
2.1655831,121.405136,27.011301,23.451462,0.10149571,3,-1,-1
479.02032,717.3751,35.54901,29.00299,0.10056096,3,-1,-1
475.87,729.7325,56.08777,34.36432,0.10046345,2,-1,-1
107.84321,135.5308,16.615967,33.28505,0.098885804,2,-1,-1
785.69025,245.01826,19.245605,31.3228,0.09883845,1,-1,-1
763.6487,125.09989,20.291199,39.608498,0.09836453,1,-1,-1
545.8845,219.99281,43.361145,36.09471,0.098223984,1,-1,-1
727.099,67.63248,37.871155,35.086906,0.098171234,4,-1,-1
601.56915,292.10068,20.398987,49.575348,0.098012984,2,-1,-1
65.42198,0.0,44.321365,15.976007,0.09700522,4,-1,-1
530.94196,45.948574,24.430298,28.668713,0.09691042,7,-1,-1
755.9964,265.69003,24.506226,44.58853,0.0965693,1,-1,-1
40.708057,97.09012,23.757603,22.543419,0.096098244,1,-1,-1
5.111942,30.407257,84.72167,38.167755,0.09524688,5,-1,-1
763.6487,125.09989,20.291199,39.608498,0.09499186,2,-1,-1
491.2754,716.5646,24.630493,30.86853,0.09452036,1,-1,-1
588.2068,283.87888,31.442322,60.185028,0.09444067,7,-1,-1
594.94366,300.77637,29.501526,54.668793,0.09377456,1,-1,-1
712.6513,53.311676,55.466125,51.744804,0.09333539,4,-1,-1
1120.0253,531.80225,19.871338,29.5047,0.093307704,1,-1,-1
565.5635,96.06502,28.073486,36.98842,0.092778444,1,-1,-1
746.17847,266.0163,40.062195,57.327606,0.09246236,2,-1,-1
633.278,46.35254,18.567932,37.702568,0.09231681,7,-1,-1
557.1303,99.03211,21.48761,33.814384,0.09213501,1,-1,-1
536.5084,223.67987,35.737732,42.036682,0.09162846,3,-1,-1
1106.6038,539.99,16.093628,37.95233,0.0915415,1,-1,-1
1.9066857,114.82608,27.490284,26.42627,0.091522366,2,-1,-1
2.3738704,3.9132276,76.95998,37.982506,0.09145278,9,-1,-1
8.982244,112.38117,25.399246,28.5886,0.09087339,10,-1,-1
589.28595,53.110622,20.90564,36.918293,0.090629876,1,-1,-1
635.9206,294.94058,23.470215,66.4332,0.08999866,2,-1,-1
587.83496,42.619137,26.769226,36.029896,0.08965501,2,-1,-1
566.6642,30.331713,46.507507,45.32583,0.08864316,6,-1,-1
171.83434,155.37935,21.729538,31.824326,0.08850995,2,-1,-1
749.3124,237.18947,53.333862,30.125809,0.08836985,10,-1,-1
554.455,31.33334,35.029785,26.07491,0.0881598,4,-1,-1
635.6472,296.89017,23.326477,68.80707,0.08805692,4,-1,-1
1148.9187,536.88715,25.731567,21.697693,0.08797744,10,-1,-1
155.38362,155.71344,34.64592,27.272308,0.08763698,2,-1,-1
4.479758,1.8177506,89.858826,41.398186,0.087133944,6,-1,-1
650.23035,295.56326,26.26416,74.104004,0.08654463,9,-1,-1
148.17589,30.07248,60.719055,52.485435,0.086401135,6,-1,-1
1029.1171,466.94244,47.28296,34.192535,0.08565742,7,-1,-1
694.23615,1.0674059,47.18445,19.800673,0.08563948,10,-1,-1
484.89786,363.02615,17.392365,33.982666,0.08435771,1,-1,-1
708.5373,38.46583,57.573975,42.08163,0.08359519,7,-1,-1
1.9066857,114.82608,27.490284,26.42627,0.08343622,1,-1,-1
717.5618,60.628227,49.690735,58.3684,0.08303052,5,-1,-1
43.566223,71.338486,17.46833,36.199814,0.08221826,1,-1,-1
613.3667,287.48868,34.60382,73.57684,0.082060754,1,-1,-1
574.5187,31.73717,37.941345,34.344353,0.081328094,10,-1,-1
529.9374,202.77888,28.624084,28.891418,0.08112082,10,-1,-1
733.1644,138.27362,46.393616,22.691528,0.08033621,7,-1,-1
705.63306,47.455986,47.292908,23.777275,0.079562336,7,-1,-1
168.0504,21.963875,66.17468,37.979763,0.0786576,4,-1,-1
849.6919,616.62915,16.810303,43.394104,0.07811433,1,-1,-1
99.217545,174.49,45.505585,20.270355,0.07803309,10,-1,-1
791.7095,222.30202,20.004822,38.6382,0.07801396,1,-1,-1
743.16266,239.52403,38.321655,61.0746,0.077944875,1,-1,-1
533.64417,220.25912,39.39673,36.988953,0.077575475,7,-1,-1
697.8235,35.867367,46.94049,24.696941,0.07755053,1,-1,-1
696.6716,11.949861,42.585693,21.564594,0.07753667,8,-1,-1
530.94196,45.948574,24.430298,28.668713,0.077331334,1,-1,-1
768.11084,241.75758,20.09845,33.111465,0.07693368,1,-1,-1
76.3753,82.773,17.488045,39.32995,0.07673448,1,-1,-1
712.6513,53.311676,55.466125,51.744804,0.07665685,6,-1,-1
751.608,235.44688,22.021423,36.841843,0.076648176,1,-1,-1
99.53806,174.80214,47.60119,19.523178,0.07647437,7,-1,-1
934.6666,545.0395,38.897766,30.968323,0.07616362,3,-1,-1
565.5635,96.06502,28.073486,36.98842,0.07565719,2,-1,-1
699.91425,25.657673,51.34558,22.908241,0.07554695,3,-1,-1
764.8579,225.54903,37.224243,31.475845,0.07503155,2,-1,-1
701.24493,38.473305,62.64392,35.433273,0.07476261,5,-1,-1
697.3612,37.484554,20.045532,32.304417,0.07461676,1,-1,-1
578.34973,62.027695,23.80835,41.052032,0.07425913,1,-1,-1
761.1073,239.02031,19.30127,33.91481,0.07421076,1,-1,-1
703.16376,292.14203,29.023804,42.75531,0.074139714,2,-1,-1
525.5017,219.11974,27.345886,28.7919,0.07409987,10,-1,-1
601.56915,292.10068,20.398987,49.575348,0.07398334,10,-1,-1
697.6509,19.97118,45.592712,22.523266,0.07372096,1,-1,-1
737.3078,224.06999,70.174866,41.315567,0.07363948,8,-1,-1
649.85986,295.9717,25.238525,71.504,0.073625505,3,-1,-1
530.94196,45.948574,24.430298,28.668713,0.07350412,8,-1,-1
99.53806,174.80214,47.60119,19.523178,0.07344866,8,-1,-1
698.14777,21.804298,47.99756,21.430511,0.07301885,4,-1,-1
168.0504,21.963875,66.17468,37.979763,0.0727506,5,-1,-1
627.3484,45.580368,19.00531,37.443153,0.07201293,1,-1,-1
560.0076,28.726168,51.2594,72.602005,0.0719606,9,-1,-1
561.64014,53.94653,42.19568,74.0625,0.0717867,4,-1,-1
766.0048,231.09059,23.050232,35.793533,0.07158351,2,-1,-1
533.66455,217.92682,23.743591,36.39,0.07152051,1,-1,-1
523.8189,189.397,26.619507,38.27722,0.071314335,1,-1,-1
772.4911,242.88727,28.026794,27.33966,0.07111189,1,-1,-1
695.1078,0.8554041,45.068787,19.421106,0.07108706,3,-1,-1
768.2619,282.62936,97.7608,147.03552,0.070586324,3,-1,-1
533.18506,213.59465,40.937073,33.56743,0.07050291,10,-1,-1
1148.9187,536.88715,25.731567,21.697693,0.07043055,3,-1,-1
767.3588,300.14703,59.839294,103.36282,0.07031721,2,-1,-1
2.2025714,15.1567545,87.19628,42.256523,0.069969565,6,-1,-1
698.2325,43.905315,33.027954,27.466335,0.06958532,7,-1,-1
704.57275,34.380093,52.028564,24.373695,0.06956887,5,-1,-1
700.97974,70.67393,20.18512,38.341133,0.06954676,1,-1,-1
694.2957,31.198458,55.061523,28.734175,0.0694384,4,-1,-1
491.6022,341.05542,16.41748,41.544067,0.06943086,1,-1,-1
931.12823,557.6058,28.006104,42.149414,0.06940237,10,-1,-1
754.3592,236.73904,42.609314,33.136627,0.069289,1,-1,-1
756.4973,283.65363,35.859436,70.45453,0.06851426,2,-1,-1
784.49304,222.38364,19.791748,38.525055,0.0685032,2,-1,-1
2.5350504,111.541016,28.58807,25.36998,0.0683687,3,-1,-1
536.09766,46.20328,22.559998,29.071095,0.06806734,10,-1,-1
520.59424,0.95346117,46.628967,21.159727,0.06767866,7,-1,-1
1127.6938,538.1306,21.217651,30.154785,0.0676651,1,-1,-1
762.5154,244.01845,29.98169,26.93483,0.06759876,2,-1,-1
583.5747,296.22626,28.03363,44.8609,0.06689784,2,-1,-1
544.30975,0.09140071,62.11786,25.644539,0.06652641,5,-1,-1
70.942604,33.18487,70.00762,42.67072,0.06647977,6,-1,-1
650.7255,295.609,29.205383,75.34845,0.06620318,10,-1,-1
148.17589,30.07248,60.719055,52.485435,0.066188514,1,-1,-1
1030.1603,421.76566,19.654907,32.9711,0.06618595,1,-1,-1
591.126,41.908466,23.35431,37.87969,0.06616783,5,-1,-1
755.4765,124.05955,20.027832,36.237236,0.065965205,1,-1,-1
696.6716,11.949861,42.585693,21.564594,0.06596154,1,-1,-1
544.79193,217.56299,44.14734,27.24974,0.06595114,7,-1,-1
696.6297,18.579922,22.911926,30.568401,0.065898925,1,-1,-1
1170.5895,566.29083,17.734009,34.133057,0.065882266,1,-1,-1
735.1816,237.151,19.800842,47.044525,0.065782756,2,-1,-1
582.648,306.73264,34.331726,60.766052,0.06574622,7,-1,-1
717.5618,60.628227,49.690735,58.3684,0.06574172,8,-1,-1
833.3613,494.19315,77.59601,142.37015,0.065365195,3,-1,-1
147.77432,29.198713,61.16826,53.706093,0.06488389,8,-1,-1
528.2629,213.00203,35.47699,23.631332,0.0647257,3,-1,-1
