349.02722,592.7988,118.95438,155.96124,0.99999964,4,-1,-1
478.48483,231.50821,45.141083,45.4581,0.999949,4,-1,-1
787.28973,283.4672,77.54535,55.22986,0.9994106,5,-1,-1
667.27856,491.1278,70.835144,95.82001,0.99908024,4,-1,-1
639.511,331.8663,48.775818,54.602203,0.9988013,4,-1,-1
675.67114,217.42055,35.177917,32.322556,0.99619275,4,-1,-1
1216.4225,577.7498,142.45984,142.2956,0.9899765,4,-1,-1
768.2073,243.35204,39.88733,39.259567,0.98139936,4,-1,-1
963.0485,246.7534,84.26849,35.989975,0.95767635,4,-1,-1
886.30994,199.95737,40.236267,43.101196,0.8756318,5,-1,-1
928.161,180.03404,45.65674,19.277084,0.8369949,4,-1,-1
1084.6414,431.96786,99.198975,76.69821,0.8077624,4,-1,-1
1204.0046,453.44254,150.13367,65.453156,0.7520994,4,-1,-1
931.15955,175.14926,45.076904,16.860611,0.7225305,4,-1,-1
622.71204,150.87776,24.907166,25.08931,0.7182644,4,-1,-1
937.986,159.83508,41.484924,18.815506,0.70674723,4,-1,-1
970.90576,292.13327,68.02063,70.62198,0.70586693,5,-1,-1
742.77924,168.92134,29.393066,25.90944,0.7047411,4,-1,-1
935.81995,165.92905,42.139282,18.69983,0.6321674,4,-1,-1
1027.9951,230.2805,86.46277,35.5793,0.6136522,4,-1,-1
968.935,301.24487,71.31476,61.799713,0.60895723,4,-1,-1
937.34766,149.77737,41.06073,19.558777,0.6084155,4,-1,-1
903.0834,235.48491,39.88867,32.882797,0.54048973,1,-1,-1
904.3004,235.4771,37.88257,33.380234,0.5245866,5,-1,-1
1019.067,215.35701,58.486572,23.517975,0.4913403,4,-1,-1
984.4738,196.00172,45.81488,20.733597,0.4796328,4,-1,-1
1195.222,422.00555,99.273315,51.353577,0.4640119,4,-1,-1
854.01666,123.50335,37.72876,18.18853,0.46265465,5,-1,-1
985.50085,204.36021,52.28003,22.71074,0.46242422,4,-1,-1
241.93193,311.95547,35.867844,29.670898,0.45737565,10,-1,-1
1311.27,276.3043,18.215698,36.04019,0.4522835,1,-1,-1
1204.0332,452.9782,151.42175,66.02991,0.44275203,5,-1,-1
1201.3412,421.4325,88.82959,45.917267,0.4269208,6,-1,-1
903.50146,235.5951,38.963684,32.852753,0.42594576,8,-1,-1
1120.7772,456.55112,65.90088,57.850433,0.40869272,4,-1,-1
254.3837,327.52994,25.803558,26.325562,0.39930338,10,-1,-1
875.44867,119.08123,37.63263,19.870583,0.39926335,5,-1,-1
961.8678,311.49567,16.921936,40.66855,0.39373168,1,-1,-1
1023.0765,229.52405,92.72284,37.015137,0.38533637,6,-1,-1
938.0845,141.4363,40.76172,20.582993,0.37938884,4,-1,-1
655.9274,135.79663,33.171265,21.31047,0.36891955,4,-1,-1
1194.5647,421.5302,102.05786,51.56375,0.3483563,5,-1,-1
936.5534,164.44086,43.3313,19.671127,0.33773768,5,-1,-1
695.35144,133.94469,23.231445,24.80426,0.3303128,4,-1,-1
1195.2385,435.10028,124.133545,55.904694,0.31189,4,-1,-1
887.73773,98.26586,38.703003,15.647774,0.3070054,4,-1,-1
863.54346,159.9169,48.409424,24.60141,0.30489293,5,-1,-1
966.9437,195.33873,44.6239,20.370346,0.3017239,4,-1,-1
860.04755,119.98878,41.264038,17.600517,0.29923093,5,-1,-1
904.0856,235.39279,37.81781,33.094208,0.29823643,4,-1,-1
837.45483,124.98726,40.71338,18.504059,0.28934205,5,-1,-1
868.6081,119.466034,41.697083,17.983551,0.28450704,4,-1,-1
846.9594,123.77246,40.380005,18.475494,0.27437815,4,-1,-1
744.7517,330.4795,20.559448,28.79309,0.27126777,10,-1,-1
736.89404,155.13336,28.564026,20.815018,0.2708301,4,-1,-1
991.4243,211.54037,50.7323,23.840485,0.26852876,4,-1,-1
976.4701,184.14792,39.065002,19.36818,0.25997296,4,-1,-1
1045.8584,167.84958,28.307129,21.274033,0.24354994,4,-1,-1
554.44385,260.37003,14.331299,38.361755,0.23828834,1,-1,-1
744.2811,324.4993,20.00885,30.260193,0.23794681,1,-1,-1
729.22784,139.88106,30.29187,19.6474,0.23395613,4,-1,-1
889.9006,173.97665,37.062256,19.946259,0.23136324,4,-1,-1
237.28268,327.8269,27.459839,24.138336,0.22924882,10,-1,-1
1303.7002,354.39758,33.050293,30.468903,0.22403556,10,-1,-1
860.23425,157.6885,52.842957,26.258286,0.22220096,4,-1,-1
1046.7806,73.73045,31.995117,18.738434,0.21984112,6,-1,-1
1274.5627,283.96017,19.6333,28.030731,0.20705318,1,-1,-1
982.3892,140.12125,34.573486,17.571701,0.20600367,4,-1,-1
1006.92773,142.26945,35.07141,16.840622,0.2057383,4,-1,-1
661.7487,126.96985,26.675598,20.692184,0.20359936,4,-1,-1
573.8465,113.012726,34.271606,23.141342,0.20262164,5,-1,-1
887.73773,98.26586,38.703003,15.647774,0.20195371,5,-1,-1
622.66345,150.54211,24.904602,25.506638,0.20167738,5,-1,-1
240.01776,313.97098,23.69107,32.370453,0.20085427,10,-1,-1
1046.7806,73.73045,31.995117,18.738434,0.19641477,5,-1,-1
1135.6064,285.36743,35.31604,18.854095,0.19219449,10,-1,-1
827.4472,137.0547,35.470703,16.637192,0.1916731,4,-1,-1
1025.3451,229.51697,90.450195,37.13919,0.19123945,5,-1,-1
1333.3936,293.64532,16.561401,35.666412,0.19063354,1,-1,-1
829.5053,126.45963,38.441223,18.03263,0.19062573,4,-1,-1
744.2811,324.4993,20.00885,30.260193,0.19045967,2,-1,-1
1003.9086,218.06207,58.34198,25.507874,0.18594244,4,-1,-1
1183.0383,228.29874,22.000244,25.440811,0.1858635,10,-1,-1
306.4863,338.56836,48.271576,61.663208,0.18543112,8,-1,-1
261.71127,336.65347,31.737518,23.72461,0.18435246,10,-1,-1
886.30884,200.45232,40.589355,43.01715,0.1796864,1,-1,-1
974.3325,141.1884,32.571655,18.626724,0.179452,4,-1,-1
741.9735,169.38533,30.590881,25.328354,0.1790007,5,-1,-1
934.9749,157.29472,41.493958,21.816483,0.17849034,5,-1,-1
970.8448,291.86658,68.86017,70.40018,0.17755663,6,-1,-1
964.1031,303.603,17.729065,34.84857,0.17640847,1,-1,-1
1009.31934,189.68025,41.858276,20.520355,0.17615229,4,-1,-1
980.2676,148.99704,33.733826,18.290237,0.17507252,4,-1,-1
993.1106,191.23029,41.92285,20.224503,0.17318669,4,-1,-1
249.92453,319.93463,32.01169,23.809326,0.17163676,10,-1,-1
939.5085,148.57343,38.369507,21.688507,0.17127156,5,-1,-1
877.1842,165.25838,39.434753,22.970886,0.17106399,5,-1,-1
873.15906,164.68959,41.986755,22.811966,0.16799966,4,-1,-1
884.99835,174.47238,38.425903,20.437622,0.16774255,5,-1,-1
892.34656,141.40236,33.71997,19.804626,0.16691205,4,-1,-1
1075.8186,425.30606,100.38269,85.50653,0.16545549,5,-1,-1
989.42426,185.58151,35.231995,20.488663,0.1645605,4,-1,-1
856.6759,111.27806,39.132202,15.912567,0.1638174,4,-1,-1
1197.4822,422.17194,89.86035,45.128998,0.16257054,9,-1,-1
993.5919,149.04765,33.46106,18.00064,0.16016811,4,-1,-1
859.6535,120.888596,37.336975,18.975952,0.15888873,4,-1,-1
883.9165,138.40651,32.616516,20.25653,0.15739805,4,-1,-1
743.0321,322.17178,31.42926,22.422516,0.15735433,10,-1,-1
888.2324,198.5287,37.54059,40.152496,0.15485975,4,-1,-1
827.4472,137.0547,35.470703,16.637192,0.15443534,5,-1,-1
988.43604,171.18092,36.7865,18.496033,0.15392396,4,-1,-1
736.89404,155.13336,28.564026,20.815018,0.15381387,5,-1,-1
851.6533,158.13692,44.014404,24.349594,0.15162969,5,-1,-1
881.409,178.57222,40.07068,18.236008,0.1512717,4,-1,-1
737.82153,161.99228,28.235168,26.291016,0.15064707,4,-1,-1
850.9306,128.93161,36.228943,17.939865,0.15005481,5,-1,-1
856.6759,111.27806,39.132202,15.912567,0.14727336,5,-1,-1
1178.7789,534.12396,57.775635,34.187073,0.14727196,10,-1,-1
678.6617,30.469124,35.315857,18.193073,0.14581847,4,-1,-1
1304.304,279.60846,19.941284,32.910492,0.14351586,1,-1,-1
1075.2903,425.42856,100.56592,86.285736,0.14240336,6,-1,-1
876.50055,172.03667,40.801758,21.26683,0.14215246,4,-1,-1
938.0845,141.4363,40.76172,20.582993,0.14206281,5,-1,-1
1023.303,158.11899,37.80835,17.417526,0.14094791,4,-1,-1
256.78198,327.96533,23.49466,27.230438,0.14072171,1,-1,-1
828.66296,127.94934,35.281067,18.55371,0.13880572,5,-1,-1
1204.523,456.53094,144.03894,62.310852,0.13855171,9,-1,-1
1025.822,210.78798,50.873413,20.101837,0.13748908,4,-1,-1
964.89233,183.50497,38.280334,19.279251,0.13705152,4,-1,-1
237.0888,449.3738,31.900879,23.210236,0.1355229,3,-1,-1
695.35144,133.94469,23.231445,24.80426,0.13496563,5,-1,-1
741.11786,329.3209,18.286194,31.190826,0.1343441,1,-1,-1
878.3101,135.56688,34.222656,19.306168,0.13364428,5,-1,-1
263.15237,266.45398,20.825562,27.55069,0.1331341,1,-1,-1
249.0025,319.35696,30.794739,25.324066,0.13215247,2,-1,-1
1197.3362,420.4614,99.48181,50.929688,0.13199109,7,-1,-1
994.58234,432.46054,111.79938,88.8909,0.13024706,6,-1,-1
962.8869,311.38724,15.405151,40.02002,0.13013825,2,-1,-1
1045.4196,167.36702,29.646118,20.935349,0.12868977,5,-1,-1
984.5101,243.47339,77.91632,32.297485,0.12717709,4,-1,-1
968.405,148.05963,35.236206,18.200806,0.12588999,4,-1,-1
968.0087,292.5369,74.63385,70.809326,0.12502798,1,-1,-1
1015.00745,149.21088,37.974487,16.264008,0.12497923,4,-1,-1
743.1929,326.0639,27.86493,25.861206,0.12176338,3,-1,-1
1195.2385,435.10028,124.133545,55.904694,0.12174019,5,-1,-1
1027.2397,230.52817,89.03711,35.52472,0.12119663,7,-1,-1
1042.9866,160.27072,29.483032,21.030777,0.120657235,4,-1,-1
1175.5869,535.907,39.939575,27.402405,0.11912596,10,-1,-1
1198.0625,262.96838,40.341064,25.460052,0.1190913,10,-1,-1
903.5908,235.48347,39.3692,32.960648,0.11851448,2,-1,-1
962.4302,246.37186,85.35596,36.598816,0.11820072,5,-1,-1
925.10474,113.72753,32.904846,18.987083,0.117839456,4,-1,-1
253.12143,326.86145,27.843231,25.646881,0.117343634,3,-1,-1
1203.3978,615.22577,17.288574,45.50879,0.11681688,1,-1,-1
863.9774,198.12633,25.258179,32.388367,0.11643776,8,-1,-1
655.9274,135.79663,33.171265,21.31047,0.11579475,5,-1,-1
1131.7601,220.84189,30.387451,20.059677,0.11552882,7,-1,-1
258.9823,327.91888,22.358429,29.777435,0.11537799,2,-1,-1
240.00446,315.9853,30.018372,26.860504,0.11504629,1,-1,-1
854.01666,123.50335,37.72876,18.18853,0.1150462,6,-1,-1
934.49414,173.4163,42.009888,18.751236,0.11466393,5,-1,-1
979.5326,192.84805,42.098145,21.214691,0.114504635,5,-1,-1
819.8653,203.18764,17.88977,30.84671,0.11371246,1,-1,-1
925.45447,113.18092,32.414,19.521835,0.11166981,5,-1,-1
818.0122,190.45969,20.880981,29.533936,0.110996485,1,-1,-1
744.3039,333.27335,22.40393,26.64206,0.11089823,3,-1,-1
1338.4225,295.26797,17.701172,34.97339,0.11048722,1,-1,-1
246.32237,318.38998,25.197739,33.584625,0.11002508,10,-1,-1
241.39267,310.27155,35.638214,24.139374,0.10978758,2,-1,-1
1184.471,535.73425,47.38611,30.289062,0.10960841,3,-1,-1
240.64073,310.25354,35.175644,24.629242,0.10942951,7,-1,-1
305.97354,339.48642,49.907898,60.174316,0.1090987,4,-1,-1
249.0025,319.35696,30.794739,25.324066,0.10843164,1,-1,-1
871.0158,113.15088,40.8891,17.520996,0.107789606,4,-1,-1
992.77966,157.18361,33.404907,18.440994,0.10731238,4,-1,-1
724.1024,348.41803,13.826294,41.617523,0.10699305,1,-1,-1
728.9716,85.18321,23.813782,23.618874,0.106812894,5,-1,-1
1020.9844,144.01982,34.720215,17.599777,0.106321424,4,-1,-1
1083.0884,428.23587,96.81079,79.81055,0.10616398,9,-1,-1
973.6308,435.18536,116.26276,93.62775,0.10616192,4,-1,-1
839.07465,133.40689,39.44983,17.147888,0.10607502,4,-1,-1
881.3216,198.65163,48.519165,43.370834,0.1060355,8,-1,-1
1027.197,229.81317,51.76538,24.442612,0.1059469,4,-1,-1
932.3329,326.02008,18.861206,32.681793,0.10573676,1,-1,-1
882.4311,149.66516,37.203796,19.37175,0.105601996,4,-1,-1
952.8424,83.6778,36.692627,17.7546,0.10501376,6,-1,-1
1183.3765,610.1435,19.294556,50.816345,0.104750454,1,-1,-1
813.89417,193.08212,30.571411,22.253723,0.1047467,10,-1,-1
1135.641,285.6316,35.168335,18.575256,0.10403016,4,-1,-1
1210.2059,537.70294,34.066895,30.044373,0.10401291,10,-1,-1
578.4035,103.13206,27.369812,29.095451,0.10380849,5,-1,-1
257.38425,333.72925,28.078827,24.784058,0.10366732,3,-1,-1
580.2486,107.03727,29.607422,26.566216,0.102353096,4,-1,-1
975.9067,172.92921,36.989746,18.174667,0.10220158,4,-1,-1
856.7482,159.07977,54.80005,25.599686,0.10177332,6,-1,-1
768.31616,243.09315,39.477295,39.64244,0.10174647,1,-1,-1
1245.065,246.69127,20.421875,28.477982,0.101080805,1,-1,-1
249.0025,319.35696,30.794739,25.324066,0.10065967,3,-1,-1
1203.3795,453.82748,152.80884,67.12259,0.10039353,1,-1,-1
1006.92773,142.26945,35.07141,16.840622,0.100222886,5,-1,-1
1125.5344,217.59033,33.56128,18.942184,0.100013465,10,-1,-1
1196.1028,614.7151,16.775269,45.720276,0.09929499,1,-1,-1
906.46606,141.24794,31.646362,20.060516,0.09921017,4,-1,-1
242.90147,313.9328,32.663406,25.348724,0.0990189,3,-1,-1
1304.1212,355.9592,32.15503,28.701202,0.098893106,3,-1,-1
1201.1621,238.25974,25.235718,25.632477,0.09875986,10,-1,-1
871.6781,152.21436,41.561157,20.911285,0.0987373,4,-1,-1
830.7071,241.86354,20.998169,45.35402,0.098211765,1,-1,-1
241.82074,310.04382,34.246338,24.347656,0.09742978,1,-1,-1
952.8424,83.6778,36.692627,17.7546,0.09732014,9,-1,-1
871.0158,113.15088,40.8891,17.520996,0.097186625,5,-1,-1
918.9313,140.315,36.643127,20.875244,0.09686875,4,-1,-1
1018.8347,215.4347,59.365845,23.454666,0.09636298,5,-1,-1
963.05133,192.42297,41.654358,19.793884,0.09622303,5,-1,-1
1197.0757,258.8259,41.467407,27.562958,0.09617907,7,-1,-1
729.22784,139.88106,30.29187,19.6474,0.09545189,5,-1,-1
874.2212,187.11462,32.20874,25.222244,0.09416434,4,-1,-1
985.4851,203.778,51.997925,22.404373,0.09373999,5,-1,-1
896.4221,148.20418,32.462646,19.242905,0.093510985,4,-1,-1
1143.0647,222.29509,30.87085,20.258118,0.09339163,10,-1,-1
1123.0696,685.8272,126.40967,78.34381,0.09283942,5,-1,-1
865.796,193.03407,28.537415,33.973557,0.09265718,4,-1,-1
1194.1277,535.863,33.309326,28.898804,0.09246963,10,-1,-1
744.7517,330.4795,20.559448,28.79309,0.09241417,4,-1,-1
969.8761,183.61887,38.856445,19.057404,0.092253774,5,-1,-1
740.8947,318.79727,18.703796,31.628632,0.09218481,1,-1,-1
994.58234,432.46054,111.79938,88.8909,0.091787964,5,-1,-1
1031.9486,230.24818,74.08911,37.35637,0.09173125,1,-1,-1
858.5978,129.38014,34.56378,18.474625,0.09149474,4,-1,-1
954.50726,161.99226,34.539185,22.662033,0.09069371,5,-1,-1
573.8465,113.012726,34.271606,23.141342,0.090479404,6,-1,-1
1245.7296,251.1102,22.368896,25.304993,0.09047294,10,-1,-1
1044.6852,240.4405,22.443115,31.147018,0.090382695,1,-1,-1
1202.8779,601.7525,18.86084,37.125977,0.0901835,1,-1,-1
969.07526,201.31293,50.716614,23.4095,0.09007314,4,-1,-1
236.78845,449.44623,32.35208,22.666595,0.090031326,10,-1,-1
993.20416,223.9574,87.77667,33.122223,0.08989531,4,-1,-1
962.3226,158.45697,36.195007,18.51854,0.08988029,4,-1,-1
929.3581,136.98729,39.12152,19.762848,0.08977854,4,-1,-1
1027.2397,230.52817,89.03711,35.52472,0.089533776,9,-1,-1
895.06055,381.92752,117.6358,140.72433,0.089235455,6,-1,-1
1185.9296,226.94563,20.378906,27.604645,0.08891648,1,-1,-1
869.0981,131.7802,35.03131,19.859543,0.08872303,5,-1,-1
1201.1621,238.25974,25.235718,25.632477,0.08872035,1,-1,-1
1037.2928,239.59483,22.688965,30.109573,0.08841419,1,-1,-1
1054.1238,240.50237,21.244751,32.624405,0.08825636,1,-1,-1
883.22034,139.96182,34.051636,19.246033,0.08813435,5,-1,-1
870.0215,450.1081,19.154968,36.719177,0.088116854,1,-1,-1
839.07465,133.40689,39.44983,17.147888,0.08802378,5,-1,-1
728.8873,85.27918,24.020813,24.13768,0.08744404,4,-1,-1
1017.68854,215.50053,59.95868,23.791794,0.087251216,7,-1,-1
10.362627,395.98898,147.61368,65.95273,0.08711037,4,-1,-1
980.2676,148.99704,33.733826,18.290237,0.08708951,5,-1,-1
837.45483,124.98726,40.71338,18.504059,0.0870769,6,-1,-1
240.64073,310.25354,35.175644,24.629242,0.086670905,8,-1,-1
1205.2559,455.33014,152.57117,66.435,0.086541235,6,-1,-1
886.6994,199.32552,39.718323,43.383713,0.08631337,6,-1,-1
1026.1881,165.32735,34.795288,18.917358,0.08618513,4,-1,-1
304.43088,338.80383,49.99597,61.55835,0.08607128,7,-1,-1
1274.5627,283.96017,19.6333,28.030731,0.08587733,2,-1,-1
742.86597,326.26968,25.577759,24.711456,0.08553541,7,-1,-1
240.00446,315.9853,30.018372,26.860504,0.08553305,2,-1,-1
860.04755,119.98878,41.264038,17.600517,0.08522275,6,-1,-1
1250.0371,400.30917,65.1272,34.956512,0.0851205,4,-1,-1
993.5919,149.04765,33.46106,18.00064,0.0850324,5,-1,-1
1135.9398,217.81184,33.691895,19.962555,0.08500689,10,-1,-1
1227.6855,412.1027,77.61633,41.40384,0.08455953,4,-1,-1
1001.99066,137.06956,35.411438,17.609314,0.08432415,4,-1,-1
263.15237,266.45398,20.825562,27.55069,0.08426404,10,-1,-1
661.7487,126.96985,26.675598,20.692184,0.08424151,5,-1,-1
624.42596,115.14872,23.44397,25.757027,0.083919376,4,-1,-1
742.77924,168.92134,29.393066,25.90944,0.083679736,6,-1,-1
616.79803,11.358836,31.371887,15.230899,0.08353537,4,-1,-1
932.2,180.99376,46.81305,20.674057,0.08352375,5,-1,-1
1257.3137,502.3522,21.949463,31.711761,0.083519906,1,-1,-1
1226.0264,529.7936,23.600342,34.02588,0.08351523,1,-1,-1
986.5537,196.38367,47.74402,21.531326,0.083417416,5,-1,-1
237.18102,329.32083,34.022324,21.959381,0.083405375,3,-1,-1
260.16425,394.52307,25.367706,36.180542,0.08335066,2,-1,-1
573.5645,115.372925,34.463867,21.620285,0.083314806,4,-1,-1
877.15405,192.83357,33.10852,33.03058,0.08293131,4,-1,-1
717.4008,120.16293,29.672302,19.99295,0.082562774,4,-1,-1
1095.3765,462.2774,21.976074,32.523773,0.082528085,1,-1,-1
263.15237,266.45398,20.825562,27.55069,0.08218327,2,-1,-1
925.10474,113.72753,32.904846,18.987083,0.08184329,6,-1,-1
1301.6407,366.37378,33.086548,23.174286,0.08167243,10,-1,-1
239.39803,322.22086,21.435867,29.835693,0.08163777,1,-1,-1
622.66345,150.54211,24.904602,25.506638,0.08160466,8,-1,-1
837.10376,120.796745,42.561584,18.591118,0.081596166,4,-1,-1
1016.8963,146.92978,32.470642,17.52353,0.08153176,5,-1,-1
883.2293,187.98296,34.942383,23.042953,0.08148375,4,-1,-1
695.35144,133.94469,23.231445,24.80426,0.081017345,8,-1,-1
876.6877,179.16252,39.829956,18.568024,0.08101651,5,-1,-1
855.49896,133.7017,38.416138,17.096893,0.08099264,5,-1,-1
439.35468,176.21524,25.656464,29.827225,0.08075416,1,-1,-1
1226.1632,535.66254,25.0531,33.94165,0.080459744,10,-1,-1
1143.0647,222.29509,30.87085,20.258118,0.080458105,7,-1,-1
1334.9277,426.01575,18.86145,33.14499,0.08016759,1,-1,-1
744.59906,321.42413,34.032837,21.888031,0.07988006,3,-1,-1
967.95526,136.89052,36.792603,17.346191,0.07968718,4,-1,-1
