494.65005,210.90721,22.83255,25.198029,0.99770784,4,-1,-1
487.67114,157.06497,21.560974,19.53299,0.9973823,4,-1,-1
146.34937,317.0409,38.70424,40.451538,0.9866202,5,-1,-1
239.72034,162.63356,27.468048,21.259735,0.9734994,4,-1,-1
539.0973,497.59482,15.125549,31.40213,0.97020257,10,-1,-1
185.22894,192.1892,43.75389,18.944275,0.969391,4,-1,-1
445.79694,152.02428,20.91806,20.945648,0.9665767,4,-1,-1
409.0805,349.79083,30.26587,51.81665,0.9642012,6,-1,-1
621.48474,451.75842,61.96454,83.39551,0.92407835,5,-1,-1
373.50513,138.93889,18.944122,23.65892,0.88568854,5,-1,-1
219.6624,175.92061,31.845139,19.388794,0.82869065,4,-1,-1
209.45766,309.9439,38.1371,49.831604,0.8240602,5,-1,-1
255.41705,148.7257,22.804077,17.783875,0.8094897,4,-1,-1
266.41983,303.63293,19.191711,30.016632,0.7702801,7,-1,-1
539.93884,493.13342,14.719055,28.431885,0.7698705,2,-1,-1
138.45663,354.9759,28.252777,18.22647,0.74892324,10,-1,-1
298.3729,115.11746,26.948029,14.107529,0.6713496,4,-1,-1
540.3256,188.40762,20.138794,22.86943,0.66254056,4,-1,-1
221.6107,183.16783,23.985199,18.516891,0.63442796,4,-1,-1
484.37057,133.48367,16.095947,18.514145,0.56019145,4,-1,-1
106.89637,263.6947,22.944847,20.952423,0.4913557,7,-1,-1
195.26437,248.37416,34.282135,35.375076,0.4791362,8,-1,-1
391.1173,88.8702,16.480621,16.94191,0.45830384,4,-1,-1
248.89542,126.3903,27.252472,12.864525,0.44896722,4,-1,-1
621.3323,451.95737,62.169617,82.57492,0.40413135,6,-1,-1
3.4064467,373.18152,22.316587,14.755371,0.35334072,10,-1,-1
635.6353,434.7241,13.8533325,20.745087,0.34221113,1,-1,-1
304.66327,90.37006,19.04773,16.26538,0.32957223,4,-1,-1
266.131,303.59293,19.434113,30.073761,0.3201046,8,-1,-1
50.89196,330.77545,29.912941,22.843506,0.31234658,7,-1,-1
570.78076,289.93686,29.52771,44.85614,0.30784887,5,-1,-1
209.17168,311.73386,39.243774,46.68756,0.2868886,4,-1,-1
195.19035,248.60515,34.24147,34.989334,0.27834308,5,-1,-1
409.00797,348.54596,29.45285,53.051697,0.27721435,8,-1,-1
195.8345,285.77182,16.213943,21.261292,0.26467475,10,-1,-1
623.6322,451.86737,58.270935,84.97095,0.26044798,4,-1,-1
127.352455,380.801,12.58564,22.996216,0.24852997,1,-1,-1
195.19989,248.34909,34.52321,35.402557,0.24703422,4,-1,-1
539.66846,493.0724,14.775452,26.489136,0.22835219,1,-1,-1
209.34036,312.0191,39.036194,46.413574,0.22795233,6,-1,-1
138.45663,354.9759,28.252777,18.22647,0.22507298,3,-1,-1
129.37395,252.85492,19.829865,19.057648,0.220615,7,-1,-1
220.1343,175.86884,31.813614,19.372849,0.22057185,5,-1,-1
138.45663,354.9759,28.252777,18.22647,0.22051522,7,-1,-1
515.338,109.07979,16.899597,18.190987,0.21998453,5,-1,-1
531.9449,164.96301,16.374939,19.107956,0.21364412,4,-1,-1
517.4256,112.513435,16.62738,18.383507,0.21359134,4,-1,-1
104.034935,234.56317,21.558777,17.461594,0.2131798,10,-1,-1
126.469284,287.47226,29.410172,20.422607,0.20969757,7,-1,-1
125.565094,296.70877,12.212387,23.935974,0.20863175,1,-1,-1
62.64541,333.973,19.418442,24.366364,0.20771635,10,-1,-1
219.92432,176.19289,31.548538,19.194077,0.2033973,8,-1,-1
595.1857,285.89224,11.490051,23.34549,0.19873956,10,-1,-1
622.7913,451.61926,58.91516,84.61365,0.19799441,8,-1,-1
62.01797,332.5575,20.06844,25.485168,0.1964995,7,-1,-1
484.33823,133.39609,16.030975,18.797455,0.19247657,5,-1,-1
435.3451,98.17239,15.741333,16.551422,0.19215372,5,-1,-1
219.92906,175.94461,31.684052,19.38536,0.190514,7,-1,-1
299.69354,114.42825,25.620453,15.024551,0.18772271,5,-1,-1
373.53845,138.79364,18.968414,23.941711,0.18579516,6,-1,-1
408.79965,349.9646,30.677643,51.431488,0.1825118,4,-1,-1
595.5923,286.57617,11.3098755,23.502777,0.18160066,1,-1,-1
48.296677,330.59375,32.454018,22.554169,0.17946354,10,-1,-1
124.73836,375.96454,12.665619,22.262848,0.1793111,1,-1,-1
540.52203,187.6675,20.04486,23.122177,0.17856237,5,-1,-1
141.69014,245.3626,20.671661,14.618912,0.17788556,7,-1,-1
195.26437,248.37416,34.282135,35.375076,0.17781243,1,-1,-1
678.59784,347.1949,21.266052,14.069519,0.17736205,10,-1,-1
209.21826,310.03992,38.595276,49.521423,0.17448175,1,-1,-1
195.73958,286.14886,16.36258,21.119751,0.16271627,7,-1,-1
528.04956,139.10176,14.807434,18.564194,0.16204894,4,-1,-1
570.78076,289.93686,29.52771,44.85614,0.16067988,6,-1,-1
126.819496,292.23712,15.530983,22.663605,0.15667996,1,-1,-1
460.21887,279.50482,12.9002075,22.437347,0.15609822,7,-1,-1
301.70547,109.06871,24.320496,15.0168915,0.15493017,4,-1,-1
221.85683,181.87788,26.666489,18.551422,0.15378898,8,-1,-1
269.40088,248.4661,11.810883,22.605072,0.1520282,1,-1,-1
62.673756,331.70474,20.608173,25.95874,0.15036666,2,-1,-1
679.0797,341.7711,19.743958,15.295685,0.14969254,10,-1,-1
128.9177,252.97884,19.447388,19.120407,0.14861447,8,-1,-1
215.74605,188.64777,25.918335,16.104248,0.14845616,4,-1,-1
219.00519,184.31152,23.503128,18.623993,0.14654651,7,-1,-1
209.45865,148.013,23.153015,13.024506,0.14494964,4,-1,-1
595.1857,285.89224,11.490051,23.34549,0.14145663,2,-1,-1
512.10693,109.70061,20.133606,16.592438,0.14052644,4,-1,-1
57.099724,328.18893,19.56083,24.370209,0.13930643,1,-1,-1
57.099724,328.18893,19.56083,24.370209,0.13825166,2,-1,-1
131.1768,249.21584,23.147415,16.991348,0.13824967,7,-1,-1
570.78076,289.93686,29.52771,44.85614,0.13751191,4,-1,-1
532.18134,164.27823,17.449768,19.588593,0.13523525,5,-1,-1
126.44335,287.12384,29.564934,20.295654,0.13496402,8,-1,-1
651.8046,289.11688,28.365295,16.553375,0.1321229,10,-1,-1
634.7251,422.68903,12.708984,27.031708,0.12989864,1,-1,-1
86.90592,242.36346,12.373573,25.359375,0.1279175,1,-1,-1
234.4748,168.98805,28.91571,19.35823,0.1271823,4,-1,-1
678.59784,347.1949,21.266052,14.069519,0.1261594,3,-1,-1
196.0264,285.35263,16.466888,20.755585,0.124694556,8,-1,-1
141.69014,245.3626,20.671661,14.618912,0.124287754,8,-1,-1
266.28,303.86435,19.540314,30.062714,0.1234242,2,-1,-1
266.47244,304.03882,19.286163,29.632446,0.121735334,3,-1,-1
197.76889,262.64438,24.346786,23.663391,0.1207048,10,-1,-1
127.37558,380.5699,12.6237335,22.563324,0.12010753,2,-1,-1
63.555767,331.22586,20.319798,26.594513,0.11935413,1,-1,-1
52.191216,366.00812,11.893974,24.60617,0.11934739,1,-1,-1
141.69014,245.3626,20.671661,14.618912,0.11917788,4,-1,-1
219.00519,184.31152,23.503128,18.623993,0.119033694,5,-1,-1
651.1769,284.89557,27.764832,13.791321,0.117896706,10,-1,-1
126.819496,292.23712,15.530983,22.663605,0.11726704,7,-1,-1
680.024,335.89325,16.401367,17.375214,0.11487791,10,-1,-1
141.69014,245.3626,20.671661,14.618912,0.11485201,10,-1,-1
238.21796,149.19241,26.193176,14.985382,0.11440554,7,-1,-1
238.21796,149.19241,26.193176,14.985382,0.112945795,4,-1,-1
459.75894,279.18423,12.400391,22.849121,0.11198944,10,-1,-1
127.37558,380.5699,12.6237335,22.563324,0.11159268,10,-1,-1
520.47797,120.44423,14.19458,17.653915,0.11058614,5,-1,-1
222.04613,146.77357,24.083206,13.645721,0.10969469,4,-1,-1
147.83879,355.00055,35.86789,20.044281,0.107780784,10,-1,-1
234.7403,147.7404,20.044708,14.433777,0.10604113,7,-1,-1
518.2927,124.086845,18.676086,14.6994705,0.10540971,4,-1,-1
249.16814,126.346695,26.932816,12.85643,0.102891,5,-1,-1
528.04956,139.10176,14.807434,18.564194,0.10288277,5,-1,-1
540.61847,188.38976,19.96582,22.483627,0.10225281,7,-1,-1
165.27765,242.8925,16.432343,18.431473,0.102137715,7,-1,-1
595.5923,286.57617,11.3098755,23.502777,0.10126528,7,-1,-1
141.33287,352.31348,21.735336,20.571686,0.10120952,2,-1,-1
139.06308,354.75922,32.169266,19.33902,0.098302305,8,-1,-1
249.33662,149.21727,26.502182,16.828506,0.0979262,7,-1,-1
409.05078,348.7856,29.384491,53.104126,0.09768054,5,-1,-1
126.79291,288.32718,17.500717,21.924774,0.096886456,2,-1,-1
196.0264,285.35263,16.466888,20.755585,0.09572941,1,-1,-1
243.70645,157.302,24.773407,19.003967,0.0955255,4,-1,-1
3.55907,373.28915,22.21051,14.528442,0.095226586,3,-1,-1
126.32673,288.00464,26.64721,20.466095,0.09367144,1,-1,-1
679.0797,341.7711,19.743958,15.295685,0.09354544,3,-1,-1
234.7403,147.7404,20.044708,14.433777,0.093425155,4,-1,-1
161.365,359.41397,18.457764,18.325073,0.09304434,10,-1,-1
670.1834,309.1862,15.495483,19.127167,0.09299347,1,-1,-1
678.7028,327.55914,16.630493,15.771576,0.09263441,10,-1,-1
562.8276,254.13962,11.825134,23.737274,0.092633426,1,-1,-1
245.55183,146.65846,24.86235,16.352219,0.09210551,4,-1,-1
104.43848,233.12164,18.095078,19.014664,0.091606766,1,-1,-1
107.33503,263.57507,22.415092,21.121216,0.09152025,2,-1,-1
124.73836,375.96454,12.665619,22.262848,0.090746194,2,-1,-1
199.76282,189.4288,37.74695,17.708252,0.08991319,4,-1,-1
266.2907,303.7516,19.439209,30.27893,0.08989909,1,-1,-1
540.3256,188.40762,20.138794,22.86943,0.08896512,8,-1,-1
160.32558,354.45505,20.09755,20.67743,0.088649035,1,-1,-1
105.468475,409.9169,12.197357,23.366547,0.08824438,1,-1,-1
125.565094,296.70877,12.212387,23.935974,0.087438375,2,-1,-1
569.9402,277.65985,19.142456,15.402588,0.08743465,10,-1,-1
435.3451,98.17239,15.741333,16.551422,0.08723098,4,-1,-1
75.766884,245.64244,12.718391,22.097519,0.08669096,1,-1,-1
234.7403,147.7404,20.044708,14.433777,0.08660811,10,-1,-1
126.464355,287.0261,30.053574,20.53363,0.08660716,4,-1,-1
138.86566,354.11758,28.519913,18.900818,0.086453944,1,-1,-1
236.54732,163.44719,28.603195,20.4048,0.08641842,7,-1,-1
229.0853,158.6004,24.827621,14.624924,0.084086895,7,-1,-1
165.27765,242.8925,16.432343,18.431473,0.083179116,10,-1,-1
196.0264,285.35263,16.466888,20.755585,0.08264023,4,-1,-1
104.2818,234.44727,20.759697,17.388672,0.081347436,4,-1,-1
570.72546,289.81442,29.796509,44.710724,0.081290305,8,-1,-1
524.76575,65.37535,28.754944,10.798782,0.08094615,4,-1,-1
243.46812,135.58975,25.991104,12.070877,0.08046237,4,-1,-1
123.70057,368.98972,13.414604,22.805817,0.080385774,1,-1,-1
515.1217,115.48078,19.390625,15.002235,0.07996476,5,-1,-1
138.45663,354.9759,28.252777,18.22647,0.07968837,4,-1,-1
195.06226,248.69771,34.520447,35.094223,0.07954055,6,-1,-1
631.8685,418.81824,12.087769,27.930603,0.07926759,1,-1,-1
543.8895,255.0943,14.569214,23.93396,0.07840848,1,-1,-1
533.94037,159.04863,18.81073,19.06189,0.07834172,4,-1,-1
255.8054,123.19573,24.866776,13.352226,0.078001976,4,-1,-1
203.66556,149.90956,23.314255,12.765396,0.07775104,4,-1,-1
131.1768,249.21584,23.147415,16.991348,0.07774976,8,-1,-1
297.19562,108.85648,24.762604,15.411629,0.07683757,5,-1,-1
293.56638,121.30512,26.102203,12.782448,0.0767678,4,-1,-1
373.34244,138.92606,19.539429,23.632172,0.07663259,4,-1,-1
653.57404,292.84293,26.28534,15.610077,0.07575825,3,-1,-1
104.43848,233.12164,18.095078,19.014664,0.075623274,2,-1,-1
141.69014,245.3626,20.671661,14.618912,0.07560262,5,-1,-1
147.9118,352.2809,25.080124,19.306702,0.07540631,2,-1,-1
153.72815,356.25345,29.110794,17.944153,0.075264126,3,-1,-1
191.50041,143.47168,12.787109,23.165604,0.07490128,1,-1,-1
248.20114,148.51805,25.89978,17.949783,0.07490033,5,-1,-1
460.21887,279.50482,12.9002075,22.437347,0.07475227,3,-1,-1
595.5923,286.57617,11.3098755,23.502777,0.07459584,4,-1,-1
66.87241,378.3752,11.7041855,23.607574,0.074355036,1,-1,-1
127.68745,390.3804,12.711861,23.424622,0.0736945,1,-1,-1
104.03056,235.11955,22.386032,17.072296,0.07343,8,-1,-1
71.66124,326.92554,17.287102,21.230682,0.07341853,1,-1,-1
66.79938,284.4546,12.548279,26.161346,0.07341397,1,-1,-1
196.33868,252.52605,29.21164,31.545578,0.072761625,2,-1,-1
239.24268,140.79858,26.235077,12.93602,0.072598845,4,-1,-1
62.462914,322.00696,17.712051,19.147827,0.07224506,10,-1,-1
58.322155,322.43332,19.125378,21.550262,0.07212135,2,-1,-1
304.77374,89.67771,17.95047,17.044968,0.072107315,5,-1,-1
131.51297,380.4644,14.170029,24.093506,0.07175502,1,-1,-1
635.5362,432.3059,13.303528,22.30896,0.07151824,10,-1,-1
196.00085,285.35947,15.903549,21.675385,0.07136938,3,-1,-1
49.23499,329.17908,30.127232,23.265991,0.07133606,3,-1,-1
52.009865,323.82245,19.55983,24.77356,0.07076174,2,-1,-1
198.63443,273.86847,21.250748,17.599487,0.0707117,10,-1,-1
678.7028,327.55914,16.630493,15.771576,0.07062447,3,-1,-1
128.9177,252.97884,19.447388,19.120407,0.07000318,5,-1,-1
195.5838,249.53687,31.613937,35.525085,0.06996995,10,-1,-1
51.722836,323.14743,22.279202,23.95166,0.06991568,10,-1,-1
635.6353,434.7241,13.8533325,20.745087,0.069503635,2,-1,-1
107.33503,263.57507,22.415092,21.121216,0.06894603,1,-1,-1
71.66124,326.92554,17.287102,21.230682,0.0687744,2,-1,-1
161.365,359.41397,18.457764,18.325073,0.06840879,3,-1,-1
52.508785,322.33545,29.182446,24.99472,0.068189144,7,-1,-1
153.83888,361.01715,20.262543,16.94223,0.06771541,10,-1,-1
569.9402,277.65985,19.142456,15.402588,0.06749284,3,-1,-1
525.4174,61.599888,28.249695,10.9740715,0.06743115,4,-1,-1
533.94037,159.04863,18.81073,19.06189,0.06734109,5,-1,-1
128.9177,252.97884,19.447388,19.120407,0.067076236,4,-1,-1
57.215668,322.65228,22.717224,20.878876,0.06691763,3,-1,-1
223.0815,180.8225,25.63501,19.411972,0.066916525,5,-1,-1
220.39008,175.90178,31.559555,19.652176,0.066648275,10,-1,-1
220.92868,142.46246,26.677994,11.983978,0.06633285,4,-1,-1
650.14075,287.48032,24.872559,17.582092,0.066040784,1,-1,-1
124.73836,375.96454,12.665619,22.262848,0.065435946,10,-1,-1
125.73962,295.9213,13.739571,22.02124,0.06532943,10,-1,-1
3.4511049,373.40433,22.375334,14.8255005,0.065045804,1,-1,-1
286.50696,177.21408,16.237091,18.228973,0.06486973,10,-1,-1
249.048,120.14222,28.078552,12.065636,0.064778775,4,-1,-1
526.73157,133.72089,14.250549,19.517776,0.06464583,5,-1,-1
680.024,335.89325,16.401367,17.375214,0.06429723,3,-1,-1
122.633804,284.11664,24.840698,17.221191,0.06417525,7,-1,-1
219.90959,187.34052,23.90532,17.108826,0.06412354,8,-1,-1
540.52203,187.6675,20.04486,23.122177,0.06393039,6,-1,-1
126.819496,292.23712,15.530983,22.663605,0.063866675,8,-1,-1
126.69934,380.06552,13.325592,21.96457,0.063589305,3,-1,-1
234.09503,149.35023,23.018768,13.874054,0.063527495,8,-1,-1
536.8824,164.36667,19.071594,19.622787,0.06352511,4,-1,-1
106.900154,263.5262,22.84623,21.158478,0.063427776,10,-1,-1
104.03778,235.11952,22.104172,16.961823,0.0632118,3,-1,-1
237.66835,242.68224,22.921555,17.333939,0.06313473,10,-1,-1
235.68188,128.36964,31.895142,12.552338,0.063106,4,-1,-1
530.8428,145.72519,14.497314,21.67595,0.06291485,4,-1,-1
164.91154,269.45694,12.605789,24.074554,0.06271842,1,-1,-1
198.3664,292.4449,18.473373,18.812134,0.061709225,10,-1,-1
64.90569,328.33398,18.775955,23.096954,0.061650187,10,-1,-1
540.61847,188.38976,19.96582,22.483627,0.06159398,10,-1,-1
221.70692,185.20004,21.83252,18.483139,0.06100464,10,-1,-1
129.37395,252.85492,19.829865,19.057648,0.060909927,6,-1,-1
125.95755,286.8386,30.273224,20.652771,0.060768366,5,-1,-1
435.3451,98.17239,15.741333,16.551422,0.060517848,6,-1,-1
160.32558,354.45505,20.09755,20.67743,0.0604662,2,-1,-1
126.62452,286.53418,30.896767,20.519653,0.060396552,6,-1,-1
571.5256,281.8978,20.431885,15.110626,0.060300976,10,-1,-1
195.73958,286.14886,16.36258,21.119751,0.060076743,2,-1,-1
196.44972,275.0676,16.433197,22.176147,0.060028702,7,-1,-1
591.6564,281.99512,14.433777,19.503937,0.06000617,10,-1,-1
225.50905,167.91219,30.682693,21.451385,0.05979401,5,-1,-1
525.9759,133.27571,15.469177,19.107162,0.05922827,4,-1,-1
484.33823,133.39609,16.030975,18.797455,0.059167713,1,-1,-1
295.64282,119.681366,23.70224,13.707748,0.05914852,5,-1,-1
238.21796,149.19241,26.193176,14.985382,0.058980584,5,-1,-1
125.72048,286.05475,32.203392,21.642181,0.05897388,9,-1,-1
303.28973,95.59566,21.361115,15.332703,0.0588485,4,-1,-1
237.66835,242.68224,22.921555,17.333939,0.058811903,3,-1,-1
47.92204,329.572,33.75313,24.10962,0.058514714,4,-1,-1
651.1769,284.89557,27.764832,13.791321,0.058374792,3,-1,-1
126.20469,291.06042,22.364037,20.184875,0.058244318,10,-1,-1
129.37395,252.85492,19.829865,19.057648,0.058179498,1,-1,-1
623.6322,451.86737,58.270935,84.97095,0.0580467,1,-1,-1
530.8428,145.72519,14.497314,21.67595,0.05790013,5,-1,-1
408.70892,349.65894,30.784576,51.858917,0.057716876,1,-1,-1
531.2784,171.74998,15.923157,21.285828,0.057574093,4,-1,-1
286.50696,177.21408,16.237091,18.228973,0.0573166,7,-1,-1
228.78795,158.33215,22.65805,15.569702,0.057162553,10,-1,-1
101.70672,235.77971,23.314514,16.48227,0.057097167,7,-1,-1
373.53845,138.79364,18.968414,23.941711,0.05708605,9,-1,-1
146.30609,346.23303,22.281372,19.97998,0.056981772,10,-1,-1
195.5838,249.53687,31.613937,35.525085,0.056952953,7,-1,-1
522.53564,126.975586,15.715088,18.215729,0.05689463,5,-1,-1
292.89526,127.152954,21.853119,14.832092,0.05685112,4,-1,-1
220.1343,175.86884,31.813614,19.372849,0.056602895,6,-1,-1
234.09503,149.35023,23.018768,13.874054,0.05629441,3,-1,-1
460.21887,279.50482,12.9002075,22.437347,0.05628085,4,-1,-1
209.30249,255.88625,20.24022,28.607162,0.056237817,1,-1,-1
522.53564,126.975586,15.715088,18.215729,0.05613628,4,-1,-1
60.047775,332.21725,21.59439,24.65805,0.05612415,3,-1,-1
577.8818,269.96558,12.506409,22.498535,0.056038976,1,-1,-1
209.45865,148.013,23.153015,13.024506,0.055678785,5,-1,-1
185.09499,191.88939,43.183334,18.882889,0.055565715,7,-1,-1
227.5319,167.24394,29.47493,18.08342,0.055452764,7,-1,-1
188.03445,145.50252,12.76857,23.137589,0.05433646,1,-1,-1
266.3083,303.67224,19.36737,29.755188,0.05431789,10,-1,-1
141.69014,245.3626,20.671661,14.618912,0.05421567,1,-1,-1
132.51744,287.41168,21.569931,23.784515,0.054202557,2,-1,-1
195.60707,258.39682,27.583084,37.932922,0.054176122,8,-1,-1
631.66455,440.1814,15.608276,19.883942,0.054137975,1,-1,-1
71.66124,326.92554,17.287102,21.230682,0.05401951,10,-1,-1
269.40088,248.4661,11.810883,22.605072,0.053777903,2,-1,-1
52.191216,366.00812,11.893974,24.60617,0.053737193,10,-1,-1
255.22118,131.05763,22.62059,14.958435,0.053565055,4,-1,-1
65.058624,321.94867,17.98368,19.211487,0.053533643,1,-1,-1
516.14154,43.87977,23.227661,13.483307,0.05351773,9,-1,-1
373.08627,138.76512,19.408356,24.085007,0.05350381,1,-1,-1
