619.4893,410.307,55.612427,69.9899,0.94950795,4,-1,-1
613.7776,562.4684,68.069336,111.29706,0.9384825,4,-1,-1
619.7336,475.66248,62.651367,85.282166,0.9365965,4,-1,-1
509.43573,489.24597,62.70691,81.345215,0.92874277,4,-1,-1
512.8952,288.30035,47.23468,45.869476,0.9265678,4,-1,-1
939.5875,449.163,114.34912,52.48767,0.89561206,4,-1,-1
530.0747,414.3825,56.503845,63.061646,0.8952826,4,-1,-1
454.68484,249.25403,42.18335,41.441803,0.8810233,4,-1,-1
1042.3246,309.36978,88.19531,39.19156,0.87441075,4,-1,-1
987.64667,526.7369,130.71136,62.120117,0.8692056,4,-1,-1
537.7042,239.43234,37.41681,41.698486,0.8655974,4,-1,-1
482.53503,124.39072,51.69635,22.09523,0.8640047,4,-1,-1
509.03,153.73851,40.577423,30.036682,0.859807,4,-1,-1
636.3891,89.62694,18.072144,17.297714,0.859006,4,-1,-1
1021.88513,582.691,99.757935,101.39618,0.85543597,4,-1,-1
470.35074,217.76756,43.32248,40.352127,0.84475625,4,-1,-1
81.78385,464.63922,146.83246,64.04852,0.8387467,4,-1,-1
306.58087,303.90073,88.392334,38.56955,0.83812314,4,-1,-1
456.30167,382.16718,62.974335,69.38626,0.8371291,4,-1,-1
548.70764,361.38422,49.838135,55.913696,0.83667374,4,-1,-1
901.01996,414.3904,60.797485,50.777405,0.83622485,4,-1,-1
605.20825,78.58201,17.38379,15.90654,0.8299562,4,-1,-1
215.30948,365.71326,111.529755,48.782654,0.81864834,4,-1,-1
595.27454,230.92488,29.436768,30.691086,0.81159997,4,-1,-1
558.7666,310.5107,44.158875,55.849457,0.81156135,5,-1,-1
1146.0729,438.64124,21.969604,46.52292,0.802148,1,-1,-1
836.05084,166.8643,37.653625,22.785568,0.79485846,4,-1,-1
299.56415,273.05618,77.45044,42.94699,0.79197764,5,-1,-1
908.61743,310.68515,84.92511,37.933258,0.7869611,4,-1,-1
962.16266,480.02377,118.68292,53.947052,0.7749589,4,-1,-1
933.01556,565.2695,69.13013,68.49457,0.7702944,4,-1,-1
622.3144,130.64825,24.47931,24.619873,0.764181,4,-1,-1
1021.35986,311.4302,14.874512,32.535034,0.7641038,1,-1,-1
644.2568,67.36845,16.254395,15.858871,0.75801224,4,-1,-1
905.1468,361.62283,106.7359,47.991516,0.7508544,4,-1,-1
794.2206,232.59666,44.765686,30.843582,0.74627525,4,-1,-1
585.7629,681.8293,74.97327,82.72797,0.73344857,4,-1,-1
878.3142,235.80267,65.62402,27.70816,0.72461057,4,-1,-1
455.32004,143.52876,45.73816,22.075562,0.72189695,4,-1,-1
865.4295,351.6245,15.472412,27.48413,0.7213552,2,-1,-1
588.9493,53.376614,17.820251,15.846394,0.70368606,4,-1,-1
1172.3872,460.46338,23.30896,42.07788,0.70059735,1,-1,-1
395.96097,422.48102,94.243225,143.48163,0.69793344,6,-1,-1
512.7251,109.59559,23.168762,23.772911,0.6950476,4,-1,-1
720.2874,28.189135,11.755615,10.230959,0.688677,4,-1,-1
493.59006,181.8548,36.48355,32.888626,0.6846846,4,-1,-1
425.40723,170.72101,62.985474,25.490356,0.684248,4,-1,-1
606.37476,186.80371,28.99945,30.337128,0.68385714,4,-1,-1
543.1775,98.19634,7.9281006,17.113594,0.67201686,1,-1,-1
1134.315,432.88965,21.002808,46.13086,0.6655064,1,-1,-1
821.8242,140.07295,41.40442,17.30751,0.66474736,4,-1,-1
1142.2001,668.6436,128.02502,95.913635,0.65818065,4,-1,-1
328.82904,263.45245,74.12631,31.040894,0.6554016,4,-1,-1
944.3769,330.09372,81.46893,39.029175,0.6527342,4,-1,-1
593.50494,205.26958,29.476562,33.439743,0.6475853,4,-1,-1
610.784,170.78787,27.258545,25.555038,0.6463707,4,-1,-1
863.68646,364.1998,17.123352,24.975983,0.64463896,10,-1,-1
660.3033,14.43216,11.657288,10.379407,0.6379031,4,-1,-1
541.6524,114.94362,23.444275,18.73294,0.636904,4,-1,-1
686.02734,41.60196,18.469421,12.270847,0.6322932,4,-1,-1
724.187,43.58248,13.00592,11.496399,0.62986463,4,-1,-1
873.61835,124.179115,44.29236,19.309792,0.6273201,4,-1,-1
607.8921,31.081411,12.257446,10.607756,0.62402284,4,-1,-1
917.8634,372.20477,15.969177,31.664795,0.61473894,1,-1,-1
581.5183,277.92807,37.96057,49.251984,0.61387694,5,-1,-1
1093.291,262.04077,11.350342,24.239014,0.6120261,1,-1,-1
835.00604,231.91248,47.468628,50.078674,0.6107751,5,-1,-1
563.63837,84.493515,21.41681,22.454224,0.6080573,4,-1,-1
529.36487,132.92744,30.17572,28.42659,0.6049399,5,-1,-1
633.87286,353.05933,15.702393,24.285583,0.6017341,2,-1,-1
373.82584,320.658,62.728516,61.50461,0.5948316,5,-1,-1
587.277,248.9492,35.83954,42.628067,0.5936105,5,-1,-1
1069.5658,253.80551,12.851807,20.582489,0.59147197,1,-1,-1
658.45026,6.2278666,8.856567,9.295656,0.5901181,4,-1,-1
626.1765,344.28976,31.57782,43.642273,0.5897826,7,-1,-1
449.24576,565.7727,92.64908,130.37482,0.5782354,4,-1,-1
776.23334,100.041916,20.319702,18.526306,0.5733602,4,-1,-1
52.536087,691.20465,34.739784,61.97174,0.5705435,1,-1,-1
680.8796,68.654175,30.318726,15.918762,0.5684625,4,-1,-1
351.7996,648.7662,22.79181,35.07953,0.56295985,2,-1,-1
716.978,5.010931,9.138672,8.539196,0.5600781,4,-1,-1
822.06024,156.13165,23.50055,22.929749,0.5600775,4,-1,-1
1190.1127,474.52057,45.562378,37.019592,0.5576847,10,-1,-1
616.5218,26.10547,11.49762,11.083876,0.55757546,4,-1,-1
842.6948,96.14797,33.235962,15.037674,0.55522597,4,-1,-1
1017.00165,403.6219,112.75421,57.12976,0.5505678,4,-1,-1
887.03284,291.8278,80.26721,33.94699,0.54954326,4,-1,-1
615.9018,145.23138,25.021667,30.187225,0.5480967,4,-1,-1
309.64603,428.90012,45.923615,56.102417,0.54792154,7,-1,-1
993.59106,411.19928,18.083801,40.01233,0.54585034,1,-1,-1
653.73737,34.438686,12.574463,13.652874,0.5380219,4,-1,-1
739.31866,82.0332,14.203674,15.114685,0.5331965,7,-1,-1
980.95416,372.9816,107.5849,53.25885,0.53151894,4,-1,-1
732.822,56.503147,14.764465,13.693829,0.5304231,4,-1,-1
415.85077,711.553,91.250916,53.004272,0.529515,4,-1,-1
338.65344,618.6565,63.757904,92.49982,0.52720636,7,-1,-1
855.0622,102.75031,31.471802,15.517021,0.5247409,4,-1,-1
1071.7375,462.27432,28.249512,41.62274,0.5242253,10,-1,-1
330.80847,243.38295,25.485565,19.84694,0.5238835,10,-1,-1
410.67203,366.80844,18.387085,28.111572,0.5223347,10,-1,-1
801.17114,86.682724,21.11969,17.812866,0.51573414,4,-1,-1
399.08124,287.52115,18.97934,24.726105,0.5155067,3,-1,-1
1036.3932,304.5462,26.209229,21.185547,0.5145727,10,-1,-1
616.42584,36.278275,11.780579,10.508343,0.51027226,4,-1,-1
797.984,116.76075,37.928833,16.477654,0.5093012,4,-1,-1
1060.1611,249.1072,10.457886,18.50206,0.5006387,1,-1,-1
540.5675,123.45662,26.44812,23.794724,0.49096635,5,-1,-1
739.31866,82.0332,14.203674,15.114685,0.4899651,8,-1,-1
639.26373,352.86566,14.797058,22.031403,0.48877212,2,-1,-1
53.56961,712.35693,40.5214,52.200317,0.48860627,1,-1,-1
844.4528,169.33772,47.093506,25.024094,0.48785222,4,-1,-1
974.3104,233.22981,25.633423,17.777313,0.4859127,10,-1,-1
954.25256,341.7106,89.10571,44.38629,0.48173693,5,-1,-1
52.911106,691.7938,35.29513,64.51709,0.4801616,2,-1,-1
1074.203,456.35,22.922974,37.73047,0.47979608,2,-1,-1
289.0358,231.38145,11.6657715,27.34932,0.47871268,1,-1,-1
758.87866,74.210625,6.1792603,13.73484,0.47804755,1,-1,-1
390.65848,289.09918,18.895905,24.341675,0.47697136,3,-1,-1
1017.00165,403.6219,112.75421,57.12976,0.4749396,5,-1,-1
750.8688,26.639877,10.384094,9.689781,0.46955162,4,-1,-1
397.80157,200.82436,62.444397,38.704086,0.46902278,5,-1,-1
1209.7864,500.1803,26.289062,41.905518,0.46615788,10,-1,-1
865.0468,187.206,54.845093,27.820297,0.46535212,4,-1,-1
260.97638,333.4851,88.19656,45.732056,0.4651711,4,-1,-1
1021.8993,700.20996,106.79443,64.34729,0.46515888,4,-1,-1
861.9129,172.31245,48.18634,26.207367,0.46513134,5,-1,-1
412.84726,353.35724,17.567139,30.757996,0.46436486,2,-1,-1
806.20764,60.498817,34.98871,13.485382,0.45579857,4,-1,-1
896.7666,262.42102,61.881042,36.734802,0.4535378,8,-1,-1
844.6784,73.28203,26.823303,13.628525,0.45056656,4,-1,-1
700.177,3.6295068,8.533142,8.360677,0.45044366,4,-1,-1
529.05414,98.580475,6.4557495,15.820145,0.44768384,1,-1,-1
529.52136,132.42407,29.527527,28.558273,0.44340494,4,-1,-1
287.17035,722.07434,91.73428,42.48291,0.44200653,4,-1,-1
32.95456,423.44724,27.473877,27.718964,0.4400843,10,-1,-1
862.9543,173.1235,44.315125,25.27295,0.43937194,4,-1,-1
209.8072,292.0963,25.687302,19.67868,0.43897027,3,-1,-1
893.00885,260.42426,60.4693,36.32553,0.43722528,5,-1,-1
443.4238,337.2481,26.972168,44.569122,0.43619373,7,-1,-1
802.66455,99.15632,25.504272,15.808563,0.4358557,4,-1,-1
695.31195,69.738396,17.442993,14.195648,0.43573725,4,-1,-1
528.45337,192.94655,10.189636,18.692093,0.43388823,2,-1,-1
1206.5776,150.57314,15.195068,33.787643,0.43059182,1,-1,-1
898.0244,47.40843,20.655212,10.969845,0.4256184,4,-1,-1
26.884192,723.5093,37.10202,41.047974,0.4239049,1,-1,-1
586.8478,248.8254,36.120117,41.80867,0.42351064,4,-1,-1
810.5138,103.18913,23.874939,14.588379,0.42215586,4,-1,-1
1197.2737,325.0006,23.230713,24.497375,0.42161274,3,-1,-1
538.22815,123.145935,29.172974,24.089615,0.4199123,4,-1,-1
1095.6427,247.99788,10.954712,19.14833,0.41479155,1,-1,-1
829.5168,145.86145,41.614502,16.907974,0.41392592,4,-1,-1
1214.1683,510.94376,24.834106,38.138397,0.4135218,10,-1,-1
812.12463,108.30464,26.774841,15.143578,0.41243738,4,-1,-1
872.85535,65.707634,31.4917,14.4976425,0.41238284,5,-1,-1
835.11017,93.80583,31.225769,14.633652,0.41190177,4,-1,-1
864.5032,186.86873,55.712402,27.840195,0.40748122,5,-1,-1
341.18427,226.59933,91.37686,43.889557,0.406366,6,-1,-1
261.50653,334.05157,91.020874,45.23758,0.4030125,5,-1,-1
776.49365,76.66606,18.983704,22.648209,0.40041846,6,-1,-1
1269.8759,579.4742,29.213867,43.993835,0.40007818,1,-1,-1
814.0889,124.03538,32.475708,17.02903,0.3989237,4,-1,-1
209.68326,291.85593,26.363815,20.010529,0.39852566,10,-1,-1
807.8631,68.24732,31.68164,13.243294,0.39809346,4,-1,-1
589.08624,9.974845,27.65509,16.915936,0.39747572,6,-1,-1
1207.3595,403.83698,43.750977,36.24872,0.3970892,10,-1,-1
597.6555,79.65052,7.179199,15.106071,0.3943252,1,-1,-1
263.7484,333.6042,89.47339,45.256653,0.394019,8,-1,-1
410.12198,362.91324,17.69281,30.641937,0.3928798,2,-1,-1
549.45636,152.83752,9.086243,18.106674,0.3916578,2,-1,-1
952.42426,339.7377,87.69574,43.677002,0.38701275,4,-1,-1
372.40793,318.90625,63.830627,62.716156,0.38599965,4,-1,-1
181.7735,305.78125,25.324783,28.919525,0.38505858,10,-1,-1
812.2243,74.26877,28.819824,14.383469,0.38179296,4,-1,-1
1079.5754,262.77527,11.360352,20.35022,0.37877792,1,-1,-1
250.18718,297.16138,26.61473,23.772766,0.37652105,10,-1,-1
416.60556,182.35129,68.93106,32.151062,0.37521875,4,-1,-1
804.83185,111.48187,36.45233,16.679138,0.37456512,4,-1,-1
1007.4796,295.8741,12.849548,23.702362,0.37446517,1,-1,-1
802.1975,57.714638,31.845276,12.906853,0.37389514,4,-1,-1
714.2088,0.0,8.68396,6.263906,0.37363353,4,-1,-1
339.15646,617.9837,64.578125,92.59473,0.37201852,8,-1,-1
568.20685,79.385826,17.200378,20.340034,0.36945662,4,-1,-1
873.0209,116.540344,43.591003,15.524719,0.36679572,4,-1,-1
655.1962,0.0,11.44873,4.4745092,0.36573732,4,-1,-1
886.1333,287.6697,74.0462,38.17157,0.36445445,5,-1,-1
463.6299,116.03224,17.459473,13.887421,0.36437947,10,-1,-1
586.54645,39.985786,12.228088,12.408779,0.36434412,7,-1,-1
877.495,68.9822,31.833801,14.203705,0.3641954,5,-1,-1
0.0,711.3012,19.171606,53.256042,0.3622855,1,-1,-1
569.82306,174.54819,8.838013,17.1279,0.36166358,2,-1,-1
869.8546,79.908226,27.246704,15.353912,0.36149687,4,-1,-1
469.73837,216.14882,12.297913,25.844635,0.3608433,1,-1,-1
181.16899,305.36026,25.666794,29.480682,0.36052027,7,-1,-1
625.7028,344.9007,32.03473,41.716156,0.36032593,8,-1,-1
528.2958,195.65501,10.721191,19.191772,0.3600731,10,-1,-1
900.3415,81.394646,26.683533,15.8140335,0.3590109,4,-1,-1
464.27597,121.85207,14.804626,15.148277,0.35784048,10,-1,-1
541.6524,114.94362,23.444275,18.73294,0.35761964,5,-1,-1
729.9326,0.38308567,8.172302,8.197957,0.35499644,4,-1,-1
512.70984,109.67785,23.285828,23.64077,0.35496992,5,-1,-1
1002.4773,265.82007,17.76355,19.765076,0.35409907,10,-1,-1
549.2017,155.35231,9.433228,17.540085,0.35367855,10,-1,-1
263.10403,334.52896,90.687256,43.51355,0.35055196,7,-1,-1
1046.9987,269.24606,12.249878,19.505432,0.34962887,1,-1,-1
369.0831,240.96486,64.164246,30.400192,0.34903312,4,-1,-1
816.6082,129.72589,37.61792,16.52008,0.34705716,4,-1,-1
599.7711,99.17098,6.9577637,15.716461,0.34496978,1,-1,-1
586.5551,10.58548,27.140808,16.148447,0.34254378,5,-1,-1
48.22821,709.392,50.043915,55.165222,0.3425094,2,-1,-1
397.5655,201.13156,62.49756,38.026962,0.3424352,4,-1,-1
699.95215,0.0,8.711304,5.8024416,0.33617228,4,-1,-1
849.57544,99.983,29.604553,16.064972,0.33598107,4,-1,-1
860.3931,46.900555,25.905212,11.853935,0.33592504,4,-1,-1
589.37195,93.20071,7.363037,12.758614,0.33500916,2,-1,-1
615.402,146.56786,25.155579,28.30098,0.33373815,5,-1,-1
1003.72675,263.9226,11.487183,18.523468,0.33308056,2,-1,-1
631.05225,345.5582,22.641235,36.654358,0.33236337,2,-1,-1
339.02338,226.44904,94.17386,44.16797,0.33192617,4,-1,-1
29.820086,723.2041,34.440926,41.35315,0.33171576,2,-1,-1
1159.194,292.13754,15.018799,28.10321,0.33167565,10,-1,-1
556.2191,162.12085,26.79712,40.278214,0.33109868,8,-1,-1
778.9183,49.71816,5.5234375,11.591499,0.32682693,1,-1,-1
981.1244,373.15573,107.343994,53.361755,0.32631797,5,-1,-1
693.1686,60.48271,5.6174927,11.59285,0.32559955,1,-1,-1
410.87283,352.09506,18.635895,27.59018,0.32559553,1,-1,-1
414.47183,235.96869,23.67279,19.101639,0.32556632,10,-1,-1
290.60382,320.9935,58.053497,31.567139,0.32413235,4,-1,-1
340.96512,226.13506,91.13599,44.973465,0.32216334,5,-1,-1
879.8601,247.06996,52.508484,29.702866,0.322001,8,-1,-1
896.7666,262.42102,61.881042,36.734802,0.32199475,6,-1,-1
1072.9775,456.01633,29.029419,47.598328,0.32163572,1,-1,-1
1175.0475,319.46646,24.892944,16.80841,0.31944817,3,-1,-1
784.1719,64.95492,5.9786987,9.210159,0.3182445,2,-1,-1
596.14185,97.04004,7.8286133,15.733643,0.31823468,1,-1,-1
838.6257,60.780415,31.226013,15.493649,0.31812102,5,-1,-1
833.7377,89.47621,31.90509,15.519112,0.3178397,5,-1,-1
455.98395,124.5311,15.448151,16.596802,0.3158946,10,-1,-1
410.63724,367.00647,18.512634,28.357635,0.31511706,3,-1,-1
563.63837,84.493515,21.41681,22.454224,0.31463456,5,-1,-1
378.66806,290.90915,20.626465,21.69638,0.31431487,3,-1,-1
832.9676,89.66117,29.422607,15.022247,0.31281984,4,-1,-1
586.6237,40.023346,12.259949,12.364639,0.3117286,8,-1,-1
908.29395,397.94043,15.775696,30.662537,0.31117886,1,-1,-1
732.822,56.503147,14.764465,13.693829,0.31045312,5,-1,-1
586.578,39.9576,12.349548,12.329765,0.3102027,4,-1,-1
1094.6873,253.0058,11.880005,24.472351,0.30983326,1,-1,-1
606.6687,15.524221,13.727966,10.17631,0.30940008,4,-1,-1
767.8325,29.879904,13.098511,12.073786,0.30934072,4,-1,-1
900.3415,81.394646,26.683533,15.8140335,0.30929416,5,-1,-1
778.9008,52.779175,5.3375854,9.681541,0.30921084,10,-1,-1
783.5927,64.62534,6.595215,10.19384,0.30887213,10,-1,-1
1004.8472,257.60703,12.71698,19.705383,0.30865765,2,-1,-1
873.26764,66.008865,30.716064,14.256523,0.30830598,4,-1,-1
223.42398,433.15222,58.479248,65.215515,0.30809012,8,-1,-1
1047.2781,269.29193,11.350952,19.417847,0.30722213,10,-1,-1
878.7177,248.48207,46.871887,31.947708,0.30608952,7,-1,-1
862.97455,364.14224,17.583435,24.940948,0.305332,3,-1,-1
593.73486,92.9566,7.550354,14.491684,0.30497,1,-1,-1
944.3769,330.09372,81.46893,39.029175,0.30346406,5,-1,-1
416.25378,172.13979,70.9758,30.069046,0.30204362,5,-1,-1
848.3139,85.649,27.406372,15.520996,0.3015682,5,-1,-1
839.9714,68.01293,30.317932,13.983131,0.30148414,5,-1,-1
635.0229,360.19394,11.774475,19.331665,0.30122823,2,-1,-1
877.01715,73.27273,31.381104,14.345169,0.301183,4,-1,-1
754.5272,15.341581,12.151245,8.361246,0.30028626,4,-1,-1
437.3656,155.92957,27.894623,16.373657,0.30001277,10,-1,-1
867.08484,44.655243,24.229492,12.258183,0.29910925,4,-1,-1
974.19434,232.38228,8.846252,17.087173,0.29808384,10,-1,-1
639.3293,26.492353,4.7297363,7.312399,0.2979334,2,-1,-1
741.52466,0.34101883,12.447937,9.002285,0.29749003,4,-1,-1
599.6229,100.03343,6.887451,14.902161,0.29566315,3,-1,-1
593.9938,91.51357,7.267578,14.057434,0.29540133,2,-1,-1
632.99316,347.51288,20.08905,29.575806,0.29406363,7,-1,-1
864.2964,360.31915,16.762573,27.168,0.29398555,2,-1,-1
797.26953,115.289536,39.558105,18.423096,0.2929399,5,-1,-1
823.481,81.091064,26.075134,14.387657,0.29241556,4,-1,-1
742.526,81.01453,5.5387573,9.641312,0.29235005,2,-1,-1
412.5761,353.60562,18.614777,30.78543,0.29175597,10,-1,-1
700.49115,0.69015044,8.925598,10.966529,0.29065686,5,-1,-1
357.95288,651.5488,25.83429,34.554688,0.2896149,2,-1,-1
268.75983,237.065,13.940033,29.746765,0.28847545,1,-1,-1
260.97638,333.4851,88.19656,45.732056,0.287214,6,-1,-1
563.64954,84.44153,20.830078,22.48658,0.28694153,6,-1,-1
586.067,11.423043,14.264709,14.822223,0.2866363,5,-1,-1
654.29395,34.04326,12.125671,14.145134,0.28628367,5,-1,-1
181.16899,305.36026,25.666794,29.480682,0.2857213,8,-1,-1
1096.1906,248.46207,9.986694,18.404877,0.28494075,2,-1,-1
687.6174,48.445335,5.489197,11.782276,0.28412223,1,-1,-1
828.91425,82.85572,26.458984,15.4357605,0.2835178,4,-1,-1
265.58514,316.47125,54.944763,29.72165,0.2833597,7,-1,-1
881.5599,72.67303,30.381836,14.570839,0.28318232,5,-1,-1
879.87054,246.90846,52.78479,29.9926,0.28234476,4,-1,-1
844.8784,73.1248,26.63617,13.817291,0.28205654,5,-1,-1
637.37665,29.395218,5.9851685,8.189369,0.28135732,10,-1,-1
528.2958,195.65501,10.721191,19.191772,0.2812925,3,-1,-1
50.393257,714.29004,45.941032,50.267212,0.28117862,10,-1,-1
616.6075,25.728117,11.740967,11.787996,0.27925196,5,-1,-1
1239.2811,506.41736,26.73413,41.67395,0.27905488,10,-1,-1
840.2548,68.129196,29.477234,13.815598,0.27829486,4,-1,-1
350.78278,647.40027,23.534454,33.585876,0.27826172,1,-1,-1
878.57996,69.27042,30.387878,13.327919,0.27755436,4,-1,-1
1129.4905,727.263,27.817383,34.631226,0.27739495,1,-1,-1
462.79156,337.92285,14.598999,25.216217,0.2771529,2,-1,-1
739.2999,81.77031,14.513855,15.198296,0.27691606,4,-1,-1
1036.5153,304.69675,26.324219,20.73117,0.27638888,3,-1,-1
15.49705,547.8379,32.98955,66.19885,0.2741248,10,-1,-1
816.4321,75.020706,26.244324,15.563545,0.2736126,5,-1,-1
695.0655,0.0,8.908752,5.0640993,0.27252486,4,-1,-1
1171.4784,310.0984,26.99707,22.138733,0.27235875,10,-1,-1
835.7733,233.08609,47.421814,49.66507,0.27145118,6,-1,-1
549.9437,152.45715,9.512451,18.63269,0.2713681,1,-1,-1
841.30707,85.428635,31.414307,15.749626,0.2705531,4,-1,-1
823.481,81.091064,26.075134,14.387657,0.26971155,5,-1,-1
442.92328,336.91846,26.748749,45.031067,0.2694285,8,-1,-1
869.9001,79.59548,27.05304,15.739922,0.26843047,5,-1,-1
615.402,146.56786,25.155579,28.30098,0.26708007,6,-1,-1
693.4902,57.07202,4.962158,11.207977,0.26673,1,-1,-1
741.3439,81.05307,8.121155,12.397263,0.2648552,7,-1,-1
815.7583,200.42784,37.28601,38.94493,0.26472944,5,-1,-1
588.273,94.27505,10.383118,11.447708,0.26437682,10,-1,-1
761.0448,24.903906,10.6297,11.035353,0.26326603,4,-1,-1
599.5758,98.99978,7.2042847,15.992729,0.2626886,2,-1,-1
347.00958,652.63617,30.731232,55.20398,0.26263672,2,-1,-1
557.65875,162.04529,25.159607,24.89775,0.26211298,7,-1,-1
1112.6393,246.20224,8.599121,14.068512,0.26206225,2,-1,-1
202.23749,448.2749,33.67987,34.210083,0.26142812,3,-1,-1
776.39417,76.83792,19.187988,22.314804,0.26100314,8,-1,-1
547.4694,360.58862,52.148315,57.11258,0.26070505,5,-1,-1
596.2982,10.486559,24.454956,15.962793,0.26041436,5,-1,-1
777.30505,76.940895,18.82904,21.614029,0.2600909,5,-1,-1
1132.1238,229.72763,9.413574,20.454529,0.25993878,10,-1,-1
801.57916,104.5097,7.179077,14.30825,0.2576277,2,-1,-1
338.40778,619.01807,63.154205,91.57324,0.25750697,6,-1,-1
587.3889,248.84766,35.582092,42.444,0.25743443,6,-1,-1
917.2578,372.89175,16.370544,30.684784,0.25716132,2,-1,-1
493.7933,181.24374,35.578217,33.399597,0.2568948,5,-1,-1
776.8601,99.879585,19.244995,18.0663,0.25625685,5,-1,-1
758.7758,74.77433,5.9087524,13.240639,0.2562253,2,-1,-1
778.96814,49.90484,5.4381714,10.96962,0.25612694,2,-1,-1
817.88245,118.44367,28.667358,15.196724,0.25563663,4,-1,-1
596.14185,97.04004,7.8286133,15.733643,0.25521818,2,-1,-1
415.23053,348.1218,14.538544,26.047424,0.25467247,2,-1,-1
814.04785,124.02504,33.124573,17.015137,0.25430918,5,-1,-1
570.97046,174.2633,10.219543,17.666733,0.25422347,1,-1,-1
595.9939,100.68958,9.583374,13.80275,0.25352645,10,-1,-1
306.70947,428.47125,50.154755,57.272827,0.25285873,8,-1,-1
406.42285,286.2653,12.994812,22.360352,0.2528367,3,-1,-1
660.3033,14.43216,11.657288,10.379407,0.25250065,5,-1,-1
529.4816,132.21652,30.259521,28.601791,0.25246242,6,-1,-1
768.0509,29.923937,12.945007,12.142176,0.25245458,5,-1,-1
588.99207,93.72613,8.307007,12.376205,0.25162363,7,-1,-1
888.60956,46.724674,12.765259,10.227951,0.25118446,4,-1,-1
282.81485,233.4269,9.92746,25.074081,0.2509182,1,-1,-1
1008.7339,255.93185,11.765198,19.298706,0.2506594,2,-1,-1
1188.1909,322.09982,21.42871,16.664398,0.2505648,3,-1,-1
698.6871,0.0,10.411194,9.846009,0.24970889,4,-1,-1
416.16498,183.31226,69.130066,31.725723,0.24942553,5,-1,-1
560.07556,308.34906,42.509766,57.26599,0.24906436,4,-1,-1
730.0167,0.0,8.232788,8.414949,0.24863157,5,-1,-1
189.83174,448.3799,31.929733,32.071655,0.24731603,3,-1,-1
657.1143,0.0,9.906128,8.370619,0.24721938,4,-1,-1
555.92993,162.68729,26.60553,41.74376,0.24662703,6,-1,-1
974.17725,232.03044,8.473206,17.31923,0.24648494,1,-1,-1
805.91614,120.54886,33.900696,16.116394,0.24616632,4,-1,-1
569.4727,79.466415,15.23938,18.417381,0.24605003,8,-1,-1
601.6444,11.096515,18.684326,14.709712,0.24586847,6,-1,-1
804.78094,54.742214,26.934082,11.961277,0.24586058,4,-1,-1
834.9457,232.28633,51.6864,49.718155,0.24585396,4,-1,-1
220.61324,291.87408,19.797943,20.97998,0.2458243,3,-1,-1
716.1651,1.8423812,8.75354,8.695044,0.24558303,4,-1,-1
459.33408,314.73608,36.424774,57.750824,0.24499029,8,-1,-1
1106.1992,250.7677,19.958374,16.72525,0.24475867,3,-1,-1
589.08624,9.974845,27.65509,16.915936,0.24475756,9,-1,-1
593.03644,204.47682,31.303955,34.372284,0.24452609,5,-1,-1
801.17114,86.682724,21.11969,17.812866,0.24435285,5,-1,-1
923.09937,152.31061,88.83411,43.07007,0.24347952,9,-1,-1
792.44226,77.442856,5.6575317,12.130867,0.24339223,1,-1,-1
709.6226,0.0,10.062317,5.457808,0.24334562,4,-1,-1
563.51575,84.45851,22.070679,22.621872,0.24264035,8,-1,-1
409.84134,362.0375,18.44696,31.895844,0.24217781,1,-1,-1
182.21515,305.77832,24.632904,28.821442,0.24206954,2,-1,-1
1200.441,482.79245,39.674072,40.24478,0.24117413,10,-1,-1
446.52457,308.4832,55.084534,65.6871,0.24092868,6,-1,-1
905.1468,361.62283,106.7359,47.991516,0.24026564,5,-1,-1
865.6359,351.744,15.107849,26.832977,0.24013695,1,-1,-1
1097.7607,236.47813,10.450073,16.958511,0.24006784,1,-1,-1
873.206,122.76469,45.158875,20.763771,0.23985422,5,-1,-1
852.22473,83.77439,24.632202,14.6274185,0.23911375,4,-1,-1
985.02435,231.36844,17.003235,20.193756,0.23907849,10,-1,-1
828.91425,82.85572,26.458984,15.4357605,0.23894182,5,-1,-1
811.1506,7.121472,11.678528,10.596136,0.23857173,4,-1,-1
385.5557,198.28,73.16907,41.957947,0.23767367,6,-1,-1
800.50775,93.61756,23.086304,17.195145,0.23724535,4,-1,-1
856.65814,52.076252,32.300537,14.18848,0.23684946,5,-1,-1
606.37476,186.80371,28.99945,30.337128,0.23674804,5,-1,-1
299.0077,274.86386,78.70764,41.265503,0.23649588,4,-1,-1
620.1422,130.74379,26.051758,26.981705,0.2362532,5,-1,-1
174.43047,450.29385,36.604935,29.404907,0.23594534,3,-1,-1
330.89456,248.4343,31.036194,20.704498,0.23570654,10,-1,-1
457.8524,382.06772,61.785736,68.61127,0.23520282,5,-1,-1
448.6164,564.88495,93.973206,131.35815,0.23487082,5,-1,-1
463.7172,216.9754,17.8378,25.675018,0.23473153,10,-1,-1
470.12894,328.7153,14.633087,29.148346,0.23471406,1,-1,-1
255.97546,343.04694,19.847717,19.44104,0.23444685,3,-1,-1
839.1758,60.061703,31.492798,15.545498,0.23425415,4,-1,-1
989.5054,227.96524,11.317078,22.197327,0.23401865,2,-1,-1
656.3898,15.024667,11.642456,9.684934,0.23353434,4,-1,-1
34.354572,423.2804,25.2184,27.039764,0.23328552,7,-1,-1
457.3013,313.20828,40.79242,58.45871,0.23317525,7,-1,-1
926.0991,162.31851,67.05719,29.88704,0.23274714,4,-1,-1
562.7333,72.572556,12.216736,11.4433975,0.23226827,3,-1,-1
863.383,155.71849,8.377014,17.416046,0.23112333,1,-1,-1
600.46765,11.412473,19.929443,14.362393,0.23075035,4,-1,-1
595.4471,90.800354,6.9176636,13.376205,0.23071149,1,-1,-1
374.36063,282.53683,18.252655,25.530823,0.23057428,3,-1,-1
449.10593,338.0703,13.702332,22.227264,0.23036733,2,-1,-1
783.6704,64.65372,6.28833,9.867203,0.23031923,1,-1,-1
443.3979,157.5264,26.57373,15.16478,0.22982755,7,-1,-1
454.1501,329.36588,33.886322,50.744293,0.22956547,7,-1,-1
1192.0038,324.31137,21.164673,20.435425,0.22908086,3,-1,-1
856.65814,52.076252,32.300537,14.18848,0.22889817,4,-1,-1
32.95456,423.44724,27.473877,27.718964,0.22804788,3,-1,-1
25.684195,723.20557,41.632942,41.351685,0.22773498,10,-1,-1
528.54395,192.85115,10.123474,18.601105,0.22732031,1,-1,-1
594.024,99.03688,7.4935303,15.158211,0.22724241,1,-1,-1
893.48956,258.81302,58.940002,36.30594,0.22701204,4,-1,-1
839.2858,81.32942,29.319275,14.4637985,0.22666645,5,-1,-1
1171.4784,310.0984,26.99707,22.138733,0.22602671,3,-1,-1
1267.0944,540.8658,23.238403,39.176147,0.22574392,2,-1,-1
741.8365,0.5420057,12.916443,8.784311,0.225279,5,-1,-1
699.95215,0.0,8.711304,5.8024416,0.22480866,5,-1,-1
684.3362,22.869242,4.4400024,7.1163387,0.22423959,10,-1,-1
580.3731,277.18475,39.952026,48.791016,0.22396803,4,-1,-1
597.2502,24.726967,5.086975,9.571949,0.22388649,1,-1,-1
1036.5153,304.69675,26.324219,20.73117,0.22368547,7,-1,-1
1109.1724,246.65941,12.482544,20.17125,0.22351694,2,-1,-1
1072.1073,463.78067,27.378296,39.664215,0.2233989,3,-1,-1
568.20685,79.385826,17.200378,20.340034,0.22320682,5,-1,-1
445.71213,564.62054,94.85928,137.68494,0.22320351,6,-1,-1
225.07722,437.616,53.774826,60.802277,0.22283238,7,-1,-1
600.27466,100.98822,6.197815,13.577873,0.22256851,10,-1,-1
795.39374,100.1635,19.363708,16.012062,0.22220513,4,-1,-1
275.8765,319.37872,66.431915,31.126465,0.22205013,7,-1,-1
1152.052,257.53214,13.981445,27.899109,0.22194946,1,-1,-1
182.21515,305.77832,24.632904,28.821442,0.22168472,4,-1,-1
634.2233,353.65857,14.463867,23.766998,0.22162268,1,-1,-1
470.5237,328.06793,14.077057,30.081757,0.22132912,2,-1,-1
587.9905,13.872729,12.628296,11.952004,0.22122923,4,-1,-1
309.64603,428.90012,45.923615,56.102417,0.22121248,10,-1,-1
860.3931,46.900555,25.905212,11.853935,0.22057056,5,-1,-1
275.8765,319.37872,66.431915,31.126465,0.22046494,8,-1,-1
1219.2993,330.46768,22.000488,22.358704,0.22042775,3,-1,-1
699.57794,0.0,9.177429,10.006706,0.22026283,6,-1,-1
182.21515,305.77832,24.632904,28.821442,0.22003758,1,-1,-1
568.20685,79.385826,17.200378,20.340034,0.21977496,7,-1,-1
1211.823,502.745,18.199585,29.003235,0.21946621,10,-1,-1
1046.9987,269.24606,12.249878,19.505432,0.21907067,2,-1,-1
549.7306,154.37726,10.200684,19.386887,0.21873432,3,-1,-1
823.51996,150.05309,39.116394,22.426315,0.21817902,4,-1,-1
469.73837,216.14882,12.297913,25.844635,0.21799311,2,-1,-1
581.6315,277.84842,38.145874,48.344666,0.21766877,6,-1,-1
1157.4242,257.4969,13.19165,28.364746,0.21751457,1,-1,-1
463.6533,342.89243,16.170258,29.4422,0.21713212,2,-1,-1
437.98428,334.96826,12.929352,19.840729,0.2164047,2,-1,-1
885.2451,156.1644,9.20929,16.879562,0.21638152,1,-1,-1
968.178,121.31922,7.557434,16.547173,0.21596998,1,-1,-1
1133.002,258.262,13.6521,27.682953,0.21570489,10,-1,-1
15.49705,547.8379,32.98955,66.19885,0.21531504,3,-1,-1
1.2524272,451.42978,13.541433,27.538086,0.21528134,1,-1,-1
469.8096,115.65539,12.329529,11.842392,0.21495032,10,-1,-1
889.81757,114.788925,32.863403,15.120422,0.21485412,4,-1,-1
462.79156,337.92285,14.598999,25.216217,0.21444124,1,-1,-1
989.743,131.92487,6.6499023,13.2017975,0.213557,1,-1,-1
917.4299,175.03708,53.392395,24.356888,0.21321225,4,-1,-1
778.9008,52.779175,5.3375854,9.681541,0.212845,3,-1,-1
1270.0531,555.8028,17.937012,25.713013,0.21273574,2,-1,-1
1081.0847,261.4248,8.465332,15.469666,0.21258518,1,-1,-1
811.1232,107.93323,28.02533,15.474312,0.21251163,5,-1,-1
599.7911,92.18661,7.0944824,16.609009,0.21250468,1,-1,-1
759.64166,27.405058,9.573425,9.769785,0.21237633,4,-1,-1
683.26575,67.905785,16.336853,14.826233,0.21198705,4,-1,-1
1079.4893,232.37268,10.846436,14.593033,0.21174079,2,-1,-1
745.8099,80.83585,6.8878174,10.430687,0.21158639,2,-1,-1
293.0749,231.18967,11.523926,27.311554,0.2115187,1,-1,-1
858.74567,105.837776,33.624207,16.562225,0.21144328,4,-1,-1
1220.5621,521.04767,17.074097,26.954529,0.2111505,10,-1,-1
895.27216,261.00732,63.56183,35.9375,0.21067992,7,-1,-1
1007.75977,295.9154,12.524475,23.52948,0.21063408,2,-1,-1
764.57947,25.17602,11.151001,10.966398,0.21056744,4,-1,-1
759.3552,75.80394,5.9208984,12.109978,0.21047693,3,-1,-1
547.12476,159.39815,9.585388,14.72081,0.21018955,10,-1,-1
776.9111,76.44829,18.747314,23.117584,0.21017459,7,-1,-1
614.5881,34.410866,13.45282,11.945305,0.20997149,5,-1,-1
839.6842,80.92595,28.463196,14.716713,0.20987228,4,-1,-1
989.88605,228.04523,10.787903,21.924744,0.20976818,1,-1,-1
1203.0298,331.0258,19.005249,21.226929,0.20967844,3,-1,-1
1190.1127,474.52057,45.562378,37.019592,0.20957437,3,-1,-1
689.1611,47.12076,5.138794,10.717503,0.20940083,1,-1,-1
1071.7375,462.27432,28.249512,41.62274,0.20811898,7,-1,-1
595.0909,101.47167,9.41333,13.837524,0.20811185,3,-1,-1
