1100.3923,499.90253,74.37659,76.36432,0.90685856,4,-1,-1
336.8505,326.69705,69.77173,51.63867,0.8892289,4,-1,-1
1061.0432,372.74673,54.16516,61.269653,0.8742989,4,-1,-1
705.8781,320.73138,47.818726,48.610138,0.87035793,4,-1,-1
530.52966,519.1028,25.317383,44.67981,0.8696529,1,-1,-1
517.5827,605.67596,106.62012,133.41327,0.86652964,4,-1,-1
442.47723,263.41254,49.702423,37.4075,0.86224335,4,-1,-1
720.6511,184.00185,41.359985,29.70987,0.85508275,4,-1,-1
402.0797,384.35135,112.1413,49.411743,0.8513222,4,-1,-1
672.3851,266.2104,41.07721,40.351166,0.84859,4,-1,-1
1044.0502,297.15295,48.756958,39.639404,0.84767616,4,-1,-1
826.42255,378.66656,50.813477,52.184143,0.8388126,4,-1,-1
429.38074,414.94757,104.19464,56.030792,0.83311975,4,-1,-1
674.6682,237.18617,53.093384,33.076187,0.82558095,4,-1,-1
562.1469,307.55267,81.11792,35.39746,0.82323295,4,-1,-1
820.268,210.41478,34.59613,29.860733,0.8182719,4,-1,-1
1019.72485,227.77097,40.75,40.069183,0.8161332,4,-1,-1
486.67133,361.39703,112.29834,50.619507,0.80950725,4,-1,-1
859.90826,149.36635,24.405884,21.22261,0.807559,4,-1,-1
806.24286,619.7811,85.86322,120.01416,0.80711126,4,-1,-1
1012.46124,167.74368,25.20819,22.33934,0.8015295,4,-1,-1
485.2116,338.5744,108.002014,42.781372,0.79021966,4,-1,-1
889.53375,235.50737,34.756897,30.408737,0.7870428,4,-1,-1
785.1526,108.66692,21.158813,19.49282,0.77611995,4,-1,-1
500.17813,514.6825,23.82956,45.75891,0.774603,1,-1,-1
917.9878,189.988,23.694946,22.258911,0.76710653,4,-1,-1
832.5744,524.3683,117.61218,88.43494,0.76199687,5,-1,-1
822.9493,61.455273,16.461426,14.698803,0.75913477,4,-1,-1
1161.9705,253.70007,44.814453,32.729828,0.7559986,4,-1,-1
1030.4819,256.85135,34.786987,39.92035,0.7556484,4,-1,-1
990.8884,44.186302,32.957336,14.228321,0.7455324,4,-1,-1
501.3817,328.243,106.961975,42.981415,0.7429254,4,-1,-1
897.2391,208.859,35.56958,28.01036,0.742524,4,-1,-1
242.16296,376.46002,100.16876,64.238434,0.74084586,4,-1,-1
1072.3883,419.50357,66.692505,75.56796,0.7400688,4,-1,-1
739.71765,165.1578,25.88263,25.770813,0.7365115,4,-1,-1
905.44073,144.33698,42.744263,23.879395,0.73644817,4,-1,-1
843.5699,177.83409,25.933044,23.635803,0.7322112,4,-1,-1
872.33093,45.6938,18.453613,15.853542,0.7218181,4,-1,-1
671.09406,175.37144,54.34265,29.100769,0.72139335,4,-1,-1
660.2009,117.49867,33.27423,18.525284,0.6944756,4,-1,-1
787.5278,148.56396,8.222656,19.516586,0.689445,1,-1,-1
548.8536,402.83197,63.48535,66.75543,0.68046516,4,-1,-1
1007.9447,148.83737,30.926758,25.299469,0.6702321,4,-1,-1
890.46497,15.367067,11.920654,9.800827,0.66076887,4,-1,-1
1009.47754,57.4276,36.000122,16.199757,0.6578952,4,-1,-1
890.15967,405.34665,45.95288,59.86612,0.6553557,4,-1,-1
807.8535,84.47802,16.862488,16.341415,0.65375084,4,-1,-1
924.24286,173.1337,22.34729,20.392075,0.64967424,4,-1,-1
1115.6844,178.1531,31.47107,23.338852,0.6466656,10,-1,-1
950.644,364.2991,94.71869,42.99002,0.64315605,4,-1,-1
1011.0257,65.96275,35.34503,15.570839,0.64243466,4,-1,-1
1012.8092,74.044945,36.10498,16.833115,0.64005196,4,-1,-1
554.8152,291.0375,83.354614,31.251678,0.63588643,4,-1,-1
954.22845,327.51935,90.15326,40.31836,0.63121665,4,-1,-1
958.1699,34.63963,29.151123,12.298218,0.6159448,4,-1,-1
774.3988,734.66394,31.994751,29.89331,0.60739857,1,-1,-1
468.26596,229.97194,52.810516,40.040207,0.60169035,4,-1,-1
779.1112,146.60196,7.5220337,20.201355,0.6006721,1,-1,-1
943.867,75.006645,16.847656,17.846153,0.5970402,4,-1,-1
1021.55884,54.4035,32.654663,16.204418,0.59496546,4,-1,-1
896.78754,313.97723,15.274902,21.600128,0.59473526,2,-1,-1
1062.4885,120.40738,23.905273,20.755585,0.58848596,4,-1,-1
1000.08844,66.22935,6.3410034,14.448601,0.5792952,1,-1,-1
616.84503,145.80672,18.035278,14.438705,0.57695544,10,-1,-1
534.4176,229.63057,36.882507,32.94319,0.5759119,5,-1,-1
660.19415,188.34758,47.37024,27.543839,0.5732305,4,-1,-1
754.12994,732.7699,28.808533,31.787354,0.5691457,1,-1,-1
784.3614,97.87874,24.570984,16.444641,0.5623591,4,-1,-1
755.0114,127.3939,20.047058,18.278557,0.55858475,4,-1,-1
979.3136,101.90994,32.968384,17.797691,0.55039155,4,-1,-1
878.97424,29.012337,20.409607,10.535698,0.54804254,4,-1,-1
1057.6577,135.32065,52.714233,26.018585,0.54774284,4,-1,-1
843.8677,35.800423,27.697449,12.077652,0.54456544,4,-1,-1
1137.4114,222.82791,46.484375,27.017838,0.5292886,10,-1,-1
960.08636,81.14645,27.485535,15.103561,0.5249407,4,-1,-1
792.3925,167.40315,8.811707,16.306122,0.52130455,2,-1,-1
575.41846,181.77158,23.434937,13.853195,0.51433814,10,-1,-1
977.0242,389.48044,74.129395,38.216797,0.51078856,4,-1,-1
929.0992,33.00306,23.915405,13.364994,0.5083243,4,-1,-1
1227.2516,357.30664,71.557495,60.717773,0.5016395,4,-1,-1
970.4152,567.7907,121.32367,91.69409,0.50158894,6,-1,-1
895.4347,255.45232,48.797607,32.245224,0.50040483,4,-1,-1
894.98773,321.6058,18.25769,26.262451,0.50033915,10,-1,-1
716.6835,69.22954,34.455444,14.287819,0.4981953,4,-1,-1
854.1501,478.13275,50.887146,57.303772,0.49504724,4,-1,-1
176.45396,417.49506,106.75346,53.431366,0.49439466,4,-1,-1
750.384,48.892124,18.512146,16.249538,0.49007845,4,-1,-1
749.3718,140.86311,26.830261,23.253738,0.48260617,4,-1,-1
1007.2355,102.79106,25.660156,36.03276,0.48039833,6,-1,-1
610.985,228.03961,21.067139,15.16687,0.47866616,10,-1,-1
889.49835,405.77466,48.478638,60.362274,0.46611327,5,-1,-1
895.77747,32.6662,27.71759,13.057617,0.46487394,4,-1,-1
928.7324,32.83718,24.343994,13.319771,0.45122555,5,-1,-1
942.4322,345.8148,100.44733,48.250427,0.4496303,4,-1,-1
673.64185,255.23666,40.859375,37.377502,0.44105083,4,-1,-1
1226.8884,357.63565,72.49292,60.042694,0.43732744,5,-1,-1
791.8088,173.191,8.810913,15.575363,0.43464595,3,-1,-1
981.3961,139.9444,33.74713,20.261139,0.4280061,4,-1,-1
637.4347,262.8992,30.03894,36.27545,0.42450762,5,-1,-1
1162.2524,252.98224,44.053467,32.34665,0.41964367,10,-1,-1
631.8393,132.7535,19.059937,14.921295,0.41241783,10,-1,-1
750.75995,150.145,31.490479,29.858109,0.40896216,4,-1,-1
968.8356,568.0789,122.73169,89.24121,0.40103716,8,-1,-1
699.35583,84.53232,34.479248,16.820183,0.39475214,4,-1,-1
624.68134,136.97432,18.097473,14.391235,0.39415723,10,-1,-1
638.48376,129.38832,18.52649,12.612793,0.39192188,10,-1,-1
579.5004,236.79634,10.953491,18.887543,0.39102346,10,-1,-1
1005.04663,62.81578,6.231018,14.846497,0.38683844,1,-1,-1
636.08777,106.72593,6.916931,20.675995,0.38672116,1,-1,-1
805.25073,79.13669,17.586304,16.579994,0.38400444,4,-1,-1
534.3832,229.85307,36.535156,33.08815,0.3835917,4,-1,-1
468.64014,230.33684,52.39795,38.97545,0.38297135,5,-1,-1
624.5637,228.80403,7.531067,16.361801,0.37980938,1,-1,-1
866.3989,227.54991,15.60791,20.23143,0.3791495,10,-1,-1
1057.2354,135.47054,52.88257,26.395737,0.37827864,5,-1,-1
955.5636,309.19678,82.30139,38.851135,0.37249142,4,-1,-1
201.017,391.584,115.35104,64.60248,0.3600176,4,-1,-1
636.66504,263.21472,30.750977,36.203613,0.3562252,4,-1,-1
537.07587,272.66913,26.424377,18.825867,0.35339195,10,-1,-1
774.3988,734.66394,31.994751,29.89331,0.35166118,2,-1,-1
1019.83813,195.90128,10.184448,13.970032,0.351062,2,-1,-1
854.1501,478.13275,50.887146,57.303772,0.34990922,5,-1,-1
290.03876,595.97705,106.63754,77.38745,0.34109712,4,-1,-1
762.5259,25.828102,20.625916,13.731075,0.34107035,5,-1,-1
1185.6259,274.00626,37.395508,31.306427,0.34030563,7,-1,-1
161.16006,503.70966,121.94034,77.05957,0.33567595,4,-1,-1
597.3205,239.46605,19.673218,15.297623,0.33162847,10,-1,-1
895.4347,255.45232,48.797607,32.245224,0.33134264,5,-1,-1
761.441,25.281065,21.999268,15.30393,0.32250282,4,-1,-1
529.8979,284.74265,25.490784,20.736938,0.32116842,10,-1,-1
710.0172,75.57347,31.668823,13.227455,0.32011956,4,-1,-1
573.884,171.94391,13.496643,15.516693,0.3189199,10,-1,-1
894.98773,321.6058,18.25769,26.262451,0.31542465,3,-1,-1
782.62305,32.649868,22.805725,12.955784,0.3152749,4,-1,-1
969.077,355.01663,74.731445,32.2511,0.31396252,4,-1,-1
531.67993,279.9631,30.158325,19.99582,0.31199273,10,-1,-1
1060.4984,86.01666,6.843506,13.465958,0.30921817,1,-1,-1
576.087,172.38521,11.118164,13.688339,0.30792493,2,-1,-1
1075.7195,110.27028,10.034058,11.531563,0.3078671,10,-1,-1
1038.5261,613.0135,51.76367,38.14502,0.30732292,10,-1,-1
867.73334,219.48416,13.511841,21.212921,0.3068762,2,-1,-1
649.5631,114.723625,7.70874,15.475334,0.30666226,1,-1,-1
629.06854,276.4776,10.788757,23.644867,0.30439174,1,-1,-1
898.9228,54.321434,5.8650513,9.341286,0.30256963,2,-1,-1
529.5732,288.42465,15.879211,22.684875,0.29653108,10,-1,-1
791.6233,174.06761,8.484619,15.384018,0.2949357,10,-1,-1
968.8356,568.0789,122.73169,89.24121,0.29283476,7,-1,-1
898.24774,56.716328,6.99469,8.691898,0.2914191,10,-1,-1
1186.0139,274.21143,37.16626,32.71634,0.29008535,10,-1,-1
1019.17615,195.79402,11.181274,14.572052,0.28979903,10,-1,-1
952.17523,305.94794,12.3324585,22.506744,0.28803307,1,-1,-1
791.6811,172.28128,9.327148,16.704025,0.28764516,2,-1,-1
1200.7513,291.62103,23.20459,21.644562,0.28548592,10,-1,-1
792.3925,167.40315,8.811707,16.306122,0.2854569,1,-1,-1
620.93805,139.08777,15.793152,15.517502,0.28014594,10,-1,-1
855.0302,57.61273,6.1795044,7.526333,0.27836514,10,-1,-1
571.09174,180.9037,18.70282,14.538605,0.27646244,10,-1,-1
545.5222,400.14722,69.241394,68.052826,0.2739647,5,-1,-1
864.3935,222.22563,18.39148,25.562088,0.27095723,7,-1,-1
1006.9032,61.091652,6.9262085,16.005196,0.26695037,1,-1,-1
1185.0531,273.56223,36.88794,31.674225,0.2654568,8,-1,-1
637.0781,262.585,31.386902,36.45218,0.26437503,8,-1,-1
905.6799,57.720642,6.010437,8.644478,0.26264068,10,-1,-1
717.8343,69.278534,31.381714,13.2080765,0.26034492,5,-1,-1
1026.6144,31.44305,25.228638,15.223736,0.25975466,5,-1,-1
642.52295,111.6393,6.7927246,16.644638,0.2591293,1,-1,-1
1137.9324,222.53284,46.12024,27.009628,0.2586583,7,-1,-1
1021.71674,54.29992,31.928894,16.27932,0.25773913,5,-1,-1
1160.2439,178.53592,13.794678,27.604355,0.25370598,1,-1,-1
895.8456,316.6073,15.957886,22.423004,0.25287664,10,-1,-1
895.2996,32.570644,28.453125,13.473721,0.25163037,6,-1,-1
611.0563,228.21754,20.65149,14.989655,0.25058866,3,-1,-1
827.36615,30.857815,19.839966,11.931816,0.25054204,4,-1,-1
905.91125,53.78414,6.4196777,11.536079,0.24503952,1,-1,-1
1065.6058,57.82316,5.9295654,12.9745865,0.24257025,1,-1,-1
855.1869,57.689198,5.9978027,7.3950233,0.24239343,3,-1,-1
514.06036,322.59866,98.947266,45.1344,0.24164534,5,-1,-1
1029.2693,29.51512,28.302734,16.628782,0.24081933,4,-1,-1
864.5712,222.33592,18.388794,25.388947,0.23945078,4,-1,-1
1185.0531,273.56223,36.88794,31.674225,0.23935077,4,-1,-1
538.8454,200.90074,23.118958,17.283829,0.23812935,10,-1,-1
898.6543,54.03445,6.6308594,9.895851,0.23698562,1,-1,-1
530.39844,289.06534,17.874756,21.905273,0.23525247,3,-1,-1
898.3394,56.01019,6.94458,9.520245,0.23353717,3,-1,-1
575.2234,181.69478,21.451843,14.128235,0.2331121,3,-1,-1
833.22284,524.7305,117.97107,86.89557,0.2321715,4,-1,-1
532.52185,280.7358,29.519836,18.756165,0.23129815,3,-1,-1
753.74634,732.7016,30.17749,31.855652,0.23056996,2,-1,-1
1060.4185,85.801765,6.9331055,12.94297,0.22965929,2,-1,-1
1030.4918,30.66738,65.67627,29.40143,0.22955745,6,-1,-1
905.91125,53.78414,6.4196777,11.536079,0.22889441,2,-1,-1
1030.9872,31.033808,63.814697,27.747541,0.22838509,9,-1,-1
1137.4114,222.82791,46.484375,27.017838,0.22717199,4,-1,-1
659.45,197.69214,46.89148,32.139725,0.2269589,4,-1,-1
705.4569,79.3691,36.161926,14.997025,0.22534508,4,-1,-1
905.52313,57.32341,6.376526,9.153603,0.2250632,3,-1,-1
1006.3577,58.377945,32.90387,16.085907,0.22259656,5,-1,-1
867.4915,228.6533,13.829285,18.496124,0.22239396,2,-1,-1
1072.3883,419.50357,66.692505,75.56796,0.22022724,5,-1,-1
867.4792,218.69257,14.229858,23.92186,0.21981344,10,-1,-1
1066.7283,90.65245,9.230591,11.758476,0.21806055,2,-1,-1
805.55914,77.180664,14.604736,12.397095,0.21731246,4,-1,-1
562.4796,278.712,21.605652,19.142883,0.21726573,10,-1,-1
884.8787,30.098103,32.634033,12.2468605,0.21697018,4,-1,-1
839.09186,29.379904,5.126526,10.039732,0.21659768,1,-1,-1
926.6836,36.93839,5.98468,9.994507,0.21586397,1,-1,-1
175.11894,418.1028,108.145615,52.715057,0.21571606,10,-1,-1
778.0086,143.77525,7.389099,17.521698,0.2146545,1,-1,-1
955.71234,305.06793,65.41547,29.103912,0.21403548,4,-1,-1
550.6279,174.07233,9.201111,17.56343,0.21309954,1,-1,-1
580.857,236.54437,9.144653,15.940353,0.21220481,2,-1,-1
845.7613,43.39729,5.8204346,8.902519,0.21163335,2,-1,-1
770.654,144.23985,8.541321,17.968063,0.21155894,1,-1,-1
750.75995,150.145,31.490479,29.858109,0.21134362,5,-1,-1
538.07385,201.10632,23.53711,16.886993,0.21110544,3,-1,-1
578.7458,237.311,11.700134,18.993896,0.21098125,3,-1,-1
667.6601,105.21493,19.009705,13.323059,0.21007755,10,-1,-1
955.1481,326.05582,89.58203,42.80658,0.20994681,5,-1,-1
595.6124,238.82204,20.96167,17.561844,0.20949525,3,-1,-1
755.00616,135.9312,21.892517,20.684021,0.20874152,4,-1,-1
880.25323,18.87675,4.7227173,9.774096,0.20854199,1,-1,-1
793.5893,95.62713,16.866333,16.405098,0.20587271,4,-1,-1
1030.3815,257.29947,34.748047,39.629486,0.20503056,5,-1,-1
748.4412,139.68611,29.38269,28.528687,0.20491591,5,-1,-1
637.17145,262.6402,30.837463,36.43802,0.20474556,6,-1,-1
692.3692,256.0578,10.47345,19.372162,0.20406201,1,-1,-1
845.4892,43.26194,6.633301,9.658405,0.20381656,1,-1,-1
648.81476,115.42321,9.341919,14.499916,0.2035622,3,-1,-1
699.37573,86.72859,34.791504,16.39476,0.20118013,5,-1,-1
899.83594,315.31946,10.231201,15.784729,0.19965357,2,-1,-1
561.45416,278.5002,23.801575,19.142242,0.19860026,3,-1,-1
590.1684,251.97394,19.948914,15.97406,0.19829175,10,-1,-1
580.9102,276.15002,8.030701,18.454529,0.1980784,1,-1,-1
957.71533,80.63463,30.331604,16.456963,0.19708624,5,-1,-1
1006.2494,104.06926,25.820923,34.08989,0.19706169,5,-1,-1
532.29706,201.91153,22.426697,16.86293,0.1967665,10,-1,-1
780.7044,143.97845,6.5964966,17.030914,0.1960837,1,-1,-1
1066.3986,90.76938,9.760376,11.375229,0.19545472,10,-1,-1
709.1926,91.86211,33.020447,18.349861,0.19512919,5,-1,-1
586.2896,258.18414,10.374268,19.150848,0.1944249,1,-1,-1
1061.1262,89.229454,12.241089,12.397743,0.1940172,10,-1,-1
704.90393,89.60941,36.984436,17.174644,0.19326305,4,-1,-1
662.6221,95.75381,7.668274,16.223564,0.1928119,1,-1,-1
1012.1547,67.555534,34.565857,16.809456,0.19194007,5,-1,-1
1062.4885,120.40738,23.905273,20.755585,0.19187793,5,-1,-1
750.6154,49.14677,17.960999,16.102749,0.19068679,5,-1,-1
991.38336,190.49516,39.154724,23.544693,0.19059291,4,-1,-1
950.644,364.2991,94.71869,42.99002,0.19037133,5,-1,-1
575.2922,171.8686,12.602234,15.969421,0.18948817,1,-1,-1
648.81476,115.42321,9.341919,14.499916,0.18857545,10,-1,-1
791.7069,172.9391,9.083984,15.965118,0.18620214,1,-1,-1
579.6203,236.8958,10.768616,18.556763,0.18574184,1,-1,-1
943.3237,75.25442,17.469482,19.857086,0.18551481,5,-1,-1
585.70984,183.8266,13.974426,10.256622,0.18550459,10,-1,-1
570.879,180.92398,17.737915,14.435944,0.18521228,3,-1,-1
895.2996,32.570644,28.453125,13.473721,0.18515664,5,-1,-1
1012.8092,74.044945,36.10498,16.833115,0.18484259,5,-1,-1
1130.0966,166.22612,19.08252,20.554535,0.18473825,10,-1,-1
896.8793,208.496,36.50647,28.40364,0.18444309,5,-1,-1
645.1529,128.33646,13.534973,11.144379,0.18434915,10,-1,-1
739.4793,165.09027,26.881165,26.023224,0.18431658,5,-1,-1
649.5631,114.723625,7.70874,15.475334,0.18347484,2,-1,-1
634.41223,136.8687,13.998901,13.54277,0.18344697,10,-1,-1
966.1094,307.48502,11.49231,17.77237,0.18318167,1,-1,-1
1055.1917,82.97474,7.720215,11.844727,0.18242651,1,-1,-1
573.9306,171.79874,12.867371,15.889069,0.18215472,3,-1,-1
1057.3708,135.187,53.828857,26.78357,0.18200022,6,-1,-1
541.33875,286.35703,26.982727,17.744751,0.18196654,10,-1,-1
738.0564,57.145546,11.823853,9.8834915,0.18146446,4,-1,-1
529.8979,284.74265,25.490784,20.736938,0.1812458,3,-1,-1
939.9718,84.47787,6.7961426,14.215546,0.1811443,1,-1,-1
894.4528,322.40912,18.555237,23.640991,0.18078694,2,-1,-1
240.74054,375.75235,103.62271,65.11746,0.18037328,5,-1,-1
855.1743,54.929184,6.122986,8.789883,0.180266,2,-1,-1
967.623,122.12878,34.949097,22.113121,0.17991972,4,-1,-1
670.722,174.75981,54.68274,29.911469,0.17972544,5,-1,-1
843.77515,177.68898,25.660828,23.437134,0.17791343,5,-1,-1
784.9912,149.21858,8.043396,18.391342,0.17778015,1,-1,-1
640.3,127.51102,17.53125,12.785263,0.17759141,3,-1,-1
752.6489,25.572653,18.07019,12.807043,0.17658237,4,-1,-1
528.19336,188.57405,17.244202,14.411591,0.17643234,3,-1,-1
676.9172,269.4231,8.5720215,15.031647,0.17594263,1,-1,-1
619.8141,142.58896,20.537598,16.260468,0.17591438,10,-1,-1
1076.2025,109.51894,9.055176,12.859329,0.17587137,2,-1,-1
896.7569,314.1246,15.311279,21.602325,0.17560682,1,-1,-1
878.97424,29.012337,20.409607,10.535698,0.17554101,5,-1,-1
773.9383,734.6851,32.395874,29.872131,0.17455903,10,-1,-1
676.88306,269.5765,8.423828,15.253571,0.1744752,2,-1,-1
898.63116,51.275593,7.041565,9.699905,0.17412713,2,-1,-1
1061.9697,88.84913,8.466431,12.641968,0.1738466,1,-1,-1
1115.6844,178.1531,31.47107,23.338852,0.17306799,4,-1,-1
539.3709,272.5419,26.339539,18.350647,0.17302823,3,-1,-1
868.8017,231.79007,9.977051,14.866257,0.1725313,10,-1,-1
939.47894,77.763535,19.200745,21.11602,0.1721656,4,-1,-1
775.4676,28.125547,26.283997,15.168894,0.17190388,4,-1,-1
1033.2101,39.32344,45.810303,19.224842,0.1715529,4,-1,-1
837.82764,41.409447,5.7198486,13.434734,0.17062911,1,-1,-1
1008.0584,148.68385,30.972961,25.278625,0.17038167,5,-1,-1
532.19,202.48622,19.873291,16.76506,0.1700241,3,-1,-1
679.1213,103.89571,7.427368,13.71257,0.16934574,1,-1,-1
875.1582,0.0,3.937683,5.510947,0.16925001,1,-1,-1
898.98773,56.96052,9.952942,9.868404,0.16911834,10,-1,-1
949.5847,310.68805,11.722229,21.3656,0.16899708,1,-1,-1
616.7853,145.78902,18.086365,14.3810425,0.16851062,3,-1,-1
807.4539,83.80619,16.550293,16.979553,0.16847411,5,-1,-1
824.76154,27.233343,18.213623,12.37385,0.16835546,4,-1,-1
968.6808,567.9479,122.84387,89.224976,0.16781434,5,-1,-1
833.1516,33.476723,29.345825,12.171795,0.16770771,4,-1,-1
905.8198,144.22102,41.836,23.432068,0.16738743,5,-1,-1
542.07605,285.7513,25.555908,18.632751,0.16685185,3,-1,-1
1028.833,29.126875,29.98291,17.393003,0.16666451,6,-1,-1
629.06854,276.4776,10.788757,23.644867,0.16493076,2,-1,-1
1008.07837,65.721054,5.036377,12.140869,0.16477862,1,-1,-1
754.3497,732.95337,29.047302,31.603882,0.16476002,10,-1,-1
667.7703,105.024086,18.89331,14.296249,0.16383925,7,-1,-1
1075.621,110.496346,10.42688,11.022469,0.16359097,3,-1,-1
894.9671,32.73744,15.690491,9.737118,0.16327259,4,-1,-1
176.55962,418.4541,107.30434,52.798523,0.1629569,7,-1,-1
534.4176,229.63057,36.882507,32.94319,0.162781,8,-1,-1
550.07166,285.1516,24.894775,17.90329,0.16271472,3,-1,-1
845.8435,39.3778,6.1032104,10.638931,0.16247666,1,-1,-1
1063.588,88.50841,9.471802,12.62693,0.16245565,2,-1,-1
692.3692,256.0578,10.47345,19.372162,0.16224179,2,-1,-1
876.9143,0.0,4.699646,5.6197357,0.16176379,1,-1,-1
572.75214,264.28326,20.009094,16.287994,0.16175878,10,-1,-1
701.15466,81.04758,44.723877,20.83023,0.16168508,6,-1,-1
237.32791,588.7138,164.00235,102.4668,0.16155916,4,-1,-1
703.1228,80.25055,43.882324,23.15831,0.16083708,4,-1,-1
701.9913,81.48899,35.229614,15.173286,0.16057375,5,-1,-1
1200.0745,290.89532,24.144043,22.762115,0.16040239,3,-1,-1
837.05396,30.859247,8.028687,10.765955,0.16034979,1,-1,-1
931.5322,29.104944,24.67041,12.424795,0.15997073,4,-1,-1
677.6895,104.54884,8.869629,13.66877,0.15995619,10,-1,-1
528.3582,277.77048,20.593994,21.619446,0.15960926,10,-1,-1
677.6893,103.05389,8.337158,13.122025,0.15960702,2,-1,-1
895.2996,32.570644,28.453125,13.473721,0.15938354,7,-1,-1
1054.9817,83.11923,8.410645,11.296448,0.15902415,10,-1,-1
1060.2311,122.126686,36.48352,25.182869,0.15886584,4,-1,-1
844.64825,36.057003,26.5578,12.4199295,0.15881848,5,-1,-1
1019.6344,195.88782,10.589111,14.20932,0.15744919,1,-1,-1
844.6233,46.90915,8.763489,7.4390945,0.15715042,10,-1,-1
1029.3234,28.178629,51.10486,22.479494,0.15639669,6,-1,-1
1012.3409,608.21423,81.08539,49.556335,0.15631369,10,-1,-1
660.2009,117.49867,33.27423,18.525284,0.15591386,5,-1,-1
864.3935,222.22563,18.39148,25.562088,0.15499893,8,-1,-1
895.2996,32.570644,28.453125,13.473721,0.15497032,8,-1,-1
894.25104,321.9494,19.663208,25.149384,0.15469044,7,-1,-1
122.07204,0.0,59.958664,66.891235,0.15427765,4,-1,-1
918.9641,277.9748,15.825378,28.351135,0.1540167,1,-1,-1
1030.2349,47.02721,30.542969,14.040306,0.15390903,4,-1,-1
1031.6522,30.490923,31.391113,17.17497,0.15382552,5,-1,-1
1065.4126,91.20464,6.735718,12.036407,0.15359497,2,-1,-1
977.2972,373.79553,65.348816,30.653961,0.15334317,4,-1,-1
668.10443,109.85895,16.842102,11.300308,0.15239385,10,-1,-1
209.59077,404.54797,45.73262,32.374664,0.15229821,3,-1,-1
621.0087,229.33707,11.477722,14.85524,0.15171677,10,-1,-1
867.73334,219.48416,13.511841,21.212921,0.15158159,1,-1,-1
895.8456,316.6073,15.957886,22.423004,0.15112206,3,-1,-1
906.7108,34.91226,17.561218,9.689072,0.1511147,4,-1,-1
625.3989,141.76685,13.504395,11.269379,0.15105835,10,-1,-1
1010.96454,195.44492,21.442688,14.3089905,0.1510213,10,-1,-1
699.37573,86.72859,34.791504,16.39476,0.15097773,6,-1,-1
1008.6832,148.3353,27.305298,24.174194,0.15058976,1,-1,-1
663.9696,110.501915,13.315369,12.129135,0.15049341,10,-1,-1
1006.2494,104.06926,25.820923,34.08989,0.15048212,8,-1,-1
917.9878,189.988,23.694946,22.258911,0.14947042,1,-1,-1
576.18555,237.96237,21.12262,17.563583,0.14946932,10,-1,-1
895.5012,55.485207,13.411499,9.771057,0.14860791,3,-1,-1
160.42714,633.917,27.124313,38.670288,0.14859709,1,-1,-1
998.7798,68.44709,5.5700684,12.829552,0.14834952,1,-1,-1
1067.7645,88.89464,9.178589,12.253662,0.1483235,1,-1,-1
624.68134,136.97432,18.097473,14.391235,0.14831844,3,-1,-1
660.768,116.79605,7.052063,13.646606,0.14827043,1,-1,-1
900.6639,52.83701,6.348694,10.031799,0.14812788,2,-1,-1
1033.7333,39.43894,43.225586,19.785824,0.14798716,6,-1,-1
1135.518,168.59589,13.92981,23.786652,0.14734998,2,-1,-1
172.66336,501.74817,113.53464,80.79028,0.1472295,8,-1,-1
698.1439,86.40518,21.858948,16.027145,0.14721194,4,-1,-1
1033.4187,614.9658,55.61731,38.35742,0.14716622,7,-1,-1
845.19745,44.219078,7.115967,7.544407,0.14706859,10,-1,-1
1161.9413,253.36429,45.04248,31.966187,0.14561057,7,-1,-1
590.31067,252.17178,19.088135,15.86441,0.14542961,3,-1,-1
674.592,99.96504,8.00177,14.649986,0.1451855,2,-1,-1
643.89264,114.83233,8.968506,15.124779,0.1450525,1,-1,-1
726.3036,68.36006,33.785095,13.542641,0.14486876,4,-1,-1
968.8356,568.0789,122.73169,89.24121,0.14427361,4,-1,-1
1134.6196,168.24747,15.727905,24.349472,0.14412516,1,-1,-1
660.19415,188.34758,47.37024,27.543839,0.14402908,5,-1,-1
790.094,176.0056,12.2717285,16.514816,0.1439785,3,-1,-1
802.3907,88.36918,6.6848755,13.630241,0.1435053,1,-1,-1
528.0799,188.65895,17.173462,14.60083,0.1434848,10,-1,-1
837.33435,47.965565,5.678589,11.294594,0.14318734,1,-1,-1
1076.2025,109.51894,9.055176,12.859329,0.14258704,1,-1,-1
579.1486,241.55486,7.6642456,14.346649,0.14243022,10,-1,-1
754.0477,127.34975,20.721924,18.475754,0.14218011,5,-1,-1
847.75555,43.619526,5.501831,8.488209,0.14186546,2,-1,-1
783.67365,97.96748,25.080505,16.30841,0.14124036,5,-1,-1
1022.26807,197.84747,6.2685547,10.712051,0.14122537,2,-1,-1
550.07166,285.1516,24.894775,17.90329,0.14087823,10,-1,-1
1060.0977,86.04525,7.666626,13.640442,0.14075759,10,-1,-1
1051.0793,612.70276,35.71472,35.19342,0.140605,2,-1,-1
678.01825,148.76038,24.518799,20.91623,0.14020434,4,-1,-1
1199.0538,289.43436,25.662964,24.641174,0.1401918,7,-1,-1
636.851,133.92052,17.860413,16.532959,0.14005795,10,-1,-1
1006.2494,104.06926,25.820923,34.08989,0.13975713,4,-1,-1
586.0993,258.1404,10.97229,18.825165,0.13971138,10,-1,-1
627.28485,136.49031,7.4699707,13.571838,0.13948193,1,-1,-1
945.0112,361.936,98.459595,42.214325,0.13931453,6,-1,-1
1064.6012,90.97452,8.529175,12.175941,0.1390326,1,-1,-1
1194.0737,281.58704,32.532593,33.39633,0.13883665,10,-1,-1
973.9801,579.7997,117.34338,77.812256,0.1385208,10,-1,-1
627.35614,283.4905,11.8324585,27.5141,0.13821203,1,-1,-1
854.8992,54.708412,6.496582,9.268497,0.13807756,1,-1,-1
675.1401,99.094894,6.8932495,13.7862015,0.13802427,1,-1,-1
214.19302,673.3687,99.9169,66.63141,0.13754094,10,-1,-1
627.05725,133.82675,16.969238,13.289307,0.13747904,10,-1,-1
1020.8803,31.515879,27.368713,15.184179,0.13739207,4,-1,-1
1032.5756,37.38979,51.147705,21.886513,0.13728586,5,-1,-1
890.0631,235.45459,34.910706,29.541504,0.13702402,5,-1,-1
733.6271,15.24735,20.54364,20.155407,0.13699934,4,-1,-1
840.41846,31.669317,7.0180664,11.710146,0.13687935,1,-1,-1
170.59354,502.0033,116.69968,67.86041,0.13678914,5,-1,-1
958.429,33.90413,28.508118,13.459091,0.13629773,5,-1,-1
672.9325,108.74376,7.9659424,14.1536255,0.13547114,1,-1,-1
570.78204,266.64792,15.389282,22.010468,0.13513461,10,-1,-1
1029.3234,28.178629,51.10486,22.479494,0.13489756,9,-1,-1
869.37354,232.84148,8.4470215,13.223007,0.13474503,2,-1,-1
576.371,270.4812,13.673157,23.906586,0.134505,1,-1,-1
632.0431,132.47113,19.721558,13.913376,0.13378161,3,-1,-1
747.3136,161.53815,26.835571,21.951614,0.13361111,4,-1,-1
719.07733,69.01784,20.938782,11.747665,0.13350159,4,-1,-1
1120.0131,91.23945,6.935547,16.715073,0.13340995,1,-1,-1
209.59077,404.54797,45.73262,32.374664,0.13309008,10,-1,-1
906.16943,57.53766,5.07605,8.963097,0.1328311,1,-1,-1
944.998,79.490486,29.142944,16.355225,0.13240081,4,-1,-1
631.8393,132.7535,19.059937,14.921295,0.13200122,4,-1,-1
175.3918,504.18143,111.207535,73.779816,0.13184637,7,-1,-1
1008.6508,148.70178,29.310608,24.508514,0.1316874,6,-1,-1
754.6027,733.0941,27.528992,31.463135,0.13149738,3,-1,-1
1057.2981,84.82288,9.007446,12.127769,0.13143542,10,-1,-1
899.0714,54.59496,5.39563,8.72451,0.13139772,10,-1,-1
469.0199,230.2665,53.14099,38.973557,0.13120311,6,-1,-1
627.0902,136.75903,8.496826,13.966248,0.13116556,10,-1,-1
579.2767,239.29051,8.189209,14.234299,0.13109899,2,-1,-1
556.8524,291.27872,83.394775,29.775208,0.13103554,5,-1,-1
1065.9365,54.089386,25.633179,13.172707,0.13098669,4,-1,-1
1060.3787,128.72823,26.451294,16.878067,0.13087875,4,-1,-1
872.33093,45.6938,18.453613,15.853542,0.1308049,5,-1,-1
562.4796,278.712,21.605652,19.142883,0.1307458,1,-1,-1
673.2284,103.63272,10.74176,13.669327,0.13049546,10,-1,-1
1132.488,152.11867,24.237793,21.969376,0.13045704,10,-1,-1
471.4335,242.41277,12.905121,22.973282,0.13044679,1,-1,-1
612.37756,230.81772,12.075073,12.764938,0.13035601,10,-1,-1
845.78516,40.193504,6.1584473,9.135384,0.13030902,2,-1,-1
672.12177,268.05405,41.574463,37.47583,0.1299982,5,-1,-1
626.89307,229.36427,8.44397,18.385956,0.12979013,1,-1,-1
965.7194,306.17902,8.37854,14.761444,0.12960225,1,-1,-1
642.763,116.65699,13.401733,13.038643,0.12953094,3,-1,-1
823.0177,61.458797,16.45221,14.706005,0.12921935,5,-1,-1
732.7563,31.748255,15.68634,12.255007,0.12906098,4,-1,-1
966.4065,307.07986,11.402344,18.68515,0.12889883,2,-1,-1
990.3026,43.364395,33.03192,14.516468,0.1286788,5,-1,-1
839.03076,29.432507,4.849182,8.851685,0.12854633,2,-1,-1
664.15375,108.61042,7.208191,13.924126,0.12843692,1,-1,-1
763.8282,142.33221,19.19043,21.534088,0.12830403,4,-1,-1
848.1571,47.553295,6.190613,7.4102745,0.12828168,2,-1,-1
950.58124,306.42947,14.177795,24.774628,0.1281327,2,-1,-1
175.98125,417.41638,107.63933,54.240906,0.12798831,8,-1,-1
600.8283,243.50409,19.281982,13.109283,0.12790903,10,-1,-1
878.6022,20.480156,5.246704,10.276072,0.12769797,1,-1,-1
1068.319,89.80696,6.2578125,9.905563,0.12768051,2,-1,-1
1054.9817,83.11923,8.410645,11.296448,0.12757427,3,-1,-1
643.5029,114.778046,9.985352,15.482208,0.12756363,10,-1,-1
994.00305,190.68384,35.865967,23.163834,0.12741861,7,-1,-1
907.7518,53.047527,6.4277954,11.172466,0.12724173,1,-1,-1
1149.8157,227.70436,33.95459,18.092194,0.12688333,10,-1,-1
712.8866,73.13528,35.30243,14.562729,0.12674394,5,-1,-1
596.6798,251.47021,15.582031,13.1145935,0.12656587,10,-1,-1
773.91156,27.632372,28.33014,16.12546,0.12651297,5,-1,-1
638.5453,108.429184,7.5566406,18.905266,0.12647599,1,-1,-1
848.0516,43.54225,5.3588257,8.734055,0.12645093,1,-1,-1
962.0902,105.43299,46.03766,25.64103,0.12640965,4,-1,-1
616.36383,228.02774,16.769775,16.834305,0.12633419,1,-1,-1
743.1863,157.67046,25.666687,20.752335,0.12632084,4,-1,-1
550.0878,174.24988,9.383789,16.76442,0.12603706,2,-1,-1
1018.45404,194.78325,8.273743,12.9331665,0.12577096,2,-1,-1
1019.7809,227.90764,40.58081,40.228317,0.12569812,5,-1,-1
240.74054,375.75235,103.62271,65.11746,0.12553656,10,-1,-1
845.01697,46.23355,7.3165894,7.917099,0.12533149,2,-1,-1
1006.38495,55.930786,26.685608,14.964333,0.12524834,4,-1,-1
483.89148,361.42087,115.39661,50.261932,0.12435344,5,-1,-1
904.2217,59.14663,8.339905,9.898567,0.12421715,3,-1,-1
1057.44,84.503494,8.608643,12.994728,0.12410438,1,-1,-1
1137.9324,222.53284,46.12024,27.009628,0.12401816,8,-1,-1
637.1234,263.02048,31.235657,35.982147,0.12382144,7,-1,-1
843.6932,39.507324,6.8552246,13.6941185,0.12372357,1,-1,-1
761.441,25.281065,21.999268,15.30393,0.12357649,6,-1,-1
666.3881,105.886024,20.529358,14.740234,0.12348166,4,-1,-1
1021.0646,53.905052,33.06067,16.888,0.12341538,6,-1,-1
