464.81287,133.34407,19.992462,49.574707,0.9238104,1,-1,-1
259.46548,344.27866,39.822693,74.58072,0.8601439,1,-1,-1
812.82294,440.31354,35.47583,80.16907,0.857193,1,-1,-1
491.05,121.310005,19.337036,48.381493,0.8479161,1,-1,-1
1034.3743,201.30457,28.802979,59.428802,0.830222,1,-1,-1
83.18273,62.69332,20.058517,38.956627,0.8293774,1,-1,-1
535.8022,130.3731,18.399963,44.971375,0.78291476,1,-1,-1
23.931887,0.0,15.523882,32.18387,0.76612437,1,-1,-1
667.5171,437.91928,30.183838,78.73465,0.76316035,1,-1,-1
774.37463,124.20696,19.129517,40.421318,0.7546798,1,-1,-1
1139.6257,60.736774,19.512451,40.667423,0.7231306,1,-1,-1
510.2208,123.8131,19.18747,42.903664,0.7118587,1,-1,-1
682.87366,127.97279,14.346619,34.68007,0.70967656,1,-1,-1
664.6995,128.48926,13.737244,31.877777,0.7092594,1,-1,-1
648.7594,123.6202,15.741699,36.053444,0.70750976,1,-1,-1
738.34546,124.8836,16.542053,39.12368,0.7030395,1,-1,-1
792.24506,122.793785,17.984192,40.602486,0.70091486,1,-1,-1
554.8384,154.60205,15.464661,39.219208,0.6968923,1,-1,-1
583.7246,78.35325,13.414734,28.96743,0.6914416,1,-1,-1
1028.0206,131.04877,16.196167,38.42343,0.67308694,1,-1,-1
675.2342,132.40984,13.028076,29.813705,0.66755664,1,-1,-1
780.56854,50.41597,15.494873,36.441788,0.6554173,1,-1,-1
764.1513,92.142296,18.455566,42.47074,0.6550444,1,-1,-1
1122.1466,132.13472,16.124756,36.542908,0.64021003,1,-1,-1
725.13354,124.69155,14.6397705,43.04931,0.63641894,1,-1,-1
695.3876,130.92278,15.291687,32.74669,0.626886,1,-1,-1
325.08093,34.293747,14.285828,27.260956,0.6265061,2,-1,-1
951.83636,129.13248,15.542603,37.467728,0.61236465,1,-1,-1
747.12744,289.28598,37.77594,64.506165,0.6087298,2,-1,-1
1092.6827,61.07013,15.414307,35.192123,0.6080154,1,-1,-1
602.2476,75.725334,15.335632,31.614716,0.60695183,1,-1,-1
670.2416,131.16322,14.244324,30.806244,0.59946555,1,-1,-1
605.0203,176.80795,37.14673,26.48236,0.59936607,10,-1,-1
910.3113,133.08105,14.795959,32.939163,0.58871746,1,-1,-1
1160.6216,132.81836,15.001465,31.017044,0.5866467,2,-1,-1
1151.0116,128.84926,16.233887,25.470947,0.58108926,2,-1,-1
937.28827,136.3651,14.647217,30.079819,0.57603943,1,-1,-1
1009.9281,130.71474,17.224731,36.7733,0.56722355,1,-1,-1
758.73694,130.19328,17.782959,34.08542,0.56506133,1,-1,-1
787.1371,100.752785,15.174194,36.17907,0.56317043,1,-1,-1
810.2882,128.93758,15.07959,34.269806,0.55837226,1,-1,-1
713.5155,127.08495,15.0737915,36.311073,0.54852223,1,-1,-1
0.0,35.220715,13.698676,40.14419,0.5451953,1,-1,-1
1105.0424,96.813805,15.072632,22.628242,0.5350577,2,-1,-1
319.5942,39.87328,43.339172,28.653934,0.5342453,10,-1,-1
985.20087,129.03804,16.77008,37.496674,0.52985674,1,-1,-1
516.6621,144.63301,20.70642,45.060623,0.5229703,1,-1,-1
574.57117,123.22351,17.922974,37.67769,0.519236,1,-1,-1
1159.1089,128.66536,15.062744,24.029419,0.51701903,2,-1,-1
833.87823,127.678024,15.450684,35.48439,0.51572126,2,-1,-1
616.5521,169.37582,17.730103,27.554703,0.51551306,2,-1,-1
967.35516,135.32875,17.195679,31.564026,0.513848,1,-1,-1
501.9883,155.9204,19.438202,27.590515,0.5128809,2,-1,-1
1141.3984,134.3503,16.302368,34.47603,0.511924,1,-1,-1
625.7178,128.1085,15.351135,33.671783,0.50969636,1,-1,-1
613.93005,139.60725,13.14679,31.58699,0.50488883,1,-1,-1
601.89215,126.01505,16.287476,26.06623,0.5046824,2,-1,-1
606.1054,138.37482,13.955017,34.27333,0.49919355,1,-1,-1
1077.0836,134.65434,17.038574,31.64151,0.49878573,1,-1,-1
1141.3984,134.3503,16.302368,34.47603,0.49628502,2,-1,-1
620.6155,124.20697,14.533081,34.45833,0.49343196,1,-1,-1
725.67615,101.68282,15.167908,36.57984,0.4918288,1,-1,-1
891.23,133.1353,14.632446,32.284424,0.4858989,1,-1,-1
695.74695,130.78484,15.905701,33.42372,0.48500153,2,-1,-1
966.01526,135.04506,17.790344,31.540176,0.48117647,2,-1,-1
985.1691,131.42462,18.93634,33.28459,0.47496328,2,-1,-1
726.03754,112.915665,13.665649,38.635635,0.47314394,1,-1,-1
741.2974,289.9348,50.89557,69.27908,0.47283798,10,-1,-1
571.4913,154.39227,15.129822,37.570816,0.47237864,1,-1,-1
822.3314,126.8707,14.889954,36.699677,0.45256475,2,-1,-1
925.3569,137.47011,16.23236,29.447266,0.45044047,2,-1,-1
1109.5923,60.980137,19.642334,37.521946,0.43964738,1,-1,-1
288.93555,31.212845,13.060303,24.548859,0.43721434,1,-1,-1
867.2296,128.92018,14.0401,35.045303,0.43703556,2,-1,-1
757.35345,130.39537,19.46228,32.60344,0.427128,2,-1,-1
691.7958,130.78511,13.912903,31.936249,0.42670825,2,-1,-1
929.0891,136.56293,15.026672,30.575073,0.41960976,1,-1,-1
590.7021,130.49477,15.111328,29.066467,0.41450974,2,-1,-1
1094.9174,94.16104,15.249268,19.686684,0.41326255,2,-1,-1
901.5117,132.44484,14.043579,32.811646,0.40808,1,-1,-1
1089.1354,90.718925,15.043091,22.792007,0.4063118,2,-1,-1
910.4544,132.96193,14.454163,33.60504,0.40537462,2,-1,-1
888.1181,129.74223,14.611511,36.10663,0.40442717,2,-1,-1
322.08908,37.43991,25.695923,25.069603,0.40023097,2,-1,-1
810.1103,128.91138,15.748901,34.249954,0.39813036,2,-1,-1
691.86707,131.37779,12.939209,30.611008,0.39723012,1,-1,-1
1060.4397,54.723186,19.022339,25.503368,0.39656603,2,-1,-1
823.0838,128.64667,14.239624,34.490555,0.39368775,1,-1,-1
590.7021,130.49477,15.111328,29.066467,0.39231148,1,-1,-1
937.28827,136.3651,14.647217,30.079819,0.38561967,2,-1,-1
682.87366,127.97279,14.346619,34.68007,0.3854856,2,-1,-1
835.4659,127.86317,14.016663,34.888115,0.38492095,1,-1,-1
901.6743,131.67023,13.90094,33.202927,0.38440967,2,-1,-1
896.7673,134.05313,14.444702,31.987198,0.38027,1,-1,-1
875.96216,130.34935,13.733765,35.440903,0.37880632,2,-1,-1
923.8443,136.5204,13.984741,28.890167,0.37755692,1,-1,-1
867.2296,128.92018,14.0401,35.045303,0.3774442,1,-1,-1
603.05176,126.84797,15.547913,32.851204,0.37415057,1,-1,-1
1099.4133,93.73642,15.794312,22.054703,0.37410593,2,-1,-1
1008.0558,132.1778,19.68103,33.630707,0.37338862,2,-1,-1
325.08093,34.293747,14.285828,27.260956,0.3696249,1,-1,-1
881.089,130.33586,14.422119,35.502274,0.36896598,2,-1,-1
501.71698,155.44873,19.251526,28.243576,0.36750996,1,-1,-1
896.84607,134.3697,14.572632,31.38417,0.36415476,2,-1,-1
881.3228,132.15105,14.569397,33.87851,0.3608635,1,-1,-1
1158.4706,143.79265,15.968018,25.326492,0.36012185,2,-1,-1
875.96216,130.34935,13.733765,35.440903,0.35953268,1,-1,-1
1075.8049,134.5578,18.302246,32.476074,0.35568538,2,-1,-1
1090.3171,72.09732,16.10254,34.79902,0.35313725,1,-1,-1
675.2342,132.40984,13.028076,29.813705,0.34978235,2,-1,-1
538.8404,67.59233,13.738464,26.277405,0.34959972,2,-1,-1
951.7793,130.89177,16.30542,33.85417,0.34915692,2,-1,-1
1059.3068,60.44202,14.840332,26.83833,0.3467949,2,-1,-1
745.4439,288.4027,36.2359,64.67923,0.33998138,1,-1,-1
541.24536,69.03087,12.049072,27.188187,0.33667836,1,-1,-1
1071.9961,73.405556,15.861572,20.59694,0.33158964,2,-1,-1
1092.71,62.20295,15.454224,33.74032,0.3277437,2,-1,-1
332.61572,36.76371,26.120941,27.802414,0.32716197,2,-1,-1
1090.6968,74.07963,14.964233,32.149055,0.3265496,2,-1,-1
504.41165,146.09988,21.246185,42.470078,0.32109994,1,-1,-1
1054.522,63.91359,35.257935,28.029778,0.32015836,10,-1,-1
533.4991,70.680115,15.578125,25.464424,0.31918406,2,-1,-1
763.7984,92.61059,17.934631,41.05416,0.31730276,2,-1,-1
622.4227,124.316734,15.247803,33.58956,0.31590295,2,-1,-1
424.514,55.74764,17.112305,38.638294,0.313501,1,-1,-1
1105.0424,96.813805,15.072632,22.628242,0.31211287,1,-1,-1
1119.8805,133.34306,18.156128,34.910004,0.30968174,2,-1,-1
1160.6216,132.81836,15.001465,31.017044,0.30940473,1,-1,-1
1072.3127,54.921215,16.288818,26.584896,0.3087244,2,-1,-1
574.58057,122.8297,20.233276,37.350494,0.30709803,2,-1,-1
43.41881,22.13,13.917393,24.104319,0.30462086,2,-1,-1
725.69885,100.903496,15.012573,32.477776,0.30251166,2,-1,-1
1083.3237,133.67741,17.53003,25.14235,0.29765123,2,-1,-1
42.83204,21.194275,14.086296,26.739277,0.29757428,1,-1,-1
614.11554,139.25009,13.252991,31.906326,0.29659843,2,-1,-1
1055.2722,53.77033,33.1438,28.533863,0.29634273,10,-1,-1
1151.3209,129.28714,15.271484,27.275238,0.29254574,1,-1,-1
323.1145,35.452507,23.98642,28.346573,0.2919137,10,-1,-1
329.80914,38.130386,13.0182495,24.13905,0.29137355,2,-1,-1
607.861,141.33661,14.891235,33.303696,0.28945684,2,-1,-1
665.0317,128.29858,14.50238,32.032288,0.28888255,2,-1,-1
1079.5807,59.752808,12.483276,24.856941,0.288863,2,-1,-1
318.5329,40.437576,45.564667,27.758934,0.28750533,7,-1,-1
288.61627,30.951693,13.52359,24.770514,0.28718573,2,-1,-1
1089.0382,90.81493,14.606934,25.46859,0.28615552,1,-1,-1
501.7154,156.58789,29.614807,35.99057,0.28343678,10,-1,-1
1057.4645,66.79965,23.944214,24.23323,0.27674395,2,-1,-1
649.1291,123.773705,15.530945,35.905785,0.27334008,2,-1,-1
610.2382,173.63406,30.37616,28.663925,0.27273244,2,-1,-1
670.2416,131.16322,14.244324,30.806244,0.27227408,2,-1,-1
87.34043,26.223753,22.154938,22.62649,0.26981375,7,-1,-1
507.1188,150.65588,37.3414,45.168076,0.26833194,10,-1,-1
595.866,125.825005,17.251465,28.361214,0.2679177,2,-1,-1
787.1371,100.752785,15.174194,36.17907,0.2676429,2,-1,-1
1164.3544,140.65965,12.144897,20.94873,0.26702434,2,-1,-1
780.0967,50.526573,15.922363,37.208496,0.26298907,2,-1,-1
626.52454,128.94786,14.411438,32.249573,0.2581937,2,-1,-1
1058.8766,68.34031,17.526855,22.30175,0.25455356,10,-1,-1
1267.5264,57.75531,47.086792,37.356247,0.24792543,3,-1,-1
571.2261,153.97038,14.43335,35.69142,0.24706984,2,-1,-1
1028.0206,131.04877,16.196167,38.42343,0.24689329,2,-1,-1
518.4031,146.85597,17.062683,38.360123,0.24679747,2,-1,-1
971.9035,135.62979,17.45575,30.23108,0.2456209,2,-1,-1
883.98047,246.49838,70.50116,57.027466,0.24549037,8,-1,-1
335.75735,38.046165,14.705261,23.975933,0.24521992,2,-1,-1
583.26074,78.3505,14.211792,28.65303,0.24495617,2,-1,-1
613.43054,172.6076,25.193726,25.501709,0.24407735,10,-1,-1
530.0977,72.536995,13.577026,21.126686,0.23834425,2,-1,-1
1083.3237,133.67741,17.53003,25.14235,0.23796025,1,-1,-1
713.21014,127.42157,15.007935,35.380585,0.23757932,2,-1,-1
1221.9327,53.444168,55.483643,41.27745,0.23722455,7,-1,-1
1095.1029,94.02195,14.552368,20.365013,0.23720643,1,-1,-1
1078.14,71.48252,13.99707,19.3732,0.23657745,2,-1,-1
1159.1237,139.09363,16.340088,27.804688,0.23633045,10,-1,-1
1267.4426,56.910194,47.61841,38.2675,0.23619059,10,-1,-1
884.4415,245.06096,70.493286,59.39305,0.23599863,7,-1,-1
513.8767,152.68648,15.042297,29.425278,0.23561355,2,-1,-1
1143.6552,130.72505,15.343628,23.352646,0.23498875,2,-1,-1
792.295,122.55522,17.99707,40.907623,0.23071247,2,-1,-1
1267.5264,57.75531,47.086792,37.356247,0.23043421,7,-1,-1
738.3783,124.83312,16.075073,40.896217,0.22902524,2,-1,-1
320.6149,40.369694,22.28769,22.918167,0.22744098,3,-1,-1
995.3678,131.32707,14.850403,28.475525,0.22675723,2,-1,-1
605.1784,177.4934,37.460327,25.502472,0.22485995,3,-1,-1
725.417,119.16536,14.614563,41.21161,0.22021973,2,-1,-1
1064.4799,54.971046,15.821045,27.264854,0.21688026,1,-1,-1
931.5294,135.9307,12.563904,29.021454,0.2163454,2,-1,-1
525.7223,75.87842,21.70105,21.982826,0.21266037,2,-1,-1
535.8022,130.3731,18.399963,44.971375,0.21254647,2,-1,-1
995.3678,131.32707,14.850403,28.475525,0.2124157,1,-1,-1
1059.3423,56.35375,15.293213,26.918262,0.21235168,1,-1,-1
533.4991,70.680115,15.578125,25.464424,0.21233666,1,-1,-1
1221.9656,54.50431,47.149292,40.19599,0.21152872,8,-1,-1
960.4332,135.88367,14.843689,30.580093,0.21097848,1,-1,-1
594.7,125.81055,17.04602,31.696701,0.2104932,1,-1,-1
834.26483,130.44936,14.752991,33.842377,0.2056973,3,-1,-1
1066.2158,69.73411,13.528442,23.105515,0.20155779,2,-1,-1
1089.9609,87.78215,12.434326,18.179047,0.20105132,2,-1,-1
1072.3127,54.921215,16.288818,26.584896,0.20105058,1,-1,-1
1070.8684,64.31066,21.888428,26.548737,0.19714263,2,-1,-1
523.7817,79.88445,10.603943,17.062744,0.19496307,2,-1,-1
1079.1237,58.52861,12.7948,26.422157,0.19402304,1,-1,-1
753.8899,128.9656,17.772034,24.758667,0.1920009,2,-1,-1
650.42706,142.28197,11.889404,17.103851,0.19156653,2,-1,-1
766.3402,100.63796,23.13147,47.711876,0.19128639,1,-1,-1
332.61572,36.76371,26.120941,27.802414,0.18965536,10,-1,-1
968.34357,136.80742,12.273499,19.077835,0.18941978,2,-1,-1
510.44922,123.33682,17.677856,39.358536,0.18820119,2,-1,-1
735.6921,289.80875,52.689148,70.11536,0.18818474,7,-1,-1
945.40393,130.87904,14.815796,32.587463,0.1880188,1,-1,-1
501.7154,156.58789,29.614807,35.99057,0.18734473,2,-1,-1
988.4993,129.02336,11.940918,25.101547,0.1873143,2,-1,-1
320.36792,40.13401,43.236145,28.564278,0.1869623,3,-1,-1
616.2301,170.08748,19.378967,27.863922,0.1867623,1,-1,-1
1099.4133,93.73642,15.794312,22.054703,0.18545839,1,-1,-1
1061.845,63.303173,13.690186,26.324093,0.18321645,1,-1,-1
1053.0312,61.5678,40.60205,30.698513,0.18315783,7,-1,-1
725.67615,101.68282,15.167908,36.57984,0.18248647,10,-1,-1
622.8509,126.39106,18.233154,34.661736,0.18073428,10,-1,-1
1159.1237,139.09363,16.340088,27.804688,0.18017522,3,-1,-1
774.93005,123.82568,19.14447,39.69429,0.18014085,2,-1,-1
1159.3208,129.07793,14.363525,24.272324,0.17922649,1,-1,-1
966.5653,135.25589,17.51117,30.901123,0.17920369,10,-1,-1
1092.8232,85.15392,14.763306,25.36148,0.1789338,2,-1,-1
319.48196,47.86005,28.08551,19.296017,0.17885697,3,-1,-1
525.8191,75.72073,26.72754,21.670036,0.17486235,10,-1,-1
493.013,134.64207,22.837708,46.617188,0.1742476,1,-1,-1
617.70496,132.5893,13.724548,33.88719,0.17281756,1,-1,-1
86.452835,24.63435,22.488136,23.93687,0.17248914,10,-1,-1
528.38324,77.99049,12.721497,18.689514,0.17127874,2,-1,-1
834.26483,130.44936,14.752991,33.842377,0.17127126,10,-1,-1
600.9982,75.52428,15.192566,31.600777,0.17096284,2,-1,-1
837.53864,132.67435,14.90802,25.994812,0.16843054,2,-1,-1
1092.8232,85.15392,14.763306,25.36148,0.1683062,1,-1,-1
319.49066,40.267986,44.156372,27.475735,0.16754547,8,-1,-1
695.1585,129.72952,17.071106,34.08992,0.16728869,10,-1,-1
507.1188,150.65588,37.3414,45.168076,0.16727641,1,-1,-1
1165.0206,129.38457,9.114014,16.544937,0.16622376,2,-1,-1
321.17728,36.61319,32.925507,29.692993,0.165863,1,-1,-1
1072.1616,73.34881,14.737305,20.893867,0.16530979,1,-1,-1
823.28156,131.61679,14.33313,31.973267,0.16317001,10,-1,-1
533.0112,73.2912,8.971069,15.209572,0.1621733,2,-1,-1
731.8161,302.6299,27.463623,58.39203,0.16194704,1,-1,-1
1102.586,86.46144,13.893555,20.91159,0.15978399,2,-1,-1
834.6455,127.95609,11.474243,23.889427,0.15923905,2,-1,-1
511.51077,147.20209,29.849335,47.04608,0.15896353,2,-1,-1
1065.9264,60.092377,12.609253,26.248947,0.15782422,2,-1,-1
1266.7728,57.403507,47.76941,37.998615,0.15778661,8,-1,-1
329.3864,37.585556,13.904205,24.362122,0.15647623,1,-1,-1
603.59656,177.54568,38.764343,25.711136,0.15554985,7,-1,-1
680.45544,130.81355,16.49585,31.504929,0.15425894,10,-1,-1
584.1291,128.46626,17.613281,31.211044,0.1528374,1,-1,-1
759.86365,118.993385,21.939209,41.041664,0.15276808,1,-1,-1
884.4415,245.06096,70.493286,59.39305,0.15242442,4,-1,-1
730.94727,289.09015,65.76544,70.819916,0.1523768,3,-1,-1
825.2319,127.14409,11.519409,22.9216,0.15191555,2,-1,-1
514.50183,128.3873,24.519287,47.49765,0.15177524,1,-1,-1
1267.0471,57.32087,47.18872,38.22473,0.15169403,2,-1,-1
727.20215,117.22376,11.732056,28.080864,0.15134788,2,-1,-1
1084.8887,90.78627,25.048828,28.804543,0.15040436,2,-1,-1
600.545,126.52926,14.670288,23.865715,0.1501526,1,-1,-1
1072.06,59.727444,20.145508,31.945538,0.14995307,1,-1,-1
320.90195,48.215076,31.462433,18.9343,0.14955842,10,-1,-1
884.1234,246.59001,70.407715,56.814194,0.14878279,10,-1,-1
766.47797,129.63322,17.30896,32.079926,0.1481291,1,-1,-1
960.4332,135.88367,14.843689,30.580093,0.14793265,2,-1,-1
530.26575,72.40655,13.617554,21.97799,0.14734504,1,-1,-1
320.07553,40.115955,43.90451,27.606098,0.14646974,2,-1,-1
1055.2722,53.77033,33.1438,28.533863,0.14625123,7,-1,-1
1077.1943,135.17732,18.08252,30.771362,0.1453993,10,-1,-1
1139.7346,134.10057,13.838501,21.599167,0.14450434,2,-1,-1
825.41656,139.62468,11.49292,23.368683,0.14413005,2,-1,-1
914.8737,133.03027,14.327026,30.54657,0.1439743,2,-1,-1
668.3874,436.0493,29.705322,80.27188,0.14371857,3,-1,-1
414.59427,13.42414,42.91333,39.81042,0.14359125,3,-1,-1
1068.2974,73.449715,21.963501,19.536041,0.1435327,10,-1,-1
528.1139,73.93661,23.055115,23.674797,0.14338931,7,-1,-1
1134.7017,131.99466,16.925903,34.487625,0.14330631,1,-1,-1
1082.005,135.16653,12.37854,20.293106,0.1432254,2,-1,-1
0.0,35.220715,13.698676,40.14419,0.14279473,2,-1,-1
667.9103,436.05774,30.055237,80.52063,0.14277852,10,-1,-1
425.24866,58.896297,16.154297,35.42171,0.14244026,2,-1,-1
863.1026,138.15884,14.316895,27.122635,0.1413283,2,-1,-1
515.182,163.2503,10.638428,19.705673,0.14098507,2,-1,-1
323.1145,35.452507,23.98642,28.346573,0.14056128,7,-1,-1
823.28156,131.61679,14.33313,31.973267,0.13890412,3,-1,-1
915.1591,135.17644,15.229065,30.89067,0.13882715,1,-1,-1
1144.1675,134.34851,11.045654,22.426834,0.13878155,1,-1,-1
1061.0476,64.79031,9.858276,20.195312,0.13849962,2,-1,-1
1057.4645,66.79965,23.944214,24.23323,0.13828793,1,-1,-1
709.44354,125.770325,15.324707,31.696533,0.13790864,1,-1,-1
523.7817,79.88445,10.603943,17.062744,0.13751441,1,-1,-1
1267.0471,57.32087,47.18872,38.22473,0.13730353,1,-1,-1
519.63586,155.10783,14.300903,31.31041,0.13714439,1,-1,-1
512.8792,153.69324,15.811218,27.66455,0.13707575,1,-1,-1
1162.4303,130.91171,9.486328,17.45929,0.13665417,2,-1,-1
500.106,155.56313,35.407013,39.12857,0.13644746,7,-1,-1
543.2189,69.958046,7.748596,21.04499,0.13627988,1,-1,-1
497.8142,157.98338,41.01935,35.917847,0.13550189,3,-1,-1
1054.3656,53.84795,34.027954,33.37821,0.13533968,2,-1,-1
413.64514,12.707742,42.959076,41.464226,0.13499165,10,-1,-1
1059.6976,62.90147,23.26001,22.645504,0.13439038,10,-1,-1
424.514,55.74764,17.112305,38.638294,0.13385925,10,-1,-1
820.6319,127.19076,12.76947,25.454765,0.13382268,2,-1,-1
598.37177,126.981384,17.971252,28.82109,0.13358852,10,-1,-1
1108.2927,60.801273,20.298218,38.258984,0.13215283,2,-1,-1
731.8161,302.6299,27.463623,58.39203,0.131562,2,-1,-1
925.1551,137.6885,16.54309,28.941696,0.1312033,10,-1,-1
821.1895,138.14578,12.1866455,24.792816,0.13062435,2,-1,-1
1056.5831,54.18941,30.001099,26.374935,0.12978828,1,-1,-1
606.0086,128.26892,11.656067,17.997665,0.12970176,2,-1,-1
664.46796,128.27567,15.606873,32.471085,0.12963566,10,-1,-1
728.0846,109.74943,10.063232,25.10096,0.12957221,1,-1,-1
1115.6969,135.02914,18.406006,31.798126,0.12941691,1,-1,-1
613.43054,172.6076,25.193726,25.501709,0.12927607,3,-1,-1
534.41766,72.81445,8.9105835,16.622131,0.12867385,1,-1,-1
320.07553,40.115955,43.90451,27.606098,0.12866831,4,-1,-1
543.35284,76.826614,8.282715,18.99701,0.12857458,2,-1,-1
999.31165,129.81259,16.885742,30.397995,0.12840575,2,-1,-1
601.0324,127.872986,11.772217,18.79628,0.12806076,2,-1,-1
761.6959,129.79625,12.799316,24.756805,0.1278117,2,-1,-1
1221.9781,54.227116,52.292725,39.369495,0.12771589,3,-1,-1
572.6223,155.50494,11.017395,23.936981,0.12765184,1,-1,-1
1060.5768,58.022953,10.58728,19.92992,0.12760279,2,-1,-1
590.6091,129.27214,18.727295,31.946136,0.12702826,10,-1,-1
600.0847,133.00906,14.154785,31.06723,0.12689626,1,-1,-1
584.1291,128.46626,17.613281,31.211044,0.12628305,2,-1,-1
1054.3684,60.0625,14.825195,26.947517,0.12620282,1,-1,-1
813.2915,440.58353,34.96167,79.92972,0.12618828,4,-1,-1
988.4993,129.02336,11.940918,25.101547,0.12601775,1,-1,-1
987.627,537.226,10.61322,11.724976,0.1253554,1,-1,-1
809.3017,129.45721,16.96344,33.605423,0.12496281,10,-1,-1
535.6741,72.32784,10.229553,18.759018,0.12493244,2,-1,-1
592.69745,136.21185,11.396606,19.231491,0.124676734,2,-1,-1
838.06683,138.35281,13.35321,24.51471,0.12422067,3,-1,-1
755.7166,131.39711,12.153442,16.020065,0.12329477,2,-1,-1
606.67926,133.37912,11.051819,20.328506,0.122823834,2,-1,-1
654.07605,128.99438,12.805664,30.205612,0.12249169,1,-1,-1
1155.6641,130.17445,23.983276,38.831253,0.12212768,2,-1,-1
24.133162,0.0,15.05892,32.458363,0.121917576,2,-1,-1
511.51077,147.20209,29.849335,47.04608,0.12179488,7,-1,-1
1056.1606,65.24073,29.232544,26.603867,0.12151909,3,-1,-1
519.9221,140.13147,14.6154175,34.669693,0.121506155,1,-1,-1
511.02368,134.93172,23.94812,48.145493,0.121447116,2,-1,-1
464.51385,133.28839,20.233795,49.534134,0.12129393,4,-1,-1
1109.5356,97.25413,9.842529,16.327065,0.12127751,2,-1,-1
982.0104,127.83151,15.907471,28.464417,0.12107694,2,-1,-1
1165.6111,138.6238,9.074097,16.326187,0.12077317,2,-1,-1
718.48926,126.28206,12.688171,33.40535,0.11991981,2,-1,-1
945.40393,130.87904,14.815796,32.587463,0.11977351,2,-1,-1
510.58432,123.96257,18.871918,42.958145,0.119586945,10,-1,-1
1142.3401,132.80402,20.429688,33.368607,0.11931226,10,-1,-1
1077.899,68.50484,14.134399,22.624054,0.1192117,1,-1,-1
525.76337,67.54849,15.147156,27.372215,0.11898419,2,-1,-1
749.09534,294.4381,24.095276,50.096405,0.11892116,2,-1,-1
1073.807,76.118835,9.782593,16.157837,0.11872056,2,-1,-1
869.01733,129.85966,10.870911,21.522507,0.118664,2,-1,-1
600.23413,76.7738,13.310486,23.270523,0.11845395,1,-1,-1
763.7984,92.61059,17.934631,41.05416,0.11824328,10,-1,-1
600.0847,133.00906,14.154785,31.06723,0.11815688,2,-1,-1
792.295,122.55522,17.99707,40.907623,0.11812964,10,-1,-1
652.38153,143.66084,9.781677,15.249985,0.11781648,1,-1,-1
617.2147,133.46169,14.6779785,32.272476,0.11729309,2,-1,-1
863.1026,138.15884,14.316895,27.122635,0.11710742,1,-1,-1
516.1061,144.42834,21.892517,47.190125,0.11642063,10,-1,-1
985.3228,130.89928,18.629944,34.427475,0.116386294,10,-1,-1
649.5367,124.79362,16.425415,35.04284,0.11637643,10,-1,-1
504.98508,162.4331,17.440887,27.508118,0.115929425,1,-1,-1
573.50665,123.97503,21.800415,37.779106,0.115885794,10,-1,-1
1158.0991,142.47876,19.091309,27.09697,0.11587566,1,-1,-1
1090.0176,87.47842,12.702515,19.342896,0.11580914,1,-1,-1
1102.7649,102.03215,18.986938,24.90564,0.11574131,2,-1,-1
1104.8156,70.46276,18.920898,36.973305,0.115505636,1,-1,-1
606.99274,137.2263,17.225159,35.44928,0.11539644,10,-1,-1
507.1188,150.65588,37.3414,45.168076,0.11521724,4,-1,-1
1104.5016,96.744705,15.856445,22.755478,0.11451757,10,-1,-1
554.8113,154.25864,15.739136,39.887253,0.114047796,2,-1,-1
1055.3666,62.034435,13.940186,24.421085,0.113716334,2,-1,-1
903.4414,131.38564,12.564453,19.774063,0.113686234,2,-1,-1
1102.4607,86.12523,13.664185,22.129623,0.11367026,1,-1,-1
525.7223,75.87842,21.70105,21.982826,0.11360696,1,-1,-1
86.36602,24.403292,21.657616,24.159636,0.113586634,3,-1,-1
603.27246,134.2018,24.137146,36.916992,0.11344546,2,-1,-1
653.2013,139.5799,13.811157,20.677063,0.11324832,2,-1,-1
719.756,126.56219,10.913025,29.959572,0.11323279,1,-1,-1
505.8438,165.67805,16.654663,23.062393,0.11304757,2,-1,-1
905.366,133.32881,8.7265625,26.170303,0.11299774,2,-1,-1
867.43317,145.80415,13.065308,20.148697,0.112816095,2,-1,-1
1065.064,70.29962,14.627197,22.295464,0.112614006,10,-1,-1
1034.3743,201.30457,28.802979,59.428802,0.112609625,4,-1,-1
951.0995,130.4698,17.220093,34.776917,0.11223346,10,-1,-1
731.6497,290.2334,64.43677,70.673004,0.1119892,8,-1,-1
511.7298,164.96458,16.211914,25.129059,0.11170673,2,-1,-1
1159.3131,130.88751,8.804321,17.615646,0.11141509,2,-1,-1
654.6905,143.79276,9.851257,14.306793,0.111382544,2,-1,-1
1165.0206,129.38457,9.114014,16.544937,0.11097342,1,-1,-1
584.7425,79.9292,9.081909,19.543518,0.11094773,1,-1,-1
685.8843,136.34586,8.7547,25.435638,0.11094731,1,-1,-1
1149.3887,129.71684,19.84082,24.572601,0.110699,3,-1,-1
811.8504,439.5561,34.483215,77.746155,0.11066502,2,-1,-1
1124.9598,134.10172,10.448364,27.26831,0.110393316,1,-1,-1
1160.9547,142.75273,10.600464,18.760773,0.11029747,2,-1,-1
936.838,136.46072,15.529297,29.842987,0.11029616,10,-1,-1
631.2964,131.1152,13.935547,28.589462,0.110218346,1,-1,-1
724.20135,119.88907,15.268738,38.187057,0.11004621,10,-1,-1
764.1513,92.142296,18.455566,42.47074,0.109996766,4,-1,-1
492.58325,121.96213,15.313538,43.590836,0.10999486,2,-1,-1
1159.0802,129.43489,14.644653,27.848846,0.10912678,10,-1,-1
614.9549,137.94638,9.967224,21.365555,0.10912007,2,-1,-1
1132.5178,132.14493,21.133423,35.005814,0.10908064,2,-1,-1
693.6374,133.05287,7.7819824,24.778778,0.10900891,2,-1,-1
789.3435,109.05444,14.23407,39.79918,0.10815701,1,-1,-1
784.49194,50.367638,9.722107,24.955254,0.10779479,2,-1,-1
1110.8652,135.1084,12.631348,20.811325,0.107672065,2,-1,-1
608.3431,173.68893,33.016296,29.119339,0.107254714,1,-1,-1
336.1242,37.494404,20.800873,25.305374,0.10725078,1,-1,-1
539.0688,129.72377,16.239563,25.711166,0.10721883,2,-1,-1
1053.0312,61.5678,40.60205,30.698513,0.10689622,8,-1,-1
621.9734,125.72551,10.319763,26.371994,0.10664895,2,-1,-1
1112.7141,133.4527,20.089233,25.328323,0.106619865,2,-1,-1
87.93015,26.212801,22.549225,22.957872,0.106358886,8,-1,-1
1145.3298,132.59406,10.318848,16.072266,0.10614085,2,-1,-1
603.05176,126.84797,15.547913,32.851204,0.106107414,3,-1,-1
848.8202,137.0106,16.98462,25.186646,0.10605672,2,-1,-1
703.233,129.37834,15.334778,32.43982,0.10584712,1,-1,-1
1066.2158,69.73411,13.528442,23.105515,0.10582566,1,-1,-1
623.06415,125.234505,17.02832,35.77517,0.1057522,3,-1,-1
504.05017,155.60544,21.186707,35.16017,0.10574612,3,-1,-1
783.9334,57.054688,9.973694,28.060562,0.10567781,1,-1,-1
971.4512,133.35321,20.043945,34.85196,0.10547829,1,-1,-1
1068.926,75.265816,12.299683,21.098152,0.105345756,2,-1,-1
606.67926,133.37912,11.051819,20.328506,0.10525495,1,-1,-1
933.7368,136.22403,9.142151,25.32254,0.1051417,1,-1,-1
728.0846,109.74943,10.063232,25.10096,0.105089754,2,-1,-1
1106.1511,75.240524,15.410034,30.936989,0.10502264,2,-1,-1
571.64703,153.56392,14.709778,39.4021,0.1048142,10,-1,-1
934.38983,136.73114,8.15918,22.036728,0.10465038,2,-1,-1
1075.3887,63.463886,12.100464,20.62128,0.10461581,2,-1,-1
773.8658,123.8152,20.697205,40.848953,0.104379594,4,-1,-1
528.38324,77.99049,12.721497,18.689514,0.10414919,1,-1,-1
999.31165,129.81259,16.885742,30.397995,0.10391757,1,-1,-1
1076.745,70.33922,15.567749,21.378372,0.1037797,10,-1,-1
736.23694,288.2547,51.4599,73.33078,0.10365659,4,-1,-1
1083.3237,133.67741,17.53003,25.14235,0.10335818,10,-1,-1
901.5117,132.44484,14.043579,32.811646,0.10315034,10,-1,-1
1008.0558,132.1778,19.68103,33.630707,0.10310969,10,-1,-1
693.6374,133.05287,7.7819824,24.778778,0.102880865,1,-1,-1
667.5171,437.91928,30.183838,78.73465,0.10286999,4,-1,-1
835.4996,139.14291,11.431824,24.698761,0.102333575,2,-1,-1
933.7368,146.87929,9.315308,19.745773,0.102256924,2,-1,-1
517.6297,127.78666,15.958557,34.478523,0.10219273,1,-1,-1
1096.1255,97.24873,15.545654,20.458878,0.10215789,10,-1,-1
1067.5032,54.42205,23.071411,21.345474,0.10204327,10,-1,-1
907.59375,134.33607,15.462402,30.5587,0.10195941,10,-1,-1
543.0608,69.36071,7.8515015,19.37445,0.10190523,2,-1,-1
1086.7971,93.53511,21.51941,23.651054,0.10190073,10,-1,-1
813.7699,438.91727,33.364685,81.60037,0.10184735,10,-1,-1
1098.7943,99.02318,10.266357,16.257683,0.101733625,2,-1,-1
82.65268,63.03216,20.702187,39.33588,0.101326495,2,-1,-1
415.56192,16.281399,36.553497,37.151405,0.10129273,2,-1,-1
906.6746,129.58784,15.280273,30.49913,0.10119298,1,-1,-1
1142.8922,130.1082,17.113403,21.750824,0.10108736,1,-1,-1
502.4682,155.04929,46.351257,40.438797,0.10084623,8,-1,-1
622.85364,125.9668,8.694153,24.856522,0.10079202,1,-1,-1
1164.8046,140.4432,11.775513,21.338196,0.100411385,1,-1,-1
424.76254,56.18562,16.469696,37.70496,0.09993577,3,-1,-1
870.141,129.34932,8.904541,23.285278,0.09975138,1,-1,-1
838.06683,138.35281,13.35321,24.51471,0.09972978,10,-1,-1
493.92105,121.731926,11.2092285,22.54943,0.099709004,2,-1,-1
719.92255,117.73665,14.220459,33.15567,0.09967363,1,-1,-1
784.22546,50.768715,10.259827,23.437859,0.099534065,1,-1,-1
878.0722,132.11235,8.394592,27.12387,0.099529535,2,-1,-1
685.8843,136.34586,8.7547,25.435638,0.09950295,2,-1,-1
890.5291,127.939285,10.704834,29.280106,0.09943101,1,-1,-1
1125.4597,133.32224,9.931152,29.667892,0.0992533,2,-1,-1
766.47797,129.63322,17.30896,32.079926,0.09915477,2,-1,-1
884.06036,130.81631,26.638977,35.978424,0.09901476,1,-1,-1
685.5484,127.31622,9.204041,25.148895,0.098650396,1,-1,-1
612.895,124.90931,15.2543335,30.096336,0.09861547,2,-1,-1
1107.7714,84.50279,13.923218,25.411232,0.09853795,1,-1,-1
1094.1128,88.51171,11.655029,15.918404,0.09816319,2,-1,-1
528.50903,71.69912,28.356018,27.525848,0.09810549,2,-1,-1
642.2663,122.80407,15.010132,31.862251,0.097982764,1,-1,-1
1082.005,135.16653,12.37854,20.293106,0.09792206,1,-1,-1
1057.5815,56.483982,20.127441,22.688656,0.09777847,10,-1,-1
332.61572,36.76371,26.120941,27.802414,0.09764278,7,-1,-1
725.67615,101.68282,15.167908,36.57984,0.097525835,3,-1,-1
728.08386,101.09116,10.37854,25.58274,0.0973593,1,-1,-1
1087.8221,135.4737,10.75769,19.244278,0.097308904,2,-1,-1
728.18634,101.84465,9.997192,21.765099,0.09690502,2,-1,-1
685.25256,127.71804,9.748169,23.009209,0.09689435,2,-1,-1
1057.4645,66.79965,23.944214,24.23323,0.096889794,7,-1,-1
606.99274,137.2263,17.225159,35.44928,0.096794486,3,-1,-1
753.5194,91.43631,14.985107,34.768677,0.096333206,1,-1,-1
790.8089,131.24757,13.49231,33.41324,0.09624374,1,-1,-1
1145.1373,143.91562,11.041626,24.162521,0.096107304,2,-1,-1
603.59656,177.54568,38.764343,25.711136,0.09579179,4,-1,-1
995.34686,135.53749,14.31604,27.318268,0.09534505,3,-1,-1
1119.8805,133.34306,18.156128,34.910004,0.09528366,10,-1,-1
825.2319,127.14409,11.519409,22.9216,0.095234334,1,-1,-1
