523.07495,225.73901,74.879944,37.874695,0.99885225,4,-1,-1
0.0,232.74153,47.886784,35.189957,0.997138,4,-1,-1
629.8745,170.87634,64.62067,26.26065,0.99688995,4,-1,-1
704.22327,223.20287,81.2962,36.62651,0.9956989,4,-1,-1
294.30106,481.3669,32.3779,41.20981,0.98367536,10,-1,-1
69.6216,361.6539,33.721687,32.312195,0.9800179,10,-1,-1
481.1213,161.16986,59.443756,23.537018,0.9723064,4,-1,-1
919.3113,503.5795,30.160522,29.262543,0.9681364,1,-1,-1
473.7512,216.3848,36.598297,26.846817,0.95220697,4,-1,-1
633.9095,222.37424,72.458984,37.59607,0.9468574,5,-1,-1
391.5086,163.95627,58.30133,26.081802,0.94411147,4,-1,-1
819.8147,412.30914,33.917297,24.32135,0.94323426,10,-1,-1
872.54736,221.4162,78.46594,32.213287,0.93594325,4,-1,-1
169.22,430.09024,22.763336,34.889893,0.9267182,1,-1,-1
25.17958,207.96,77.93456,34.48456,0.89522326,4,-1,-1
474.95398,304.82944,47.85077,28.908386,0.8804431,7,-1,-1
123.6057,221.09583,56.24507,26.270035,0.8767297,4,-1,-1
27.385902,336.6701,24.213005,33.57843,0.8570642,1,-1,-1
94.354675,452.2953,20.557152,26.921448,0.8534448,1,-1,-1
340.09534,315.06146,35.60312,21.494385,0.73717964,10,-1,-1
902.5548,184.69125,51.412354,22.137375,0.72446746,4,-1,-1
941.48303,482.67667,17.796753,29.622894,0.7190302,1,-1,-1
793.0933,233.62456,51.28412,30.499863,0.7188382,6,-1,-1
695.5351,370.1154,12.880615,29.413055,0.70852375,1,-1,-1
147.56354,256.18106,40.402924,23.154846,0.6753377,7,-1,-1
539.63586,353.37756,17.355713,24.986572,0.6676999,2,-1,-1
778.2667,336.17987,21.529175,24.647125,0.64035666,10,-1,-1
817.7298,480.8006,20.283081,26.482483,0.63243,1,-1,-1
791.3898,230.73708,54.99243,30.559982,0.6239557,5,-1,-1
367.575,289.83075,23.579102,19.05185,0.610842,10,-1,-1
357.08472,409.72522,57.839233,30.712036,0.5942329,10,-1,-1
580.32135,363.35635,15.649109,27.754883,0.5888068,1,-1,-1
101.38242,202.64435,36.880028,18.761047,0.5721578,7,-1,-1
580.32135,363.35635,15.649109,27.754883,0.57205415,2,-1,-1
225.54266,220.21487,52.091125,29.66092,0.56638736,4,-1,-1
884.6233,189.81862,37.478943,19.034485,0.5627737,4,-1,-1
785.83966,463.15247,15.424255,29.122498,0.5513099,2,-1,-1
281.34918,328.8963,33.928253,28.006378,0.5392279,10,-1,-1
319.39664,183.1803,22.188446,17.819138,0.5340883,10,-1,-1
225.18945,221.02234,52.680817,26.991043,0.5306207,5,-1,-1
404.66013,123.29074,33.92267,17.636734,0.5235946,4,-1,-1
847.0014,357.26862,15.017334,25.545746,0.52265227,1,-1,-1
0.034857903,274.26517,14.8481045,40.910583,0.5136481,1,-1,-1
558.9111,316.2527,14.572754,24.00644,0.5067796,1,-1,-1
751.976,243.54588,34.36859,20.464462,0.49880528,10,-1,-1
865.7478,299.92526,13.663818,24.102753,0.4975926,2,-1,-1
793.14294,230.71976,51.598145,30.759796,0.48673573,4,-1,-1
356.75458,139.78099,37.868256,24.752975,0.4710796,5,-1,-1
827.77246,407.2862,22.314697,19.999939,0.46430105,2,-1,-1
385.4652,379.06204,14.802124,25.883453,0.4556986,1,-1,-1
321.9627,353.20792,16.919037,28.973694,0.4549257,1,-1,-1
354.50717,406.5958,58.533875,33.417114,0.4412996,7,-1,-1
333.92255,425.26535,14.259735,22.640778,0.43728477,1,-1,-1
464.72372,235.5947,27.855408,26.358032,0.43582237,8,-1,-1
813.3584,297.9292,27.336853,15.916992,0.4206132,2,-1,-1
779.2639,334.26236,19.241394,18.618103,0.4173777,2,-1,-1
888.1966,194.89641,37.565796,19.613312,0.41461447,4,-1,-1
356.55447,139.67316,37.77716,25.046844,0.41347796,4,-1,-1
817.4257,480.05362,20.190796,26.41159,0.40575892,2,-1,-1
56.340443,171.1674,24.207066,22.465744,0.3810765,4,-1,-1
506.8054,306.901,19.0643,28.153229,0.37980613,2,-1,-1
464.2332,235.58693,28.153748,25.954422,0.37353408,7,-1,-1
101.43262,203.04474,36.162247,17.892105,0.36912763,8,-1,-1
255.60706,306.76913,19.570984,23.210083,0.36872652,2,-1,-1
102.29432,219.53845,51.65754,24.996475,0.3661959,4,-1,-1
616.8018,354.09335,14.127869,26.640686,0.3661108,1,-1,-1
771.3365,465.06754,68.516846,34.756775,0.3649925,7,-1,-1
815.1727,174.35152,24.906738,16.967102,0.36402878,7,-1,-1
101.52716,196.64658,30.28537,18.516815,0.36260492,7,-1,-1
249.15102,165.1967,24.502121,16.836182,0.36240613,4,-1,-1
282.04584,405.8796,14.391907,25.309296,0.36218524,1,-1,-1
239.22057,299.63916,16.759674,28.024689,0.3604549,2,-1,-1
321.6808,352.90692,17.82547,29.435974,0.36037472,2,-1,-1
899.33466,301.10193,18.062012,26.51883,0.35990268,2,-1,-1
418.76694,227.82109,38.093872,36.780045,0.35879076,7,-1,-1
533.63293,332.18063,13.544861,23.207428,0.3558733,2,-1,-1
172.0837,442.80853,24.504333,36.89859,0.3549453,1,-1,-1
256.1886,366.66412,13.850922,26.3638,0.35408145,2,-1,-1
220.57399,361.16507,10.995377,27.30484,0.34752417,1,-1,-1
706.2751,313.72675,14.851318,27.508179,0.3385135,2,-1,-1
395.38376,392.4449,17.89502,32.44348,0.3366213,2,-1,-1
562.58514,207.95518,23.005615,18.699966,0.33651346,10,-1,-1
616.8018,354.09335,14.127869,26.640686,0.33633953,2,-1,-1
888.19507,194.6654,36.924805,19.645432,0.33514822,5,-1,-1
190.69553,138.8928,37.13022,14.600845,0.33478504,4,-1,-1
305.9609,444.33008,12.852814,27.83075,0.33084118,1,-1,-1
256.1886,366.66412,13.850922,26.3638,0.32978067,1,-1,-1
187.86877,219.51572,11.803253,27.073944,0.32790536,1,-1,-1
541.90564,347.12094,15.441345,23.345978,0.32070667,2,-1,-1
304.80478,156.82704,25.219421,18.74794,0.317305,8,-1,-1
24.16646,208.33858,77.48298,33.49832,0.3148436,5,-1,-1
683.824,303.5466,16.762451,19.645996,0.31082076,2,-1,-1
872.9236,220.8169,78.2536,32.57419,0.30792975,5,-1,-1
74.089035,350.4753,21.196358,34.06079,0.30649707,2,-1,-1
583.34064,273.50848,36.014954,23.165588,0.30451047,7,-1,-1
665.52985,315.8448,17.163086,23.627472,0.3012366,10,-1,-1
228.32838,367.52573,12.433533,25.265442,0.29974002,1,-1,-1
815.54504,304.1564,23.1745,16.454712,0.2917797,2,-1,-1
859.52783,175.79683,21.504211,19.614624,0.28990436,7,-1,-1
484.50833,306.3991,31.306488,25.533325,0.2889735,2,-1,-1
340.68924,155.721,23.280182,20.329193,0.28854305,7,-1,-1
380.6737,258.27176,18.046692,21.14038,0.2821087,10,-1,-1
330.34387,263.56723,22.841278,24.884216,0.2795528,7,-1,-1
683.824,303.5466,16.762451,19.645996,0.27861655,1,-1,-1
121.56873,220.24239,58.548347,27.067413,0.2782833,7,-1,-1
498.77856,304.67767,20.677795,22.977264,0.2779625,2,-1,-1
280.9761,330.5612,18.130737,26.08606,0.27783412,10,-1,-1
340.7737,157.24414,22.801056,19.209717,0.2777929,10,-1,-1
533.962,331.63412,13.436401,23.307251,0.2708463,1,-1,-1
398.33414,224.52208,13.059906,24.400894,0.2706703,2,-1,-1
729.4407,328.9402,19.813538,23.091858,0.27061498,2,-1,-1
398.33414,224.52208,13.059906,24.400894,0.26889056,1,-1,-1
564.4616,207.18715,20.040161,20.719788,0.26691815,2,-1,-1
27.421839,337.11285,24.120901,33.142395,0.26650128,2,-1,-1
859.32733,176.1223,21.550598,19.375519,0.2628279,4,-1,-1
900.96875,184.90366,49.939026,22.531738,0.2623219,5,-1,-1
56.189087,171.15305,24.168472,22.142395,0.26169175,7,-1,-1
665.1754,315.6393,16.869812,23.606445,0.2585893,2,-1,-1
250.20456,376.00427,19.819122,20.235535,0.25854528,10,-1,-1
304.80478,156.82704,25.219421,18.74794,0.2579623,7,-1,-1
613.08636,215.51915,37.705444,43.16707,0.2561422,4,-1,-1
899.8761,235.90288,14.122559,24.634628,0.2546128,1,-1,-1
418.31815,228.11296,37.130676,36.813522,0.25440615,10,-1,-1
330.4369,263.4182,22.818298,25.038422,0.25341532,8,-1,-1
218.29236,260.43048,16.579117,27.795807,0.2522221,1,-1,-1
368.11188,221.17494,15.305298,26.316025,0.25170985,1,-1,-1
503.36682,306.56876,22.374878,27.957672,0.2515337,7,-1,-1
307.46616,152.01619,26.120636,17.192795,0.25153148,8,-1,-1
270.2621,128.56917,27.396088,12.647629,0.25105816,4,-1,-1
605.1545,345.7689,16.58142,19.158508,0.2494742,2,-1,-1
464.2332,235.58693,28.153748,25.954422,0.24808306,10,-1,-1
790.8751,469.22397,14.172485,27.286621,0.2461895,2,-1,-1
340.4102,315.18234,35.799316,21.297607,0.24477991,7,-1,-1
131.89423,348.41904,31.559769,30.10736,0.24270555,10,-1,-1
787.83966,230.93294,59.426453,30.957748,0.24201238,8,-1,-1
109.39249,120.22518,25.951828,19.319298,0.24033731,5,-1,-1
930.49475,487.18912,27.761658,32.91104,0.23992434,1,-1,-1
474.95398,304.82944,47.85077,28.908386,0.23881415,10,-1,-1
795.33704,239.24034,46.098816,25.78447,0.23853683,7,-1,-1
706.3371,313.3953,14.024109,27.555847,0.23804483,1,-1,-1
821.8144,413.48813,31.581787,21.893768,0.23762077,2,-1,-1
605.1545,345.7689,16.58142,19.158508,0.23691931,1,-1,-1
824.96704,408.11285,25.148865,20.96051,0.23674154,10,-1,-1
198.39316,241.73616,11.435623,26.772568,0.23604828,1,-1,-1
827.77246,407.2862,22.314697,19.999939,0.23527601,1,-1,-1
902.8738,300.66486,15.115784,26.422058,0.23469502,1,-1,-1
166.24313,206.04295,17.671478,21.753601,0.23377827,10,-1,-1
204.9243,236.73901,11.707596,30.10495,0.23377067,1,-1,-1
820.69,310.1469,18.32483,18.459717,0.2336841,2,-1,-1
321.0271,297.25546,13.989563,24.00119,0.2335884,2,-1,-1
782.2849,460.92462,15.248901,22.957153,0.23275146,2,-1,-1
189.96898,144.52838,34.00827,13.986282,0.23183346,4,-1,-1
274.74667,215.1294,32.76407,23.743118,0.22932851,8,-1,-1
314.3163,230.21045,21.899567,16.973022,0.2255018,10,-1,-1
302.51062,253.78207,11.847168,26.205017,0.22302946,1,-1,-1
558.6833,316.62808,14.435852,23.522156,0.22159147,2,-1,-1
709.5582,322.5727,13.622192,23.654602,0.22024077,2,-1,-1
307.46616,152.01619,26.120636,17.192795,0.22003469,7,-1,-1
368.2556,258.11194,22.293701,20.275146,0.21969026,10,-1,-1
226.2737,221.15982,49.517258,27.441956,0.21696451,1,-1,-1
813.3584,297.9292,27.336853,15.916992,0.2167683,1,-1,-1
340.4102,315.18234,35.799316,21.297607,0.21654472,4,-1,-1
781.24084,467.52155,30.23767,28.21933,0.21624395,2,-1,-1
709.5582,322.5727,13.622192,23.654602,0.2161018,10,-1,-1
795.55597,475.52225,12.695496,22.387268,0.21584791,2,-1,-1
803.8811,481.95557,25.869751,21.548645,0.21549946,2,-1,-1
413.48312,309.3114,16.615204,19.316772,0.21492803,10,-1,-1
120.44957,220.13243,57.847916,27.250854,0.2141569,6,-1,-1
859.5271,175.693,21.463806,19.791138,0.21411303,8,-1,-1
228.58742,368.03647,12.097168,25.108063,0.21386802,2,-1,-1
1.8825474,157.18866,22.194725,15.788467,0.21250358,7,-1,-1
320.76468,297.6551,13.426941,24.711823,0.21115053,1,-1,-1
367.63345,290.09293,23.410797,18.64206,0.21064457,7,-1,-1
278.84216,264.33752,10.81192,28.616425,0.20951083,1,-1,-1
886.56635,187.92973,45.61194,21.636597,0.20891911,5,-1,-1
236.8888,137.33405,29.700348,13.94017,0.20837653,4,-1,-1
794.3811,229.97165,53.846558,29.664246,0.20827624,9,-1,-1
369.8202,274.07202,24.973572,17.065002,0.2081891,10,-1,-1
394.5195,392.60498,17.318329,31.95819,0.20751649,1,-1,-1
99.65265,191.50081,26.424889,18.267715,0.20706314,7,-1,-1
564.2941,340.6302,15.994446,19.156372,0.20675194,2,-1,-1
218.12839,261.31232,16.47017,27.194183,0.20672193,2,-1,-1
774.1223,224.08047,73.81372,36.570984,0.20662716,6,-1,-1
363.54218,249.59633,14.933228,21.547256,0.20529783,1,-1,-1
231.71924,229.89163,15.366882,26.419434,0.20413533,1,-1,-1
609.99817,350.7651,18.71228,20.834412,0.20409077,2,-1,-1
238.59335,147.88367,24.161072,16.331451,0.20373392,4,-1,-1
826.50146,267.17,16.123047,22.301086,0.20314172,2,-1,-1
321.75357,354.37854,17.189636,29.562042,0.20291439,10,-1,-1
794.0925,244.11186,48.43976,23.859268,0.20275763,4,-1,-1
787.3726,472.9137,32.588806,27.111206,0.20139956,2,-1,-1
496.13358,308.4843,15.651215,26.365692,0.1999911,2,-1,-1
814.8746,174.59163,24.769958,16.748276,0.19987202,8,-1,-1
786.8484,204.26596,17.236328,32.62613,0.1997433,1,-1,-1
423.86722,216.33763,53.265717,46.7502,0.19935268,7,-1,-1
224.32877,219.58838,51.426422,30.112228,0.19790143,6,-1,-1
101.52716,196.64658,30.28537,18.516815,0.19764447,8,-1,-1
109.22889,120.632484,27.306831,18.651314,0.19755211,6,-1,-1
249.67236,164.14821,25.552155,16.501587,0.19745609,7,-1,-1
109.61783,120.03557,26.506577,19.166,0.19606212,4,-1,-1
499.27808,311.69714,22.67212,24.013062,0.19500029,2,-1,-1
847.1794,357.42303,14.9599,25.367828,0.19418895,2,-1,-1
0.0,179.7923,28.605206,16.784058,0.19282004,7,-1,-1
463.46957,235.79295,28.902496,25.542862,0.19212466,4,-1,-1
68.59404,347.35464,27.40522,41.140015,0.1911428,10,-1,-1
319.25278,183.55229,22.803955,17.997742,0.19065851,7,-1,-1
189.45111,442.72083,16.456116,24.278778,0.19015115,2,-1,-1
754.2896,243.57764,32.606506,19.597137,0.18866155,2,-1,-1
190.32437,145.47601,32.62622,13.440491,0.18847662,5,-1,-1
194.03474,138.06331,34.5784,14.907501,0.18812737,5,-1,-1
303.56473,158.8932,26.808655,17.361206,0.18756196,10,-1,-1
562.58514,207.95518,23.005615,18.699966,0.18691158,3,-1,-1
899.41187,241.22575,15.733337,21.699265,0.18690309,2,-1,-1
865.143,301.73074,14.057129,24.870667,0.18633601,10,-1,-1
786.4967,204.83498,16.785767,30.844818,0.18499172,2,-1,-1
282.04584,405.8796,14.391907,25.309296,0.18440717,2,-1,-1
380.6737,258.27176,18.046692,21.14038,0.18391117,7,-1,-1
231.73334,229.4386,49.61844,24.522995,0.18363962,5,-1,-1
729.7099,328.8971,19.574585,23.525146,0.18334538,1,-1,-1
251.89838,241.51907,31.805756,24.627106,0.18291599,7,-1,-1
210.00426,238.64413,11.031738,29.056946,0.1827805,1,-1,-1
937.08795,271.9563,21.625488,40.90982,0.18218869,7,-1,-1
397.82352,226.53157,15.284027,23.374176,0.18176618,10,-1,-1
128.42035,288.95416,11.678604,27.821655,0.18125913,1,-1,-1
709.5582,322.5727,13.622192,23.654602,0.18044496,1,-1,-1
99.53374,219.2083,37.285736,23.48413,0.1796414,5,-1,-1
68.059204,358.26245,33.3118,33.720947,0.1791353,2,-1,-1
0.33020797,179.29684,28.666737,17.146759,0.17912054,4,-1,-1
295.34274,483.2627,21.7164,31.748413,0.17872813,2,-1,-1
815.54504,304.1564,23.1745,16.454712,0.17842752,1,-1,-1
299.66574,327.5374,16.224579,23.197784,0.17791563,2,-1,-1
524.6201,340.15253,14.431091,22.997467,0.1776348,2,-1,-1
900.96875,184.90366,49.939026,22.531738,0.17634839,6,-1,-1
17.805431,477.47134,35.00905,42.04605,0.17566782,1,-1,-1
169.09644,314.83224,18.554108,20.326447,0.17524415,2,-1,-1
506.8054,306.901,19.0643,28.153229,0.174602,1,-1,-1
868.9607,220.3679,78.11273,28.850128,0.17442086,6,-1,-1
351.83072,400.42764,26.043396,22.698944,0.17401278,2,-1,-1
609.99817,350.7651,18.71228,20.834412,0.1732974,1,-1,-1
859.5271,175.693,21.463806,19.791138,0.1729585,10,-1,-1
739.9686,159.78117,12.889038,23.19046,0.17261243,1,-1,-1
99.58821,212.6261,36.77318,23.31189,0.17219281,7,-1,-1
802.2962,478.7919,15.079102,21.089203,0.17198914,2,-1,-1
323.74832,227.15446,13.596191,21.5251,0.17133865,2,-1,-1
893.59766,230.23845,57.180725,27.05925,0.17113289,5,-1,-1
302.43845,253.49545,11.994904,26.470154,0.17102578,2,-1,-1
357.488,139.64839,48.040558,25.9328,0.17078665,6,-1,-1
892.6183,188.08604,46.57611,27.41864,0.17039987,4,-1,-1
428.27963,331.79788,12.781433,20.794495,0.16989058,1,-1,-1
421.04993,217.33812,47.27249,47.326187,0.16973665,8,-1,-1
296.54196,330.60458,19.77591,23.51355,0.16942975,10,-1,-1
224.32877,219.58838,51.426422,30.112228,0.16941401,7,-1,-1
216.61107,239.45854,11.764435,27.993942,0.16931409,1,-1,-1
230.37263,194.21474,18.031647,20.170517,0.16920137,7,-1,-1
249.04265,304.17596,18.724564,26.694458,0.168715,2,-1,-1
56.340443,171.1674,24.207066,22.465744,0.1685659,8,-1,-1
888.7121,292.2509,29.87909,33.720367,0.16837233,10,-1,-1
706.38824,313.9736,13.380249,27.281006,0.16698036,10,-1,-1
219.31673,234.08604,11.605103,29.747726,0.16685015,1,-1,-1
473.83743,216.06902,36.580017,27.038803,0.166834,5,-1,-1
198.73973,220.2431,12.377548,28.34877,0.16636199,1,-1,-1
418.76697,228.7216,37.397583,35.893753,0.16611207,4,-1,-1
887.02875,190.17726,49.60907,26.897034,0.16589901,6,-1,-1
323.74832,227.15446,13.596191,21.5251,0.16542321,1,-1,-1
165.11284,430.83408,26.723694,43.123016,0.1654022,2,-1,-1
784.1732,228.32986,62.727722,34.56726,0.16467541,7,-1,-1
550.59906,149.41776,20.506592,17.482086,0.16383421,7,-1,-1
236.09369,136.20428,28.524963,14.078247,0.161147,5,-1,-1
865.7478,299.92526,13.663818,24.102753,0.1606676,1,-1,-1
199.33794,167.56989,23.65892,14.381851,0.15975294,7,-1,-1
104.89422,165.45038,28.174171,15.3003845,0.15921873,4,-1,-1
789.35284,465.7647,13.752747,28.526093,0.15908152,1,-1,-1
280.9761,330.5612,18.130737,26.08606,0.15755111,2,-1,-1
0.0,179.7923,28.605206,16.784058,0.15746433,8,-1,-1
250.39023,251.87224,12.767792,25.185715,0.15744993,1,-1,-1
808.1277,186.72052,24.000671,13.241226,0.1571939,10,-1,-1
321.35138,353.18237,16.99936,29.64273,0.15533844,3,-1,-1
827.223,266.9662,16.27063,22.622833,0.15458235,1,-1,-1
218.44606,299.03784,14.866226,25.202545,0.15398148,2,-1,-1
815.0393,174.06142,25.20227,17.315247,0.15388647,10,-1,-1
893.59766,230.23845,57.180725,27.05925,0.15308332,4,-1,-1
888.1372,203.08604,37.34204,17.387634,0.1525912,4,-1,-1
295.34274,483.2627,21.7164,31.748413,0.15213943,1,-1,-1
245.58023,375.16284,22.80783,19.928253,0.15201396,1,-1,-1
199.33794,167.56989,23.65892,14.381851,0.1518299,8,-1,-1
86.22073,171.38298,20.379616,17.368958,0.1516161,7,-1,-1
367.575,289.83075,23.579102,19.05185,0.15125862,4,-1,-1
166.32545,205.77124,17.263168,21.970993,0.15118858,1,-1,-1
526.5434,334.59982,15.314575,23.878082,0.15072134,2,-1,-1
364.03748,256.84778,18.584229,19.564148,0.15036374,10,-1,-1
502.93796,308.94153,16.547333,27.908203,0.15027142,1,-1,-1
234.69058,228.26955,46.568268,28.165634,0.1501272,4,-1,-1
256.1886,366.66412,13.850922,26.3638,0.15011677,10,-1,-1
369.7477,284.07043,23.256989,18.877228,0.14957672,10,-1,-1
474.39407,304.44348,49.780487,30.042572,0.14935115,4,-1,-1
220.44446,360.51602,11.311005,26.424713,0.14908218,2,-1,-1
560.69946,311.38666,17.661987,23.121033,0.14894778,1,-1,-1
245.58023,375.16284,22.80783,19.928253,0.14862078,2,-1,-1
1.8793936,169.96101,23.267765,15.668533,0.14850631,7,-1,-1
225.54266,220.21487,52.091125,29.66092,0.14819732,8,-1,-1
