1.1617295,160.38867,128.21646,64.03972,0.9999938,4,-1,-1
1099.1013,0.0,76.11963,58.472736,0.9788416,6,-1,-1
464.67596,704.4742,231.51215,58.45465,0.80698156,4,-1,-1
328.72678,246.4087,18.069,42.689285,0.7926818,1,-1,-1
127.30214,127.053444,46.388535,28.623573,0.7039212,10,-1,-1
321.87906,222.60751,18.46051,34.60608,0.69502896,1,-1,-1
37.079815,306.22772,29.372097,50.789795,0.6008881,1,-1,-1
355.34906,248.10915,24.16211,39.703384,0.60079074,1,-1,-1
36.897484,304.8914,29.715164,54.63336,0.48062867,10,-1,-1
127.30214,127.053444,46.388535,28.623573,0.3799963,3,-1,-1
464.09546,706.4415,233.5741,57.729492,0.32208943,6,-1,-1
597.11536,133.60146,20.685486,36.248016,0.31897813,10,-1,-1
597.11536,133.60146,20.685486,36.248016,0.19500178,7,-1,-1
1198.5594,714.1364,31.915894,17.63031,0.18861854,1,-1,-1
1098.4534,0.0,76.47107,58.569416,0.18463847,9,-1,-1
36.98463,305.95038,29.148914,50.6698,0.18379077,2,-1,-1
355.34906,248.10915,24.16211,39.703384,0.17380115,2,-1,-1
559.2895,128.40742,16.942139,33.85504,0.16900569,1,-1,-1
324.11234,234.54495,18.673248,44.94156,0.1585899,1,-1,-1
0.0,292.9961,52.986126,140.46964,0.14153701,4,-1,-1
598.7179,121.77786,18.213318,35.55951,0.14002511,2,-1,-1
6.0439463,299.3562,39.726715,91.37091,0.1396783,2,-1,-1
47.791794,99.16235,20.343437,29.582413,0.13210723,1,-1,-1
127.70123,126.589424,45.25856,28.71981,0.13078171,2,-1,-1
464.96466,703.7401,232.86163,59.956055,0.12559873,1,-1,-1
609.6705,108.526825,17.04895,36.487946,0.12281501,1,-1,-1
0.0,293.08478,55.52756,139.95432,0.1196287,6,-1,-1
631.48315,105.59357,17.368225,34.320297,0.11787456,1,-1,-1
559.2895,128.40742,16.942139,33.85504,0.115808696,2,-1,-1
597.1939,131.05293,19.557922,37.20581,0.1147922,1,-1,-1
35.33621,308.50208,32.39603,63.62439,0.10962939,3,-1,-1
66.15649,124.54548,30.052597,22.230278,0.103545666,10,-1,-1
0.0,292.9961,52.986126,140.46964,0.101382434,5,-1,-1
45.322987,92.00705,17.93016,31.527931,0.09851986,1,-1,-1
596.73517,132.06017,21.035767,36.816925,0.09671724,3,-1,-1
66.11646,126.03779,29.224487,23.160973,0.09055784,3,-1,-1
127.48758,126.89674,46.246887,28.776352,0.089898944,7,-1,-1
44.30803,102.61689,18.355034,34.93862,0.088523924,1,-1,-1
53.11277,96.482414,27.259438,25.1559,0.08403736,1,-1,-1
597.2381,131.95204,19.765442,36.69258,0.08049595,8,-1,-1
0.22560257,406.95422,15.064831,40.367798,0.07790014,1,-1,-1
47.04105,96.21039,23.82861,25.812538,0.077031046,2,-1,-1
348.7369,249.76105,21.916504,39.547394,0.075835586,1,-1,-1
47.04105,96.21039,23.82861,25.812538,0.07572472,10,-1,-1
624.87445,105.74547,18.113953,34.8432,0.074965775,1,-1,-1
600.51025,111.28644,18.564514,35.74135,0.0739117,1,-1,-1
6.0439463,299.3562,39.726715,91.37091,0.07280728,1,-1,-1
13.71179,327.11835,28.532091,56.08185,0.07066938,2,-1,-1
598.6784,132.86087,21.345154,36.232224,0.068681926,2,-1,-1
1.1844531,292.25314,56.581287,139.42865,0.06812674,1,-1,-1
127.70123,126.589424,45.25856,28.71981,0.0679369,1,-1,-1
603.4135,126.58029,19.20343,38.764984,0.06641862,1,-1,-1
46.514626,101.60603,22.744759,26.996368,0.065681875,3,-1,-1
44.638527,99.11748,18.612263,32.975174,0.065318555,10,-1,-1
23.164856,313.55344,25.124561,47.045532,0.06453955,2,-1,-1
464.96466,703.7401,232.86163,59.956055,0.0635106,2,-1,-1
18.397327,399.6792,19.106869,35.033234,0.06284815,1,-1,-1
21.329098,308.9017,31.23285,59.008057,0.061937958,1,-1,-1
475.00397,707.62946,221.47546,56.541565,0.060817868,5,-1,-1
328.59677,245.82738,18.189026,42.938583,0.05997473,2,-1,-1
1188.1874,645.1402,39.20398,17.585022,0.05721727,4,-1,-1
1141.7347,642.7213,41.335693,21.289246,0.056553274,7,-1,-1
559.2895,128.40742,16.942139,33.85504,0.05528447,10,-1,-1
1177.252,644.5299,36.30127,18.877197,0.0549168,4,-1,-1
596.7943,139.37982,21.842041,34.2836,0.05445096,4,-1,-1
608.02295,112.497444,16.965088,37.145775,0.054025263,2,-1,-1
31.599205,313.56738,29.754318,63.083557,0.052491724,2,-1,-1
1158.0883,645.07764,42.34851,19.783997,0.052484512,7,-1,-1
37.05554,305.594,29.62054,50.986084,0.051736802,4,-1,-1
