216.8706,436.53265,60.51129,40.447174,0.8678541,4,-1,-1
605.95557,379.94678,25.690613,23.1857,0.83356094,4,-1,-1
594.108,258.2225,14.970276,12.49762,0.82408035,4,-1,-1
675.65314,339.0118,21.157227,19.467041,0.8205418,4,-1,-1
594.5846,306.598,18.92694,18.008575,0.8091508,4,-1,-1
396.75452,247.43176,55.480957,44.264404,0.79424393,6,-1,-1
471.36096,373.38046,31.070343,27.930359,0.7816742,4,-1,-1
613.0742,273.93756,14.684021,13.272766,0.7706141,4,-1,-1
717.07227,183.58473,9.17926,7.2427826,0.7592641,4,-1,-1
507.7398,252.74794,17.52832,16.27501,0.7349232,4,-1,-1
592.0985,284.66748,16.158813,15.049286,0.71592396,4,-1,-1
627.1672,306.68292,30.945984,39.402496,0.67679274,6,-1,-1
626.52997,253.80667,13.199402,11.500916,0.652659,4,-1,-1
606.6783,176.13069,6.3864136,6.29953,0.6324665,4,-1,-1
513.27216,506.55505,44.513245,48.57965,0.59746945,5,-1,-1
558.15063,363.5489,23.16156,25.334076,0.5822053,5,-1,-1
671.03503,170.9663,9.718994,14.059402,0.5652007,6,-1,-1
665.25995,253.36223,17.35608,22.80391,0.4982946,6,-1,-1
541.8153,259.20337,5.58136,11.618011,0.44958097,1,-1,-1
554.97845,219.70052,12.576294,13.247772,0.43098068,4,-1,-1
625.75446,157.95508,5.133606,5.333496,0.4114874,4,-1,-1
554.5694,220.05315,12.523682,12.747192,0.41044354,5,-1,-1
558.15063,363.5489,23.16156,25.334076,0.3912953,4,-1,-1
625.6125,165.42787,5.517517,4.8840027,0.38031575,4,-1,-1
451.07147,240.89255,5.0466614,10.258987,0.37641335,1,-1,-1
622.8879,171.34698,6.5230713,6.169403,0.3534669,4,-1,-1
513.27216,506.55505,44.513245,48.57965,0.34572855,4,-1,-1
670.63306,203.443,11.488342,18.204117,0.31011903,6,-1,-1
627.2755,307.17413,30.894287,38.347748,0.30072135,9,-1,-1
666.0851,254.34744,16.69635,21.689117,0.2929201,8,-1,-1
666.0851,254.34744,16.69635,21.689117,0.263668,7,-1,-1
671.30084,170.24104,9.802612,14.565414,0.26179382,9,-1,-1
507.55823,252.87988,17.888672,16.065216,0.2514978,5,-1,-1
670.57056,203.7777,11.00531,15.710068,0.24635214,4,-1,-1
641.5889,154.99323,4.986267,4.694107,0.2385045,4,-1,-1
222.38472,177.59134,14.370819,7.8747406,0.23670095,4,-1,-1
626.4043,253.30432,13.450134,12.19455,0.22781163,5,-1,-1
653.9399,148.21117,5.053406,4.745224,0.22270441,4,-1,-1
541.7977,259.29648,5.4107666,11.303467,0.21891847,2,-1,-1
558.0582,363.42587,23.655579,25.63205,0.21170586,6,-1,-1
747.6584,217.74466,10.407166,11.396988,0.20962968,4,-1,-1
541.65546,259.92368,5.562805,11.831665,0.20563567,3,-1,-1
625.6915,162.49715,5.1464233,5.564331,0.20309067,4,-1,-1
503.1359,177.31953,20.395233,11.935135,0.20228893,4,-1,-1
656.7514,149.45285,6.5404663,7.7577515,0.20087284,6,-1,-1
670.96674,170.78174,10.400024,14.347794,0.1985397,5,-1,-1
626.4237,307.00745,31.751404,38.660645,0.19747111,5,-1,-1
213.39291,176.73955,20.047989,8.732239,0.19541496,4,-1,-1
716.29456,182.9361,10.17572,8.259933,0.1948435,5,-1,-1
592.0629,284.66052,16.299744,15.13385,0.18989089,5,-1,-1
670.368,203.36624,12.491028,18.435913,0.182928,9,-1,-1
670.6987,203.83098,11.037842,18.127762,0.1799559,5,-1,-1
541.65546,259.92368,5.562805,11.831665,0.17728803,10,-1,-1
650.4303,151.86049,4.626343,4.931381,0.17568243,4,-1,-1
539.2735,258.42807,7.5584717,14.554321,0.17393151,1,-1,-1
671.13416,212.03943,8.127747,10.193314,0.17384797,4,-1,-1
1197.7338,334.60443,25.138062,17.213745,0.1701065,7,-1,-1
623.695,169.06863,6.9375,6.7989655,0.1650658,4,-1,-1
450.8519,240.94687,5.2854614,10.104553,0.1642456,2,-1,-1
554.6136,219.99307,12.429138,12.854095,0.15950063,6,-1,-1
531.97424,168.33614,17.049255,7.920929,0.1586467,4,-1,-1
606.00586,175.8531,6.8495483,6.6861725,0.15703827,5,-1,-1
450.41895,241.03922,5.3245544,10.049728,0.15688309,3,-1,-1
664.99817,146.5903,5.1601562,5.7023163,0.15623477,4,-1,-1
657.063,149.91068,6.1536255,7.0723114,0.15547279,4,-1,-1
450.41895,241.03922,5.3245544,10.049728,0.15533838,10,-1,-1
670.89624,204.55508,7.7332153,11.028076,0.15525395,4,-1,-1
625.9726,156.09,5.0338745,5.5452576,0.15225857,4,-1,-1
223.0952,176.75877,10.515091,6.583603,0.14707705,4,-1,-1
656.04254,149.13353,7.710449,8.318954,0.14672649,9,-1,-1
665.0991,145.34221,5.1362305,7.1947327,0.14625767,6,-1,-1
141.90793,293.88303,28.011887,15.810059,0.14352068,4,-1,-1
555.1473,220.16167,12.616272,13.26123,0.14136755,8,-1,-1
630.4362,151.41124,5.168457,6.0264435,0.1396538,4,-1,-1
666.0883,254.25543,16.708862,21.900604,0.1392858,4,-1,-1
656.9516,149.63919,6.2821045,7.5134583,0.13835976,5,-1,-1
1197.7214,334.90747,25.838745,16.269257,0.13756579,3,-1,-1
594.3516,305.8242,18.84076,18.875793,0.13733199,5,-1,-1
630.35016,151.09164,5.3634644,6.461899,0.13345513,6,-1,-1
670.6306,204.30417,8.57251,11.772461,0.13287154,6,-1,-1
671.0819,170.29532,10.149963,14.720978,0.13237983,4,-1,-1
227.52214,181.7189,14.875824,6.976349,0.1304099,4,-1,-1
625.75446,157.95508,5.133606,5.333496,0.13004354,5,-1,-1
204.71974,174.83212,23.134094,9.832657,0.1294412,4,-1,-1
638.1617,144.16228,4.245117,5.598694,0.12865967,4,-1,-1
670.6306,204.30417,8.57251,11.772461,0.12810013,5,-1,-1
625.07166,147.66266,5.942566,6.13443,0.12728521,4,-1,-1
418.04678,273.91055,7.2767944,15.046204,0.12622187,2,-1,-1
665.3996,253.46059,17.023132,22.741776,0.12561807,5,-1,-1
624.82385,147.66171,6.247925,6.43721,0.123015046,6,-1,-1
179.36574,362.32092,25.401794,14.886841,0.12082079,4,-1,-1
625.6125,165.42787,5.517517,4.8840027,0.11860654,5,-1,-1
623.9479,158.77226,5.5178223,4.7933655,0.11839551,4,-1,-1
325.70023,197.89763,36.790863,14.083542,0.118196696,4,-1,-1
210.65227,182.11026,23.737488,9.947678,0.11718848,4,-1,-1
225.55408,177.43236,18.620773,8.677795,0.11707169,4,-1,-1
623.74994,168.71454,7.1759644,7.6946564,0.11618945,5,-1,-1
341.18076,226.22943,23.732056,14.579758,0.11603072,4,-1,-1
747.93225,216.91257,10.675476,14.118591,0.11538711,6,-1,-1
661.511,139.52266,4.338196,5.9546967,0.115128875,4,-1,-1
665.19415,144.76271,5.5195923,5.842407,0.11477417,4,-1,-1
627.2755,307.17413,30.894287,38.347748,0.114466995,4,-1,-1
630.38275,151.38135,5.1953125,6.1074677,0.11395979,5,-1,-1
665.2413,145.80461,4.8203125,6.656784,0.11294696,5,-1,-1
671.0073,211.40742,8.500793,10.90831,0.11180884,5,-1,-1
263.99734,329.34402,14.852295,10.172272,0.111313015,7,-1,-1
676.52124,339.1639,20.358154,19.543427,0.11022538,5,-1,-1
340.96848,225.03629,41.621216,18.634323,0.109051645,4,-1,-1
748.6197,220.29668,10.782471,12.614365,0.108962,4,-1,-1
179.36574,362.32092,25.401794,14.886841,0.10847947,5,-1,-1
651.8268,148.47995,5.6080933,4.896286,0.10717887,4,-1,-1
558.2698,363.63693,23.274231,25.301178,0.10525417,9,-1,-1
204.64098,174.61018,24.740967,10.4769745,0.10502276,5,-1,-1
513.27216,506.55505,44.513245,48.57965,0.104761034,6,-1,-1
671.3636,204.77368,19.262878,18.210754,0.10469529,6,-1,-1
217.9488,176.1102,22.170868,10.849304,0.10466692,4,-1,-1
670.8795,208.46227,8.269104,12.508682,0.1043483,6,-1,-1
213.39291,176.73955,20.047989,8.732239,0.103646904,5,-1,-1
340.76733,223.91426,46.34311,21.697845,0.10335034,6,-1,-1
558.1448,363.5811,23.42627,25.552673,0.10301787,8,-1,-1
747.59344,217.51251,10.9644165,12.523209,0.10282913,5,-1,-1
653.9641,148.10875,5.0928955,4.839096,0.10237548,5,-1,-1
652.27136,148.61018,9.850098,8.579086,0.1022681,4,-1,-1
200.96278,175.69994,18.377258,9.297516,0.10202506,4,-1,-1
638.1617,144.16228,4.245117,5.598694,0.101947844,6,-1,-1
47.194775,390.87637,25.626606,16.462952,0.101560205,3,-1,-1
220.80722,182.44417,13.952026,7.0265656,0.101174474,4,-1,-1
670.7892,206.66669,8.791016,15.110153,0.10083854,8,-1,-1
0.0,422.98047,5.301837,12.767517,0.10080463,1,-1,-1
1197.7338,334.60443,25.138062,17.213745,0.10051206,8,-1,-1
554.5694,220.05315,12.523682,12.747192,0.10019782,9,-1,-1
625.515,162.37503,5.4943237,5.898773,0.09953758,5,-1,-1
470.7808,373.14865,32.011444,28.210297,0.098908335,5,-1,-1
630.2543,150.65027,6.34552,7.056946,0.09835759,9,-1,-1
622.8537,171.1661,6.647949,6.326996,0.09814873,5,-1,-1
680.3499,188.82275,8.143433,11.276398,0.09730002,6,-1,-1
654.2937,149.04153,7.3026123,7.6506805,0.09687534,6,-1,-1
622.7849,151.00005,5.583435,5.294037,0.0967862,4,-1,-1
586.1354,148.16716,7.760742,4.703781,0.09615511,4,-1,-1
623.13654,147.3244,9.022278,9.214874,0.09601921,6,-1,-1
950.1932,280.8332,21.553955,43.907074,0.09555504,1,-1,-1
216.8706,436.53265,60.51129,40.447174,0.094358504,1,-1,-1
513.27216,506.55505,44.513245,48.57965,0.09425327,8,-1,-1
540.9441,261.92047,6.8880615,12.932678,0.09351379,1,-1,-1
507.55823,252.87988,17.888672,16.065216,0.09243941,6,-1,-1
656.9349,148.28638,6.0880737,6.087158,0.09199631,4,-1,-1
632.0109,150.63904,5.3526,6.8961945,0.09186208,4,-1,-1
594.108,258.2225,14.970276,12.49762,0.0915764,1,-1,-1
623.9686,147.37065,7.6951294,7.628235,0.09152743,9,-1,-1
542.7801,265.1693,7.491394,11.450226,0.0911302,3,-1,-1
242.69586,161.96115,105.54889,33.65399,0.09095454,6,-1,-1
748.3816,213.66417,11.90979,9.170486,0.09068361,4,-1,-1
661.3768,139.24438,4.607422,6.2530975,0.09059784,6,-1,-1
218.81984,178.94937,13.549393,6.698303,0.09033057,4,-1,-1
680.3708,189.30324,8.567322,10.788162,0.089934796,4,-1,-1
623.3908,148.17844,5.8496704,5.9112244,0.0898194,4,-1,-1
234.02687,181.76082,16.551758,7.228958,0.08932248,4,-1,-1
416.35162,275.2693,7.9171753,14.043884,0.0878382,1,-1,-1
671.8208,203.25056,18.559631,14.642792,0.0877265,4,-1,-1
716.9224,183.37556,9.267944,7.53537,0.08761817,9,-1,-1
717.0223,183.56451,9.234253,7.273239,0.08708665,6,-1,-1
624.66547,147.72598,6.29303,6.2761383,0.08684459,5,-1,-1
367.47778,166.43199,16.011444,6.6428833,0.08678976,4,-1,-1
623.7775,160.46834,6.9346313,11.514755,0.08661708,6,-1,-1
179.36574,362.32092,25.401794,14.886841,0.08653656,6,-1,-1
613.5048,274.5962,13.735413,12.430176,0.08586529,5,-1,-1
675.65314,339.0118,21.157227,19.467041,0.08547431,10,-1,-1
152.3165,144.29317,3.339798,6.4524384,0.08518061,1,-1,-1
593.5587,144.6775,6.7681274,4.473633,0.0842998,4,-1,-1
629.507,148.42009,5.142639,5.7606964,0.083456814,4,-1,-1
1197.7214,334.90747,25.838745,16.269257,0.08324829,10,-1,-1
543.4875,259.2676,7.2976685,12.590759,0.08302823,1,-1,-1
219.5879,181.10812,20.26683,10.158569,0.08254436,4,-1,-1
449.3219,239.57356,5.9555054,10.115768,0.082193345,1,-1,-1
654.5875,149.89749,5.8529053,6.734253,0.08148417,4,-1,-1
594.67676,258.3196,14.472717,11.97171,0.081395626,5,-1,-1
204.40118,174.40263,24.669449,10.530273,0.0812372,6,-1,-1
619.1873,154.17126,4.319458,5.1001587,0.08116442,4,-1,-1
222.38472,177.59134,14.370819,7.8747406,0.08079332,5,-1,-1
472.01785,380.56226,8.284576,17.579285,0.08063927,1,-1,-1
648.2322,137.20558,3.2160645,5.4904175,0.080084294,4,-1,-1
624.3239,164.25299,7.7456665,7.2249603,0.07987383,4,-1,-1
36.878525,184.97293,14.450024,8.075485,0.079355955,4,-1,-1
652.48816,147.87021,8.364136,5.9739685,0.079352856,4,-1,-1
233.17563,182.57054,10.051865,5.4776,0.078893304,4,-1,-1
613.2216,273.99838,14.324402,13.096558,0.07883933,1,-1,-1
637.96844,144.10886,4.36261,5.7851105,0.07855645,5,-1,-1
592.5164,285.77588,12.269104,13.169128,0.07793015,1,-1,-1
665.3135,144.76524,5.0374146,7.060074,0.07789329,9,-1,-1
36.76815,184.20406,21.650116,10.926392,0.07783902,4,-1,-1
625.75446,157.95508,5.133606,5.333496,0.07776198,6,-1,-1
502.61963,177.25838,21.377808,12.194763,0.07754001,5,-1,-1
216.63069,437.12692,60.911453,40.05713,0.07715824,5,-1,-1
653.9571,148.0084,5.354065,5.35466,0.07616523,6,-1,-1
257.55853,127.670334,60.87256,20.089127,0.0751622,6,-1,-1
564.4885,155.1717,13.369507,6.931015,0.07504046,4,-1,-1
910.94293,271.7162,8.116943,15.924713,0.074858814,1,-1,-1
631.9246,150.89389,5.264282,6.448944,0.07423082,5,-1,-1
541.6483,257.56052,4.7232666,9.560547,0.074151605,1,-1,-1
340.76733,223.91426,46.34311,21.697845,0.073999256,9,-1,-1
540.4063,263.2025,8.102051,12.168152,0.07386398,3,-1,-1
665.3996,253.46059,17.023132,22.741776,0.07344636,9,-1,-1
650.4303,151.86049,4.626343,4.931381,0.07309806,5,-1,-1
554.67206,220.01685,12.209534,12.947723,0.072934896,7,-1,-1
654.14746,148.58932,7.8984985,8.089767,0.072790116,5,-1,-1
671.7993,210.41382,5.985901,9.163773,0.07270196,4,-1,-1
592.36176,284.82217,15.788879,14.964325,0.07263279,8,-1,-1
181.75926,366.05707,7.1236115,7.7831116,0.072600245,2,-1,-1
686.36444,158.71568,5.3515625,5.009781,0.07258451,4,-1,-1
626.3943,253.42508,13.327759,11.881073,0.07246491,8,-1,-1
624.7283,160.87637,7.0629883,8.518295,0.07236627,4,-1,-1
670.7892,206.66669,8.791016,15.110153,0.07235569,7,-1,-1
342.01605,227.6878,20.619263,14.815781,0.07222149,5,-1,-1
592.1314,284.59424,16.537415,15.791931,0.07217261,6,-1,-1
449.41437,239.70074,5.7514954,8.867462,0.072166234,2,-1,-1
624.8452,151.3194,6.0876465,5.0519867,0.07197982,4,-1,-1
628.97205,148.45518,6.6485596,7.9890594,0.07189745,6,-1,-1
653.87354,147.87367,5.8154907,6.0581207,0.07161948,9,-1,-1
0.0,421.78888,5.1304927,12.993439,0.07149997,2,-1,-1
681.41425,185.02711,8.925903,9.193832,0.0712364,4,-1,-1
625.6211,165.05936,5.6035156,5.356781,0.07108292,6,-1,-1
606.2792,379.86093,25.437622,23.38263,0.07101002,1,-1,-1
626.3943,253.42508,13.327759,11.881073,0.0707933,6,-1,-1
471.46878,373.52695,30.92517,27.468262,0.07076949,6,-1,-1
625.515,162.37503,5.4943237,5.898773,0.07046348,6,-1,-1
592.2384,284.75958,15.962036,14.94809,0.07025546,7,-1,-1
543.1224,264.77466,7.0010986,12.169434,0.07019445,1,-1,-1
550.18665,159.84639,13.098877,8.191864,0.07012507,4,-1,-1
675.67474,338.1122,20.519775,20.02945,0.070020705,6,-1,-1
238.53032,181.33522,17.893784,7.9625397,0.06979939,4,-1,-1
661.39594,139.67014,4.529602,5.870804,0.06967491,5,-1,-1
447.78845,242.42763,9.485565,7.469055,0.06961036,3,-1,-1
648.2322,137.20558,3.2160645,5.4904175,0.069554836,1,-1,-1
631.5169,149.95442,6.061157,7.877487,0.06952983,6,-1,-1
230.7439,179.3771,13.089706,7.937439,0.06911546,4,-1,-1
141.53706,293.96384,28.555573,15.559845,0.06862044,5,-1,-1
508.05746,252.6845,17.450897,16.112625,0.06796843,8,-1,-1
619.4582,152.17204,3.984314,4.8253784,0.06795704,4,-1,-1
324.9321,197.20186,38.29294,14.751495,0.06795135,6,-1,-1
538.14197,259.32623,11.589172,12.584015,0.06793904,3,-1,-1
225.24779,182.8935,12.2131195,5.8747406,0.06763163,4,-1,-1
199.49532,186.32402,15.492813,6.6464386,0.0674575,4,-1,-1
462.14868,126.4631,14.2942505,7.811592,0.06703797,4,-1,-1
670.6193,204.32669,8.589355,12.05954,0.06692439,9,-1,-1
629.8936,153.64864,4.7683716,5.3564453,0.06671852,4,-1,-1
624.9606,156.57594,6.880615,8.0993805,0.06626192,4,-1,-1
682.8642,185.10445,13.051575,7.0875397,0.06584814,4,-1,-1
212.09254,182.16917,21.905304,9.699554,0.06582868,5,-1,-1
33.69985,391.5042,7.777813,13.929596,0.065668225,1,-1,-1
324.79208,135.76132,13.885101,6.3684387,0.065541,4,-1,-1
622.66,150.64888,6.03833,5.790497,0.06547114,6,-1,-1
172.77516,360.13187,32.556137,25.257751,0.06546128,4,-1,-1
747.24756,218.73528,9.973938,10.5933075,0.06536305,9,-1,-1
240.47046,161.10524,111.34375,35.18474,0.06534988,9,-1,-1
178.47229,362.36737,25.77864,14.786285,0.065101266,8,-1,-1
676.4328,338.88217,20.598999,19.884644,0.06507859,7,-1,-1
652.27136,148.61018,9.850098,8.579086,0.06463158,9,-1,-1
747.6584,217.74466,10.407166,11.396988,0.06443727,8,-1,-1
1197.9973,334.82278,25.469727,15.99939,0.06439757,6,-1,-1
623.3092,169.29822,7.3739014,9.079208,0.06430766,6,-1,-1
675.6589,338.99332,21.032288,19.525757,0.06429088,1,-1,-1
606.9127,379.28714,24.348572,23.360657,0.06426561,5,-1,-1
623.11633,149.54955,9.3688965,7.848221,0.06413004,9,-1,-1
158.95428,361.342,47.568726,40.414307,0.06397858,6,-1,-1
623.4317,168.43167,7.730652,8.383514,0.063851744,9,-1,-1
507.7398,252.74794,17.52832,16.27501,0.06368384,1,-1,-1
210.78717,176.14644,22.907806,9.746857,0.06368247,6,-1,-1
685.3945,208.86684,7.861511,13.16275,0.06360945,4,-1,-1
127.192795,190.17296,21.522598,10.895752,0.06356087,4,-1,-1
223.0952,176.75877,10.515091,6.583603,0.063340396,5,-1,-1
507.7291,252.74896,17.410675,16.235626,0.062788546,7,-1,-1
624.81714,161.80168,6.6470947,6.943207,0.062553406,9,-1,-1
671.8327,204.2479,18.805908,18.922379,0.062523335,9,-1,-1
401.15454,141.42365,37.085724,12.404449,0.062217087,4,-1,-1
224.9125,178.87712,7.300995,6.237976,0.062045544,4,-1,-1
625.64874,157.43993,5.5177,5.9932556,0.062008798,9,-1,-1
316.2027,285.79755,5.8523254,11.925354,0.06200859,1,-1,-1
200.96278,175.69994,18.377258,9.297516,0.061977655,5,-1,-1
0.0,420.4309,7.6601844,18.470154,0.06188315,1,-1,-1
606.02075,176.01802,6.5773926,6.424881,0.061724275,6,-1,-1
747.61884,217.66202,10.656372,11.898209,0.061635673,7,-1,-1
542.2177,513.33307,13.06604,26.97113,0.06160918,1,-1,-1
323.05804,196.41591,41.141968,15.826935,0.061527967,9,-1,-1
539.2735,258.42807,7.5584717,14.554321,0.061509103,2,-1,-1
604.6609,174.73758,7.788269,8.853378,0.061333448,4,-1,-1
670.81995,203.05911,19.571106,16.171616,0.060676455,5,-1,-1
291.82596,143.91176,9.390747,5.033142,0.06038198,4,-1,-1
641.5889,154.99323,4.986267,4.694107,0.060239583,5,-1,-1
1198.2714,334.58597,24.940186,17.510925,0.06021267,4,-1,-1
593.6472,144.60905,6.694031,4.674469,0.060174108,5,-1,-1
626.3943,253.42508,13.327759,11.881073,0.060081333,7,-1,-1
745.69653,217.66985,9.192017,9.148834,0.059910417,4,-1,-1
768.2201,212.5156,3.697754,8.767212,0.05990526,1,-1,-1
697.07623,184.09587,4.684082,5.235977,0.059811383,4,-1,-1
623.1284,147.89828,5.616577,7.1560364,0.059636056,6,-1,-1
541.87396,259.2152,5.294739,11.196594,0.05947411,4,-1,-1
683.9554,204.70114,9.764099,11.386536,0.059293807,4,-1,-1
661.0078,137.88965,5.2215576,5.8171234,0.059179783,4,-1,-1
668.2494,171.61336,8.442078,13.678436,0.059163928,6,-1,-1
317.60474,143.57669,29.629944,11.877823,0.059154868,4,-1,-1
197.58257,177.85884,13.738007,6.89653,0.059061885,4,-1,-1
664.2284,143.9593,7.09552,7.278183,0.05903715,5,-1,-1
686.23615,154.9263,4.960388,5.1062317,0.058977425,4,-1,-1
495.5549,213.93346,3.7721558,7.562546,0.058751285,1,-1,-1
332.38974,224.88074,26.718384,14.281296,0.058642715,4,-1,-1
652.51776,147.44913,8.798218,7.266754,0.05851528,6,-1,-1
628.3,147.6915,7.8832397,8.821671,0.058455408,9,-1,-1
317.60474,143.57669,29.629944,11.877823,0.05844015,6,-1,-1
950.1932,280.8332,21.553955,43.907074,0.058369696,2,-1,-1
623.6992,162.06839,5.9836426,5.3311157,0.058361053,4,-1,-1
418.89096,275.12677,7.750061,12.632721,0.058033407,1,-1,-1
10.428642,186.3247,24.34074,13.219482,0.057834,4,-1,-1
606.5743,379.35617,25.190308,23.533813,0.05777508,6,-1,-1
201.0277,131.86548,27.736496,10.567398,0.057421595,4,-1,-1
629.50696,148.54918,5.314209,6.3874054,0.05733165,9,-1,-1
256.3225,137.77385,8.10437,5.3830414,0.057221234,4,-1,-1
569.58923,270.57224,5.657959,7.725189,0.057150304,1,-1,-1
623.7987,156.09349,6.7734375,10.308517,0.05664611,6,-1,-1
470.7639,374.9631,25.209839,24.753418,0.05651647,1,-1,-1
370.25583,120.57914,6.453644,4.65065,0.056353837,4,-1,-1
558.2698,363.63693,23.274231,25.301178,0.05633387,7,-1,-1
544.0036,269.42715,6.5545654,8.792572,0.05623594,3,-1,-1
226.89896,179.18701,15.474686,7.835373,0.05621639,5,-1,-1
606.00586,175.8531,6.8495483,6.6861725,0.056157798,1,-1,-1
690.3916,178.82516,4.225403,5.8318634,0.056083113,4,-1,-1
531.97424,168.33614,17.049255,7.920929,0.055928737,5,-1,-1
452.15204,239.95752,4.627716,8.671219,0.05578643,2,-1,-1
624.4534,150.89705,6.741089,5.619583,0.05564627,6,-1,-1
658.12555,148.16023,4.5340576,7.225342,0.055623114,6,-1,-1
750.0361,214.8902,9.760681,12.737534,0.055532247,4,-1,-1
554.67206,220.01685,12.209534,12.947723,0.055241883,1,-1,-1
637.83655,143.95197,4.586792,6.0545654,0.055172175,9,-1,-1
625.4585,165.30229,5.7544556,5.0911255,0.055136353,9,-1,-1
257.55853,127.670334,60.87256,20.089127,0.05513218,9,-1,-1
507.55823,252.87988,17.888672,16.065216,0.055045336,10,-1,-1
663.68665,145.55719,7.7546387,7.808441,0.05493927,4,-1,-1
341.5399,133.69951,38.825775,13.427826,0.054927915,6,-1,-1
613.09503,274.05222,14.541748,13.151367,0.054866105,7,-1,-1
541.5979,257.61472,4.805603,8.526733,0.054815143,2,-1,-1
594.35016,306.64023,19.026001,17.752716,0.054811895,1,-1,-1
625.9726,156.09,5.0338745,5.5452576,0.05470845,5,-1,-1
422.7817,274.949,6.7283936,11.30069,0.054617614,2,-1,-1
396.34857,248.69812,56.464417,43.58023,0.05454147,4,-1,-1
61.58187,161.12978,23.455086,9.577744,0.054403007,4,-1,-1
622.8184,150.79192,5.3709717,5.516815,0.05433497,5,-1,-1
452.41928,239.9963,4.245636,8.918869,0.054264307,1,-1,-1
513.55347,506.963,43.41461,47.883606,0.054184854,9,-1,-1
613.7802,273.51382,13.101868,14.291748,0.054114133,2,-1,-1
216.63069,437.12692,60.911453,40.05713,0.05393848,10,-1,-1
543.216,261.67538,5.755432,10.000122,0.05375564,3,-1,-1
178.47229,362.36737,25.77864,14.786285,0.053615034,7,-1,-1
685.8804,151.81128,4.708496,5.1177216,0.05326259,4,-1,-1
214.18022,174.85623,15.849442,8.155334,0.05317065,4,-1,-1
179.36574,362.32092,25.401794,14.886841,0.05311531,9,-1,-1
540.1944,256.575,8.207825,11.437592,0.05311069,1,-1,-1
173.51941,178.59119,3.0950928,8.467773,0.05296558,1,-1,-1
42.312817,126.48931,40.202473,16.449196,0.052958578,6,-1,-1
594.108,258.2225,14.970276,12.49762,0.052714318,2,-1,-1
542.8188,259.56418,5.7039185,9.229462,0.05267313,10,-1,-1
558.0381,363.63647,23.347473,25.346436,0.052613854,1,-1,-1
663.5311,143.53195,8.200195,7.9313354,0.05261326,6,-1,-1
503.22116,177.7923,20.006744,12.481995,0.05247569,6,-1,-1
0.0,420.4309,7.6601844,18.470154,0.052366227,2,-1,-1
675.6589,338.99332,21.032288,19.525757,0.052286386,2,-1,-1
235.69691,179.55055,15.444122,7.1152344,0.052243203,4,-1,-1
569.49207,270.59146,5.871399,7.7440796,0.05198124,2,-1,-1
623.7775,160.46834,6.9346313,11.514755,0.051853776,9,-1,-1
657.6002,148.22089,5.2750244,6.9344025,0.05174759,9,-1,-1
623.4885,165.5628,6.069153,5.3251038,0.051721394,4,-1,-1
69.54219,388.97772,9.406052,18.839905,0.05169949,1,-1,-1
680.3499,188.82275,8.143433,11.276398,0.051698446,5,-1,-1
671.28406,204.10158,5.9976807,7.7542114,0.051661372,4,-1,-1
399.33215,140.95879,41.01883,12.972351,0.051653862,6,-1,-1
670.9183,204.49527,7.5460205,11.417007,0.051561624,8,-1,-1
747.6895,213.18307,12.304504,12.658127,0.051549315,6,-1,-1
716.9732,183.46638,9.442749,7.378601,0.051527143,1,-1,-1
53.05613,393.41382,12.956985,25.694977,0.05140245,1,-1,-1
641.5889,154.99323,4.986267,4.694107,0.05128801,1,-1,-1
218.81984,178.94937,13.549393,6.698303,0.051285833,5,-1,-1
585.8643,148.11832,8.157043,4.875229,0.05124268,5,-1,-1
449.74655,242.54955,4.871063,10.191757,0.05120921,1,-1,-1
172.77516,360.13187,32.556137,25.257751,0.05083716,5,-1,-1
218.65228,178.19893,14.178299,7.8562775,0.050796717,6,-1,-1
264.44473,329.0002,14.523285,10.86972,0.050739616,8,-1,-1
172.77516,360.13187,32.556137,25.257751,0.050654322,6,-1,-1
686.1521,161.73764,5.8480835,6.0699005,0.0506334,4,-1,-1
340.96848,225.03629,41.621216,18.634323,0.050567627,5,-1,-1
1198.9421,333.94943,23.815552,17.584259,0.050506532,2,-1,-1
342.2353,228.57695,15.001434,9.959686,0.0504916,4,-1,-1
650.31665,151.67247,4.822815,5.2409363,0.050441384,6,-1,-1
184.17369,158.23749,4.0749207,5.364273,0.050405264,1,-1,-1
639.6815,144.01479,4.312134,5.9345856,0.050402343,4,-1,-1
594.3516,305.8242,18.84076,18.875793,0.05034694,6,-1,-1
629.2541,148.41539,5.6223755,6.1682434,0.050218612,5,-1,-1
613.09503,274.05222,14.541748,13.151367,0.050194412,10,-1,-1
671.00604,207.93224,8.0651245,13.26091,0.050156623,9,-1,-1
45.06757,392.54745,18.792847,13.279694,0.050121605,3,-1,-1
