226.58186,632.4417,48.96068,35.986877,0.8619062,4,-1,-1
890.4968,695.88293,74.48486,45.669983,0.85898614,4,-1,-1
1070.2299,579.83044,54.72058,24.785034,0.84807074,4,-1,-1
125.21256,644.025,43.82572,39.19629,0.8444439,4,-1,-1
27.400974,654.3093,39.621235,37.532043,0.840029,4,-1,-1
74.22711,645.72266,39.28524,34.874756,0.83695006,4,-1,-1
100.11412,598.2785,64.14555,26.896729,0.8291092,4,-1,-1
70.67147,621.08093,74.03425,30.344849,0.81801593,4,-1,-1
295.72748,613.54047,56.351166,35.227966,0.8165691,4,-1,-1
265.7427,625.6994,48.52762,32.532166,0.8122482,4,-1,-1
118.62828,604.7998,61.310684,28.701233,0.79680455,4,-1,-1
705.34283,729.4039,82.15369,35.15338,0.7896159,4,-1,-1
144.28685,574.67926,57.360016,25.95459,0.78025275,4,-1,-1
168.6257,471.78967,7.0427856,14.451141,0.77277184,1,-1,-1
352.02924,515.40247,7.61615,14.94342,0.7668584,1,-1,-1
1034.033,512.35565,7.1433105,16.641907,0.7578709,1,-1,-1
1028.2357,487.17667,7.088745,16.090118,0.7574569,1,-1,-1
895.1188,718.6439,70.80524,38.595886,0.757073,4,-1,-1
341.79904,530.7925,7.4002686,16.508911,0.74984837,1,-1,-1
72.07497,595.0683,58.20485,26.064087,0.74466,4,-1,-1
146.87466,497.07254,8.606384,15.480255,0.73573625,1,-1,-1
1040.2233,513.1217,7.400757,17.675842,0.734109,1,-1,-1
361.55414,511.9289,7.198059,15.797241,0.7227151,1,-1,-1
178.21611,527.1234,32.043716,20.347778,0.7216567,4,-1,-1
200.24928,466.11,6.593506,14.691681,0.7204721,1,-1,-1
152.2745,524.91205,35.11841,19.998962,0.7137247,4,-1,-1
1068.128,523.2669,8.685669,18.916626,0.7127652,1,-1,-1
215.48907,535.9745,40.046112,19.74231,0.7091062,4,-1,-1
140.10016,483.76453,6.753998,13.440796,0.70302767,1,-1,-1
1040.5687,431.2501,6.0117188,11.127869,0.69900507,1,-1,-1
45.020885,592.42346,56.012196,27.580444,0.69662595,4,-1,-1
23.583876,494.48346,40.99501,17.719543,0.69519085,4,-1,-1
1017.06915,488.08932,7.14032,15.27182,0.69407594,1,-1,-1
976.496,497.606,7.676941,14.181366,0.6862358,1,-1,-1
122.45492,518.2811,7.725273,16.388062,0.6821423,1,-1,-1
134.54762,516.4843,8.0914,17.98767,0.68191314,1,-1,-1
995.9185,500.8963,7.9003296,17.076538,0.6812714,1,-1,-1
129.32591,483.40976,7.068634,14.937897,0.68038285,1,-1,-1
873.518,547.2794,7.322815,16.63684,0.67879164,1,-1,-1
344.78754,508.69412,7.2345886,16.234161,0.67488396,1,-1,-1
51.39771,548.8609,47.351536,23.383667,0.67367446,4,-1,-1
348.7114,530.5676,7.469757,17.097717,0.6719242,1,-1,-1
568.6264,588.24097,13.852966,26.654602,0.66578996,1,-1,-1
366.7662,561.3536,38.43985,34.101868,0.6651868,5,-1,-1
650.38916,421.8764,6.7036743,12.883331,0.6615998,1,-1,-1
126.258514,521.14496,8.283722,17.025696,0.656164,1,-1,-1
338.05594,510.1661,7.5028076,17.182526,0.65553695,1,-1,-1
1022.23035,487.9886,6.664551,15.255554,0.65348244,1,-1,-1
252.72803,549.1984,44.548004,21.28009,0.65328676,4,-1,-1
278.63232,595.38055,10.76712,21.243835,0.6522021,1,-1,-1
185.21559,471.19992,7.332443,13.142761,0.64715147,1,-1,-1
593.62726,671.57404,56.475586,32.193054,0.6463548,7,-1,-1
1042.3439,548.63275,8.633179,18.733582,0.64585197,1,-1,-1
204.86702,466.32944,6.1530914,13.95462,0.64370775,1,-1,-1
1050.5751,430.95853,6.19812,12.147919,0.639006,1,-1,-1
1033.2522,487.56232,6.9136963,15.7161255,0.6384664,1,-1,-1
279.71408,562.35535,44.14038,22.389526,0.63599384,4,-1,-1
334.4707,539.54034,7.5747375,16.163696,0.63338625,1,-1,-1
156.30276,473.72787,7.2248993,15.135468,0.6319237,1,-1,-1
124.7661,572.6745,47.54747,24.72583,0.63107944,4,-1,-1
302.67267,504.06168,8.712494,16.697052,0.6309545,10,-1,-1
927.8829,504.69067,30.131409,22.665527,0.6294905,5,-1,-1
352.81152,554.3665,7.4539185,17.22528,0.6224367,1,-1,-1
995.9921,490.4478,7.458374,13.959351,0.6189027,1,-1,-1
149.16096,473.9334,7.136795,14.161407,0.61698043,1,-1,-1
85.66574,491.34808,7.564804,12.6249695,0.6164255,1,-1,-1
1010.0695,483.84564,7.3779297,15.827423,0.61544013,1,-1,-1
204.67802,532.55853,37.05812,18.901428,0.6105391,4,-1,-1
1013.52826,583.73315,55.165222,27.46637,0.61033064,4,-1,-1
960.50366,510.59503,7.533325,16.371033,0.6052423,1,-1,-1
1077.2858,532.9613,9.994629,18.254211,0.6036233,1,-1,-1
143.70938,472.72818,6.234192,13.249084,0.5998391,1,-1,-1
134.4732,485.0149,6.5563354,14.033081,0.59736615,1,-1,-1
18.664879,657.0288,13.289085,27.844421,0.5963242,1,-1,-1
922.99884,420.52332,7.7042847,12.849884,0.59558797,1,-1,-1
61.92335,406.72415,7.274517,13.524658,0.594255,1,-1,-1
93.05431,491.01733,6.8023148,12.242035,0.5924955,1,-1,-1
323.88547,552.59863,7.8157654,19.303345,0.5924216,1,-1,-1
1159.9637,437.1264,6.5733643,14.043793,0.59196293,1,-1,-1
1066.5137,488.78192,7.096924,15.651764,0.5918425,1,-1,-1
207.35918,466.28906,6.339218,13.600311,0.5883484,1,-1,-1
461.334,552.7709,7.147461,18.017944,0.58824825,1,-1,-1
1032.3944,545.4693,8.777222,18.211914,0.5778254,1,-1,-1
61.837772,551.8168,52.069477,23.90033,0.57702976,4,-1,-1
184.34515,503.937,7.2077484,15.992737,0.5717424,1,-1,-1
339.4491,505.73514,7.214081,17.129791,0.570211,1,-1,-1
1035.5425,431.69293,5.8548584,10.546478,0.56975085,1,-1,-1
1111.4974,436.1975,5.959717,11.704254,0.5690414,1,-1,-1
870.00354,427.8307,5.866516,12.187958,0.5663291,1,-1,-1
25.708261,533.8959,51.66294,23.084595,0.5618949,4,-1,-1
118.400955,511.92505,7.4037704,14.40802,0.5617176,1,-1,-1
1097.738,433.3039,6.473877,13.412994,0.56136626,1,-1,-1
235.84158,454.70526,6.644928,14.22937,0.56110877,1,-1,-1
67.61997,406.30194,6.973572,12.8914795,0.5595762,1,-1,-1
242.2838,545.9339,45.05162,21.8172,0.55889004,4,-1,-1
225.65193,452.9575,6.7301636,14.560272,0.5586191,1,-1,-1
47.355705,373.62042,8.659954,11.8758545,0.5582756,1,-1,-1
1076.4115,523.01636,7.937134,14.692932,0.5580372,1,-1,-1
102.59847,570.7404,49.20588,26.130554,0.5552486,4,-1,-1
104.47175,500.72424,7.783066,15.223572,0.55202526,1,-1,-1
1104.5293,434.67117,6.8083496,12.903229,0.55121136,1,-1,-1
331.44278,552.61597,8.386383,19.248169,0.54929334,1,-1,-1
33.22953,539.0241,51.898453,23.103027,0.54921544,4,-1,-1
718.6242,454.5332,7.001831,13.699158,0.54554737,1,-1,-1
1061.2646,431.999,6.3728027,11.983032,0.54455507,1,-1,-1
290.6184,528.8038,7.9572754,16.914795,0.54272825,1,-1,-1
672.3868,423.20752,5.765869,12.609222,0.54218477,1,-1,-1
517.55475,572.6156,9.969299,21.814697,0.54192203,1,-1,-1
110.52109,487.66162,7.2596054,15.109497,0.5414087,1,-1,-1
125.5555,389.10815,7.299103,12.729187,0.53996426,1,-1,-1
706.9666,419.47382,7.1244507,12.544922,0.53788245,1,-1,-1
339.1971,553.5959,8.235718,19.459595,0.53566813,1,-1,-1
1025.9625,487.92557,6.890991,15.105957,0.53457206,1,-1,-1
97.49959,515.3791,9.914452,16.19342,0.5327082,1,-1,-1
1136.3887,437.4634,6.257324,12.283325,0.5315251,1,-1,-1
13.196236,644.23773,18.755106,18.26233,0.5314161,10,-1,-1
857.7039,545.0386,7.8009033,17.885925,0.52901286,1,-1,-1
1047.5994,431.87543,6.1400146,11.214081,0.528603,1,-1,-1
81.88952,558.79834,51.69671,26.829773,0.5282466,4,-1,-1
1075.4148,428.47855,6.2252197,12.830872,0.52767867,1,-1,-1
1030.1671,427.00348,5.786377,11.830475,0.5242775,1,-1,-1
1012.4747,485.76007,7.185364,15.237518,0.5230392,1,-1,-1
1129.4913,433.02576,6.497925,13.988007,0.51574534,1,-1,-1
982.4453,500.93326,7.00354,13.015045,0.5154882,1,-1,-1
130.67978,343.4511,5.1999054,9.625366,0.5144459,1,-1,-1
110.434715,392.83475,7.6491776,12.914337,0.51095635,1,-1,-1
96.494576,392.8522,7.7931213,12.721863,0.5107131,1,-1,-1
98.01115,489.9062,6.6957855,12.556732,0.5063081,1,-1,-1
465.35922,553.6304,6.74823,17.17395,0.50421834,1,-1,-1
1012.7049,424.96353,6.133728,11.502106,0.502648,1,-1,-1
987.16345,536.7176,41.527832,24.145142,0.49825335,5,-1,-1
387.5996,614.6197,24.333862,18.498535,0.49557984,10,-1,-1
916.8027,548.07086,18.183044,13.553101,0.49335662,3,-1,-1
294.25143,504.18015,7.508484,15.561615,0.49305198,10,-1,-1
209.74895,466.2253,6.16304,13.1875305,0.4906665,1,-1,-1
702.149,422.4859,6.996521,10.8602295,0.4896465,1,-1,-1
14.337484,518.51697,53.377434,23.399475,0.4888479,5,-1,-1
73.4942,407.9156,6.7781906,11.085144,0.48643506,1,-1,-1
127.44033,358.6853,5.229027,9.561859,0.4852014,1,-1,-1
270.1425,275.07407,20.166107,8.034607,0.4813944,4,-1,-1
1067.7361,430.1007,6.2801514,11.838959,0.4801978,1,-1,-1
346.14822,553.8197,7.223175,17.610107,0.48009482,1,-1,-1
820.1681,418.4079,6.98053,9.569031,0.47895792,2,-1,-1
897.1448,425.28055,7.0930786,12.9263,0.4772019,1,-1,-1
1121.6818,436.31104,6.4141846,12.295532,0.47698385,1,-1,-1
132.99796,357.42453,5.547806,9.967346,0.47574377,1,-1,-1
170.58743,496.84244,7.799164,14.0590515,0.47475067,1,-1,-1
1056.6766,435.2713,6.1121826,11.55484,0.47454202,1,-1,-1
1103.6144,429.9595,6.574585,13.768341,0.4720996,1,-1,-1
1117.1095,435.27994,6.086792,12.596497,0.47206357,1,-1,-1
679.1565,450.65857,6.878235,12.720215,0.4694888,1,-1,-1
341.6521,559.53687,7.5899353,17.797974,0.46900925,1,-1,-1
298.40543,567.8315,52.007385,36.238403,0.467818,6,-1,-1
4.4060507,488.36908,36.818916,19.979156,0.4635461,5,-1,-1
1000.37854,561.4241,47.403687,24.817078,0.46334857,4,-1,-1
1086.0083,500.81146,8.6813965,16.266846,0.4616248,1,-1,-1
986.34625,536.75757,42.565125,24.221008,0.46154135,4,-1,-1
1233.669,439.2559,9.433105,11.663116,0.45916578,2,-1,-1
405.08047,265.9601,29.467438,9.970154,0.45502383,4,-1,-1
270.08234,527.1644,6.7676086,16.801147,0.45281935,1,-1,-1
295.3419,596.76227,10.458008,16.868591,0.45279264,1,-1,-1
387.19647,537.63947,8.263824,16.984985,0.44650415,1,-1,-1
184.70738,463.44785,6.891632,12.297516,0.44424134,1,-1,-1
192.64694,460.17178,6.2756042,11.705719,0.44311923,1,-1,-1
453.4728,587.46893,39.778656,21.20697,0.44270027,10,-1,-1
17.701406,544.5674,8.479809,16.399231,0.442037,1,-1,-1
849.18396,552.9711,8.37085,17.911743,0.4409314,1,-1,-1
259.3106,552.61096,47.890106,22.735046,0.4404513,4,-1,-1
455.07486,431.85043,5.292511,11.511047,0.43955868,1,-1,-1
504.2007,498.64105,6.739105,15.2994995,0.43845713,1,-1,-1
529.4768,572.77747,10.210999,19.469543,0.43747133,1,-1,-1
243.07596,457.1816,6.880951,15.715881,0.4369465,1,-1,-1
444.89893,549.72296,7.269928,17.551514,0.43632802,1,-1,-1
422.97937,567.7503,10.385498,16.788757,0.4351741,10,-1,-1
1118.1968,431.25714,5.6324463,12.792847,0.4328454,1,-1,-1
603.8993,425.10767,15.873291,9.525391,0.4305262,10,-1,-1
128.70602,389.6066,7.256073,12.04718,0.42963502,1,-1,-1
1019.77014,487.72595,6.4383545,14.929626,0.42707574,1,-1,-1
222.51485,541.43066,39.10466,18.593811,0.42446268,4,-1,-1
5.3981686,411.014,7.154414,15.65155,0.42425567,1,-1,-1
1081.7474,429.20758,5.838867,11.625397,0.42284232,1,-1,-1
672.71606,453.11356,6.481018,11.163269,0.42102334,1,-1,-1
1035.8282,484.28674,6.788574,16.054718,0.4208348,1,-1,-1
376.8765,538.63385,7.5028076,13.818115,0.41915414,1,-1,-1
58.998974,446.29895,6.7640266,15.664856,0.41895658,1,-1,-1
660.2499,286.77966,13.996338,6.0557556,0.4187293,4,-1,-1
128.24959,524.555,7.5040283,15.63739,0.41750374,1,-1,-1
1029.4105,430.80844,6.2061768,11.421295,0.41716564,1,-1,-1
459.6886,432.24112,5.3088684,10.925781,0.41614887,1,-1,-1
324.20114,446.42227,5.652954,12.521027,0.41497767,1,-1,-1
139.64713,471.74332,6.062851,13.552216,0.41470867,1,-1,-1
190.49976,514.22986,7.5115967,14.797607,0.4144285,1,-1,-1
593.45074,672.24493,56.424805,31.474792,0.41438615,10,-1,-1
897.9947,507.36227,46.726562,23.414215,0.41192672,5,-1,-1
1114.1327,436.46606,6.614502,11.555664,0.4112963,1,-1,-1
1056.9556,600.55145,53.465088,31.714722,0.4096888,6,-1,-1
416.5357,551.63666,7.0109863,15.25415,0.40846744,1,-1,-1
1053.701,476.78918,6.8966064,16.377014,0.40718168,1,-1,-1
854.4101,558.3799,8.207947,18.758728,0.40471998,1,-1,-1
416.04553,592.5194,20.999237,27.014587,0.4017425,7,-1,-1
298.96838,569.27966,50.930725,34.59027,0.40147856,5,-1,-1
174.8361,514.6065,7.841797,13.234863,0.4000705,1,-1,-1
1231.8348,443.36102,19.851562,11.69455,0.39923579,10,-1,-1
551.6261,587.37885,15.147339,25.581604,0.398274,10,-1,-1
405.63083,575.0262,17.972656,15.447266,0.39760578,10,-1,-1
440.30685,548.76025,7.197693,18.449768,0.39667398,1,-1,-1
405.45267,574.96216,18.092712,15.583252,0.39609966,3,-1,-1
1022.98865,464.62357,25.404297,13.437866,0.39558035,4,-1,-1
522.63196,572.13196,9.0998535,20.082886,0.39500403,1,-1,-1
11.778162,533.9019,8.6982155,16.05597,0.3949276,1,-1,-1
118.63601,517.30505,7.249031,15.87561,0.39338627,1,-1,-1
232.56473,544.2969,40.911713,21.480652,0.39266565,4,-1,-1
560.7703,541.41406,8.532898,16.58899,0.3894379,1,-1,-1
69.8946,407.2956,7.681572,12.155212,0.38878548,1,-1,-1
220.90013,452.59915,6.535675,14.2135315,0.38855323,1,-1,-1
28.152943,578.552,57.09696,30.486694,0.3882012,5,-1,-1
294.09964,504.2363,7.733032,15.727753,0.38414285,1,-1,-1
1025.5618,430.34546,5.8824463,10.088348,0.3817206,1,-1,-1
1033.0449,552.31824,8.974731,17.894043,0.38075805,1,-1,-1
1236.5297,440.33737,8.692627,11.80304,0.3800965,2,-1,-1
553.1914,545.0708,8.4036255,16.654419,0.37931597,1,-1,-1
553.0753,586.8716,14.353882,25.59497,0.37761688,3,-1,-1
341.79572,506.126,7.3294373,15.949493,0.3747905,1,-1,-1
848.9821,548.086,8.44397,16.615784,0.37445098,1,-1,-1
171.07327,443.60626,20.54721,13.088806,0.37350208,10,-1,-1
1057.4299,600.33453,53.53784,32.015564,0.3733787,8,-1,-1
155.07004,432.27167,20.603073,12.53125,0.37260598,10,-1,-1
1085.1996,250.73376,19.369263,6.773712,0.37198418,4,-1,-1
1057.1182,600.2847,53.6698,32.178528,0.36951104,7,-1,-1
179.13306,443.87793,6.6366425,11.198212,0.3693902,2,-1,-1
299.12598,597.9396,8.519836,16.66156,0.3684094,1,-1,-1
843.3734,551.79694,8.092773,18.48468,0.36781776,1,-1,-1
334.40356,552.4,7.6270447,18.842224,0.36598194,1,-1,-1
1119.4208,434.92017,6.775757,12.236023,0.36461937,1,-1,-1
2.5799985,410.72324,6.5513835,13.506409,0.3628076,1,-1,-1
1035.9617,554.17426,7.9068604,15.218567,0.36202472,1,-1,-1
466.56064,431.86032,5.080017,10.828583,0.36162567,1,-1,-1
1053.0364,431.29312,6.6885986,12.607208,0.3610875,1,-1,-1
295.49667,596.0696,10.100067,17.451965,0.3610698,2,-1,-1
174.30731,513.3969,8.119553,13.014709,0.360829,2,-1,-1
191.70326,504.9725,7.265396,14.701996,0.36065322,1,-1,-1
433.4513,266.79312,22.15921,9.017517,0.35898447,4,-1,-1
814.32635,420.11005,17.243042,8.8428955,0.35864836,10,-1,-1
628.18555,410.62054,13.721313,11.17099,0.3574136,10,-1,-1
607.0251,424.58395,7.583557,9.823029,0.35656518,2,-1,-1
130.19519,357.80026,5.524124,9.952698,0.35632905,1,-1,-1
437.17795,548.5684,7.579834,18.759644,0.35602248,1,-1,-1
466.60336,500.71768,6.5088196,13.877838,0.35589015,1,-1,-1
421.8075,267.63962,18.194824,7.9619446,0.35531044,4,-1,-1
662.32935,430.1076,12.928772,10.104584,0.35507923,10,-1,-1
629.0848,411.1639,7.076721,9.913696,0.35411662,2,-1,-1
631.18225,653.30145,17.821594,27.83612,0.3500411,10,-1,-1
23.864653,476.9112,7.3701725,12.5390625,0.34966296,1,-1,-1
171.07327,443.60626,20.54721,13.088806,0.3491381,7,-1,-1
387.1015,537.5743,8.410522,14.347351,0.3481186,2,-1,-1
1004.95325,572.1657,41.311768,23.13733,0.3480261,4,-1,-1
218.64742,454.3843,7.1871033,12.806274,0.34705898,1,-1,-1
543.4596,469.47882,7.897522,11.317657,0.34648377,1,-1,-1
101.57825,477.48438,7.2378616,13.343109,0.34632462,1,-1,-1
0.0,486.02127,15.838735,14.710785,0.34592712,4,-1,-1
1027.0873,429.31918,7.076782,11.691193,0.34529406,1,-1,-1
99.14683,487.149,6.8121643,12.435944,0.34358734,1,-1,-1
731.74396,459.9299,6.8726196,9.358704,0.34350383,1,-1,-1
330.26205,485.21188,7.6664124,14.020355,0.34329432,1,-1,-1
239.54381,454.85156,6.136261,14.283051,0.343181,1,-1,-1
973.81744,329.18768,11.183044,6.186676,0.3424818,10,-1,-1
1064.3907,431.26367,6.7456055,11.619049,0.33999228,1,-1,-1
1017.7276,427.50787,6.0010986,11.7899475,0.33993167,1,-1,-1
85.94716,561.5571,50.838104,27.408325,0.33966506,5,-1,-1
281.81473,504.40836,7.4145203,15.291046,0.33861834,1,-1,-1
450.8515,498.22394,6.6307373,14.277283,0.33753538,1,-1,-1
1134.283,436.06577,6.199951,12.9530945,0.3371237,1,-1,-1
1000.37854,561.4241,47.403687,24.817078,0.33550316,5,-1,-1
936.1118,574.3719,19.47406,15.80365,0.33512378,10,-1,-1
102.59847,570.7404,49.20588,26.130554,0.33462858,5,-1,-1
631.02606,410.69785,8.316345,10.375793,0.3333202,2,-1,-1
34.4043,453.67258,7.4719887,9.691498,0.33154112,2,-1,-1
1015.40045,426.47827,6.5387573,12.454529,0.3312385,1,-1,-1
902.73737,624.10767,14.370056,19.997559,0.33115327,2,-1,-1
1007.0716,485.43582,6.955261,14.055237,0.3305546,1,-1,-1
351.53397,576.20325,17.664978,15.6032715,0.32992584,10,-1,-1
1120.9418,432.28247,6.0717773,12.839264,0.32694703,1,-1,-1
998.1527,561.6417,8.3602295,19.237183,0.32636636,1,-1,-1
714.6948,427.7068,7.6470947,12.165863,0.3262877,1,-1,-1
133.38843,521.8792,7.55365,16.146606,0.3242064,1,-1,-1
416.04553,592.5194,20.999237,27.014587,0.32406133,8,-1,-1
554.31604,397.4748,12.446167,9.883728,0.32274875,10,-1,-1
1145.5059,435.7636,7.4143066,13.228485,0.32263482,1,-1,-1
185.70226,507.44998,7.568939,15.238251,0.32223412,1,-1,-1
938.71967,421.91223,16.206055,8.524139,0.32193154,10,-1,-1
471.9066,289.34445,11.138916,8.007904,0.3214769,4,-1,-1
398.844,536.5133,8.173401,13.502502,0.32087356,2,-1,-1
658.4797,634.2934,25.340942,31.459229,0.3208049,10,-1,-1
888.3184,348.09363,4.6782227,9.484772,0.3204651,1,-1,-1
44.020416,540.9917,47.887314,25.340149,0.32030925,5,-1,-1
1077.6912,527.9182,7.9869385,16.980286,0.31848872,1,-1,-1
275.05893,557.37756,39.49301,16.648865,0.31822526,4,-1,-1
1057.0339,479.22635,7.0098877,15.857941,0.31778336,1,-1,-1
925.9223,644.56165,43.054016,24.935852,0.31761378,7,-1,-1
121.43375,512.84827,7.3683624,15.247498,0.31759605,1,-1,-1
260.38657,413.80734,5.558075,11.091064,0.31587395,1,-1,-1
990.3169,566.86084,7.3220825,16.455688,0.3154546,1,-1,-1
1148.5502,435.9107,6.5545654,12.933228,0.3154415,1,-1,-1
568.65955,588.4085,14.138794,25.977417,0.31495452,2,-1,-1
302.64984,606.35895,9.439941,14.857117,0.3142392,1,-1,-1
287.99353,504.8977,7.463043,14.508057,0.31416112,10,-1,-1
479.13873,429.332,12.009186,11.005859,0.31380683,10,-1,-1
668.9064,633.09247,14.669067,26.424377,0.31339794,3,-1,-1
599.55585,650.5691,39.60962,41.47815,0.31319776,7,-1,-1
376.5643,538.47797,8.155518,12.968018,0.31309688,2,-1,-1
840.00757,407.63403,17.274536,7.796356,0.31164154,10,-1,-1
817.13214,418.62723,7.2598877,9.423553,0.3112082,2,-1,-1
25.59259,532.09845,49.792442,25.81018,0.31004733,5,-1,-1
1131.1079,495.98587,7.9399414,11.41983,0.31004542,2,-1,-1
936.929,420.2396,7.4283447,10.449066,0.30818212,2,-1,-1
1105.6504,271.4295,8.837036,4.673218,0.30801344,4,-1,-1
340.42044,485.78137,8.274384,16.286987,0.30781502,1,-1,-1
525.16425,422.3927,16.018555,9.922546,0.30760336,10,-1,-1
664.6783,428.7849,7.1052856,10.737091,0.3071003,2,-1,-1
318.958,448.83734,5.5455627,10.798676,0.30699697,1,-1,-1
266.61588,452.87405,6.3620605,12.775116,0.30647743,1,-1,-1
233.21736,512.70685,6.596466,14.60321,0.30597138,1,-1,-1
427.84952,541.55963,7.019989,18.948425,0.30572608,1,-1,-1
1039.6106,480.61868,6.7233887,14.990784,0.30479962,1,-1,-1
282.46994,451.5081,6.5364075,14.100372,0.3044177,1,-1,-1
173.18034,513.13837,7.1479797,12.747864,0.30366445,1,-1,-1
1050.4592,478.70923,7.0512695,16.024872,0.30328423,1,-1,-1
938.9574,419.19385,8.5401,10.283386,0.30259085,2,-1,-1
14.047854,518.3769,50.72282,23.018127,0.3020576,4,-1,-1
1042.4452,515.8052,6.6271973,16.072693,0.30126613,1,-1,-1
888.0567,509.73917,48.00244,21.916473,0.3011302,4,-1,-1
654.3713,641.12354,17.027588,27.128174,0.30083853,3,-1,-1
490.4451,407.23926,11.6414795,9.021362,0.30069494,10,-1,-1
173.84181,516.00574,10.435043,11.358398,0.30011052,10,-1,-1
422.75375,567.77655,10.765808,16.89685,0.2990188,3,-1,-1
299.12598,597.9396,8.519836,16.66156,0.2986808,2,-1,-1
723.8314,452.84607,6.5509033,13.681152,0.29845992,1,-1,-1
389.9529,438.59903,5.1114197,10.746887,0.2972976,1,-1,-1
836.8499,544.6416,7.9489136,17.263306,0.2962619,1,-1,-1
1143.6191,436.06097,6.430908,12.776489,0.29616958,1,-1,-1
664.6783,428.7849,7.1052856,10.737091,0.29597807,1,-1,-1
1004.4564,570.80676,42.500366,24.86493,0.29513282,5,-1,-1
618.4298,648.3964,14.527222,34.507874,0.2946858,1,-1,-1
155.23895,432.37943,20.44519,12.159149,0.29448745,7,-1,-1
338.25647,551.47797,7.2415466,16.267456,0.29350996,1,-1,-1
1023.10077,432.51688,6.4972534,11.40744,0.2926421,1,-1,-1
609.15674,650.44745,37.70117,36.946533,0.29200408,10,-1,-1
199.98213,504.51688,7.040863,14.121613,0.29125643,1,-1,-1
463.4354,432.41995,5.193939,11.023315,0.29059976,1,-1,-1
668.75635,633.0351,14.854553,26.632019,0.28938967,10,-1,-1
320.07407,446.22668,6.330902,12.625519,0.28909743,1,-1,-1
1000.0953,561.05597,47.581238,24.23938,0.2879208,8,-1,-1
1013.6501,584.1395,55.47638,27.178894,0.28786457,5,-1,-1
280.5268,505.36353,10.419922,14.203308,0.2878102,10,-1,-1
183.08725,507.04575,6.852417,14.860931,0.28706163,1,-1,-1
630.77057,287.26865,9.750305,5.630768,0.28674924,4,-1,-1
66.847015,447.69763,6.1697006,14.018066,0.28568107,1,-1,-1
224.46873,510.83136,7.186096,16.196411,0.2852866,1,-1,-1
86.312614,450.75046,6.0192337,12.188568,0.28484312,1,-1,-1
476.8443,500.49304,6.7339478,16.889832,0.2845724,1,-1,-1
423.43542,567.6447,9.356995,16.301575,0.28413695,1,-1,-1
302.64984,606.35895,9.439941,14.857117,0.28394186,2,-1,-1
1160.6628,425.5253,6.722534,10.599274,0.28285807,2,-1,-1
5.509765,511.89966,50.469425,23.073303,0.28252822,4,-1,-1
196.99287,504.97513,6.833084,13.775299,0.28137052,1,-1,-1
1057.3375,600.50574,53.566284,32.661926,0.28128573,5,-1,-1
396.0904,439.12,5.046936,10.132263,0.28080496,1,-1,-1
7.864016,490.40295,37.875923,17.731018,0.2800054,4,-1,-1
465.34598,554.13776,6.873932,17.147034,0.27957442,10,-1,-1
844.7758,404.74454,5.2457275,8.681946,0.27939653,2,-1,-1
15.444322,658.4057,15.757407,27.125916,0.2785402,2,-1,-1
432.0178,547.6326,7.035248,18.109009,0.2779613,1,-1,-1
302.67267,504.06168,8.712494,16.697052,0.27781698,1,-1,-1
1043.1562,479.9866,6.8302,15.357422,0.27775848,1,-1,-1
551.836,588.0778,15.581848,24.710327,0.27763522,1,-1,-1
1238.3894,442.2552,10.62207,10.466766,0.27752852,2,-1,-1
976.228,328.35373,5.890869,6.3855286,0.27682832,2,-1,-1
658.4797,634.2934,25.340942,31.459229,0.27654034,3,-1,-1
594.2403,671.6308,56.094666,32.321533,0.27627116,8,-1,-1
458.31476,500.44095,6.991516,13.60672,0.27619362,1,-1,-1
141.11162,479.25888,7.096283,13.46228,0.27580684,1,-1,-1
886.7365,646.1237,29.080872,29.68164,0.27530283,7,-1,-1
827.7306,462.50604,5.548889,11.388611,0.27479458,1,-1,-1
128.9243,519.3534,6.83519,15.517151,0.27426952,1,-1,-1
273.8291,506.3653,13.290375,13.345032,0.27366263,10,-1,-1
29.876102,580.3062,58.920284,28.497314,0.27332914,4,-1,-1
483.73352,535.85254,7.8665466,19.874146,0.27314848,1,-1,-1
486.80112,430.35712,10.567078,10.186279,0.27314782,10,-1,-1
654.3713,641.12354,17.027588,27.128174,0.27314195,10,-1,-1
190.49976,514.22986,7.5115967,14.797607,0.27266583,2,-1,-1
1127.0574,495.7745,9.572266,11.356689,0.27212656,2,-1,-1
542.7882,567.49896,10.910706,17.51416,0.27196777,2,-1,-1
453.33148,587.1297,40.20862,21.215637,0.27182665,7,-1,-1
814.0882,620.88947,19.906433,23.914429,0.2717948,3,-1,-1
33.65186,454.45425,13.790512,9.047852,0.2716078,10,-1,-1
164.85672,472.23752,8.128998,13.717041,0.27157217,1,-1,-1
384.84387,536.89453,7.845642,14.1828,0.2714771,1,-1,-1
579.1116,379.8808,11.542664,9.281433,0.27100074,10,-1,-1
43.925755,477.6136,13.33567,9.270294,0.27084512,10,-1,-1
512.4139,512.8289,6.603882,14.082397,0.2705042,1,-1,-1
678.1788,445.03973,7.330139,14.685181,0.2698816,1,-1,-1
291.13745,505.09424,8.558563,14.572876,0.26953876,10,-1,-1
7.7283044,414.85468,6.813823,16.149536,0.26880848,1,-1,-1
855.6528,549.2558,7.720337,16.558533,0.2686805,1,-1,-1
91.73649,492.45193,5.879944,11.015015,0.26830173,1,-1,-1
44.07467,592.22125,54.267273,27.745972,0.2669664,5,-1,-1
937.097,419.54382,7.06958,10.439545,0.2668961,1,-1,-1
78.30478,556.78534,50.011887,25.66858,0.26605833,5,-1,-1
21.829845,493.80988,41.901474,18.556885,0.26597935,5,-1,-1
13.52784,644.317,18.311565,17.971924,0.2653543,3,-1,-1
909.1371,645.87494,41.861572,26.736938,0.2646245,7,-1,-1
398.844,536.5133,8.173401,13.502502,0.26458997,1,-1,-1
254.84473,271.31976,17.656494,7.663971,0.26449823,4,-1,-1
542.875,567.315,10.645203,18.239258,0.2634902,1,-1,-1
1106.7219,436.25223,5.855957,12.008728,0.26325136,1,-1,-1
928.41144,504.83847,29.438354,21.91269,0.2632422,4,-1,-1
521.9709,571.81775,8.160889,17.078735,0.26308292,2,-1,-1
816.0538,419.4004,14.11084,9.153259,0.26303697,2,-1,-1
886.98596,509.80646,49.293945,22.085754,0.26274428,6,-1,-1
232.60574,512.77295,6.9646606,15.265686,0.26267767,2,-1,-1
560.7703,541.41406,8.532898,16.58899,0.26262087,2,-1,-1
224.46873,510.83136,7.186096,16.196411,0.26247552,2,-1,-1
423.5742,545.56464,6.6881714,18.105103,0.26202708,1,-1,-1
831.6323,462.75415,6.2714844,11.890289,0.26193213,1,-1,-1
455.99463,499.17636,6.6902466,13.86795,0.26114127,1,-1,-1
1004.76044,571.7177,41.44879,24.38208,0.2610619,8,-1,-1
1057.4469,484.07782,7.331787,15.352661,0.26041943,1,-1,-1
830.0881,563.3787,7.5391235,18.240906,0.26034445,1,-1,-1
1231.0916,438.7536,9.209595,11.109467,0.26017928,2,-1,-1
916.362,354.6511,12.109192,8.118561,0.26013756,10,-1,-1
1031.7372,427.94513,6.918457,11.605072,0.2600358,1,-1,-1
625.2261,286.48654,14.55426,6.913269,0.2599808,4,-1,-1
1004.54645,560.2651,8.306824,19.536316,0.25925255,1,-1,-1
861.8904,629.0078,13.115356,27.657227,0.25914246,10,-1,-1
1152.7583,439.3139,6.454468,11.355682,0.25790966,1,-1,-1
0.0,412.4784,5.2141256,13.791931,0.2571152,1,-1,-1
895.768,686.3218,66.776794,39.21692,0.2565496,4,-1,-1
257.8563,457.31332,6.881958,11.319794,0.2565394,2,-1,-1
671.10614,427.27377,7.4057617,11.42334,0.25623578,1,-1,-1
278.96255,562.3916,45.366394,23.237488,0.255745,5,-1,-1
872.0019,531.78625,7.8204346,17.736328,0.25550187,1,-1,-1
936.11224,421.1236,10.511841,9.470917,0.2554394,10,-1,-1
16.123877,645.19055,14.950151,17.520569,0.25477266,2,-1,-1
13.563264,656.7379,12.704068,25.375732,0.25430706,1,-1,-1
434.21652,546.0218,7.120392,18.910034,0.25409168,1,-1,-1
610.58563,424.39502,6.843994,9.793915,0.2539209,2,-1,-1
460.7311,499.37698,6.5780334,14.425018,0.25369924,1,-1,-1
1027.6567,425.7731,6.914917,11.243103,0.25286523,1,-1,-1
399.56635,601.1086,18.127838,18.936401,0.25247464,10,-1,-1
925.9814,634.23346,42.366394,27.576416,0.25197184,7,-1,-1
72.64748,446.8382,5.8371353,12.010803,0.25181627,1,-1,-1
1054.9708,436.04517,5.7026367,10.298676,0.2508852,1,-1,-1
491.6312,431.5295,5.394287,9.595154,0.25057602,10,-1,-1
257.53195,457.3673,7.59964,11.86853,0.2505626,1,-1,-1
32.090946,478.61118,10.301891,10.353119,0.25004488,10,-1,-1
150.11638,497.8394,6.6892548,13.906769,0.24998847,1,-1,-1
548.8271,557.89545,11.9104,21.497192,0.2495411,1,-1,-1
197.0774,274.68686,19.267517,8.393036,0.2492666,4,-1,-1
1014.92645,485.85535,7.01239,15.10434,0.24923217,1,-1,-1
943.68744,419.56256,7.3220825,9.557404,0.24878636,2,-1,-1
194.13316,429.31512,17.721603,10.332977,0.24828672,10,-1,-1
553.1914,545.0708,8.4036255,16.654419,0.24756297,2,-1,-1
460.59518,552.8204,8.541565,18.220947,0.24747398,10,-1,-1
61.417442,446.09387,5.919853,13.20401,0.2467941,1,-1,-1
845.6316,628.75336,13.127869,26.959106,0.24668491,10,-1,-1
455.9606,406.76224,5.8878174,10.5460205,0.24659297,10,-1,-1
399.37598,601.2463,18.527924,19.102783,0.2463687,7,-1,-1
1079.6283,428.45035,6.2922363,12.935425,0.2457684,1,-1,-1
231.67998,476.0539,13.269333,15.9184265,0.2451804,8,-1,-1
628.0831,411.65744,14.107483,10.005463,0.24474815,7,-1,-1
174.4185,443.2906,9.960983,11.127289,0.24398607,2,-1,-1
199.91986,504.6637,7.199188,13.6658325,0.24386498,2,-1,-1
993.1831,566.6502,7.5082397,15.848328,0.24380997,1,-1,-1
219.78581,513.5527,6.6078033,15.449585,0.24373406,1,-1,-1
938.30035,418.56427,13.828186,9.94397,0.24360308,10,-1,-1
996.2755,564.17365,7.784485,18.707153,0.24337277,1,-1,-1
479.31183,427.52438,6.68161,12.591217,0.24313468,10,-1,-1
1000.53235,561.6354,47.528076,25.56012,0.24244896,6,-1,-1
993.23254,491.60764,8.171936,13.10199,0.24205512,1,-1,-1
1063.0305,489.38556,7.501465,15.378662,0.24194986,1,-1,-1
529.0387,572.8773,11.009827,19.76532,0.24117139,2,-1,-1
948.6556,559.1991,8.484985,19.545593,0.24058351,1,-1,-1
384.71252,537.01654,8.0859375,13.381958,0.23981133,2,-1,-1
331.38342,484.7724,8.632477,14.291016,0.2395595,2,-1,-1
858.4753,482.16122,28.402954,15.742249,0.23949218,7,-1,-1
228.51772,513.6948,6.7180176,15.845276,0.23935178,1,-1,-1
367.26718,562.0701,37.635223,33.30664,0.23878902,4,-1,-1
343.68707,532.615,7.88031,15.624756,0.23868069,1,-1,-1
1019.6345,430.11768,7.5458984,11.6892395,0.2385827,1,-1,-1
557.75433,542.37054,8.122681,16.162231,0.23838913,1,-1,-1
1013.27893,489.9552,8.274414,14.358032,0.23752582,1,-1,-1
613.41925,653.48676,14.960815,33.01178,0.23685682,1,-1,-1
183.6688,472.677,6.691086,12.598389,0.23664382,1,-1,-1
415.0419,575.7897,8.562592,13.945374,0.23642918,1,-1,-1
278.3029,503.97266,7.403473,15.473145,0.2361309,1,-1,-1
855.44196,555.4482,6.8847656,15.476746,0.23608571,1,-1,-1
382.636,539.81055,7.362915,16.651978,0.23559031,1,-1,-1
368.66647,549.4947,8.795044,11.652405,0.23537746,2,-1,-1
851.98456,561.70593,7.948059,16.345703,0.23529857,1,-1,-1
66.686714,408.63675,6.0261154,11.9939575,0.23505268,1,-1,-1
