197.51166,246.88281,35.199768,50.720184,0.9207745,1,-1,-1
295.18018,167.19849,23.686096,50.68216,0.9106442,1,-1,-1
334.38586,203.53928,26.519623,53.39087,0.90648216,1,-1,-1
151.98988,179.37447,32.3797,47.908813,0.8981161,1,-1,-1
677.046,124.85854,29.585083,49.300774,0.8940888,1,-1,-1
596.0394,109.823685,22.145325,44.148132,0.89130235,1,-1,-1
475.64655,138.76804,17.533752,46.054382,0.89024746,1,-1,-1
490.36057,233.75583,24.597748,46.709473,0.8876202,1,-1,-1
156.3084,139.66815,30.63675,48.171204,0.8822067,1,-1,-1
805.72626,189.5881,33.258972,44.56761,0.8772515,1,-1,-1
199.60872,205.14975,30.622757,48.1958,0.8742752,1,-1,-1
211.22142,169.70909,31.79477,53.223892,0.873223,1,-1,-1
53.507122,181.40274,36.777187,49.410812,0.86792135,1,-1,-1
297.2761,133.03407,23.044037,51.096176,0.85927844,1,-1,-1
398.2941,367.66388,21.976135,40.891327,0.85848004,1,-1,-1
785.0586,173.59595,39.038025,44.00865,0.8577674,1,-1,-1
768.44086,241.54552,39.924927,48.716476,0.8552346,1,-1,-1
72.48308,141.528,36.207947,47.533844,0.8533884,1,-1,-1
911.8298,137.00238,40.55896,45.216156,0.8509091,1,-1,-1
750.531,427.0711,44.498047,45.40219,0.8502604,1,-1,-1
590.93384,72.43143,20.801086,39.30809,0.8493931,1,-1,-1
492.31055,140.67104,18.968506,48.79323,0.8465158,1,-1,-1
362.27148,41.943546,18.64267,45.582806,0.8455833,1,-1,-1
196.31541,98.07137,26.127518,44.20585,0.8400079,1,-1,-1
520.8307,168.95439,20.764221,49.38867,0.83956283,1,-1,-1
881.68524,0.0,27.773804,41.471233,0.8393151,1,-1,-1
400.58154,198.40472,21.79245,49.563324,0.83927476,1,-1,-1
337.95096,47.940464,19.688934,42.3149,0.8388627,1,-1,-1
728.02124,141.69562,31.316345,43.989334,0.83624995,1,-1,-1
857.39386,1.8203193,30.658936,44.36562,0.8295023,1,-1,-1
173.01837,91.510254,25.339233,44.803528,0.82459533,1,-1,-1
548.24335,154.24753,19.807922,48.74771,0.8240927,1,-1,-1
587.9507,433.703,31.668274,42.40042,0.8240498,1,-1,-1
745.5744,196.94208,36.84436,48.36812,0.823995,1,-1,-1
568.8125,102.36295,22.9682,45.04087,0.8237633,1,-1,-1
572.0422,65.71332,23.344116,45.463417,0.81370354,1,-1,-1
531.7348,236.01431,26.33905,45.506622,0.81241536,1,-1,-1
67.9079,314.71115,41.477516,44.984863,0.8112154,1,-1,-1
505.24734,73.238945,17.144012,43.8348,0.8105221,1,-1,-1
523.1176,110.37204,18.895264,44.125504,0.80971897,1,-1,-1
559.8955,287.23126,26.170227,45.89969,0.8077599,1,-1,-1
585.82446,163.8161,21.236816,46.559555,0.80513567,1,-1,-1
608.9105,232.56694,30.985107,46.967728,0.79908776,1,-1,-1
531.7913,440.85745,31.682007,45.6893,0.7990066,1,-1,-1
344.85287,70.06053,19.451477,44.22159,0.79804814,1,-1,-1
460.20343,43.70812,16.681488,44.651745,0.7974472,1,-1,-1
639.77704,145.82152,24.366394,45.567352,0.7964544,1,-1,-1
720.33057,200.85799,31.717712,46.37903,0.7954205,1,-1,-1
384.8169,92.41769,18.880676,43.173058,0.7931055,1,-1,-1
517.3251,163.43768,16.575317,43.69568,0.78926384,1,-1,-1
125.611496,304.30228,35.40718,48.092255,0.78909314,1,-1,-1
690.62897,281.915,44.959167,45.991394,0.7849263,1,-1,-1
394.37643,167.25687,18.539398,40.011887,0.7842772,1,-1,-1
395.6094,144.5848,17.5878,41.08026,0.77930474,1,-1,-1
621.15796,286.2024,30.819946,44.035492,0.77510923,1,-1,-1
504.37332,96.66913,17.362762,44.658813,0.77502483,1,-1,-1
58.66736,13.574863,26.35968,43.22014,0.77241325,1,-1,-1
180.94772,302.59406,38.45874,47.21234,0.77182806,1,-1,-1
288.05307,206.09949,25.604034,50.58011,0.7673426,1,-1,-1
495.4444,114.63868,17.184998,40.905876,0.76729107,1,-1,-1
456.63025,130.20003,20.399933,46.077927,0.76477075,1,-1,-1
104.87602,181.95464,35.230408,47.065353,0.76328146,1,-1,-1
616.23315,124.26641,24.519165,49.835564,0.75505257,1,-1,-1
917.8347,189.29468,41.852783,44.76552,0.74972117,1,-1,-1
31.826754,250.13109,42.280457,47.74379,0.74465036,1,-1,-1
714.3698,73.895546,26.785278,42.65509,0.7443119,1,-1,-1
754.95605,235.74283,26.106628,38.865387,0.7417414,1,-1,-1
525.88367,135.66687,17.121521,44.236725,0.7390894,1,-1,-1
662.8754,158.4394,26.679382,52.47438,0.73722875,1,-1,-1
321.89258,65.70347,20.700623,48.766174,0.7313103,1,-1,-1
412.52643,93.32398,20.167084,47.60894,0.7312143,1,-1,-1
82.74506,253.23439,42.243713,45.918106,0.7311597,1,-1,-1
278.579,314.6887,24.255219,43.586426,0.7297032,1,-1,-1
658.1918,425.63724,42.20349,43.52292,0.7254828,1,-1,-1
535.00305,146.322,17.070068,42.549362,0.72305894,1,-1,-1
122.40754,143.4935,28.634163,43.629745,0.721066,1,-1,-1
253.90082,99.578926,25.56955,49.45707,0.7203879,1,-1,-1
902.40796,0.0,23.667175,34.94431,0.7149641,1,-1,-1
406.20145,67.28605,19.257965,41.76921,0.7140047,1,-1,-1
881.8661,248.7554,45.66559,46.463074,0.7132773,1,-1,-1
401.1489,48.33353,16.585999,40.586353,0.7096541,1,-1,-1
345.7306,165.88083,22.738342,47.598923,0.70821583,1,-1,-1
536.2525,121.05183,18.987793,44.1332,0.7027501,1,-1,-1
246.71417,464.57153,33.536133,41.35315,0.7026426,1,-1,-1
475.05392,60.437088,15.110474,43.014763,0.70225024,1,-1,-1
36.958813,36.922676,28.28645,37.50335,0.6988153,1,-1,-1
154.30211,96.25099,26.551834,49.830246,0.6979253,1,-1,-1
28.948944,87.2647,33.950573,39.96582,0.69614524,1,-1,-1
179.8427,371.12546,38.15027,46.302948,0.6948329,1,-1,-1
398.10446,244.57976,25.171661,45.04622,0.69464535,1,-1,-1
590.1586,194.28705,25.708618,42.787674,0.6944951,1,-1,-1
660.35065,150.87578,22.963257,47.736877,0.692968,1,-1,-1
0.9586966,33.62898,25.947803,35.617115,0.6912387,1,-1,-1
236.16272,116.13568,22.087463,39.66066,0.68541837,1,-1,-1
174.26044,106.8036,23.371475,42.515923,0.6832831,1,-1,-1
419.08096,29.847324,17.290344,35.792286,0.67473954,1,-1,-1
423.54095,63.246483,16.753143,40.157616,0.67236006,1,-1,-1
379.38635,23.40404,18.83377,42.991905,0.66268575,1,-1,-1
431.5491,36.600403,15.639221,41.184814,0.66034937,1,-1,-1
277.62775,93.33282,21.611786,44.345085,0.6561632,1,-1,-1
500.9316,289.9587,20.90097,37.34497,0.65121526,1,-1,-1
401.48572,301.2543,24.799408,42.366028,0.6503972,1,-1,-1
499.91614,104.542625,16.825195,44.835014,0.64676833,1,-1,-1
20.872517,149.61604,30.884212,41.15193,0.645878,1,-1,-1
446.71646,68.79167,15.170319,34.971596,0.6446606,1,-1,-1
449.32263,74.64564,17.1055,40.736374,0.63965976,1,-1,-1
381.02637,48.787556,18.087738,43.220936,0.6390093,1,-1,-1
721.7642,349.31866,39.79309,46.352997,0.6277301,1,-1,-1
159.69975,46.47703,23.89952,46.836727,0.6238332,1,-1,-1
335.98083,100.142494,18.002686,39.451256,0.622563,1,-1,-1
392.28238,32.29159,18.533325,39.037525,0.61666524,1,-1,-1
398.89404,435.58493,32.914642,52.64099,0.61589617,1,-1,-1
620.1808,137.57066,22.94812,47.489243,0.6156927,1,-1,-1
892.7536,262.0372,40.210083,42.57126,0.6089905,1,-1,-1
332.7915,300.51553,23.03189,39.162933,0.6075703,1,-1,-1
640.1536,358.55695,31.953003,44.293457,0.60022086,1,-1,-1
86.01911,23.328255,20.679955,37.80012,0.5957028,1,-1,-1
137.0216,245.80112,38.291122,44.187897,0.5947058,1,-1,-1
81.80424,33.786854,20.355423,38.399426,0.5945561,1,-1,-1
317.3941,71.20481,17.901031,45.651,0.5934961,1,-1,-1
697.9813,162.28743,31.932861,48.565628,0.5918255,1,-1,-1
206.31812,135.699,26.137863,40.549026,0.5888603,1,-1,-1
181.41609,58.60546,26.799103,42.54882,0.58713245,1,-1,-1
475.36368,75.87628,16.163849,45.266632,0.5853888,1,-1,-1
241.3418,17.366032,21.78653,36.672516,0.58360875,1,-1,-1
692.7127,178.75345,22.414185,35.84436,0.5724302,1,-1,-1
195.00972,468.6076,27.320023,39.150787,0.5712952,1,-1,-1
262.6442,50.200832,18.843475,37.841053,0.57085663,1,-1,-1
366.97623,0.0,14.883392,25.089693,0.56926185,1,-1,-1
541.2765,149.65071,19.614258,46.286484,0.5665282,1,-1,-1
207.03181,34.589005,23.078827,40.650627,0.56196004,1,-1,-1
926.0366,11.399104,23.031921,28.782955,0.5603262,1,-1,-1
142.55724,60.312447,23.08519,42.259277,0.5582623,1,-1,-1
292.5444,13.193335,19.89682,43.61216,0.5581679,1,-1,-1
857.7832,385.08282,26.838074,28.092438,0.5556249,1,-1,-1
78.26803,0.0,22.908394,36.432854,0.5539066,1,-1,-1
155.81941,59.524727,27.09195,46.300056,0.55371916,1,-1,-1
726.589,80.99981,21.871948,36.238358,0.5517408,1,-1,-1
295.27097,264.42593,17.87854,38.824615,0.5515592,1,-1,-1
104.11174,388.96103,37.819,37.812958,0.5507086,1,-1,-1
520.69574,354.9407,26.711182,44.176117,0.5429497,1,-1,-1
58.495274,95.331116,31.329105,40.14586,0.53796643,1,-1,-1
210.6938,78.85158,21.016968,39.72386,0.535691,1,-1,-1
287.5807,255.08357,18.72055,36.73326,0.53013587,1,-1,-1
307.14865,59.953636,18.330353,45.41742,0.5274331,1,-1,-1
196.81955,36.329914,19.86406,33.484173,0.52368665,1,-1,-1
0.0,94.01993,34.277245,44.10663,0.52032244,1,-1,-1
892.88477,0.0,26.106018,36.246075,0.5195801,1,-1,-1
907.01337,325.88293,49.060364,42.27948,0.5179402,1,-1,-1
195.26466,225.53995,34.998734,54.04294,0.5149494,1,-1,-1
287.5732,95.57278,21.457397,38.609383,0.5146049,1,-1,-1
224.56606,0.0,21.379364,21.798277,0.51367265,1,-1,-1
0.0,321.35422,32.339893,44.56723,0.50746876,1,-1,-1
14.742143,142.29156,24.662487,35.34572,0.5073958,1,-1,-1
245.94293,40.919968,21.224121,38.45852,0.50073946,1,-1,-1
933.4619,27.289417,26.225586,33.54969,0.5005988,1,-1,-1
500.95258,290.00912,21.174194,33.206055,0.49734965,2,-1,-1
526.96155,124.2149,18.174072,43.53887,0.49705485,1,-1,-1
204.983,42.509857,21.576508,45.623642,0.49645454,1,-1,-1
226.5502,40.011578,21.31717,36.066837,0.49450526,1,-1,-1
563.81195,178.2495,23.418396,36.763657,0.4929415,1,-1,-1
64.1676,7.399893,21.922157,37.356064,0.49164838,1,-1,-1
874.3769,323.48224,49.65149,48.12863,0.49030975,1,-1,-1
793.08057,178.88449,40.266357,50.543686,0.48819643,1,-1,-1
31.90433,61.653923,24.29988,39.736343,0.4848216,1,-1,-1
456.6819,106.74804,19.564667,41.3153,0.47955427,1,-1,-1
315.2473,55.287663,17.942444,41.68121,0.47917688,1,-1,-1
237.24017,64.73056,20.000092,37.85193,0.47874147,1,-1,-1
686.413,186.63173,23.201843,35.482437,0.4775589,1,-1,-1
326.12012,370.0295,29.692322,44.728455,0.4757622,1,-1,-1
520.58514,355.10007,26.69983,42.112488,0.47574708,2,-1,-1
397.82928,244.44197,26.071167,46.310593,0.47406656,2,-1,-1
111.858116,62.629143,36.853233,53.162094,0.46765843,1,-1,-1
940.9745,49.47174,18.713013,32.502747,0.4664344,1,-1,-1
467.54868,56.67019,17.980988,43.369514,0.4635078,1,-1,-1
210.8718,3.73379,13.959534,21.410713,0.46166044,2,-1,-1
564.0545,177.6905,22.876526,37.014526,0.46146706,2,-1,-1
34.78131,73.89491,28.916851,41.246666,0.4608643,1,-1,-1
80.41662,71.50573,25.917221,40.036636,0.45822215,1,-1,-1
23.835238,2.582336,27.40793,40.993885,0.45158005,1,-1,-1
150.08438,39.301678,24.68599,38.381992,0.45006692,1,-1,-1
355.90607,130.34708,17.52533,32.769974,0.44694835,1,-1,-1
293.61035,55.702404,18.438782,38.803417,0.44482252,1,-1,-1
295.96286,23.309172,21.45401,46.14692,0.44470477,1,-1,-1
525.8599,150.57907,18.36139,47.355576,0.43721753,1,-1,-1
384.4298,26.986526,20.896942,41.20784,0.43313164,1,-1,-1
454.87997,82.55334,19.025726,42.972282,0.42906827,1,-1,-1
456.09854,107.81845,20.635284,33.12831,0.42265287,2,-1,-1
100.840614,92.37763,22.797813,32.383316,0.41938227,1,-1,-1
103.29921,98.22027,21.938026,27.658134,0.41567498,2,-1,-1
459.51123,92.988625,17.732422,39.792244,0.41307712,1,-1,-1
68.29349,99.67419,26.912804,41.001152,0.41106874,1,-1,-1
284.52634,54.611057,20.71457,35.639843,0.41053772,1,-1,-1
170.08774,17.78312,29.088959,49.57238,0.40526426,1,-1,-1
658.0246,425.6755,42.670837,43.01587,0.4038659,2,-1,-1
241.69475,27.964691,20.386398,39.139572,0.40318322,1,-1,-1
278.69476,51.80209,20.799103,35.218098,0.40255576,1,-1,-1
419.16412,49.780674,16.348328,32.999104,0.39983273,1,-1,-1
812.7939,74.509,46.071106,29.688423,0.39926463,10,-1,-1
0.0,70.95926,21.466343,33.831078,0.39881042,1,-1,-1
465.94922,74.90167,16.168915,40.895767,0.39613524,1,-1,-1
282.5764,75.81478,20.545624,36.370483,0.39445594,1,-1,-1
335.6177,447.33618,29.149628,41.96518,0.39235583,1,-1,-1
232.28302,70.778496,23.103012,44.19825,0.3895148,1,-1,-1
0.0,0.0,26.988825,25.050615,0.38560477,1,-1,-1
152.39085,69.73005,22.75618,43.72737,0.38357008,1,-1,-1
0.0,105.39632,24.07753,38.184784,0.3834935,1,-1,-1
812.5474,75.35473,45.441406,28.485085,0.38090086,3,-1,-1
326.12012,370.0295,29.692322,44.728455,0.37897936,2,-1,-1
287.5732,95.57278,21.457397,38.609383,0.37798488,2,-1,-1
301.84937,53.664303,18.489594,39.75713,0.37746885,1,-1,-1
226.39716,76.8239,21.138779,38.06498,0.37570447,1,-1,-1
231.2259,85.118675,22.476425,43.94802,0.37495273,1,-1,-1
721.88043,349.39285,39.644836,45.60959,0.37113985,2,-1,-1
15.92114,74.98865,28.06923,36.149918,0.36956102,1,-1,-1
266.62823,76.61001,18.427826,37.047638,0.36706135,1,-1,-1
179.7975,371.1766,37.92256,45.59738,0.36553288,2,-1,-1
12.09981,90.60367,32.36611,43.25505,0.3643595,1,-1,-1
36.750217,47.73956,24.263123,39.257656,0.36362606,1,-1,-1
401.2645,300.53055,24.084778,42.734406,0.3618536,2,-1,-1
845.2731,0.0,21.093628,16.27252,0.36131185,1,-1,-1
66.35234,67.47974,21.691673,38.82798,0.35961756,1,-1,-1
378.37698,22.66762,17.595459,31.636835,0.35851908,2,-1,-1
536.6092,136.20769,16.05371,39.391235,0.3576278,1,-1,-1
254.86496,55.254906,21.947693,38.35972,0.35668057,1,-1,-1
726.589,80.99981,21.871948,36.238358,0.35571012,2,-1,-1
335.82587,447.16034,29.210907,40.642212,0.35389107,2,-1,-1
679.2665,256.99142,15.715759,15.827454,0.3491451,2,-1,-1
398.39877,435.2133,33.347748,50.398926,0.34885818,2,-1,-1
925.3697,291.03906,34.31781,37.04886,0.34798566,1,-1,-1
802.5744,47.66848,51.620056,38.437416,0.34707218,10,-1,-1
693.28577,179.10577,22.04242,33.456665,0.3445465,2,-1,-1
501.17978,291.0504,21.148346,38.50241,0.34249318,10,-1,-1
161.84866,39.112015,22.60524,35.768135,0.34003127,1,-1,-1
180.75896,302.57687,39.06842,46.744446,0.33776546,2,-1,-1
942.3426,0.0,17.34491,30.439703,0.33752882,1,-1,-1
53.422436,68.84415,31.314693,39.539566,0.33732283,1,-1,-1
615.1706,122.48678,23.885193,48.159996,0.33543748,2,-1,-1
153.51414,86.43497,23.061554,44.175064,0.33453047,1,-1,-1
424.23077,32.007694,18.212036,38.359303,0.33386195,1,-1,-1
282.5764,75.81478,20.545624,36.370483,0.32908225,2,-1,-1
820.07666,46.613453,31.068298,34.702137,0.32624164,1,-1,-1
239.45766,52.14076,21.31099,37.946568,0.32383287,1,-1,-1
98.459595,71.70662,22.422073,41.099937,0.3237031,1,-1,-1
823.3246,46.864517,27.962341,35.688805,0.32322624,2,-1,-1
563.7489,179.32051,22.541382,37.68785,0.3174063,10,-1,-1
338.0792,87.072365,20.64563,45.157448,0.31718296,1,-1,-1
69.96844,6.763664,13.023216,23.962215,0.31630373,1,-1,-1
78.964966,46.733665,22.124924,39.117332,0.31628084,1,-1,-1
259.87872,69.0047,19.864777,39.462105,0.31627285,1,-1,-1
520.69574,354.9407,26.711182,44.176117,0.31557128,10,-1,-1
707.768,157.9605,28.769104,48.02574,0.3106596,1,-1,-1
407.68542,82.72149,19.602295,41.969948,0.3074509,1,-1,-1
99.110794,385.79758,29.019043,37.73755,0.3072883,1,-1,-1
210.21796,3.9327397,14.958221,21.581432,0.30687746,1,-1,-1
563.60596,177.96014,22.9104,39.29146,0.30542177,3,-1,-1
726.6516,81.59177,22.58496,36.381607,0.3012822,3,-1,-1
84.40888,8.621915,18.558197,32.613743,0.29935324,1,-1,-1
72.66939,72.64833,23.213402,40.550232,0.29878408,1,-1,-1
465.7584,89.68404,13.828918,31.953804,0.29761606,1,-1,-1
468.88412,70.19624,12.80127,30.8563,0.2967326,1,-1,-1
57.965965,408.20407,26.147858,33.022095,0.2953632,1,-1,-1
806.57166,50.753292,31.405579,31.642292,0.29517347,2,-1,-1
218.81769,71.53063,22.382202,42.526337,0.29076833,1,-1,-1
0.0,18.548958,12.510657,32.201694,0.2903111,1,-1,-1
24.258293,67.08586,25.252792,36.612137,0.29014623,1,-1,-1
686.38464,187.0115,23.499512,35.059875,0.28998935,2,-1,-1
207.16841,60.273872,20.263458,42.413048,0.28937018,1,-1,-1
645.7864,156.2494,19.789307,42.31401,0.28935558,1,-1,-1
224.51111,0.0,21.379715,21.66345,0.2886908,2,-1,-1
813.03723,74.84067,45.000732,29.764748,0.28865933,1,-1,-1
217.38367,37.929752,23.526505,36.804974,0.28765488,1,-1,-1
282.68005,52.98881,21.461273,33.75665,0.2859097,2,-1,-1
727.2396,82.46107,21.72351,35.136406,0.28576976,10,-1,-1
256.2955,66.62823,17.567902,33.445145,0.28552574,1,-1,-1
596.31024,109.0459,20.991638,45.130753,0.28540397,2,-1,-1
407.1279,374.7163,14.254669,33.366394,0.2851352,1,-1,-1
262.6442,50.200832,18.843475,37.841053,0.28343308,2,-1,-1
378.73886,0.0,11.63443,11.78269,0.28318572,1,-1,-1
0.0,86.114426,15.088905,36.981728,0.28211516,1,-1,-1
457.99374,92.9222,19.918427,38.777092,0.28118014,2,-1,-1
218.06049,0.0,20.855682,19.848436,0.28007168,1,-1,-1
276.238,312.5945,18.401886,37.884033,0.27958286,1,-1,-1
165.29962,87.53083,23.717789,40.713554,0.27712467,1,-1,-1
12.679688,79.46628,25.540627,43.601593,0.27697104,1,-1,-1
415.19302,92.14233,16.014557,31.56736,0.2768557,1,-1,-1
670.75586,166.89738,28.430481,47.87793,0.27521753,1,-1,-1
230.53415,45.365913,21.828842,38.733093,0.27276474,1,-1,-1
212.65947,42.50669,21.259277,40.42762,0.27229768,1,-1,-1
38.459602,393.57132,29.657188,32.801178,0.27214122,1,-1,-1
857.7832,385.08282,26.838074,28.092438,0.27207807,2,-1,-1
814.6112,523.2691,32.341064,16.418396,0.27149224,1,-1,-1
32.428413,61.13715,22.857971,34.131214,0.26920307,2,-1,-1
214.86922,55.13189,20.960342,39.031296,0.26782978,1,-1,-1
43.16761,67.16271,24.722458,40.652916,0.26759627,1,-1,-1
334.1637,90.22687,17.960175,37.60177,0.26685536,1,-1,-1
223.36014,54.133507,20.038834,39.567787,0.26661754,1,-1,-1
275.4354,95.46817,22.024445,43.269226,0.26520228,2,-1,-1
140.5395,319.4688,21.961014,33.348022,0.26435155,1,-1,-1
454.2545,69.946106,17.65503,40.1817,0.26421052,1,-1,-1
78.41863,461.50006,39.94059,29.729095,0.26409733,2,-1,-1
754.3629,237.16144,43.621643,50.61075,0.26340723,1,-1,-1
175.34514,119.95466,18.398941,38.60659,0.26298332,1,-1,-1
95.293076,375.91586,27.055717,35.740967,0.25860512,1,-1,-1
714.3698,73.895546,26.785278,42.65509,0.25716546,2,-1,-1
413.89954,76.46552,19.730438,41.311302,0.25642794,1,-1,-1
800.3427,50.598873,50.902527,33.925694,0.25609738,3,-1,-1
367.0985,0.0,11.247772,12.34697,0.2558032,1,-1,-1
818.55096,0.0,17.552856,15.558119,0.25519103,1,-1,-1
333.97495,71.32313,21.02417,47.210457,0.2534967,1,-1,-1
164.54744,75.00244,21.527405,42.653786,0.25310165,1,-1,-1
174.8262,43.56692,21.221115,39.342777,0.25293618,1,-1,-1
112.26182,63.365273,35.68377,51.549713,0.25223386,2,-1,-1
182.43106,37.062748,23.194992,38.135952,0.2518217,1,-1,-1
0.0,97.383316,15.745971,39.15355,0.2515788,1,-1,-1
924.4958,289.92026,35.19171,40.2558,0.2505281,3,-1,-1
398.66867,244.40256,25.002563,46.924255,0.25041604,10,-1,-1
347.18106,106.928856,19.511444,34.692436,0.24916369,1,-1,-1
272.97583,49.768166,21.744965,34.54889,0.24834612,2,-1,-1
933.0824,15.625686,26.605103,32.4873,0.24766219,1,-1,-1
380.86136,65.72262,18.215149,40.105263,0.24753657,1,-1,-1
133.49353,62.352432,37.940353,50.077103,0.24733034,1,-1,-1
256.36954,81.89484,20.107819,42.66461,0.24703279,1,-1,-1
584.3375,178.41678,22.927307,48.647766,0.24566692,1,-1,-1
196.33638,469.18735,26.595078,36.51761,0.24503642,2,-1,-1
392.37503,152.22601,22.716064,46.307236,0.24451482,1,-1,-1
815.34235,70.5016,35.03424,31.625526,0.24441695,2,-1,-1
336.17584,101.59543,17.605865,38.643677,0.24440098,2,-1,-1
95.17083,48.28287,20.08422,34.93578,0.24425372,1,-1,-1
194.35573,462.14413,21.466476,33.648712,0.24423158,1,-1,-1
237.59172,64.88243,19.327103,36.521507,0.24399164,2,-1,-1
523.51306,111.484924,19.184204,41.182693,0.24370545,2,-1,-1
384.11942,92.07674,19.697174,42.26262,0.24362287,2,-1,-1
870.474,324.59943,56.406433,45.605408,0.24323457,10,-1,-1
209.70663,142.53484,34.19284,57.41095,0.24306539,1,-1,-1
414.29028,92.30088,17.212433,33.757164,0.2416332,2,-1,-1
206.40778,34.511227,23.208572,39.508617,0.24090046,2,-1,-1
200.68747,33.661423,20.562012,37.107117,0.23977023,2,-1,-1
111.23764,62.61066,24.125244,33.867107,0.23972642,2,-1,-1
501.17978,291.0504,21.148346,38.50241,0.23938331,3,-1,-1
247.15404,465.01593,32.001694,40.84326,0.23892048,2,-1,-1
45.387363,396.5334,39.544888,42.355377,0.238725,1,-1,-1
84.25785,64.13649,21.651764,33.318565,0.2377441,1,-1,-1
403.0447,59.097923,20.265503,38.743126,0.2369119,1,-1,-1
925.5706,11.614785,23.890076,28.452171,0.2358545,2,-1,-1
113.12864,63.06891,22.984734,39.53235,0.23559192,1,-1,-1
640.6821,147.58882,25.496582,45.01204,0.23545775,2,-1,-1
78.41863,461.50006,39.94059,29.729095,0.23499972,1,-1,-1
226.18315,40.2844,20.806442,35.056442,0.23352307,2,-1,-1
622.5175,286.64334,28.426758,42.973206,0.23268524,2,-1,-1
622.02435,127.70722,21.807556,38.785576,0.23265752,2,-1,-1
92.82463,37.905087,20.691505,36.479496,0.23234922,1,-1,-1
273.50406,49.49001,19.411285,35.08431,0.23200518,1,-1,-1
89.9022,75.43674,22.898438,39.802742,0.23163995,1,-1,-1
85.2506,73.985146,23.66922,39.49527,0.23083511,2,-1,-1
174.56291,55.56583,26.717773,38.176266,0.23034427,1,-1,-1
807.606,49.893063,28.331177,32.27209,0.22906625,1,-1,-1
507.73697,87.75471,13.755035,35.53163,0.22872624,1,-1,-1
870.3906,325.97556,54.46173,45.788177,0.22823572,2,-1,-1
640.1536,358.55695,31.953003,44.293457,0.22814777,2,-1,-1
420.01135,30.527147,17.062622,34.8965,0.22770044,2,-1,-1
0.0,321.35422,32.339893,44.56723,0.22605422,2,-1,-1
142.35292,59.741314,23.207413,39.925594,0.22501191,2,-1,-1
74.451836,14.235263,23.668312,37.260468,0.22466788,1,-1,-1
935.4039,26.944668,24.28363,35.219334,0.22426626,2,-1,-1
67.96594,314.855,41.45771,45.6391,0.22403184,2,-1,-1
74.1344,5.4776316,19.495544,34.471706,0.22288966,1,-1,-1
241.27351,18.531704,20.490402,36.19946,0.22286367,2,-1,-1
287.22427,254.79762,18.188934,34.947403,0.22250855,2,-1,-1
245.21873,84.415215,19.552505,38.877472,0.22236636,1,-1,-1
316.51657,55.516495,15.20874,31.002762,0.22143471,2,-1,-1
455.74023,129.6307,19.451385,41.270157,0.22112477,2,-1,-1
731.20325,85.21054,14.60907,23.197334,0.22013521,2,-1,-1
818.97656,58.60552,31.579163,35.352543,0.21859631,1,-1,-1
585.2341,162.37354,22.661743,46.47522,0.21782422,2,-1,-1
398.66867,244.40256,25.002563,46.924255,0.2174525,3,-1,-1
344.92758,71.61674,11.679169,20.17775,0.2169826,1,-1,-1
26.691895,62.48779,21.299026,26.640034,0.21687165,1,-1,-1
616.66284,123.94692,24.083069,49.589622,0.21673363,10,-1,-1
625.2664,129.53604,17.306824,35.237,0.21670997,1,-1,-1
924.01117,300.0389,35.67633,48.192596,0.2159681,1,-1,-1
818.97656,58.60552,31.579163,35.352543,0.21561861,2,-1,-1
167.16261,15.884139,22.178375,41.297523,0.2155487,1,-1,-1
471.39578,74.011055,10.573242,24.70137,0.21477583,2,-1,-1
150.09406,39.08029,24.524246,37.32303,0.21463594,2,-1,-1
918.2843,189.447,41.4032,44.777084,0.21430948,2,-1,-1
24.694828,88.868805,25.818512,33.412666,0.21389118,1,-1,-1
297.11267,275.31888,10.939819,26.955017,0.21358165,1,-1,-1
0.0,47.336884,21.619251,39.073616,0.21331453,1,-1,-1
597.38,74.1084,11.940308,19.6913,0.21323109,2,-1,-1
333.5338,300.72815,22.741638,35.980682,0.21307853,2,-1,-1
98.28152,54.956005,22.09687,36.215008,0.21238676,1,-1,-1
0.0,321.35422,32.339893,44.56723,0.21226767,10,-1,-1
231.44312,0.0,12.576035,17.048878,0.21099785,1,-1,-1
71.90497,1.2844583,33.528793,47.38403,0.21057442,1,-1,-1
475.44513,82.189156,15.9791565,40.82576,0.20967007,2,-1,-1
465.25592,92.74915,12.077209,23.927902,0.20955232,2,-1,-1
291.0585,251.77661,24.884796,40.957733,0.20940712,1,-1,-1
156.56999,26.852081,44.4003,55.15921,0.20930368,1,-1,-1
0.63852054,71.397514,23.202549,33.694275,0.20929623,2,-1,-1
519.7914,355.87476,26.161194,44.61267,0.20911798,3,-1,-1
540.87036,149.83096,20.398193,44.50882,0.20843473,2,-1,-1
0.0,30.697197,17.552414,33.135944,0.208375,1,-1,-1
74.21261,92.684364,26.148232,41.60122,0.20790836,1,-1,-1
265.79385,76.8391,20.464539,35.833473,0.20744747,2,-1,-1
91.38325,25.218124,12.760498,23.304733,0.2068274,1,-1,-1
464.60132,85.8228,17.017456,37.32888,0.20648822,2,-1,-1
460.0671,111.27776,13.248932,23.37487,0.20594642,2,-1,-1
398.34235,367.7584,21.75705,40.811554,0.20483533,2,-1,-1
1.1441517,34.16909,28.69883,34.804314,0.20427263,2,-1,-1
77.50274,26.982992,22.036224,36.665016,0.20405617,1,-1,-1
886.0598,242.15668,36.202515,33.89679,0.2038016,1,-1,-1
713.2902,73.65091,27.256714,43.43345,0.20341527,3,-1,-1
30.483793,7.903169,32.47574,48.0343,0.20264217,1,-1,-1
446.87396,67.537834,13.961456,34.206627,0.20258015,2,-1,-1
367.1842,0.0,14.555664,23.80332,0.20208389,2,-1,-1
36.09368,35.733223,28.871208,40.07084,0.2020024,2,-1,-1
0.0,93.09505,32.7798,45.68799,0.20185521,2,-1,-1
712.42957,150.81885,33.564026,45.451736,0.20173028,1,-1,-1
845.2731,0.0,21.093628,16.27252,0.20167658,10,-1,-1
98.69623,387.7585,40.885193,37.908875,0.2011587,2,-1,-1
344.92245,71.36966,11.733459,20.790543,0.20112377,2,-1,-1
17.08472,75.36537,25.86567,34.825523,0.19974265,2,-1,-1
153.38385,61.39624,24.552109,44.326996,0.19965905,2,-1,-1
19.464476,0.0,24.148695,34.122276,0.19957516,1,-1,-1
218.58588,0.0,20.748154,19.474575,0.19928798,2,-1,-1
406.63077,66.20739,17.945526,43.95707,0.1991556,2,-1,-1
505.46933,71.481346,17.419708,41.124435,0.19906384,2,-1,-1
8.909989,33.142784,27.46283,34.988792,0.19885874,1,-1,-1
302.0578,36.77004,17.517242,36.663303,0.19882351,1,-1,-1
454.09146,113.02106,23.378479,38.254272,0.19852951,10,-1,-1
427.3703,76.90494,13.623779,31.404495,0.19775581,1,-1,-1
877.0557,254.38208,35.6286,35.09909,0.19717923,1,-1,-1
935.911,292.944,22.507385,42.258545,0.19679657,2,-1,-1
449.32263,74.64564,17.1055,40.736374,0.19556558,2,-1,-1
695.3222,180.27332,13.844482,22.970413,0.1955263,1,-1,-1
618.34326,139.79625,23.065247,46.704178,0.19510752,2,-1,-1
89.46447,66.95585,41.878212,50.83052,0.19466442,1,-1,-1
652.4697,155.41862,23.575256,46.92047,0.19461745,1,-1,-1
872.8065,323.89084,47.660645,46.486053,0.1944552,3,-1,-1
520.8307,168.95439,20.764221,49.38867,0.19228417,2,-1,-1
517.23474,163.57527,15.842957,41.51645,0.19226536,2,-1,-1
82.92955,253.37321,42.188896,45.355698,0.19168106,2,-1,-1
53.598766,57.886997,28.943302,35.200512,0.19154859,1,-1,-1
317.98132,55.89835,12.423248,24.255566,0.19118357,1,-1,-1
467.4169,75.03797,10.914551,24.752136,0.19074395,2,-1,-1
84.54557,466.22116,40.655174,38.416016,0.19069463,1,-1,-1
220.5722,0.0,13.383881,13.416302,0.19067267,1,-1,-1
845.2731,0.0,21.093628,16.27252,0.18971401,3,-1,-1
97.87174,71.64667,23.293724,40.483475,0.18940365,2,-1,-1
286.76535,86.49438,17.401947,39.355377,0.18888813,1,-1,-1
532.41516,440.71323,30.734375,45.016357,0.18888697,2,-1,-1
75.39166,0.0,18.631615,25.840063,0.18805948,1,-1,-1
35.67511,34.86335,20.959713,30.016006,0.1877416,1,-1,-1
206.95663,50.96993,14.851486,32.10262,0.1874201,1,-1,-1
290.19742,260.2292,12.215118,27.237122,0.18699741,1,-1,-1
525.9138,137.5823,16.356262,43.41603,0.18669361,2,-1,-1
62.670116,88.503685,23.345402,36.586296,0.1860098,1,-1,-1
198.82167,65.047966,26.401108,45.248604,0.18564329,1,-1,-1
191.36223,52.726036,24.57573,42.86499,0.1853194,1,-1,-1
196.6938,36.34203,18.305283,30.672985,0.18493584,2,-1,-1
0.0,14.277049,21.502035,40.864998,0.18452445,1,-1,-1
237.18288,112.599174,15.905106,31.321404,0.18436062,1,-1,-1
690.4638,293.56033,29.764526,34.42456,0.18399638,1,-1,-1
336.39783,447.364,29.066467,41.8732,0.18371993,10,-1,-1
396.36914,36.1306,19.518372,41.78064,0.18368381,1,-1,-1
343.84152,55.603596,18.171417,36.469097,0.18328166,1,-1,-1
906.86414,326.32605,49.24286,42.34619,0.18321282,2,-1,-1
939.76953,50.22478,19.917969,32.010242,0.18306792,2,-1,-1
625.8109,138.70059,17.740356,35.876343,0.18297493,2,-1,-1
67.70597,0.0,20.499634,30.215843,0.18271372,1,-1,-1
325.4477,369.7756,30.544281,45.798096,0.18240392,10,-1,-1
86.678406,21.218987,18.835007,33.675022,0.1823296,2,-1,-1
301.1447,274.34158,10.629517,27.624512,0.18137455,1,-1,-1
356.01013,130.77292,17.4581,31.317825,0.18136668,2,-1,-1
365.80112,29.19072,19.318573,40.7706,0.18050429,1,-1,-1
505.13785,290.94507,14.357025,22.625336,0.18046206,2,-1,-1
183.935,46.35107,19.15361,40.72211,0.18046021,1,-1,-1
0.0,321.50284,34.523506,46.197998,0.18044841,3,-1,-1
421.57108,52.11512,12.817566,23.622261,0.18019423,2,-1,-1
609.0449,232.8994,30.61615,46.644913,0.18010709,2,-1,-1
29.46113,87.121506,33.90087,40.09645,0.17974368,2,-1,-1
845.8276,0.0,19.520325,16.162548,0.17840889,2,-1,-1
805.72626,189.5881,33.258972,44.56761,0.17827299,2,-1,-1
92.50764,84.07495,24.672363,34.922462,0.17808628,2,-1,-1
59.102875,0.0,23.939735,34.501247,0.17781138,1,-1,-1
287.85175,54.206352,14.011414,26.945961,0.17763239,1,-1,-1
136.73236,246.03242,38.4599,44.02739,0.17687804,2,-1,-1
713.2902,73.65091,27.256714,43.43345,0.17676404,10,-1,-1
66.21231,67.54179,20.597038,35.037857,0.17670035,2,-1,-1
518.4196,178.44644,15.135559,41.164215,0.17640871,1,-1,-1
908.8636,0.0,24.517517,22.999208,0.17621839,1,-1,-1
631.6811,137.0188,12.052795,20.165115,0.17586663,2,-1,-1
0.0,265.93594,21.548357,40.134674,0.17543721,1,-1,-1
616.76746,126.3145,17.05017,35.704468,0.17502362,1,-1,-1
536.02216,147.13301,16.059631,41.818024,0.17490387,2,-1,-1
679.19714,257.0012,16.0531,15.99173,0.17483735,1,-1,-1
475.41922,60.169876,14.879669,42.488678,0.17432839,2,-1,-1
173.46954,92.38653,25.127274,44.737816,0.17401883,2,-1,-1
902.40796,0.0,23.667175,34.94431,0.17380637,2,-1,-1
