629.86615,461.2535,61.77069,100.01871,0.9998513,4,-1,-1
859.57874,602.67267,59.490295,77.686035,0.9853481,6,-1,-1
602.80334,702.4737,26.669556,48.15973,0.91401494,10,-1,-1
695.3468,13.607975,62.70233,31.87004,0.8525992,5,-1,-1
577.75146,596.1731,15.6762085,38.88672,0.8340988,1,-1,-1
457.48196,605.41406,97.95047,55.8042,0.805756,7,-1,-1
697.6094,443.4687,14.821838,42.315765,0.79653376,1,-1,-1
716.5471,115.63622,76.528564,38.401848,0.7722508,5,-1,-1
783.5042,232.07132,51.312622,26.039886,0.74717826,7,-1,-1
446.048,313.1889,34.86087,20.896484,0.74545187,10,-1,-1
784.3857,316.9405,60.90161,30.052002,0.71437466,7,-1,-1
451.63034,304.44696,37.650574,21.856995,0.7026839,10,-1,-1
925.3441,677.7005,27.216125,60.264404,0.70255876,10,-1,-1
716.5865,115.03863,77.01074,37.495415,0.6875398,4,-1,-1
749.4105,631.12897,26.112488,50.28247,0.6798738,10,-1,-1
1331.7996,147.12878,27.180176,36.795197,0.6535345,4,-1,-1
457.6349,291.9475,36.71759,23.369385,0.6190191,10,-1,-1
607.235,492.42133,14.752808,46.021057,0.61361724,10,-1,-1
679.64905,15.652773,61.70923,37.839996,0.5956586,5,-1,-1
749.93384,290.5034,46.319214,22.757172,0.5787323,7,-1,-1
774.7902,201.83282,48.885986,22.768494,0.56975716,7,-1,-1
673.9116,5.2498755,33.14392,25.047613,0.5021781,5,-1,-1
596.09955,100.76068,21.733032,27.22017,0.47621533,7,-1,-1
455.87357,356.93326,26.105835,27.2547,0.46965495,2,-1,-1
439.09045,302.00302,39.897125,22.547424,0.43253255,10,-1,-1
587.8535,360.6892,18.903625,34.53961,0.43008822,1,-1,-1
585.246,356.20218,21.304077,31.971283,0.41541824,2,-1,-1
343.75616,694.1468,33.74173,52.75226,0.39904082,7,-1,-1
783.4465,231.85095,51.11902,26.470123,0.3739965,6,-1,-1
384.66855,690.4596,31.83258,54.45392,0.37048984,7,-1,-1
925.5194,677.9462,27.187012,60.3515,0.3636201,7,-1,-1
795.4965,267.74243,42.386047,20.219177,0.36068815,7,-1,-1
654.555,337.2487,19.544495,31.670776,0.35137466,1,-1,-1
550.556,699.0818,19.13501,38.739807,0.34046668,10,-1,-1
603.4768,702.1116,23.5625,41.65796,0.33563185,2,-1,-1
787.8754,348.03424,17.501343,33.22632,0.32266942,1,-1,-1
783.54877,316.3363,59.23462,30.300903,0.3017031,8,-1,-1
606.06085,193.13052,20.957703,31.268066,0.29816985,10,-1,-1
654.555,337.2487,19.544495,31.670776,0.29363143,2,-1,-1
726.8296,109.24213,63.88568,28.779114,0.28331938,4,-1,-1
677.177,12.730991,38.228638,35.20329,0.28325367,5,-1,-1
777.07245,715.8214,20.938538,40.802185,0.2797856,1,-1,-1
778.4226,676.9247,19.137085,41.962036,0.27210736,1,-1,-1
458.3564,605.59216,97.24954,55.648254,0.2686358,8,-1,-1
436.12823,294.8876,40.363556,23.422424,0.26693118,10,-1,-1
551.4355,173.15862,41.997498,18.662613,0.26678586,7,-1,-1
709.76904,403.56818,21.17334,32.4935,0.25718868,3,-1,-1
751.4976,629.86255,23.02118,42.87451,0.23909849,2,-1,-1
455.87357,356.93326,26.105835,27.2547,0.2382876,1,-1,-1
710.9542,399.4749,17.827393,35.328766,0.23529634,2,-1,-1
925.49335,677.91315,27.248596,60.141724,0.23429891,4,-1,-1
765.638,203.77373,38.323425,22.11116,0.22814852,7,-1,-1
756.43506,222.36328,33.740417,25.9292,0.22762293,7,-1,-1
742.524,449.6955,40.302307,19.789429,0.22717008,3,-1,-1
710.9542,399.4749,17.827393,35.328766,0.22548816,1,-1,-1
732.898,159.33311,16.012085,36.383057,0.21442777,1,-1,-1
773.477,211.22044,44.05188,20.384628,0.21338633,7,-1,-1
743.40137,450.2833,39.146667,19.32373,0.20973718,10,-1,-1
1191.8691,15.802783,48.173096,23.348183,0.20934853,4,-1,-1
679.43695,8.07635,53.6369,28.535007,0.20814541,5,-1,-1
678.98456,17.924612,38.340576,36.04355,0.20638892,4,-1,-1
596.09955,100.76068,21.733032,27.22017,0.20505849,8,-1,-1
682.0836,216.4592,17.184021,33.032684,0.19927713,1,-1,-1
605.58606,191.88611,21.16217,31.343277,0.19833466,7,-1,-1
732.63184,503.512,16.020752,36.13565,0.19732615,1,-1,-1
482.14786,358.86725,18.20874,32.124756,0.19544274,1,-1,-1
594.4842,48.430084,22.730652,27.075233,0.19374132,7,-1,-1
358.08658,624.7207,19.463959,29.382507,0.19232622,1,-1,-1
784.31775,316.26193,60.823242,31.0719,0.19115135,6,-1,-1
673.9671,4.8727674,35.599,25.646236,0.18898195,4,-1,-1
460.77432,499.48126,19.003876,36.29303,0.18755054,1,-1,-1
674.001,216.64313,15.719482,33.304398,0.18003589,1,-1,-1
754.88684,223.1215,35.647156,25.5495,0.17784417,10,-1,-1
1190.7417,16.37559,48.799194,22.722479,0.17729864,5,-1,-1
523.5095,0.6432833,94.68573,29.172459,0.17400372,6,-1,-1
702.56805,48.938126,82.54828,51.34005,0.1727531,6,-1,-1
590.42505,47.077168,26.299622,26.012363,0.17211193,8,-1,-1
740.12494,210.20523,17.510681,35.818863,0.17172265,7,-1,-1
717.24347,115.08108,77.566284,37.29624,0.17094871,6,-1,-1
468.1518,503.20105,15.7022705,36.911438,0.1682969,1,-1,-1
780.1593,201.72597,43.318787,22.38948,0.16442299,8,-1,-1
749.683,630.85754,26.186462,50.739807,0.16436544,7,-1,-1
741.6775,219.15433,27.276184,28.202759,0.16181394,7,-1,-1
566.6523,170.212,32.19342,23.145782,0.16146547,7,-1,-1
692.53516,13.730388,54.049866,31.994217,0.15984493,4,-1,-1
482.54782,359.4118,18.749939,32.02243,0.1588515,2,-1,-1
458.4871,612.36884,17.68512,48.20337,0.15796745,1,-1,-1
446.49503,290.61932,35.99283,22.947418,0.15677613,10,-1,-1
544.8517,173.06409,46.26068,17.871735,0.15475497,3,-1,-1
497.73438,89.968445,21.933472,25.503883,0.15462765,7,-1,-1
733.9077,501.27795,20.603699,33.54248,0.15344965,2,-1,-1
814.8596,284.03653,36.898987,16.790955,0.15265074,7,-1,-1
744.2668,108.97921,45.59784,19.622063,0.15202665,4,-1,-1
681.00024,13.353437,68.620056,41.740517,0.15163788,6,-1,-1
709.76904,403.56818,21.17334,32.4935,0.15095028,10,-1,-1
469.6613,358.8978,28.247864,24.69934,0.14833212,2,-1,-1
568.3118,49.256985,41.277466,18.582226,0.14690956,7,-1,-1
687.942,61.59047,18.281372,31.93673,0.1456824,1,-1,-1
586.39343,44.79248,30.739136,23.057755,0.14464638,7,-1,-1
680.03326,8.004937,45.19348,24.879997,0.14175966,4,-1,-1
557.9813,398.95758,22.754883,26.185577,0.14170095,10,-1,-1
551.4355,173.15862,41.997498,18.662613,0.14092633,10,-1,-1
764.93,213.84451,40.191345,21.213715,0.14066988,7,-1,-1
555.11,1.0986174,60.32953,17.881084,0.1395773,5,-1,-1
590.42505,47.077168,26.299622,26.012363,0.13735732,10,-1,-1
744.2668,108.97921,45.59784,19.622063,0.13692111,7,-1,-1
1339.9525,38.866055,18.998413,29.135784,0.13627264,4,-1,-1
653.9791,337.82965,19.704468,32.0,0.13559777,3,-1,-1
358.08658,624.7207,19.463959,29.382507,0.13552901,2,-1,-1
603.05225,701.91205,24.172363,37.915283,0.13531193,1,-1,-1
433.32037,300.8598,29.633942,22.823975,0.1353099,10,-1,-1
605.58606,191.88611,21.16217,31.343277,0.13488522,2,-1,-1
742.8064,449.62332,41.722534,21.18164,0.13333637,7,-1,-1
551.0664,370.2612,33.111023,23.58908,0.13255286,10,-1,-1
750.0045,290.64368,46.35669,22.84488,0.13136375,3,-1,-1
557.77325,1.8011273,59.605347,19.222172,0.13084269,4,-1,-1
595.59485,101.3538,22.390259,26.72454,0.13060722,10,-1,-1
658.42725,7.8409142,31.945007,23.992489,0.13018268,5,-1,-1
456.17078,293.01587,37.359406,21.785736,0.13001937,3,-1,-1
385.19638,689.31696,31.573212,56.307373,0.12982175,6,-1,-1
605.9952,193.33424,21.744629,31.082916,0.1281966,3,-1,-1
590.9513,137.41351,17.13916,31.289093,0.12663615,7,-1,-1
542.89813,19.963587,17.205322,31.058542,0.12624753,1,-1,-1
778.79,675.74054,18.528687,40.40399,0.12607941,10,-1,-1
586.309,361.89307,19.678833,34.215607,0.12604949,10,-1,-1
520.5884,20.643297,22.271423,30.641413,0.12281576,7,-1,-1
1339.9906,39.11206,18.989136,29.070618,0.12261963,5,-1,-1
582.25854,98.74993,31.500183,24.443932,0.1216861,7,-1,-1
483.7584,488.68378,16.423798,38.946777,0.1215677,1,-1,-1
532.6344,17.94394,18.955383,30.855423,0.119208574,1,-1,-1
654.555,337.2487,19.544495,31.670776,0.11914542,10,-1,-1
458.4871,612.36884,17.68512,48.20337,0.11886671,10,-1,-1
580.73486,145.90625,26.172974,23.798752,0.11858511,7,-1,-1
765.638,203.77373,38.323425,22.11116,0.11853829,10,-1,-1
690.4374,25.477242,38.167297,30.700058,0.11780599,4,-1,-1
695.838,13.686367,62.559753,32.5204,0.11734784,1,-1,-1
727.916,377.56506,17.39325,34.19211,0.11727634,1,-1,-1
686.72406,68.84067,20.78064,30.153732,0.11720061,10,-1,-1
588.23663,365.8252,19.183777,31.97345,0.11683568,2,-1,-1
431.5181,289.44858,35.075592,20.701935,0.11638036,10,-1,-1
607.235,492.42133,14.752808,46.021057,0.115606785,3,-1,-1
491.5291,612.0416,22.588501,37.607666,0.11463326,1,-1,-1
778.4226,676.9247,19.137085,41.962036,0.1144042,2,-1,-1
480.13757,610.27734,21.503021,37.819214,0.11397648,1,-1,-1
622.44916,80.03278,18.404907,31.859795,0.113245845,1,-1,-1
443.4654,313.41663,35.829407,20.799408,0.11230719,3,-1,-1
1331.9481,147.04886,27.031616,36.612473,0.11224514,5,-1,-1
673.7068,5.874247,32.94519,24.965466,0.11092976,8,-1,-1
720.7807,160.28046,21.243713,28.50026,0.1093086,7,-1,-1
793.4782,197.83775,38.791626,21.789093,0.10808703,7,-1,-1
455.1669,356.2778,27.46518,25.812927,0.107905895,10,-1,-1
566.6523,170.212,32.19342,23.145782,0.10731727,10,-1,-1
736.88495,293.98026,39.71869,21.9281,0.10681081,7,-1,-1
653.8928,9.115381,25.877686,23.47513,0.10678458,8,-1,-1
583.60187,353.82846,22.79663,30.638275,0.10641533,1,-1,-1
738.2069,444.64468,34.446777,20.011932,0.10640481,3,-1,-1
795.7373,267.8938,41.660706,20.333832,0.10534945,10,-1,-1
550.556,699.0818,19.13501,38.739807,0.10455558,7,-1,-1
550.556,699.0818,19.13501,38.739807,0.103467494,8,-1,-1
749.4869,290.815,46.928833,22.529724,0.10330635,10,-1,-1
746.15125,114.45402,56.739685,27.257072,0.10327464,4,-1,-1
559.9989,171.93938,37.13971,20.5401,0.10284898,8,-1,-1
521.57526,20.195581,21.827515,32.683952,0.102692634,1,-1,-1
716.68835,404.81256,22.961182,31.254639,0.102597,3,-1,-1
531.1468,292.62463,20.834778,28.569183,0.1024622,10,-1,-1
817.8354,356.67035,33.14563,19.199799,0.101236016,10,-1,-1
568.3118,49.256985,41.277466,18.582226,0.10083392,10,-1,-1
551.0664,370.2612,33.111023,23.58908,0.10001105,3,-1,-1
730.27106,160.32214,20.399109,30.599411,0.099337876,7,-1,-1
445.476,303.651,39.067657,22.634888,0.09930107,3,-1,-1
580.27313,45.18687,37.012268,18.603054,0.09928185,8,-1,-1
781.69434,685.5184,23.99823,34.40338,0.09885427,1,-1,-1
728.7856,402.08017,17.985962,33.963776,0.09819132,1,-1,-1
585.05334,58.15675,31.003052,21.42847,0.098047316,7,-1,-1
749.96783,631.65216,25.125366,45.939636,0.09787223,1,-1,-1
536.28625,171.52,48.108948,16.665253,0.09642345,7,-1,-1
707.21875,209.18127,17.276062,35.43129,0.095862836,1,-1,-1
745.57513,493.69592,16.526794,43.77527,0.09582624,1,-1,-1
758.46,215.21715,29.514832,25.015335,0.09562656,7,-1,-1
727.64124,357.31393,41.62274,20.468048,0.09529358,10,-1,-1
696.4148,63.908134,17.10962,38.37935,0.09440035,1,-1,-1
739.01263,64.02737,14.236206,39.700737,0.09420508,1,-1,-1
721.96454,114.80816,82.40271,35.66291,0.09370756,8,-1,-1
727.64124,357.31393,41.62274,20.468048,0.09306079,3,-1,-1
580.27313,45.18687,37.012268,18.603054,0.09259048,10,-1,-1
590.6587,140.44693,17.610168,29.845413,0.092273295,1,-1,-1
459.18863,500.2404,21.891327,33.1373,0.091531456,2,-1,-1
720.7308,324.44177,23.196472,26.628265,0.09095171,7,-1,-1
571.6173,68.558624,33.300354,21.205894,0.0903326,7,-1,-1
653.8928,9.115381,25.877686,23.47513,0.08996385,4,-1,-1
729.3694,114.453766,64.19928,27.382004,0.089945465,7,-1,-1
469.6613,358.8978,28.247864,24.69934,0.08898747,1,-1,-1
754.88684,223.1215,35.647156,25.5495,0.08896312,3,-1,-1
434.39,290.61288,39.398987,20.950836,0.088902265,3,-1,-1
566.6523,170.212,32.19342,23.145782,0.08863264,3,-1,-1
707.1416,209.72151,20.139221,30.091812,0.0880709,7,-1,-1
795.7373,267.8938,41.660706,20.333832,0.08792806,3,-1,-1
883.6193,462.7308,16.16803,48.532837,0.08792511,1,-1,-1
541.6507,84.882225,18.784363,33.051193,0.08766356,1,-1,-1
550.421,699.3156,19.24768,38.18994,0.08756626,1,-1,-1
763.2243,226.50041,50.258667,25.239029,0.087281674,7,-1,-1
721.67096,324.4314,23.068909,26.246979,0.086903036,10,-1,-1
586.309,361.89307,19.678833,34.215607,0.08659682,3,-1,-1
497.73438,89.968445,21.933472,25.503883,0.086588204,10,-1,-1
569.25555,257.6454,16.660156,50.850433,0.08643067,1,-1,-1
721.29333,402.557,19.17743,34.671234,0.08606309,1,-1,-1
727.1657,381.91284,21.132263,30.01056,0.08596343,10,-1,-1
693.5646,18.813528,33.486816,35.530327,0.085959524,5,-1,-1
686.72406,68.84067,20.78064,30.153732,0.08583784,8,-1,-1
844.4865,602.15674,75.53821,124.607666,0.08547211,6,-1,-1
446.47333,355.4029,25.954712,28.383087,0.08536485,1,-1,-1
797.4115,266.9759,43.3573,19.86905,0.08459446,8,-1,-1
475.61322,494.62738,22.006989,31.146545,0.08432138,1,-1,-1
476.30966,364.65558,18.192627,37.68033,0.08429223,1,-1,-1
736.5356,498.43784,19.611633,35.28,0.08394599,1,-1,-1
434.08002,302.54123,36.569366,21.381958,0.0838491,3,-1,-1
787.8754,348.03424,17.501343,33.22632,0.083317816,2,-1,-1
434.98447,292.26486,21.58841,28.454315,0.08301225,10,-1,-1
537.0887,10.001514,76.438965,23.982079,0.08287704,5,-1,-1
476.48474,506.6051,16.572601,37.750854,0.082354784,1,-1,-1
450.262,501.31342,23.701538,29.191284,0.08209401,1,-1,-1
595.6884,100.57281,22.204773,27.122871,0.08206719,4,-1,-1
814.8596,284.03653,36.898987,16.790955,0.08189678,8,-1,-1
695.1753,67.03528,17.908813,34.713867,0.08176741,10,-1,-1
653.94025,8.982008,29.583923,22.87424,0.08121878,7,-1,-1
446.47333,355.4029,25.954712,28.383087,0.08086765,2,-1,-1
758.46,215.21715,29.514832,25.015335,0.08067247,10,-1,-1
559.30994,277.04428,15.919373,48.84738,0.080375075,1,-1,-1
686.0766,62.273746,20.071411,30.227535,0.08036244,7,-1,-1
654.2299,39.100796,19.626465,28.359043,0.08027753,1,-1,-1
720.7807,160.28046,21.243713,28.50026,0.08024195,1,-1,-1
604.8732,192.24861,21.473267,32.041702,0.080100775,1,-1,-1
509.55994,702.5559,18.529907,38.481445,0.080041975,1,-1,-1
684.15094,1.8721222,38.25177,18.87397,0.07998431,4,-1,-1
557.9813,398.95758,22.754883,26.185577,0.07988191,3,-1,-1
731.3148,387.30814,27.878601,24.960083,0.07929739,10,-1,-1
568.3118,49.256985,41.277466,18.582226,0.07927281,8,-1,-1
539.9057,17.01748,51.845947,20.873446,0.07924947,5,-1,-1
707.9637,8.162619,28.802246,31.970663,0.079221785,5,-1,-1
738.05554,421.78918,17.745117,34.469543,0.07902023,1,-1,-1
433.31528,310.978,30.027893,22.08017,0.07891169,10,-1,-1
773.6975,201.42226,51.17273,22.807709,0.078525245,4,-1,-1
676.8194,92.31289,22.018616,26.00351,0.078335136,10,-1,-1
606.90466,488.65912,16.705078,43.761536,0.07817918,2,-1,-1
607.23987,491.23138,15.313965,46.354004,0.078160495,1,-1,-1
418.7126,347.51215,20.269165,32.353943,0.07806715,1,-1,-1
585.05334,58.15675,31.003052,21.42847,0.07783109,8,-1,-1
677.7936,10.107668,30.068176,34.44262,0.077794045,4,-1,-1
478.72134,527.0656,16.997131,40.324585,0.07771051,1,-1,-1
771.7194,51.03094,43.13086,21.614727,0.077560425,4,-1,-1
520.37384,1.171993,95.47186,28.716997,0.07658845,5,-1,-1
716.6433,206.51363,37.609314,18.651077,0.07611731,7,-1,-1
687.36804,57.917236,18.47876,32.791115,0.07539499,10,-1,-1
427.57367,348.72955,19.17575,31.145477,0.07510862,1,-1,-1
553.58307,33.635677,56.5838,17.051945,0.07501617,10,-1,-1
781.69434,685.5184,23.99823,34.40338,0.075014055,2,-1,-1
808.9485,271.70874,40.72278,19.02884,0.07501003,7,-1,-1
804.09436,278.23737,36.44763,20.198639,0.07488167,7,-1,-1
379.69162,670.9929,18.412262,37.35852,0.07473454,1,-1,-1
679.43054,16.634031,42.564697,38.45365,0.07464808,8,-1,-1
562.4472,9.925616,52.753662,19.903755,0.07461777,4,-1,-1
738.2069,444.64468,34.446777,20.011932,0.07455173,10,-1,-1
744.2668,108.97921,45.59784,19.622063,0.07432774,10,-1,-1
759.71954,330.46292,20.839111,31.463135,0.07416245,10,-1,-1
590.42505,47.077168,26.299622,26.012363,0.07385868,3,-1,-1
462.00034,381.25824,18.275635,46.674835,0.073462486,1,-1,-1
684.15094,1.8721222,38.25177,18.87397,0.07344791,5,-1,-1
815.2429,283.80612,37.60736,16.78006,0.073200315,4,-1,-1
783.47534,230.01543,52.00067,27.850235,0.07308206,8,-1,-1
474.681,616.2542,19.306213,41.326965,0.07301921,1,-1,-1
731.17065,205.70523,28.010742,24.72496,0.07268068,7,-1,-1
622.46387,78.96606,17.946106,32.04631,0.072600335,10,-1,-1
580.73486,145.90625,26.172974,23.798752,0.07240507,10,-1,-1
713.1957,15.091301,47.747986,29.67035,0.07230452,4,-1,-1
520.5884,20.643297,22.271423,30.641413,0.07220104,4,-1,-1
740.1748,435.20474,25.495361,24.665344,0.07206294,10,-1,-1
735.4883,409.2973,19.675049,33.790863,0.07194972,1,-1,-1
622.46387,78.96606,17.946106,32.04631,0.07182169,2,-1,-1
716.2219,115.59123,77.43799,36.33734,0.07155591,1,-1,-1
729.3339,393.1178,30.875732,21.795563,0.071455985,3,-1,-1
653.3465,48.900055,24.63623,23.052513,0.07133287,10,-1,-1
568.3118,49.256985,41.277466,18.582226,0.071056545,3,-1,-1
466.0349,609.687,20.54248,45.987915,0.07097593,1,-1,-1
682.7877,31.462769,30.337952,28.797379,0.07081786,4,-1,-1
458.4871,612.36884,17.68512,48.20337,0.07033065,2,-1,-1
580.73486,145.90625,26.172974,23.798752,0.07010043,3,-1,-1
519.0381,1.125651,42.145874,23.255722,0.06993863,5,-1,-1
679.6159,16.166641,48.798523,38.39926,0.069927156,1,-1,-1
574.13434,56.30741,32.11261,22.641418,0.06935787,7,-1,-1
740.0259,50.806183,15.642883,42.857285,0.0693115,1,-1,-1
519.7638,20.699951,22.798218,31.849758,0.06925565,5,-1,-1
532.59674,291.2034,17.5979,31.88919,0.069100976,1,-1,-1
575.5563,357.40698,23.514343,30.992157,0.06905502,1,-1,-1
540.10016,14.91331,67.88672,24.16893,0.06794584,4,-1,-1
458.40292,612.4101,17.653198,47.810547,0.06777063,3,-1,-1
527.15643,301.18924,32.190613,22.458221,0.06762853,10,-1,-1
385.19434,671.9142,20.565186,35.998657,0.06750408,1,-1,-1
703.16064,60.817398,20.286499,42.680443,0.067497045,1,-1,-1
577.11914,595.6707,16.543884,38.820435,0.067403704,2,-1,-1
536.28625,171.52,48.108948,16.665253,0.067346275,10,-1,-1
