979.8659,48.595055,97.20538,68.18382,0.9999025,4,-1,-1
492.98074,395.03745,157.12411,180.09854,0.999817,4,-1,-1
1096.4236,59.896152,64.64612,56.374195,0.999755,4,-1,-1
909.8722,12.5132675,100.25488,58.119194,0.99854195,4,-1,-1
599.36523,484.26953,156.94629,199.50189,0.9975834,4,-1,-1
1105.6693,98.42548,65.38342,70.48336,0.995963,4,-1,-1
1020.53015,595.91235,158.5487,107.47485,0.9956448,4,-1,-1
323.7471,254.79843,25.393738,67.10281,0.99334204,1,-1,-1
83.40595,630.9848,78.07647,112.77838,0.9827994,3,-1,-1
224.92516,641.13,68.40291,52.35663,0.9817114,10,-1,-1
177.78435,584.8538,36.946625,52.304443,0.9784536,10,-1,-1
271.94168,556.2277,52.372833,89.01355,0.9659003,1,-1,-1
720.6603,323.18652,38.427795,38.86444,0.9139196,10,-1,-1
312.37344,186.69208,26.300476,60.778717,0.89200586,1,-1,-1
349.6248,109.980705,18.827332,55.502678,0.87652683,1,-1,-1
185.9805,605.65656,32.30298,55.79767,0.8362379,10,-1,-1
364.59616,90.99002,16.500488,47.729507,0.7998639,1,-1,-1
502.09317,330.38995,88.804596,53.332184,0.79764324,7,-1,-1
821.17065,1.1326587,92.54883,34.06554,0.7763312,5,-1,-1
762.6133,352.42776,23.721375,58.445312,0.76961756,10,-1,-1
705.19745,392.77402,29.433838,36.543243,0.76936066,10,-1,-1
609.6624,311.20792,47.68695,32.04889,0.76728004,10,-1,-1
407.17438,31.866732,38.394165,26.384474,0.761832,10,-1,-1
221.30867,615.94977,53.668808,51.34607,0.75490475,10,-1,-1
886.5633,277.9793,120.50488,58.12918,0.74736995,7,-1,-1
347.52106,73.055305,25.829285,28.213226,0.7236663,10,-1,-1
834.5904,374.5113,90.119385,45.956177,0.7229781,10,-1,-1
757.4047,488.55075,23.707275,40.771454,0.72100866,10,-1,-1
212.07037,630.9445,64.8811,51.426758,0.7103461,10,-1,-1
519.459,249.98096,48.37567,25.28656,0.69232845,10,-1,-1
85.66733,654.0421,47.97255,91.215515,0.6629728,3,-1,-1
830.5922,373.34494,97.390564,49.315033,0.6505412,7,-1,-1
701.0641,319.7034,49.873657,32.31244,0.64955544,10,-1,-1
919.0238,230.4937,88.17053,46.85771,0.64761055,7,-1,-1
1003.9561,705.41876,218.73749,58.75226,0.6433588,5,-1,-1
518.4101,292.43436,43.009155,32.7724,0.618864,10,-1,-1
711.392,330.36,36.956482,31.72113,0.6105298,10,-1,-1
702.346,409.4661,25.581116,38.82544,0.5991509,10,-1,-1
729.4434,290.92532,34.888916,31.325928,0.58769727,10,-1,-1
935.229,68.59279,39.628296,27.643372,0.58702534,10,-1,-1
666.3282,409.2795,19.109741,42.20578,0.57287705,10,-1,-1
599.4806,219.13818,49.215942,23.992432,0.5669309,7,-1,-1
573.19617,131.67468,48.12372,32.239746,0.56192917,8,-1,-1
198.97958,607.1303,49.4393,57.244812,0.53885144,10,-1,-1
310.47372,331.5458,27.11145,35.838684,0.53762627,2,-1,-1
657.1141,371.38083,28.550293,43.7211,0.5319496,3,-1,-1
1099.9358,164.7864,30.35376,42.789917,0.5201512,10,-1,-1
389.47235,0.0,54.400543,21.298,0.5180689,7,-1,-1
884.5849,64.74426,58.228394,28.003654,0.5135553,7,-1,-1
705.8721,261.24704,52.90265,29.381744,0.5113655,10,-1,-1
533.89325,231.06058,41.340942,20.826385,0.49488205,10,-1,-1
593.1084,328.32025,43.196533,35.55078,0.48978138,10,-1,-1
540.97095,80.24304,35.83429,19.739044,0.48927578,10,-1,-1
931.56055,56.98519,36.258118,33.76007,0.487811,10,-1,-1
562.64435,169.6552,46.20172,26.617615,0.4838218,8,-1,-1
605.10895,232.83456,51.09735,27.253906,0.4736935,7,-1,-1
600.9211,211.46516,48.66156,23.764603,0.47212264,7,-1,-1
1155.4508,146.9685,67.36841,98.05635,0.46994427,8,-1,-1
312.50436,191.1426,26.661774,56.536667,0.4688678,3,-1,-1
585.1291,165.01405,44.767395,25.09903,0.46369836,7,-1,-1
1151.0914,147.8808,71.503174,101.3051,0.46259314,4,-1,-1
585.79175,164.83914,45.090332,25.143616,0.4580228,8,-1,-1
646.76495,334.73016,54.78424,49.46759,0.45701542,10,-1,-1
593.6776,47.097572,14.733948,44.719437,0.4523539,1,-1,-1
181.64987,587.98083,57.12979,55.395935,0.45221534,10,-1,-1
688.0757,323.5076,25.199768,34.48996,0.45002678,10,-1,-1
716.8685,316.72937,44.2912,31.22165,0.4427118,10,-1,-1
468.84702,293.846,21.628632,58.335907,0.42915672,1,-1,-1
550.2357,159.03873,51.86444,27.844635,0.42311522,8,-1,-1
800.587,303.92792,61.168213,34.042633,0.42031237,4,-1,-1
529.01025,196.57169,38.887207,22.397324,0.41899893,10,-1,-1
826.3737,154.62573,43.30768,25.071136,0.41666752,10,-1,-1
732.82874,326.53583,30.080994,45.410187,0.413776,10,-1,-1
628.4312,279.73828,34.6532,28.984467,0.41205737,10,-1,-1
1021.5347,26.615582,37.425232,29.298092,0.4072373,7,-1,-1
529.8723,204.64091,39.425537,20.700806,0.4064786,10,-1,-1
1103.8604,161.7264,24.289307,42.762466,0.40441626,2,-1,-1
271.65402,559.53955,52.613068,85.14972,0.40024403,2,-1,-1
705.0245,421.01562,36.77301,45.397064,0.3896461,10,-1,-1
532.9998,244.82552,50.70117,23.867142,0.3891433,10,-1,-1
528.3476,187.41359,40.7843,23.239624,0.38789296,10,-1,-1
425.9332,104.854485,37.636353,22.971588,0.38595852,10,-1,-1
502.40088,330.10526,88.682495,54.101715,0.38542798,8,-1,-1
601.6558,230.50494,53.526184,27.536469,0.38181245,8,-1,-1
501.28674,318.188,76.753174,47.52231,0.38125783,7,-1,-1
521.5202,259.1878,44.489563,22.380188,0.37836286,10,-1,-1
537.9295,95.221466,40.521606,20.538666,0.37695548,10,-1,-1
824.33887,145.22725,44.885864,23.689224,0.37553906,10,-1,-1
414.03912,215.70912,62.487488,38.03386,0.3729245,10,-1,-1
393.57,277.1038,21.113983,55.54895,0.3688947,2,-1,-1
312.2433,9.9003105,80.91812,40.42614,0.36326134,6,-1,-1
930.35315,50.283646,27.543701,31.122322,0.36025077,10,-1,-1
294.55402,493.2958,41.21698,83.9993,0.35960156,1,-1,-1
391.72668,276.2752,22.79657,62.54837,0.35765266,1,-1,-1
599.01935,219.3885,49.60199,23.515335,0.35329634,8,-1,-1
305.32416,333.63873,22.281128,36.724274,0.35043317,2,-1,-1
468.192,293.73196,22.112885,52.352448,0.34887454,2,-1,-1
585.6463,156.02022,43.032898,24.226822,0.3481437,7,-1,-1
694.9495,330.43375,41.076355,29.375671,0.34440166,10,-1,-1
596.4055,228.20572,47.967834,26.751465,0.34270352,7,-1,-1
563.6294,127.81123,48.276917,28.629578,0.34231615,8,-1,-1
593.2886,289.82172,44.501404,25.375702,0.34151983,10,-1,-1
829.768,153.21983,44.00287,25.63469,0.34079975,4,-1,-1
595.16144,190.96404,41.449585,23.519836,0.3402524,10,-1,-1
733.5976,460.07748,25.97522,35.819733,0.34023875,10,-1,-1
727.71295,364.48392,15.885193,41.23993,0.33708996,1,-1,-1
794.9404,278.778,69.465454,34.5625,0.33662936,10,-1,-1
1101.2755,160.622,26.9552,44.727997,0.33326775,1,-1,-1
540.2198,236.72844,46.286743,21.539566,0.33247194,10,-1,-1
601.20123,212.1487,48.88037,23.399094,0.33200026,8,-1,-1
935.229,68.59279,39.628296,27.643372,0.3308279,3,-1,-1
606.8876,235.34222,49.70294,26.45337,0.32909346,4,-1,-1
562.3187,121.86127,44.150208,25.62535,0.32825574,7,-1,-1
409.56854,288.91986,24.501434,38.60562,0.3205247,2,-1,-1
824.0847,139.27519,45.253784,25.439102,0.31500924,4,-1,-1
665.7815,366.779,42.111145,27.123444,0.31384975,3,-1,-1
884.3561,64.29044,55.41217,29.00164,0.31346482,8,-1,-1
813.17255,352.8315,54.571655,30.773468,0.31128407,10,-1,-1
734.05383,473.35583,30.683044,27.702362,0.30863696,10,-1,-1
83.63507,631.43567,77.64206,112.91547,0.30808705,7,-1,-1
579.529,143.47667,44.041504,26.611801,0.30727303,8,-1,-1
532.8147,222.49263,40.285583,22.22293,0.30610293,10,-1,-1
663.8488,401.24658,22.601929,51.15393,0.30549353,3,-1,-1
713.2719,306.02744,20.054077,37.513306,0.3052425,1,-1,-1
711.0147,294.90698,45.273254,28.112946,0.3036065,10,-1,-1
564.1151,113.26021,41.074646,26.06549,0.29991215,7,-1,-1
617.51624,287.3576,42.862488,27.868958,0.29931566,10,-1,-1
930.35315,50.283646,27.543701,31.122322,0.29895857,1,-1,-1
592.8888,193.53967,43.29779,24.175705,0.29767132,7,-1,-1
382.95737,276.53003,39.355133,46.792206,0.2959253,2,-1,-1
714.74725,383.41016,22.368713,37.958527,0.2950493,10,-1,-1
886.5992,277.3943,120.31061,58.533295,0.29410854,8,-1,-1
534.7333,167.58914,55.78418,29.161392,0.2940412,8,-1,-1
920.00244,235.6536,64.85138,37.131775,0.2928292,3,-1,-1
953.2284,0.0,73.05603,25.636127,0.29280987,4,-1,-1
1140.1583,167.04585,23.4823,38.47046,0.29268438,10,-1,-1
413.77228,213.78293,65.867615,40.284195,0.28942448,7,-1,-1
375.59824,282.48462,76.76178,38.35788,0.2888913,10,-1,-1
531.8705,158.38806,51.658203,27.695557,0.28861684,8,-1,-1
567.01746,128.98325,50.4115,32.217255,0.28822136,7,-1,-1
417.13815,212.91064,60.119843,37.595062,0.28614464,3,-1,-1
98.50223,509.9716,46.224777,85.96207,0.2859442,1,-1,-1
528.3476,187.41359,40.7843,23.239624,0.2842555,3,-1,-1
535.9704,156.11223,53.863037,29.106964,0.28080106,7,-1,-1
928.6435,55.794228,38.909912,30.643814,0.2793535,3,-1,-1
528.94055,197.092,39.822266,21.111603,0.2788425,3,-1,-1
585.2188,155.99435,43.78296,24.03273,0.27803254,8,-1,-1
410.07312,289.50598,34.646362,30.093353,0.2774911,10,-1,-1
702.20575,253.95876,32.14264,34.125168,0.27681276,10,-1,-1
532.24255,213.05486,37.79315,22.137909,0.2764191,10,-1,-1
576.53625,45.5021,14.068176,44.70325,0.26997614,1,-1,-1
597.26666,205.55664,42.908325,24.52948,0.26967788,7,-1,-1
631.0918,306.13928,28.366272,34.65854,0.26857704,10,-1,-1
549.3957,100.30734,37.25,20.609726,0.26748055,10,-1,-1
499.35287,107.81593,40.119904,25.076584,0.2645681,3,-1,-1
601.7263,209.23378,44.0683,24.875336,0.2637847,10,-1,-1
926.7071,350.4204,35.17096,36.866547,0.26343834,10,-1,-1
847.3901,6.5377765,75.522644,34.521263,0.26291296,5,-1,-1
608.5751,239.23366,46.884033,24.92949,0.26052454,8,-1,-1
602.86676,302.45328,51.85431,31.165985,0.25925732,10,-1,-1
711.74585,315.9538,25.605103,40.399017,0.2580886,10,-1,-1
730.7108,448.2691,27.848328,33.68286,0.25653967,10,-1,-1
597.34717,317.25174,46.278503,31.12909,0.25535864,10,-1,-1
830.5674,225.69966,23.403687,33.025772,0.2541549,10,-1,-1
577.73553,211.56216,46.83911,23.711731,0.25398323,7,-1,-1
818.83673,275.99255,40.083496,29.225372,0.2517141,10,-1,-1
1157.3427,146.63591,62.906616,80.2227,0.25098813,5,-1,-1
802.02057,312.99774,61.612366,42.62021,0.24778801,7,-1,-1
794.3011,277.82263,72.260925,34.32895,0.2473554,7,-1,-1
570.45276,177.61531,47.038025,25.674866,0.24727151,8,-1,-1
826.8734,134.64972,40.391968,22.048676,0.24535632,10,-1,-1
895.9834,272.77713,58.773376,45.439972,0.24534091,7,-1,-1
521.39484,285.73904,44.19287,30.36673,0.24439189,3,-1,-1
834.44836,377.32602,98.390686,47.054047,0.24386919,4,-1,-1
586.248,165.34503,43.83313,25.004028,0.24332002,10,-1,-1
620.8286,258.3847,31.7995,24.51297,0.24319488,7,-1,-1
833.0317,4.124884,92.74951,37.03535,0.2424533,6,-1,-1
800.23413,286.70898,61.48358,32.91623,0.24203512,4,-1,-1
619.3111,257.4441,34.523987,24.113037,0.24118707,8,-1,-1
546.28815,242.49141,46.47113,22.077927,0.24031001,10,-1,-1
423.38974,3.3767936,59.79599,25.521591,0.23958364,7,-1,-1
565.21387,164.87067,49.54254,26.474121,0.23957449,7,-1,-1
896.89984,116.68708,112.61792,123.35371,0.23910215,8,-1,-1
688.905,204.2449,48.57434,23.555374,0.23733789,10,-1,-1
828.11725,146.59966,42.799927,25.315445,0.23688748,7,-1,-1
747.9395,485.92075,31.180542,32.80075,0.23587975,10,-1,-1
583.9943,11.843268,34.21826,20.873322,0.23540556,10,-1,-1
806.2502,259.32544,39.99359,25.094849,0.23462158,3,-1,-1
562.764,121.2839,44.246887,25.431938,0.23313725,8,-1,-1
403.9511,0.5931173,58.61624,22.72942,0.23269889,7,-1,-1
1140.3937,166.52156,23.093506,38.33235,0.23161396,1,-1,-1
661.6923,383.3498,23.461487,46.37964,0.23141208,3,-1,-1
763.76495,352.26498,23.2677,49.67096,0.23124248,2,-1,-1
519.459,249.98096,48.37567,25.28656,0.23066017,4,-1,-1
937.2633,54.025978,24.41626,32.241745,0.23063272,2,-1,-1
706.3836,259.67,53.85742,30.114899,0.2305598,3,-1,-1
586.3059,173.26717,44.19159,26.36264,0.22887796,7,-1,-1
693.7169,308.07657,19.414917,42.214844,0.22822008,10,-1,-1
834.65247,30.517405,15.154602,37.548393,0.22548556,1,-1,-1
563.6161,211.12712,43.47058,23.340683,0.22319427,7,-1,-1
581.40735,147.78581,42.85669,24.961548,0.22178525,7,-1,-1
821.3617,1.2635826,92.98932,33.4287,0.2212359,4,-1,-1
529.48267,204.74352,39.666565,19.96936,0.21935564,3,-1,-1
801.82904,210.58154,38.40973,26.69606,0.2191925,10,-1,-1
502.27573,115.332794,40.676544,26.079102,0.21870357,3,-1,-1
500.19797,112.666794,41.019623,27.054962,0.21812192,7,-1,-1
834.94586,374.79385,89.901855,47.434998,0.21758023,1,-1,-1
502.0821,318.5308,72.20715,44.16855,0.21725234,10,-1,-1
592.7825,297.5233,48.405884,27.062225,0.21681294,10,-1,-1
891.74426,126.92083,22.598999,40.72332,0.2166141,10,-1,-1
731.47174,286.6949,33.021545,29.918854,0.21656343,3,-1,-1
582.21344,222.77287,49.761536,22.298874,0.21654487,7,-1,-1
896.26825,117.84078,112.94495,122.97555,0.21576071,6,-1,-1
311.42386,332.17728,25.093994,37.166565,0.21516532,1,-1,-1
809.81824,230.18982,43.078796,28.687805,0.21418035,10,-1,-1
522.1766,277.91016,42.536316,22.90268,0.21348712,3,-1,-1
912.84344,342.24744,48.7937,45.812622,0.21318653,3,-1,-1
801.6605,288.43622,57.72815,31.37564,0.21272182,7,-1,-1
825.74927,139.4781,42.9364,24.51332,0.21254942,7,-1,-1
654.67285,356.3434,50.006348,32.93268,0.21157396,10,-1,-1
800.3674,209.76894,37.868896,27.160202,0.2113123,7,-1,-1
381.048,276.16467,46.519623,54.767517,0.21123806,10,-1,-1
544.9723,195.74487,45.273987,20.54863,0.21062645,10,-1,-1
540.4198,79.35251,35.492615,19.552681,0.21047136,3,-1,-1
521.76184,285.93243,45.165466,29.48584,0.21018061,10,-1,-1
733.98364,287.2987,29.659119,31.267517,0.20915383,1,-1,-1
667.8429,367.293,39.945312,26.102325,0.2064921,10,-1,-1
655.555,128.09035,38.399597,20.760025,0.20602965,10,-1,-1
382.95737,276.53003,39.355133,46.792206,0.20601445,1,-1,-1
802.8678,212.38737,37.605225,26.453156,0.20601177,3,-1,-1
395.24228,284.3481,34.53351,43.19879,0.20466858,2,-1,-1
505.4665,120.502945,39.69812,26.75351,0.20435661,7,-1,-1
826.3737,154.62573,43.30768,25.071136,0.203702,7,-1,-1
894.6853,334.95404,62.415527,50.659363,0.20276225,10,-1,-1
919.1854,233.61621,91.155396,50.005096,0.20273325,8,-1,-1
797.28644,318.67776,66.86383,37.615204,0.2025708,4,-1,-1
705.757,311.2495,42.82904,33.360138,0.2024464,1,-1,-1
530.1751,179.50822,43.705383,22.961319,0.20209825,10,-1,-1
451.55835,55.834717,17.10736,35.974236,0.20181984,1,-1,-1
710.55817,314.58524,28.801514,41.24469,0.20148668,1,-1,-1
714.94366,435.64407,30.72113,32.86554,0.20120424,10,-1,-1
523.49994,271.79297,40.238342,21.970642,0.20118853,10,-1,-1
803.8415,218.66591,42.152283,26.950394,0.19954416,7,-1,-1
409.56854,288.91986,24.501434,38.60562,0.19926298,1,-1,-1
595.57446,192.3339,39.8584,24.429047,0.1991443,3,-1,-1
729.48987,305.72824,35.679626,45.244995,0.19667092,10,-1,-1
804.21765,291.708,54.312317,28.523315,0.19627503,10,-1,-1
794.00214,278.4196,55.875427,36.80725,0.19599923,3,-1,-1
411.10284,7.6974792,42.1315,23.101933,0.19586483,7,-1,-1
585.4432,46.5834,13.821716,45.04791,0.19559634,1,-1,-1
703.6229,249.53058,21.36383,38.83908,0.19528022,1,-1,-1
1092.2009,163.965,19.377441,41.31433,0.19519314,1,-1,-1
908.28827,65.44241,50.341675,27.908195,0.1946755,10,-1,-1
716.0389,306.89594,25.635864,35.482452,0.19456375,2,-1,-1
1002.14703,706.2955,200.89545,57.788452,0.19440821,4,-1,-1
401.08344,284.2853,17.957764,48.167816,0.19390818,2,-1,-1
805.1526,305.2984,61.23059,40.556,0.19379276,8,-1,-1
565.5882,111.35126,37.221985,25.564362,0.19370052,10,-1,-1
324.85605,1.7401992,40.280884,19.857903,0.19359452,7,-1,-1
538.26996,206.2004,48.02826,21.610489,0.19347581,10,-1,-1
528.57184,238.89096,42.528687,21.707336,0.1931614,10,-1,-1
611.6428,85.077736,37.177734,22.120361,0.19281945,10,-1,-1
558.4682,105.698845,34.235596,23.326286,0.19264117,10,-1,-1
800.6937,243.09277,43.33545,23.887634,0.19245696,3,-1,-1
413.77228,213.78293,65.867615,40.284195,0.19116169,4,-1,-1
931.56055,56.98519,36.258118,33.76007,0.1908881,1,-1,-1
526.34503,170.64651,39.54657,24.786804,0.19053736,10,-1,-1
705.5546,303.2118,20.44629,39.692932,0.19011092,1,-1,-1
97.31297,508.75122,47.104706,88.496704,0.18936074,2,-1,-1
762.6133,352.42776,23.721375,58.445312,0.18871242,3,-1,-1
310.60855,328.1936,35.41632,35.295258,0.18808478,10,-1,-1
520.98114,278.85724,42.305847,24.134277,0.18769562,10,-1,-1
560.7064,185.70236,45.425537,22.612915,0.18717384,8,-1,-1
585.88965,196.07227,43.303528,22.921677,0.18678886,10,-1,-1
537.463,1.3609041,28.337036,21.054157,0.18661109,7,-1,-1
289.93787,513.8911,33.163544,61.95581,0.1865583,1,-1,-1
503.6848,332.23703,87.63214,52.54077,0.18644327,10,-1,-1
807.1561,324.23218,59.071777,39.887695,0.18598962,10,-1,-1
647.11273,335.2453,56.01532,52.763733,0.18582428,7,-1,-1
657.1589,140.81264,35.30841,20.853928,0.18522248,10,-1,-1
406.10767,30.512342,39.225647,27.346582,0.1841281,7,-1,-1
802.09235,231.12094,49.486267,28.066284,0.18385437,7,-1,-1
416.50043,10.9815235,20.838501,31.15626,0.18384245,2,-1,-1
575.9631,137.65547,46.155945,28.684113,0.18365058,7,-1,-1
803.6503,302.17557,63.097595,36.525482,0.18351278,7,-1,-1
499.72525,108.10716,39.109955,25.95079,0.18322167,10,-1,-1
794.04285,191.13177,37.744568,23.023376,0.18318638,10,-1,-1
620.64325,257.63303,31.988464,24.71576,0.18299663,10,-1,-1
1149.5148,146.83708,83.14856,109.44652,0.18177065,7,-1,-1
521.5202,259.1878,44.489563,22.380188,0.18130422,3,-1,-1
921.6482,52.958138,31.876892,28.227722,0.18101454,3,-1,-1
888.1616,213.03908,25.69281,28.807968,0.18066952,10,-1,-1
221.64612,627.1414,38.98227,48.36566,0.18024963,1,-1,-1
559.8631,42.298855,14.731018,37.548153,0.1798195,1,-1,-1
576.6606,211.88239,45.32263,22.67598,0.17977512,8,-1,-1
580.2945,204.22458,39.93628,24.006348,0.17974186,7,-1,-1
525.797,156.33456,44.643127,26.402939,0.17958218,3,-1,-1
590.59393,227.96942,47.287476,25.584564,0.17939028,8,-1,-1
399.90988,282.1628,17.557281,42.60965,0.17854396,1,-1,-1
815.695,354.72083,50.409058,28.581604,0.17827216,3,-1,-1
