462.3713,226.33524,29.585052,79.39789,0.9998027,1,-1,-1
370.92365,67.63291,14.43988,32.416847,0.83228827,1,-1,-1
385.40665,69.72915,12.888153,32.424667,0.8228049,1,-1,-1
315.1655,51.652367,13.022339,27.62783,0.55447644,1,-1,-1
346.8151,61.887093,11.361664,28.70977,0.5449697,1,-1,-1
336.20737,55.566677,12.930481,23.744267,0.52232045,1,-1,-1
335.87064,55.850437,14.619873,23.098347,0.3577941,2,-1,-1
340.47794,54.972744,14.385071,24.083233,0.26938704,1,-1,-1
346.66913,61.304077,11.421326,28.9048,0.21209171,2,-1,-1
315.1655,51.652367,13.022339,27.62783,0.20552582,2,-1,-1
342.85037,55.187126,12.492371,25.903633,0.16338253,2,-1,-1
344.6396,56.684998,14.660828,24.662651,0.14589125,1,-1,-1
463.66632,226.65826,26.80066,75.50662,0.12675083,4,-1,-1
399.67407,79.121376,12.707184,29.07042,0.110156566,1,-1,-1
307.4204,7.264944,33.9722,21.520561,0.10701594,1,-1,-1
316.31815,5.4857383,17.499725,26.401678,0.102733016,1,-1,-1
315.1655,51.652367,13.022339,27.62783,0.087322176,8,-1,-1
404.05182,83.828476,13.898346,28.269928,0.08520785,1,-1,-1
313.26474,10.777663,12.097961,24.961494,0.08496848,1,-1,-1
322.80157,5.317744,15.720795,25.61964,0.081677884,1,-1,-1
315.15286,51.736713,13.175873,27.357075,0.08102006,10,-1,-1
397.54953,73.55441,11.957794,29.274376,0.07381511,1,-1,-1
336.20737,55.566677,12.930481,23.744267,0.071665764,10,-1,-1
315.15286,51.736713,13.175873,27.357075,0.0714221,3,-1,-1
335.87064,55.850437,14.619873,23.098347,0.06892985,7,-1,-1
307.4204,7.264944,33.9722,21.520561,0.068875074,2,-1,-1
393.49167,71.82907,12.1414795,29.880753,0.068306,1,-1,-1
335.87064,55.850437,14.619873,23.098347,0.0670605,3,-1,-1
303.1516,2.740343,42.412018,25.832972,0.06705639,8,-1,-1
329.82962,5.2209263,14.6633,25.074165,0.05760044,1,-1,-1
315.1655,51.652367,13.022339,27.62783,0.057420254,7,-1,-1
310.4563,0.9489769,19.22232,27.224167,0.05663249,1,-1,-1
317.99136,11.340272,15.933441,23.42455,0.05650735,2,-1,-1
344.77704,60.13679,13.376129,25.852306,0.053661555,7,-1,-1
308.3953,9.872322,11.182953,26.889435,0.05252242,1,-1,-1
308.90863,50.78474,16.92163,24.560055,0.052151978,1,-1,-1
315.1655,51.652367,13.022339,27.62783,0.052027076,4,-1,-1
