905.2411,560.42267,67.93207,86.12402,0.93174434,4,-1,-1
206.59161,509.02805,99.56625,91.48038,0.89388984,4,-1,-1
641.19794,334.80374,68.29877,43.14331,0.8768815,4,-1,-1
534.04614,645.3096,84.47357,119.24768,0.86930114,4,-1,-1
516.8754,452.97763,111.645874,51.391968,0.8621716,4,-1,-1
1112.0713,407.8305,78.484985,58.29651,0.8619249,4,-1,-1
348.8882,391.00558,64.34903,53.787872,0.85490644,4,-1,-1
1193.4589,534.38055,99.20056,101.89752,0.8510494,4,-1,-1
901.59735,321.96634,39.873413,39.248444,0.8398371,4,-1,-1
895.0819,281.55237,50.79663,35.43039,0.83844936,4,-1,-1
908.8648,251.27931,33.1933,30.495926,0.8378341,4,-1,-1
653.5772,379.6443,45.98523,57.300262,0.8335924,4,-1,-1
828.9945,202.61731,28.066406,26.084854,0.8315451,4,-1,-1
828.3054,144.05504,21.315735,18.463242,0.8283911,4,-1,-1
680.7988,254.01465,45.168457,36.669373,0.81420606,4,-1,-1
1016.3381,443.147,107.37213,46.34787,0.7955452,4,-1,-1
1036.6969,182.46056,56.988037,23.467133,0.79169333,4,-1,-1
306.4225,624.3653,148.893,83.34503,0.7877977,4,-1,-1
1029.4042,469.35474,121.17212,49.9682,0.7803658,4,-1,-1
1079.2004,563.7105,124.81213,66.66553,0.7803412,4,-1,-1
1219.7764,335.93964,63.05078,41.613495,0.7763479,4,-1,-1
748.7044,87.47811,16.500854,16.106697,0.7751663,4,-1,-1
864.47925,170.70822,32.887024,24.165207,0.7707492,4,-1,-1
458.3224,487.3007,139.17786,69.05136,0.7651065,4,-1,-1
586.56195,162.47989,41.135498,22.02156,0.7609631,4,-1,-1
726.149,148.6487,22.535645,22.172455,0.75122637,4,-1,-1
740.31287,116.49988,18.078064,17.998047,0.7455377,4,-1,-1
418.52426,529.9054,141.8453,62.45819,0.7443762,4,-1,-1
996.99915,611.1191,99.50256,110.96155,0.74410594,4,-1,-1
747.72217,216.03432,10.291016,27.579788,0.72992504,1,-1,-1
821.0635,172.77832,23.962524,21.239807,0.72920537,4,-1,-1
557.3161,321.63834,26.731445,17.60968,0.726056,10,-1,-1
882.1493,139.8926,25.741821,19.013031,0.720709,4,-1,-1
891.4736,110.471794,40.526123,18.256523,0.71909237,4,-1,-1
59.07614,616.7127,153.60149,126.921326,0.71776515,4,-1,-1
505.09906,427.06195,112.32361,42.967346,0.71330935,4,-1,-1
346.33496,684.79175,166.61237,79.7655,0.7132361,4,-1,-1
740.9121,215.00789,9.666626,25.49376,0.7105705,1,-1,-1
606.4365,262.37122,59.039062,33.91623,0.70724213,4,-1,-1
1123.856,231.44522,30.215698,26.243195,0.7061934,10,-1,-1
615.8033,244.49889,65.7392,33.256546,0.7057099,4,-1,-1
823.54156,33.82917,11.3602295,10.34309,0.6978154,4,-1,-1
1001.42664,219.86177,29.41211,26.36641,0.6955711,4,-1,-1
1068.0632,343.3423,59.575195,57.90677,0.6930723,4,-1,-1
640.74585,99.42183,38.672485,16.313454,0.6878485,4,-1,-1
916.32697,65.03311,34.227905,14.829193,0.68633944,4,-1,-1
463.9551,329.84787,45.31357,45.491425,0.6776808,5,-1,-1
906.0916,225.77296,32.172974,28.554718,0.6761359,4,-1,-1
846.107,55.454258,31.089722,13.652546,0.6746887,4,-1,-1
666.98615,76.01576,18.216919,16.305893,0.674487,4,-1,-1
878.7465,101.15297,19.579895,15.897675,0.6732056,4,-1,-1
800.8424,32.322845,12.2126465,10.865776,0.6719192,4,-1,-1
413.30057,555.0719,172.73697,83.219666,0.6688981,4,-1,-1
1033.6205,170.90309,49.714478,21.518814,0.6674313,4,-1,-1
1051.6118,307.75504,52.307983,45.6243,0.66710365,4,-1,-1
783.35614,115.735054,21.589844,23.643242,0.6596163,4,-1,-1
917.2109,345.9887,59.274963,47.90982,0.65128815,5,-1,-1
1040.6201,530.1547,117.79065,54.11487,0.6477018,4,-1,-1
806.7328,47.182335,23.360596,13.423302,0.64768684,5,-1,-1
1032.7886,496.61728,113.38037,50.354828,0.64716774,4,-1,-1
692.162,227.04784,30.547913,33.126724,0.6412754,4,-1,-1
705.1442,214.28203,37.546448,27.260422,0.62708765,4,-1,-1
1258.3563,631.37976,101.20093,129.84424,0.62231135,4,-1,-1
543.13385,202.44666,22.333069,16.142944,0.6033671,10,-1,-1
627.36005,112.62615,37.098877,17.438484,0.5989617,4,-1,-1
932.0711,90.064354,7.01062,13.468277,0.59325886,1,-1,-1
381.55878,335.22818,65.27457,56.69986,0.5927758,4,-1,-1
1007.7452,113.438644,7.4524536,17.20169,0.5796414,1,-1,-1
1031.5245,156.07393,23.812866,22.585709,0.5718525,4,-1,-1
718.22473,135.93338,27.270752,17.32779,0.5636626,4,-1,-1
787.417,71.0154,16.51709,14.309853,0.56045985,4,-1,-1
621.89124,122.53342,41.994324,20.442703,0.5560679,4,-1,-1
950.42145,94.36246,37.48529,16.144844,0.5510776,4,-1,-1
966.9664,136.74359,33.35089,41.251526,0.5408206,6,-1,-1
891.7045,155.1981,20.762512,20.558853,0.54033697,4,-1,-1
700.3263,193.65227,26.778381,27.699493,0.5383525,4,-1,-1
942.49176,83.071236,35.57434,16.813599,0.53423476,4,-1,-1
606.8509,378.7981,34.816284,48.690918,0.5312487,4,-1,-1
716.538,351.58963,12.511414,26.074768,0.5185114,2,-1,-1
688.3889,78.556625,5.5855103,10.894783,0.51748466,1,-1,-1
520.2037,339.28522,13.996399,23.3815,0.5137458,10,-1,-1
955.5206,103.36164,39.53253,16.779533,0.5108834,4,-1,-1
779.3791,51.19063,25.3797,14.098019,0.5025257,5,-1,-1
994.65186,82.54078,7.1624756,13.888367,0.48748827,1,-1,-1
947.2061,79.85084,36.726074,15.63224,0.4858938,4,-1,-1
550.83527,192.98817,23.282349,15.736252,0.48505265,10,-1,-1
543.538,336.529,28.930054,18.187225,0.48476177,10,-1,-1
634.27576,228.49956,47.43512,25.241776,0.4691654,4,-1,-1
962.9263,295.13458,53.98456,38.74057,0.46732464,4,-1,-1
694.25885,78.22448,5.7200317,10.954849,0.4603474,1,-1,-1
563.9708,178.3655,22.552734,14.361328,0.45243293,10,-1,-1
467.97745,416.60947,34.822205,39.664368,0.4429817,10,-1,-1
557.56885,320.97098,26.769836,18.453674,0.440664,3,-1,-1
494.06442,255.23155,23.975616,17.023697,0.44025233,3,-1,-1
381.55878,335.22818,65.27457,56.69986,0.4391187,5,-1,-1
871.543,117.69191,7.4541626,14.854248,0.4382549,1,-1,-1
1265.4861,366.37036,50.925537,41.194458,0.43181476,7,-1,-1
630.8066,108.92467,36.34607,15.290588,0.42765617,4,-1,-1
716.9607,361.71027,12.380676,23.76059,0.42637068,3,-1,-1
698.02026,58.31764,25.284363,13.659473,0.42429203,4,-1,-1
997.8546,66.626625,29.842773,15.114563,0.42387313,4,-1,-1
607.3215,379.14932,34.330994,48.43509,0.41584873,5,-1,-1
565.5865,160.38135,18.616394,15.641998,0.41388264,10,-1,-1
521.82263,336.28647,11.877563,19.797913,0.40874016,2,-1,-1
767.618,65.815834,4.955017,7.941948,0.4086231,2,-1,-1
542.552,390.65237,63.54309,38.05722,0.39347014,4,-1,-1
991.5763,193.71013,31.711304,31.059402,0.39230183,4,-1,-1
555.58905,189.0812,26.009155,15.686523,0.3921902,10,-1,-1
498.84964,239.1295,15.435822,20.209396,0.38780898,2,-1,-1
654.5141,84.912575,12.970093,10.436432,0.38531074,10,-1,-1
1040.3351,504.13416,121.95972,65.16962,0.38259822,4,-1,-1
547.5372,196.8311,22.279053,15.516769,0.3769859,10,-1,-1
960.1723,466.59467,17.392273,31.81897,0.37446707,1,-1,-1
961.2778,466.1404,16.575806,28.843323,0.37306625,2,-1,-1
868.90204,261.61786,17.345276,19.89038,0.36660802,10,-1,-1
716.9607,361.71027,12.380676,23.76059,0.36546144,10,-1,-1
791.843,38.67635,4.7025146,10.439838,0.3621037,1,-1,-1
701.027,205.54352,31.717285,29.200516,0.36202982,4,-1,-1
556.8482,147.52342,10.454651,27.430328,0.36141655,1,-1,-1
637.82446,54.672836,21.000061,14.699051,0.36061025,4,-1,-1
463.53436,278.96002,26.717712,20.974731,0.35946727,10,-1,-1
466.98453,400.01993,36.96454,31.364624,0.3568552,10,-1,-1
772.794,104.36302,7.348694,9.840118,0.35467112,2,-1,-1
701.47974,77.28661,5.444458,11.010391,0.35433406,1,-1,-1
767.6948,68.23145,5.0216064,8.25061,0.3506447,10,-1,-1
716.1698,351.22803,12.424011,26.06311,0.34986627,1,-1,-1
777.64496,59.38723,16.377686,10.124908,0.34984884,4,-1,-1
988.91,193.24551,34.3797,31.537888,0.34831,6,-1,-1
951.193,73.69302,35.687683,14.787369,0.34583765,4,-1,-1
954.5483,56.76941,30.37323,14.543793,0.34522784,4,-1,-1
543.538,336.529,28.930054,18.187225,0.34472883,3,-1,-1
1265.4861,366.37036,50.925537,41.194458,0.3412673,8,-1,-1
558.6706,155.4379,6.852173,19.292465,0.33886027,1,-1,-1
991.2705,193.79163,31.938354,31.089417,0.3365124,5,-1,-1
641.0241,39.754482,20.650574,16.554684,0.33611065,4,-1,-1
654.3312,85.67703,12.9938965,10.122787,0.33245772,7,-1,-1
1035.845,141.3311,10.529419,12.447983,0.3322119,10,-1,-1
1038.1598,138.2092,8.015747,13.46907,0.32858515,2,-1,-1
453.74823,291.6344,31.733215,18.687012,0.32744285,10,-1,-1
604.7507,271.8062,61.528748,40.137573,0.3245756,4,-1,-1
463.53436,278.96002,26.717712,20.974731,0.32316816,3,-1,-1
960.1723,466.59467,17.392273,31.81897,0.31348002,10,-1,-1
493.91104,255.35358,24.298798,17.141022,0.31124336,10,-1,-1
951.5705,65.71359,35.753784,14.450539,0.3108814,4,-1,-1
773.0667,109.07478,7.1053467,9.31633,0.31087202,10,-1,-1
995.70636,611.77686,101.77728,110.48511,0.30864865,5,-1,-1
498.5542,239.07451,15.702942,20.198532,0.3082932,1,-1,-1
700.4808,193.32327,26.320557,28.390076,0.30708706,5,-1,-1
481.43082,414.29813,42.266388,33.50058,0.30623585,10,-1,-1
952.0342,469.99017,15.471558,27.367584,0.30013245,10,-1,-1
813.4411,63.61298,6.1552124,10.453274,0.29556262,1,-1,-1
779.2792,51.472904,25.142395,13.781902,0.29456505,4,-1,-1
454.41858,292.97055,32.127594,18.340118,0.2941618,3,-1,-1
1197.5375,297.2677,21.357178,23.002014,0.2926025,2,-1,-1
871.86005,253.8024,14.903076,23.517883,0.29198897,2,-1,-1
777.44775,55.756767,24.71576,13.492638,0.28870276,4,-1,-1
1283.9303,380.10208,33.15576,37.973175,0.288242,10,-1,-1
702.86456,75.3189,5.506897,10.7465515,0.28651097,1,-1,-1
566.25806,159.57768,8.920227,16.454514,0.2859702,1,-1,-1
622.1566,122.07618,41.63391,20.983894,0.28402132,5,-1,-1
736.4822,110.661316,18.341064,17.018112,0.2801491,4,-1,-1
279.27225,413.9828,34.152283,51.458435,0.27728778,2,-1,-1
942.19507,82.91729,35.377502,16.950127,0.274998,5,-1,-1
1013.1159,118.09255,15.861633,14.243187,0.2729897,10,-1,-1
510.9462,253.75774,20.95517,15.354324,0.27152398,10,-1,-1
968.2059,54.20713,27.508545,14.250732,0.2706526,4,-1,-1
457.92905,285.17435,30.770782,18.324005,0.27053845,10,-1,-1
823.4978,71.388664,5.722351,11.797592,0.26693293,1,-1,-1
1265.4861,366.37036,50.925537,41.194458,0.26558137,10,-1,-1
566.00476,160.65005,18.478394,15.016754,0.26501358,3,-1,-1
900.60187,321.9803,39.9032,39.74054,0.26358622,5,-1,-1
590.54877,145.46623,21.187927,18.414139,0.26236498,10,-1,-1
952.0342,469.99017,15.471558,27.367584,0.26223272,1,-1,-1
953.1182,61.481834,30.90326,14.54393,0.2603879,4,-1,-1
1283.0934,377.91998,34.75708,41.031494,0.2597438,7,-1,-1
767.38,66.96411,5.543518,9.486435,0.2572713,1,-1,-1
767.6948,68.23145,5.0216064,8.25061,0.25692552,3,-1,-1
1016.2041,118.979416,9.647095,12.375549,0.25600237,2,-1,-1
806.86743,47.227978,23.14264,13.280777,0.25578284,4,-1,-1
783.4927,115.69435,21.290955,23.340515,0.25423664,5,-1,-1
1021.21265,129.77695,21.928833,12.890625,0.25352094,7,-1,-1
871.83234,252.90024,14.880676,25.280304,0.2512008,10,-1,-1
562.0341,182.20695,23.4646,15.726868,0.2487239,10,-1,-1
951.80524,469.29654,15.71582,27.105621,0.24844742,2,-1,-1
572.40826,416.63855,13.655945,21.315338,0.24810156,1,-1,-1
816.53973,71.793816,5.9645386,10.771156,0.24666819,2,-1,-1
945.8341,133.85123,26.607788,19.598862,0.24561459,4,-1,-1
869.47144,253.83156,16.418396,25.695847,0.24548128,7,-1,-1
466.72794,402.34714,37.400818,28.784637,0.2440801,3,-1,-1
715.2227,359.46313,13.316284,26.088745,0.2425679,1,-1,-1
575.41595,161.6554,7.951111,16.893494,0.24214223,1,-1,-1
497.5367,239.18541,17.06601,20.53209,0.24213323,10,-1,-1
691.5089,227.1185,31.940796,33.230133,0.24127075,5,-1,-1
1031.9703,155.62148,22.370972,22.20314,0.23616466,8,-1,-1
59.182373,615.6837,154.22969,126.78107,0.23560327,5,-1,-1
497.18176,253.28497,32.86255,17.838959,0.2355882,10,-1,-1
745.08014,215.5763,7.4570923,22.172195,0.23509768,1,-1,-1
782.06274,61.226448,17.362549,8.818596,0.23431832,4,-1,-1
814.6982,69.00261,6.60083,12.385498,0.23424146,1,-1,-1
543.2432,202.35397,22.44159,15.685684,0.23391521,3,-1,-1
1264.7607,366.63202,53.08716,39.97,0.2313756,4,-1,-1
814.4024,72.273865,11.255554,10.250938,0.22925442,10,-1,-1
521.56165,336.30582,12.298035,19.491028,0.22902828,1,-1,-1
1021.4071,130.29402,21.843384,12.382828,0.2289612,10,-1,-1
806.81573,46.959763,23.130981,13.81839,0.22855523,9,-1,-1
946.303,52.989944,31.203247,14.175941,0.22841197,4,-1,-1
0.0,730.0196,119.87861,34.53766,0.22832906,4,-1,-1
997.9912,66.507675,29.435913,15.573547,0.22597575,5,-1,-1
1038.1598,138.2092,8.015747,13.46907,0.22487575,1,-1,-1
816.16534,71.74393,6.5186157,10.87236,0.22429821,1,-1,-1
566.4093,159.70255,8.906067,15.635788,0.22135887,10,-1,-1
1032.2153,156.07469,22.098022,21.693192,0.22132686,7,-1,-1
966.8177,136.68385,33.383606,41.336777,0.22129932,5,-1,-1
773.52405,107.637825,6.1464233,8.294357,0.22037673,2,-1,-1
1177.1008,299.84555,22.967407,26.395355,0.2200386,10,-1,-1
813.5105,63.726246,5.95105,10.166439,0.21805301,2,-1,-1
772.8845,108.65389,7.5509033,9.860954,0.2175776,3,-1,-1
703.8048,66.45982,11.954102,10.237549,0.21741593,4,-1,-1
564.1301,178.36407,22.53601,14.628479,0.21649444,3,-1,-1
716.9607,361.71027,12.380676,23.76059,0.21611872,2,-1,-1
463.41202,329.89133,46.54883,44.911957,0.21610871,4,-1,-1
628.5243,74.85935,23.221985,13.356003,0.2134034,4,-1,-1
870.2003,120.112816,6.7108765,11.69474,0.21183473,1,-1,-1
951.56323,96.264114,36.982727,18.813217,0.21173969,5,-1,-1
734.7696,108.6453,14.098511,15.682899,0.21154174,4,-1,-1
542.552,390.65237,63.54309,38.05722,0.21153769,5,-1,-1
941.0508,81.666954,27.299927,13.907959,0.21069336,4,-1,-1
517.6707,378.07568,28.022644,23.189178,0.2104533,10,-1,-1
819.936,71.71609,7.633789,10.8257675,0.21010214,2,-1,-1
520.08264,337.30054,15.827393,25.558624,0.20941561,3,-1,-1
607.00616,378.52716,34.971436,48.854156,0.209079,8,-1,-1
1199.0114,296.9807,20.148682,20.83493,0.20892712,1,-1,-1
957.3247,382.89047,21.05896,39.22995,0.20868981,1,-1,-1
998.6239,108.45661,7.820923,12.361183,0.20866278,1,-1,-1
1035.4879,142.08932,10.89502,11.501297,0.20855504,2,-1,-1
1036.2711,142.76126,10.970459,11.986176,0.2080895,3,-1,-1
1178.6648,294.0471,35.13452,30.725494,0.20804134,10,-1,-1
279.75018,413.9992,32.600983,51.70508,0.20751515,1,-1,-1
512.79834,388.14297,15.233215,36.456482,0.20655271,1,-1,-1
766.842,67.15626,6.4540405,9.759491,0.20614073,2,-1,-1
702.33984,55.10784,30.05194,12.5649185,0.2060191,4,-1,-1
566.7111,159.7169,8.922485,16.899338,0.20486128,2,-1,-1
614.5795,244.15228,66.70032,35.308258,0.20478907,5,-1,-1
820.6354,71.579384,6.559143,11.153671,0.20475072,1,-1,-1
1015.1967,118.68989,7.843811,13.148781,0.20418867,1,-1,-1
563.9978,170.18211,20.453308,17.787048,0.20387971,10,-1,-1
499.42328,254.2078,30.616272,16.651672,0.20317513,3,-1,-1
870.158,121.68147,9.543579,14.066269,0.20140529,1,-1,-1
746.21436,110.0531,6.1157837,12.904297,0.20126364,1,-1,-1
627.43933,112.607315,35.942444,18.061981,0.2004539,5,-1,-1
1143.8221,222.83032,14.004761,28.90332,0.20031324,1,-1,-1
772.6047,105.41021,7.512085,11.970978,0.20027718,1,-1,-1
1259.3441,627.83636,100.213135,136.72089,0.2002528,5,-1,-1
597.23773,418.3718,8.387268,17.952179,0.19964522,1,-1,-1
681.0666,77.47685,5.590393,12.366127,0.19908297,1,-1,-1
948.44196,89.21974,37.216736,15.347061,0.19907355,4,-1,-1
696.00024,78.78341,5.3117065,8.951042,0.19869545,1,-1,-1
687.5257,80.63089,7.277832,13.145515,0.19853202,1,-1,-1
698.7734,56.233273,21.772095,10.970524,0.1967076,4,-1,-1
779.41595,51.741703,25.279175,13.919109,0.19634908,6,-1,-1
870.2896,262.81195,13.05835,18.209106,0.19631627,2,-1,-1
772.3716,105.18444,8.919983,11.733734,0.19631419,10,-1,-1
590.22217,145.4535,21.340881,18.842224,0.195901,7,-1,-1
595.12274,410.80313,12.013916,26.253143,0.19550017,1,-1,-1
871.33844,117.709785,7.8687744,14.65818,0.19539157,2,-1,-1
947.2061,79.85084,36.726074,15.63224,0.19414508,5,-1,-1
984.0264,135.77307,5.3668823,13.003357,0.19354767,1,-1,-1
469.9601,282.81802,22.814941,22.448212,0.19305706,3,-1,-1
718.4311,135.76254,26.834106,17.84082,0.19267371,5,-1,-1
615.4005,290.4916,61.139404,34.106476,0.19261536,4,-1,-1
472.70105,403.01678,48.78369,31.4581,0.19257441,10,-1,-1
1037.3281,181.48042,57.51172,23.498978,0.19168162,5,-1,-1
457.92905,285.17435,30.770782,18.324005,0.19094676,3,-1,-1
511.6963,255.26874,20.482971,14.134796,0.19086537,3,-1,-1
589.1267,152.12253,19.720581,13.837875,0.19077945,10,-1,-1
769.9682,53.06834,12.48999,9.060822,0.18989289,4,-1,-1
800.34607,32.610367,12.323853,10.837086,0.18979743,5,-1,-1
445.91498,266.3291,20.827179,19.533722,0.18967709,3,-1,-1
496.72418,248.66507,18.406311,20.868652,0.1895808,3,-1,-1
632.99664,229.30772,48.326233,23.936401,0.18952557,5,-1,-1
445.91498,266.3291,20.827179,19.533722,0.18937618,10,-1,-1
640.67505,99.358795,39.08142,16.809029,0.18930209,5,-1,-1
686.84717,79.16877,5.3808594,9.39431,0.18929064,1,-1,-1
882.2804,116.725136,8.228149,13.530388,0.18909791,1,-1,-1
458.171,485.49127,138.78494,72.207275,0.1887472,5,-1,-1
597.1117,144.4617,14.996216,14.437393,0.18796328,10,-1,-1
545.26746,351.39703,23.946777,18.796326,0.18781215,10,-1,-1
1039.6488,534.2645,58.97351,47.497925,0.18761355,4,-1,-1
521.06836,346.2127,9.872803,16.582825,0.1875124,10,-1,-1
463.66837,282.56876,26.79889,19.560913,0.18732575,7,-1,-1
817.43585,73.24271,11.316895,10.673912,0.18499449,10,-1,-1
684.9161,169.24036,35.347412,21.882523,0.18477511,4,-1,-1
895.71924,282.02115,50.184998,35.113586,0.18415022,5,-1,-1
467.96497,416.5124,36.05127,40.250763,0.18254057,3,-1,-1
1143.6835,220.41852,14.426392,28.902893,0.18167514,2,-1,-1
878.7465,101.15297,19.579895,15.897675,0.18165669,5,-1,-1
879.57196,117.41151,8.071167,12.886192,0.18140486,1,-1,-1
748.58887,87.45026,16.581116,16.102005,0.18116653,5,-1,-1
748.3814,56.738953,12.446411,9.190041,0.18082201,4,-1,-1
767.2192,71.27681,6.0354004,7.0355225,0.180473,10,-1,-1
493.20544,417.3244,24.394165,28.416168,0.17931867,10,-1,-1
1123.7294,230.32826,30.913452,27.4254,0.17917916,4,-1,-1
750.0244,31.887398,13.566345,8.773628,0.17915556,4,-1,-1
543.5546,391.53662,60.99109,34.8938,0.17907563,8,-1,-1
779.3791,51.19063,25.3797,14.098019,0.17898735,9,-1,-1
1009.5385,112.80596,7.673462,14.728714,0.17869234,1,-1,-1
750.1849,57.896297,10.799072,7.328739,0.17820585,10,-1,-1
960.41864,466.20316,17.938293,31.70816,0.17810401,3,-1,-1
706.7801,71.291,5.3480835,10.423103,0.17788005,1,-1,-1
998.00134,70.270485,6.350464,11.682045,0.17753965,1,-1,-1
535.7644,364.0039,21.750427,20.971283,0.17641813,10,-1,-1
706.49615,74.42383,5.2330933,10.792381,0.17615303,1,-1,-1
956.6169,466.8986,22.236267,33.22104,0.17538857,7,-1,-1
678.1827,104.93588,6.2751465,12.828552,0.1752738,1,-1,-1
735.04877,108.76647,13.073547,15.351402,0.17448342,1,-1,-1
951.90796,470.12198,15.870544,27.069244,0.17403668,3,-1,-1
572.98175,412.4331,13.395264,21.313263,0.17397162,2,-1,-1
574.6497,420.03516,10.335999,13.16745,0.17360693,1,-1,-1
550.8564,193.4513,22.474365,15.246124,0.17348623,3,-1,-1
780.5481,51.384766,18.209534,9.124508,0.17321894,4,-1,-1
875.73804,118.600975,7.196106,13.397697,0.17289162,1,-1,-1
938.37646,86.07306,6.276306,15.072426,0.17241105,1,-1,-1
664.1898,151.37971,46.432007,22.016495,0.17175907,4,-1,-1
308.51755,417.7575,28.078552,36.921722,0.17173961,2,-1,-1
1032.3745,156.19864,21.546143,21.51741,0.17147118,5,-1,-1
1199.0114,296.9807,20.148682,20.83493,0.17017514,10,-1,-1
955.5206,103.36164,39.53253,16.779533,0.16971418,5,-1,-1
1004.6301,68.256546,6.9385986,13.757675,0.16876787,1,-1,-1
726.149,148.6487,22.535645,22.172455,0.16875517,5,-1,-1
699.8652,204.12456,34.638916,30.869339,0.16849309,5,-1,-1
695.8167,220.68597,36.74933,33.296738,0.16830951,4,-1,-1
666.7924,76.37466,18.58606,15.401176,0.16777864,5,-1,-1
1033.3185,173.46602,54.341797,21.684586,0.16703981,5,-1,-1
1000.58966,69.83127,6.2338867,11.643532,0.16702464,1,-1,-1
916.5349,344.4275,59.27008,49.078247,0.1667844,4,-1,-1
1178.0327,300.0013,22.246094,26.812714,0.16658503,3,-1,-1
791.49634,0.51072305,5.5148926,9.041204,0.16628739,10,-1,-1
654.5232,85.65872,12.6922,9.959755,0.16615066,8,-1,-1
1002.5548,220.66916,28.226196,25.001984,0.16598117,5,-1,-1
813.3191,66.335556,7.6674194,10.642921,0.1655463,1,-1,-1
1011.2378,116.123764,13.083008,15.780914,0.16526741,1,-1,-1
823.39197,71.51023,5.8133545,11.556534,0.16517165,2,-1,-1
1034.461,495.2763,110.881714,54.4787,0.16444993,5,-1,-1
453.74823,291.6344,31.733215,18.687012,0.16418412,7,-1,-1
575.05634,161.391,8.4314575,16.482498,0.16417998,10,-1,-1
641.0241,39.754482,20.650574,16.554684,0.16387612,5,-1,-1
790.2166,39.25116,4.7459106,9.624889,0.16320845,1,-1,-1
874.3617,255.96925,9.96051,15.141525,0.16200924,2,-1,-1
1013.8834,421.94748,99.74658,52.702423,0.16186154,4,-1,-1
765.7097,63.919655,6.7686157,11.485985,0.16166344,1,-1,-1
604.7507,271.8062,61.528748,40.137573,0.16125771,5,-1,-1
575.2433,161.47293,8.286316,16.290558,0.16049534,2,-1,-1
497.8463,239.13066,16.7594,20.044418,0.16030514,3,-1,-1
496.72418,248.66507,18.406311,20.868652,0.16019782,10,-1,-1
632.47235,103.64549,44.10846,24.64679,0.16001806,4,-1,-1
716.4294,351.41348,12.574585,25.637207,0.15990117,10,-1,-1
1016.66534,119.42627,9.336731,11.251755,0.15985918,10,-1,-1
980.6674,66.773445,31.255798,14.626144,0.15938565,4,-1,-1
654.5658,84.976776,12.763123,10.475861,0.15875521,3,-1,-1
544.4871,391.50677,59.099915,34.882904,0.15870327,7,-1,-1
627.33154,89.825134,11.414795,13.573746,0.15834382,3,-1,-1
486.0661,414.32135,34.360413,34.21106,0.15816265,3,-1,-1
606.3579,262.9157,58.667725,32.26068,0.1575194,5,-1,-1
654.87665,101.40718,30.404419,15.062355,0.15641382,4,-1,-1
516.31537,257.79233,14.266052,10.476898,0.1554704,10,-1,-1
682.14813,59.398506,18.452393,15.009216,0.15530285,4,-1,-1
566.4093,159.70255,8.906067,15.635788,0.15472925,3,-1,-1
496.11313,416.90527,31.10617,27.478973,0.15368319,3,-1,-1
699.4337,182.83119,29.213745,30.772446,0.15361217,4,-1,-1
546.2536,413.7669,14.793884,26.50821,0.15299863,1,-1,-1
663.87476,61.76517,6.4484253,12.511257,0.15243986,1,-1,-1
740.1334,116.22702,18.41217,18.557648,0.15211248,5,-1,-1
986.5479,106.57307,7.541504,13.128555,0.15194479,1,-1,-1
1051.8414,307.88913,51.96228,45.916443,0.15186575,5,-1,-1
954.15875,470.43762,9.9002075,18.706635,0.15147525,2,-1,-1
757.8166,50.518887,5.6847534,10.94989,0.15140003,1,-1,-1
701.11554,214.69945,37.994812,30.553635,0.15118074,5,-1,-1
757.716,71.73309,5.5179443,10.33136,0.1511384,1,-1,-1
547.5372,196.8311,22.279053,15.516769,0.15099788,3,-1,-1
790.5913,0.0,7.198059,6.066985,0.1508345,10,-1,-1
728.0027,129.93896,19.103516,17.345978,0.15077513,4,-1,-1
564.7047,158.791,16.285034,18.36148,0.15044877,1,-1,-1
766.8569,65.377075,6.5289307,9.605743,0.15009183,10,-1,-1
1021.4071,130.29402,21.843384,12.382828,0.15000796,3,-1,-1
514.9269,403.34024,30.982666,28.877502,0.14996111,10,-1,-1
1033.7063,500.20786,57.18872,39.940277,0.1499568,4,-1,-1
692.2319,47.264275,21.398499,12.144146,0.14972094,4,-1,-1
846.90405,54.905876,29.49524,14.588806,0.14960092,5,-1,-1
629.6936,57.302647,27.440735,15.953869,0.14958319,4,-1,-1
705.15424,67.05817,7.4885254,10.674995,0.14939898,1,-1,-1
568.1058,160.2931,16.075012,15.800262,0.1490874,2,-1,-1
716.538,351.58963,12.511414,26.074768,0.14908692,3,-1,-1
630.8066,108.92467,36.34607,15.290588,0.1477845,5,-1,-1
742.06775,110.83651,9.559753,13.92894,0.14771247,1,-1,-1
451.63654,287.7634,29.628845,19.74704,0.14753318,3,-1,-1
871.1221,257.5546,10.686157,17.512024,0.14720473,2,-1,-1
470.90417,393.09967,42.815247,36.322876,0.14717379,7,-1,-1
813.38104,63.73763,6.2574463,9.811718,0.14686885,10,-1,-1
999.2424,109.121346,7.570801,10.841553,0.14682299,10,-1,-1
821.31464,172.89703,23.574646,20.841995,0.14669234,5,-1,-1
1014.9764,117.465805,13.477234,14.37738,0.14632809,3,-1,-1
776.88464,55.431507,24.468872,13.595699,0.14623734,5,-1,-1
586.59576,162.47685,41.26715,22.170609,0.14620855,5,-1,-1
348.1343,686.56287,163.63174,77.994385,0.14568001,5,-1,-1
542.83,351.02335,27.361511,18.951569,0.14448366,3,-1,-1
637.25745,54.74071,21.71283,14.889423,0.14433354,5,-1,-1
631.4378,85.02978,10.188049,11.804115,0.14428619,10,-1,-1
469.45477,425.24817,22.178528,32.125275,0.14419541,10,-1,-1
978.72797,58.75554,58.708557,22.655807,0.14415303,9,-1,-1
1079.1512,564.1082,124.406494,61.33087,0.1440126,5,-1,-1
623.41327,93.09471,10.973267,12.383507,0.14395103,3,-1,-1
556.14417,188.98532,25.4151,15.943222,0.14394423,3,-1,-1
1085.2075,533.83655,91.31238,49.28607,0.1438686,4,-1,-1
964.7157,57.702675,33.090393,15.501114,0.14385566,4,-1,-1
557.03033,321.17117,27.199646,17.935028,0.14374828,4,-1,-1
596.94775,419.1105,8.470276,16.98999,0.14366594,2,-1,-1
698.93805,65.020195,15.999207,9.608482,0.14314732,4,-1,-1
567.57715,415.35645,15.817017,27.69107,0.14311856,1,-1,-1
587.5278,148.32397,28.365479,22.143478,0.1430529,4,-1,-1
463.9551,329.84787,45.31357,45.491425,0.1430349,8,-1,-1
718.22473,135.93338,27.270752,17.32779,0.14297885,6,-1,-1
786.6185,61.87907,13.352966,8.004978,0.14292976,10,-1,-1
815.0598,73.056366,10.624756,10.656891,0.14274177,2,-1,-1
989.8424,58.365257,42.93689,21.225815,0.14243376,6,-1,-1
592.7386,144.52792,18.074768,19.071701,0.1423873,3,-1,-1
518.65466,337.16675,17.309387,25.92096,0.14233425,1,-1,-1
787.02905,70.62644,17.13385,14.485748,0.14226297,5,-1,-1
740.51996,110.90034,11.129395,13.307457,0.14178613,4,-1,-1
493.64243,252.58392,21.607086,19.997253,0.14140582,1,-1,-1
966.87714,136.73979,33.362732,41.32965,0.14129663,8,-1,-1
553.73096,189.82503,7.2196045,15.966431,0.14114669,1,-1,-1
1012.49725,116.90312,9.715027,14.033966,0.14086565,10,-1,-1
1028.8085,163.52017,34.026123,23.370697,0.14062425,4,-1,-1
699.39526,60.77718,19.590332,8.732136,0.14037442,4,-1,-1
1287.9122,389.25156,21.511719,29.40207,0.1403395,10,-1,-1
969.5094,282.195,63.047607,47.845917,0.13989857,4,-1,-1
1011.6568,118.05564,17.445862,14.205696,0.13979894,7,-1,-1
731.14844,66.64067,16.51831,12.897217,0.13972059,4,-1,-1
475.05655,393.21835,28.816467,31.084625,0.13968131,3,-1,-1
588.6462,149.57721,22.117188,16.5849,0.1389271,8,-1,-1
817.43585,73.24271,11.316895,10.673912,0.13885075,1,-1,-1
1283.9303,380.10208,33.15576,37.973175,0.13880092,8,-1,-1
654.17255,383.73422,12.113831,20.49585,0.13851473,1,-1,-1
1017.4592,117.88514,8.03125,12.454796,0.13846189,1,-1,-1
522.0702,338.68393,9.010864,16.842224,0.13841242,10,-1,-1
873.995,263.79376,11.078369,13.942444,0.13833708,2,-1,-1
929.2969,89.15775,7.9387817,14.433304,0.13829195,1,-1,-1
474.80283,394.50357,29.6828,27.731506,0.13786823,10,-1,-1
733.79144,122.66147,18.915283,18.427704,0.13770467,4,-1,-1
1194.0852,534.4684,100.298584,103.64191,0.13766676,5,-1,-1
1063.6426,331.97418,65.54089,70.00287,0.13760921,5,-1,-1
522.2085,338.75293,8.486877,13.404266,0.13756421,2,-1,-1
967.56464,163.31961,7.8016357,17.484268,0.13659424,1,-1,-1
562.0341,182.20695,23.4646,15.726868,0.13644859,3,-1,-1
938.81683,81.20437,26.169678,15.3743515,0.13633269,5,-1,-1
436.45807,556.7311,24.471283,40.141296,0.13627562,1,-1,-1
1035.7128,144.48766,14.268799,12.034012,0.13619974,10,-1,-1
574.678,161.07819,8.876831,16.565979,0.13609684,3,-1,-1
757.94965,64.02072,5.100586,10.113258,0.1359384,1,-1,-1
691.681,227.41148,31.010864,33.357162,0.13592711,1,-1,-1
682.3461,59.055565,17.731567,15.385979,0.13524872,5,-1,-1
974.7681,55.528145,14.76178,11.054123,0.13507634,4,-1,-1
479.21982,404.12762,42.12326,32.424347,0.13504493,3,-1,-1
1125.9257,231.70897,27.138062,25.648148,0.13473585,2,-1,-1
871.0598,117.7139,8.556091,14.45369,0.13466254,3,-1,-1
814.24194,71.120804,6.689087,11.108147,0.13449234,2,-1,-1
626.2595,89.5298,12.701111,14.248642,0.13428545,10,-1,-1
631.77576,75.81091,19.7182,12.226143,0.1341728,10,-1,-1
1011.87317,116.55885,11.374268,14.773239,0.13408059,2,-1,-1
532.1007,375.40805,22.989624,25.09848,0.13372266,10,-1,-1
543.6617,337.13275,27.773132,17.918213,0.13345882,7,-1,-1
978.72797,58.75554,58.708557,22.655807,0.13340577,4,-1,-1
869.47144,253.83156,16.418396,25.695847,0.13334838,8,-1,-1
703.23083,78.29375,5.38739,12.123642,0.13328862,1,-1,-1
654.17413,84.818184,13.404236,10.844704,0.13326019,4,-1,-1
997.4053,66.948,30.815552,15.095406,0.13290605,6,-1,-1
413.30057,555.0719,172.73697,83.219666,0.1328991,5,-1,-1
751.85254,58.20919,8.603943,6.9941254,0.13280842,2,-1,-1
654.87146,84.85963,12.265442,10.738411,0.13253865,2,-1,-1
698.48883,58.149086,24.473083,14.203659,0.13252944,5,-1,-1
1007.7452,113.438644,7.4524536,17.20169,0.13208097,2,-1,-1
574.4526,420.52448,10.683044,12.477692,0.13201052,2,-1,-1
953.8184,75.463646,30.509705,16.073112,0.13192946,5,-1,-1
663.37494,52.645557,17.89563,12.426418,0.13184556,4,-1,-1
607.45386,379.09222,34.186157,48.362335,0.13113925,1,-1,-1
992.41595,60.11294,31.987854,16.266186,0.13111243,4,-1,-1
656.6309,87.65531,10.195618,10.882942,0.13105744,10,-1,-1
693.99725,76.74404,4.8131104,8.781731,0.13089779,1,-1,-1
551.12537,414.5932,15.383606,26.965881,0.13067779,1,-1,-1
891.7045,155.1981,20.762512,20.558853,0.13059509,5,-1,-1
814.0457,72.38118,6.2720337,11.213226,0.1305522,1,-1,-1
767.2192,71.27681,6.0354004,7.0355225,0.13021988,3,-1,-1
815.6936,68.39259,6.6376953,10.586479,0.12982321,2,-1,-1
1125.4894,205.81824,27.976196,25.291122,0.12970957,10,-1,-1
552.88745,337.97372,30.421265,18.095825,0.12919042,3,-1,-1
955.29376,379.18344,24.411194,43.503906,0.12915769,4,-1,-1
501.78674,238.47649,9.970184,16.230026,0.12904954,2,-1,-1
1005.15753,113.18297,13.393982,19.21556,0.12894824,1,-1,-1
994.429,82.85895,7.4851685,13.405296,0.12883693,3,-1,-1
1036.4697,142.60048,10.372925,12.19136,0.12875983,1,-1,-1
