293.44702,372.2837,38.395294,42.257355,0.868091,4,-1,-1
498.96213,343.3527,21.389801,26.926605,0.843403,4,-1,-1
564.17664,369.18152,29.143372,33.35211,0.8173556,4,-1,-1
546.56946,267.1837,19.727234,19.953217,0.7972513,4,-1,-1
517.5052,204.9952,14.930664,14.552719,0.7841488,4,-1,-1
339.65414,303.38144,27.598938,28.953796,0.7686399,4,-1,-1
533.69324,182.13914,11.973572,10.813843,0.67853904,4,-1,-1
403.7968,192.08884,15.054382,14.853165,0.6627549,4,-1,-1
504.7757,227.48286,14.239746,16.52031,0.6587601,4,-1,-1
541.271,224.0917,16.401245,15.021179,0.64376277,4,-1,-1
536.5853,201.63528,14.411072,12.519394,0.6290089,4,-1,-1
535.32465,190.1282,12.535767,12.239197,0.623124,4,-1,-1
452.9691,149.6371,10.726349,10.523148,0.6077465,4,-1,-1
461.3233,126.35335,8.99411,8.355804,0.6069508,4,-1,-1
415.80127,176.42572,11.702454,12.810654,0.6005713,4,-1,-1
412.82178,420.49527,63.570923,38.97586,0.59182435,5,-1,-1
418.29633,172.58669,11.616119,11.613602,0.58599067,4,-1,-1
462.68646,119.13113,7.464905,7.054329,0.57325804,4,-1,-1
472.11752,103.11426,6.6093445,6.782608,0.5389541,4,-1,-1
564.59686,416.72305,33.233887,45.092102,0.5189185,4,-1,-1
537.36664,209.25471,17.206726,15.7341,0.502066,4,-1,-1
437.26532,141.43233,11.028503,11.776978,0.49704602,5,-1,-1
447.35358,118.103226,8.228088,7.6419067,0.49656647,4,-1,-1
447.3706,145.02132,10.477295,9.343246,0.49307987,4,-1,-1
402.83954,264.69003,24.702759,30.35144,0.47712266,4,-1,-1
568.3604,219.1564,5.5653076,11.428635,0.46953177,2,-1,-1
444.23428,124.40954,8.457977,8.239754,0.44897076,4,-1,-1
542.7271,238.4922,17.256897,19.733261,0.44188103,4,-1,-1
441.96182,129.60857,8.585083,9.229019,0.43089113,4,-1,-1
454.18277,106.93559,8.220154,7.4610443,0.4294517,4,-1,-1
402.52567,265.16873,25.092499,29.289703,0.42320636,5,-1,-1
412.82178,420.49527,63.570923,38.97586,0.42196327,4,-1,-1
568.3604,219.1564,5.5653076,11.428635,0.42090338,1,-1,-1
542.60144,237.76917,17.739075,20.307098,0.41832048,5,-1,-1
450.34384,114.475494,8.15744,7.4742813,0.41481274,4,-1,-1
532.2907,322.26584,17.638855,25.619293,0.41420263,8,-1,-1
451.94073,112.674446,7.9200745,7.340027,0.40587905,4,-1,-1
442.9431,127.02682,8.359039,8.413795,0.39380407,4,-1,-1
67.02224,183.55025,4.5405655,9.018143,0.39202324,1,-1,-1
567.65955,222.72762,6.529358,9.054489,0.38870516,10,-1,-1
537.36664,209.25471,17.206726,15.7341,0.38526815,5,-1,-1
456.9836,100.25467,7.423126,6.98967,0.38357458,4,-1,-1
72.26533,168.00865,3.8975754,6.7360992,0.38260147,1,-1,-1
445.7772,122.28692,8.421295,7.6188126,0.3752837,4,-1,-1
437.16296,141.45056,11.320923,11.768768,0.3590573,4,-1,-1
870.94525,365.72247,8.77771,16.007477,0.3518555,1,-1,-1
532.4076,322.35114,17.476135,25.493835,0.3504145,6,-1,-1
533.4735,155.87238,6.9104004,7.454361,0.34946024,4,-1,-1
440.5766,131.96596,8.822968,8.604782,0.34926456,4,-1,-1
478.18274,90.341576,5.075531,4.968933,0.34416962,4,-1,-1
463.33182,96.88215,6.8424683,6.9119797,0.3398835,4,-1,-1
536.519,196.58946,13.082092,12.638916,0.33742785,4,-1,-1
466.70627,151.62418,10.760132,9.948761,0.3282713,4,-1,-1
453.02466,110.58286,7.7094116,7.293152,0.32560635,4,-1,-1
564.56354,417.2534,36.671265,47.307617,0.32500407,5,-1,-1
802.56195,213.50635,23.089294,11.4760895,0.3209284,4,-1,-1
532.2883,322.29276,17.578491,25.608978,0.31919473,7,-1,-1
463.31952,92.05263,5.8628845,6.500839,0.31860483,4,-1,-1
537.5798,209.77042,17.128479,15.495956,0.31831226,6,-1,-1
73.66992,168.35266,3.9582596,6.406204,0.30786425,1,-1,-1
567.65955,222.72762,6.529358,9.054489,0.30617028,3,-1,-1
535.32465,190.1282,12.535767,12.239197,0.29376447,5,-1,-1
598.02625,234.20328,11.145508,17.956161,0.29244506,7,-1,-1
473.9236,86.080826,5.0156555,5.356056,0.29166144,4,-1,-1
457.89267,98.47965,7.1709595,6.7654953,0.2902176,4,-1,-1
542.64764,238.4963,17.440063,19.694824,0.28651652,6,-1,-1
695.1453,311.30817,8.097778,18.694244,0.28646457,1,-1,-1
522.2194,155.22247,3.2486572,6.3337555,0.28268966,1,-1,-1
456.152,102.33757,7.5984497,7.1606903,0.2791838,4,-1,-1
448.1497,115.86217,8.455414,7.433037,0.27173793,4,-1,-1
456.9836,100.25467,7.423126,6.98967,0.26948893,5,-1,-1
504.7757,227.48286,14.239746,16.52031,0.26890275,5,-1,-1
598.02625,234.20328,11.145508,17.956161,0.2653855,8,-1,-1
707.8092,340.3995,7.315674,12.794342,0.26274043,1,-1,-1
511.58948,156.82376,3.784607,5.768631,0.25907385,2,-1,-1
805.8569,363.555,10.051147,16.04953,0.2573803,2,-1,-1
546.79803,159.41989,4.0046997,7.7944794,0.25509292,1,-1,-1
477.15256,114.316216,8.002747,7.584297,0.25355056,4,-1,-1
805.4658,362.94006,10.354553,16.919373,0.25325462,10,-1,-1
510.41705,158.3158,5.038147,7.86174,0.25215054,10,-1,-1
481.46954,83.4044,4.3136597,4.37574,0.24467626,4,-1,-1
871.8315,366.07788,8.691711,15.122986,0.24075103,2,-1,-1
48.85984,175.6527,5.558769,10.259262,0.2345626,1,-1,-1
437.22647,141.50932,11.102051,11.72934,0.23016068,6,-1,-1
510.94846,157.42886,4.549408,7.3764496,0.23005927,1,-1,-1
805.45874,361.4314,11.021423,18.114105,0.22843069,3,-1,-1
456.50244,345.43433,8.019531,15.296875,0.22777867,1,-1,-1
532.8164,185.60481,13.229736,12.987335,0.22561222,4,-1,-1
456.15555,105.03293,7.582367,7.251953,0.2202824,4,-1,-1
660.2597,365.79987,12.022461,19.458038,0.21990511,10,-1,-1
476.62747,96.92617,3.6220398,4.2450943,0.21633348,4,-1,-1
533.86804,182.06421,11.980835,10.850906,0.21244645,5,-1,-1
509.93344,140.4933,8.375214,12.881165,0.21202081,6,-1,-1
719.4786,509.47537,22.603027,30.212128,0.20894542,10,-1,-1
839.3899,235.21509,35.82794,15.998932,0.20810264,4,-1,-1
459.77954,97.65488,7.3852234,6.506706,0.20777664,4,-1,-1
454.18277,106.93559,8.220154,7.4610443,0.20772263,5,-1,-1
453.49692,249.5899,28.171997,12.318573,0.2063618,4,-1,-1
771.7799,511.59506,11.468323,16.952728,0.20580852,2,-1,-1
805.76044,362.59238,10.184448,17.255402,0.20548394,1,-1,-1
462.68646,119.13113,7.464905,7.054329,0.1994837,10,-1,-1
532.36383,321.97375,18.105957,26.017395,0.19852912,4,-1,-1
416.28815,175.94635,11.0000305,13.39624,0.19801524,5,-1,-1
753.32635,194.06656,6.8674927,13.052063,0.19652197,1,-1,-1
474.1948,219.76675,5.553894,10.51416,0.19322366,1,-1,-1
749.36285,195.33778,6.0497437,12.246017,0.19298932,1,-1,-1
452.96494,149.98875,10.502747,10.299347,0.19249302,5,-1,-1
511.53793,160.6594,3.584076,5.6442566,0.19246873,10,-1,-1
366.74625,257.05795,15.1640625,12.644714,0.18670651,10,-1,-1
541.31885,224.2525,16.010193,14.825653,0.1855636,5,-1,-1
542.0994,160.43512,4.1815796,7.5943756,0.18487987,1,-1,-1
511.63715,157.9966,3.5648804,5.7423706,0.18413138,10,-1,-1
719.8753,349.2639,11.983032,13.227417,0.1838074,1,-1,-1
566.72205,221.65218,8.2647705,10.557068,0.18339247,1,-1,-1
461.56226,251.75429,19.915894,9.250168,0.18257657,10,-1,-1
477.594,93.80203,5.7156067,5.4577637,0.18074241,4,-1,-1
484.40723,121.40455,9.688507,8.821037,0.18031609,4,-1,-1
479.119,89.01657,5.6443176,7.0309753,0.17877483,4,-1,-1
447.0416,144.97374,10.75592,9.679611,0.17858323,5,-1,-1
536.5878,201.74875,14.591614,12.064941,0.17783386,5,-1,-1
76.31746,169.41809,4.0504456,6.890976,0.17692453,1,-1,-1
775.8982,371.66974,13.720581,11.755432,0.17644578,10,-1,-1
478.83316,112.48864,8.437683,7.807846,0.17586881,4,-1,-1
473.97986,218.93553,5.9577026,10.17572,0.17526627,2,-1,-1
576.9091,180.56754,19.256287,14.425842,0.17494118,4,-1,-1
462.6875,119.20011,7.4472046,6.964554,0.17402214,7,-1,-1
461.39084,125.88285,9.547577,8.844536,0.17383483,5,-1,-1
776.7096,371.81625,10.430359,11.0581665,0.1733599,2,-1,-1
576.07904,183.0881,4.7859497,11.922974,0.1731061,1,-1,-1
463.43402,97.02771,6.81781,6.8419647,0.17293522,5,-1,-1
771.192,512.9753,12.411011,15.82135,0.17162421,3,-1,-1
404.10022,192.1918,14.759064,14.71402,0.16948968,5,-1,-1
934.00397,185.45023,25.20288,10.56311,0.16937456,4,-1,-1
475.90167,94.30829,5.8892517,6.0369415,0.16853186,4,-1,-1
733.61304,197.53854,6.787781,11.203659,0.16777736,1,-1,-1
533.5871,155.79834,6.756897,7.6016846,0.16691136,5,-1,-1
418.39972,172.60199,11.252838,11.664597,0.1668193,5,-1,-1
462.26865,121.44154,7.7220154,7.358124,0.16637403,4,-1,-1
543.6536,160.29276,4.5670166,8.148422,0.16632324,1,-1,-1
708.0445,340.6037,7.0460815,12.194916,0.16601905,2,-1,-1
402.52567,265.16873,25.092499,29.289703,0.16565555,6,-1,-1
510.41705,158.3158,5.038147,7.86174,0.16546482,2,-1,-1
532.32697,187.15614,4.390259,9.090332,0.16499782,1,-1,-1
510.9184,160.7217,4.4664307,5.571701,0.16393697,3,-1,-1
73.35826,169.5241,5.8195953,6.603714,0.16264185,1,-1,-1
843.7544,226.15634,15.661255,11.186905,0.16249219,10,-1,-1
548.88153,159.15213,4.406372,8.059006,0.16210923,1,-1,-1
522.19025,157.32684,3.270996,6.4643707,0.16202608,1,-1,-1
511.40747,157.46088,3.8809204,6.790283,0.16172671,3,-1,-1
721.7202,349.41925,10.442566,14.77179,0.16157526,2,-1,-1
462.27588,119.13747,7.7185974,7.374794,0.16128784,5,-1,-1
660.2597,365.79987,12.022461,19.458038,0.16027284,3,-1,-1
855.68677,208.72461,22.305542,12.351913,0.15976691,4,-1,-1
524.8463,147.95088,2.7072144,6.9622803,0.15965807,1,-1,-1
474.0517,85.62898,4.851074,5.888977,0.15943319,5,-1,-1
458.1035,98.56969,6.823761,6.6132736,0.15727678,5,-1,-1
564.17664,369.18152,29.143372,33.35211,0.15573508,5,-1,-1
478.43323,260.83893,5.160431,9.443451,0.15475315,1,-1,-1
559.31506,157.80676,3.7838135,8.151093,0.15340862,1,-1,-1
864.51685,237.85194,12.367981,10.709869,0.15321615,10,-1,-1
567.0559,222.84537,7.470581,8.916733,0.15210262,2,-1,-1
845.3286,224.42537,6.2283936,9.761795,0.15167475,2,-1,-1
551.043,158.61041,11.242371,7.8728333,0.1514256,10,-1,-1
527.5577,148.27461,9.730957,7.668289,0.1511707,4,-1,-1
498.73413,343.61227,22.17279,26.232147,0.15077487,5,-1,-1
837.30865,486.5003,8.944702,13.958099,0.15026474,1,-1,-1
551.0002,158.39423,11.403137,8.355377,0.15004838,4,-1,-1
474.9641,113.66463,7.332855,8.354225,0.14974746,4,-1,-1
463.9471,89.914406,6.061035,7.109413,0.1495941,4,-1,-1
456.1726,102.09585,7.5426636,7.6200333,0.14949673,5,-1,-1
542.4542,237.54619,17.966919,20.690842,0.14937812,9,-1,-1
504.7757,227.48286,14.239746,16.52031,0.14907485,6,-1,-1
611.07056,218.33406,22.651917,15.605621,0.14786655,4,-1,-1
548.25653,158.87679,9.356201,7.7136993,0.14737454,10,-1,-1
472.1015,103.077354,6.588135,6.855049,0.14670679,7,-1,-1
509.7582,140.60005,8.399994,12.8358,0.14655527,8,-1,-1
478.4252,89.61313,4.9351196,6.0074844,0.14631724,5,-1,-1
843.804,225.99327,15.725037,11.289444,0.14590988,4,-1,-1
771.6481,512.64276,11.581116,16.488403,0.14573833,10,-1,-1
535.32465,190.1282,12.535767,12.239197,0.14562026,6,-1,-1
828.35626,228.51596,5.211792,9.393799,0.14525509,1,-1,-1
418.39972,172.60199,11.252838,11.664597,0.14485678,8,-1,-1
564.59686,416.72305,33.233887,45.092102,0.14475814,6,-1,-1
510.02142,160.9085,3.9752808,5.5163727,0.14459175,10,-1,-1
462.6875,119.20011,7.4472046,6.964554,0.14437267,8,-1,-1
722.74,349.5099,6.2822266,9.757599,0.14382485,2,-1,-1
547.0753,267.26346,18.779236,19.25113,0.1438092,5,-1,-1
462.05292,119.033356,8.124664,7.4056015,0.14378148,6,-1,-1
509.36917,121.03268,7.769989,7.611641,0.14370951,4,-1,-1
532.0836,322.0599,17.740906,25.836212,0.14360642,5,-1,-1
556.56525,159.3598,3.951294,7.815796,0.14322552,1,-1,-1
465.3107,98.26713,5.8776855,5.3700256,0.14268741,4,-1,-1
717.8727,348.5465,12.611328,10.993622,0.14257368,2,-1,-1
537.0912,201.037,14.425354,13.261337,0.14243916,6,-1,-1
537.4158,208.79752,17.375427,16.407715,0.14173579,8,-1,-1
854.5618,259.19873,5.98468,9.276733,0.14102757,1,-1,-1
548.47656,158.68066,9.250671,8.114868,0.14041641,4,-1,-1
576.5112,180.40207,15.321899,14.648697,0.1399788,8,-1,-1
463.55212,91.81396,5.4880676,6.860298,0.13975474,5,-1,-1
875.0814,366.8137,5.6989136,13.511902,0.13955715,1,-1,-1
72.18778,168.13055,3.9425125,6.3489685,0.13954985,2,-1,-1
658.3911,365.5912,10.380676,15.717102,0.13840207,10,-1,-1
511.28467,159.94894,4.0579224,6.4071045,0.13722795,1,-1,-1
467.0941,218.83566,7.0071716,10.034378,0.13714364,2,-1,-1
367.79318,260.11838,10.471436,12.53717,0.137117,10,-1,-1
511.80713,156.88023,3.4240723,5.6436462,0.13648903,1,-1,-1
474.44843,76.620445,4.1283875,3.8104553,0.13616592,4,-1,-1
509.78198,141.19418,8.139465,11.94165,0.13578582,7,-1,-1
522.3467,155.2438,2.980957,6.247467,0.13434416,2,-1,-1
71.16745,169.45038,5.914009,6.636307,0.13433233,1,-1,-1
50.756554,177.03189,5.02697,11.100067,0.13387686,1,-1,-1
473.87726,85.434204,5.418579,5.96579,0.1334495,6,-1,-1
576.5112,180.40207,15.321899,14.648697,0.13280442,5,-1,-1
546.04144,142.77695,12.361084,8.5903015,0.13240597,4,-1,-1
439.70093,140.42363,7.719696,9.350159,0.13202009,4,-1,-1
466.2796,218.43008,6.3779907,10.307266,0.13149771,1,-1,-1
472.173,103.05913,6.4176636,6.794838,0.13148117,6,-1,-1
477.06616,79.43982,3.1473389,4.024048,0.1314255,4,-1,-1
723.45337,177.69263,48.74237,22.286682,0.13059959,9,-1,-1
707.17834,341.89658,9.214783,17.504364,0.13016012,1,-1,-1
755.85486,194.90305,4.9609375,10.82045,0.12994549,1,-1,-1
804.8077,213.63106,20.96991,11.080551,0.12963548,5,-1,-1
447.46936,118.010796,8.165375,7.6524963,0.12946606,5,-1,-1
480.93564,85.63379,4.6951294,4.92128,0.12945858,4,-1,-1
534.32007,156.09418,5.9195557,7.6959686,0.12876835,1,-1,-1
864.51685,237.85194,12.367981,10.709869,0.12857768,7,-1,-1
461.04004,251.43541,20.38739,9.754288,0.12849227,7,-1,-1
453.02466,110.58286,7.7094116,7.293152,0.12845987,5,-1,-1
463.48785,93.94439,7.098236,9.415421,0.12830147,6,-1,-1
481.4053,81.773766,5.1416626,4.9579697,0.1280747,4,-1,-1
418.07556,172.52182,11.5849,12.538849,0.12783942,7,-1,-1
791.7893,209.98398,34.855286,15.31192,0.12770939,4,-1,-1
366.26157,258.04504,14.784912,13.813629,0.12629604,7,-1,-1
512.2751,103.21014,8.671082,9.940315,0.1261546,4,-1,-1
717.75336,199.88676,30.719055,23.329025,0.12589762,4,-1,-1
456.15555,105.03293,7.582367,7.251953,0.12574777,5,-1,-1
825.22925,232.6982,7.774109,7.5546265,0.12501448,10,-1,-1
717.79663,349.40695,13.880249,13.826599,0.124895155,10,-1,-1
537.16614,209.11348,18.243408,16.580826,0.12477836,9,-1,-1
498.99658,343.35272,21.590271,26.666046,0.124414384,1,-1,-1
463.23233,94.530426,7.459839,8.612633,0.12374568,9,-1,-1
416.28815,175.94635,11.0000305,13.39624,0.123278975,7,-1,-1
512.8995,106.70765,7.6985474,9.127785,0.12310541,4,-1,-1
717.3502,332.7824,8.233337,10.518524,0.123048276,2,-1,-1
339.55075,303.42816,27.965546,29.372711,0.12300083,5,-1,-1
472.173,103.05913,6.4176636,6.794838,0.12292051,5,-1,-1
462.68646,119.13113,7.464905,7.054329,0.12274885,2,-1,-1
551.7001,158.59335,3.8531494,7.7278595,0.122666,1,-1,-1
472.1015,103.077354,6.588135,6.855049,0.12237093,8,-1,-1
49.278713,175.61026,4.23526,6.649582,0.1223025,1,-1,-1
531.3208,149.11452,10.976074,7.726013,0.12205729,4,-1,-1
548.47656,158.68066,9.250671,8.114868,0.12179288,1,-1,-1
747.9019,197.80582,5.2770996,11.235855,0.121640176,1,-1,-1
550.1126,142.94753,7.3589478,6.6054688,0.12154767,4,-1,-1
771.7799,511.59506,11.468323,16.952728,0.12130332,1,-1,-1
527.1833,148.0268,2.7997437,6.9748535,0.12121558,1,-1,-1
509.94464,142.02034,7.5950317,10.931946,0.12102261,4,-1,-1
723.7363,180.22247,44.16327,22.728897,0.12096453,4,-1,-1
721.08307,348.80768,6.0046997,9.81131,0.12096295,2,-1,-1
478.43228,95.44167,4.8477173,5.27668,0.120798916,4,-1,-1
19.674938,453.92673,38.497936,18.183258,0.1207937,4,-1,-1
841.1172,226.34799,26.403503,15.656265,0.12061301,4,-1,-1
442.27496,128.02829,8.704224,9.477737,0.120569825,5,-1,-1
472.92456,101.80657,6.1168823,5.9753113,0.12051231,4,-1,-1
531.6839,183.74092,4.4369507,10.029373,0.120340765,1,-1,-1
69.81678,167.98605,5.2944946,6.858078,0.11990929,1,-1,-1
294.90622,372.39108,35.93457,41.488647,0.119856715,5,-1,-1
769.03656,503.55826,15.55249,26.246063,0.11975795,2,-1,-1
462.55215,119.186584,7.8317566,6.9058456,0.11938092,1,-1,-1
531.25055,181.91516,4.005615,8.974213,0.11934069,1,-1,-1
871.04333,366.6918,5.784729,13.5121155,0.11928725,2,-1,-1
415.87006,177.05583,11.280182,12.051468,0.11896497,8,-1,-1
461.59766,125.126434,9.336487,9.129974,0.11840743,6,-1,-1
844.038,226.33238,8.032288,10.009033,0.1181767,10,-1,-1
404.10022,192.1918,14.759064,14.71402,0.118162185,6,-1,-1
659.7581,366.12454,13.698059,17.624054,0.11793172,7,-1,-1
426.1835,163.78883,4.3895264,8.947296,0.11787543,1,-1,-1
733.61304,197.53854,6.787781,11.203659,0.11783269,2,-1,-1
463.78577,89.266815,5.3720703,4.962425,0.11774269,4,-1,-1
476.69083,96.97135,3.5702515,4.258026,0.11770126,10,-1,-1
533.99854,154.7753,6.5635376,8.307953,0.11755398,10,-1,-1
448.676,145.32164,8.865051,9.09433,0.1170533,7,-1,-1
448.676,145.32164,8.865051,9.09433,0.11665982,1,-1,-1
354.28696,235.30322,27.194275,22.814392,0.11664891,4,-1,-1
536.519,196.58946,13.082092,12.638916,0.116223395,5,-1,-1
828.35626,228.51596,5.211792,9.393799,0.115851134,2,-1,-1
471.16162,79.16455,4.670349,4.3397217,0.11573741,4,-1,-1
720.2482,348.91315,12.481201,15.409851,0.115722716,3,-1,-1
73.66992,168.35266,3.9582596,6.406204,0.11558193,2,-1,-1
451.94073,112.674446,7.9200745,7.340027,0.115434945,5,-1,-1
452.98706,149.31631,10.5138855,10.552841,0.1151655,6,-1,-1
536.9955,201.34105,14.192383,12.178726,0.114975244,7,-1,-1
448.676,145.32164,8.865051,9.09433,0.11443433,8,-1,-1
402.52567,265.16873,25.092499,29.289703,0.1139991,9,-1,-1
470.86746,81.484406,4.4188538,4.412636,0.11368221,4,-1,-1
450.34384,114.475494,8.15744,7.4742813,0.1131489,5,-1,-1
564.9827,221.97717,11.217102,10.920792,0.11251333,3,-1,-1
598.1934,234.33524,10.663757,18.407257,0.11203617,1,-1,-1
724.4046,519.7969,17.112976,19.890625,0.111973494,10,-1,-1
360.88806,240.73547,18.862427,15.180054,0.11189377,10,-1,-1
568.95593,224.75243,4.157898,6.634384,0.111891866,10,-1,-1
524.9477,150.24261,2.7348022,6.8711395,0.11183846,1,-1,-1
537.164,201.45264,13.897827,11.980545,0.11181244,8,-1,-1
476.7674,96.93856,3.5112,4.3536377,0.111632705,1,-1,-1
533.55493,188.39523,4.363159,8.984451,0.11139625,1,-1,-1
479.59564,73.41924,3.6944885,3.536003,0.11131805,4,-1,-1
569.5267,220.0075,3.373352,8.255493,0.11122614,2,-1,-1
504.5909,227.75566,14.822174,16.645218,0.11107808,8,-1,-1
524.2252,145.72472,3.1952515,7.4621887,0.11095309,1,-1,-1
691.27057,315.3888,5.274048,14.025787,0.1109207,1,-1,-1
532.5081,153.23065,10.025757,9.69693,0.11091295,4,-1,-1
438.00873,134.54262,8.700989,8.34053,0.11085251,4,-1,-1
723.3344,177.69652,49.01935,22.316788,0.11022559,6,-1,-1
532.27856,158.39093,2.8189087,5.736786,0.110063046,1,-1,-1
444.23428,124.40954,8.457977,8.239754,0.109810084,5,-1,-1
463.9417,96.432076,4.84198,5.309456,0.109711766,4,-1,-1
564.9827,221.97717,11.217102,10.920792,0.1096127,10,-1,-1
462.1455,93.749435,8.63501,9.092354,0.10950053,4,-1,-1
372.68814,257.14752,9.795807,10.27417,0.1093176,10,-1,-1
474.07773,78.929955,4.183136,4.2268143,0.10926822,4,-1,-1
855.80817,261.28345,4.461426,9.666443,0.109167725,1,-1,-1
566.6743,216.97795,9.354065,13.348389,0.10915637,2,-1,-1
846.02905,228.29547,5.565796,10.146637,0.108995706,2,-1,-1
438.6492,128.88553,11.870026,13.617355,0.10895413,4,-1,-1
544.8419,157.87543,6.8460083,9.656616,0.10879269,1,-1,-1
423.31396,160.37306,5.5711365,9.60614,0.10867751,1,-1,-1
704.60767,339.92072,8.263733,14.058472,0.108662665,1,-1,-1
418.39972,172.60199,11.252838,11.664597,0.10858548,6,-1,-1
367.64465,257.24142,13.151581,12.506165,0.10844007,3,-1,-1
843.68585,225.85497,9.6970825,10.719696,0.1083079,2,-1,-1
453.82755,107.65049,8.224945,7.363777,0.108275265,6,-1,-1
805.175,363.19614,11.102783,16.59024,0.10803205,7,-1,-1
738.0229,212.69995,28.754578,19.195648,0.10788959,4,-1,-1
461.04004,251.43541,20.38739,9.754288,0.10754433,8,-1,-1
804.6855,365.68927,7.727539,13.187256,0.10728234,2,-1,-1
504.50955,227.33974,14.654266,16.676025,0.10721859,7,-1,-1
441.38138,131.28775,8.500244,9.01683,0.10716686,5,-1,-1
511.53793,160.6594,3.584076,5.6442566,0.105903536,2,-1,-1
567.8763,221.79015,6.6810303,9.897614,0.10579488,7,-1,-1
533.3289,184.26965,4.95813,10.11702,0.1057221,1,-1,-1
532.8126,186.14584,13.313721,12.686325,0.105555624,5,-1,-1
453.54434,103.770065,9.701263,10.964676,0.105376184,9,-1,-1
549.297,158.62384,6.194763,8.258087,0.10530758,2,-1,-1
541.8176,149.2418,13.897034,7.7252197,0.10479528,4,-1,-1
662.32385,370.88287,9.510071,18.922577,0.104748845,10,-1,-1
422.34265,161.65446,4.2831726,9.126434,0.10463807,1,-1,-1
437.2977,141.32713,12.111176,12.764191,0.10415137,9,-1,-1
576.9091,180.56754,19.256287,14.425842,0.10410085,6,-1,-1
598.3052,233.8909,10.727966,18.820908,0.10396358,10,-1,-1
453.00143,149.52563,10.638306,10.456039,0.10366696,8,-1,-1
457.8668,347.2823,6.1621094,12.436768,0.10363734,2,-1,-1
469.4406,79.030754,4.999542,4.6894073,0.10328573,4,-1,-1
368.64615,257.29483,10.885742,12.503113,0.10327026,2,-1,-1
535.429,190.21431,12.89093,12.66246,0.103260905,7,-1,-1
768.12286,510.78778,15.628174,25.143188,0.10274932,1,-1,-1
437.21744,141.46117,11.214081,11.711227,0.10269773,8,-1,-1
543.7755,146.64352,15.595398,9.674973,0.10205212,4,-1,-1
919.6084,273.71,3.9927368,6.2296753,0.10192621,1,-1,-1
64.76852,182.6713,7.259308,11.636124,0.10183051,1,-1,-1
851.8347,237.0114,24.114685,11.765625,0.10179222,4,-1,-1
536.66925,187.35475,9.279358,8.31868,0.10158566,4,-1,-1
873.79456,366.55667,4.980896,12.531586,0.101552844,2,-1,-1
469.14154,83.64366,4.557007,5.2408524,0.10112697,4,-1,-1
808.1039,366.66104,6.217407,12.843231,0.10109028,2,-1,-1
48.364605,175.1522,8.187031,14.022369,0.10086009,1,-1,-1
660.2597,365.79987,12.022461,19.458038,0.100733876,2,-1,-1
748.8423,192.36781,10.061829,14.089035,0.10070956,1,-1,-1
535.2753,190.28185,12.621582,12.2131195,0.100679696,8,-1,-1
469.31354,98.19127,2.8486023,5.392273,0.10053277,1,-1,-1
535.6291,180.33672,9.5373535,7.607025,0.10004929,4,-1,-1
453.74057,149.69492,9.00177,9.714478,0.09926233,1,-1,-1
458.3185,347.75513,5.232025,11.608032,0.09886363,1,-1,-1
778.4236,367.12894,10.949829,16.415558,0.098724425,2,-1,-1
555.7511,157.93945,6.28479,8.268921,0.09868693,1,-1,-1
555.78546,159.216,5.3465576,8.058609,0.098614216,10,-1,-1
533.7099,182.09962,11.929077,10.700134,0.09850943,1,-1,-1
546.79803,159.41989,4.0046997,7.7944794,0.09807783,2,-1,-1
509.7582,140.60005,8.399994,12.8358,0.09789112,5,-1,-1
517.73804,205.14113,14.499939,14.41774,0.097850114,2,-1,-1
498.73413,343.61227,22.17279,26.232147,0.09775007,8,-1,-1
445.7772,122.28692,8.421295,7.6188126,0.09763372,5,-1,-1
454.35062,104.315025,8.869293,9.352455,0.09745076,6,-1,-1
564.74365,417.59174,36.54358,47.099762,0.097412795,8,-1,-1
660.2597,365.79987,12.022461,19.458038,0.09728238,1,-1,-1
568.95593,224.75243,4.157898,6.634384,0.097245455,3,-1,-1
842.6548,223.11281,11.645203,11.182556,0.09724441,10,-1,-1
470.86072,105.18525,7.010498,5.287018,0.09720233,4,-1,-1
415.48596,176.5033,12.085663,12.791901,0.09708503,6,-1,-1
456.58698,345.87006,5.398926,11.19693,0.096992016,1,-1,-1
712.3355,495.4784,31.559998,44.209106,0.09688792,10,-1,-1
358.28156,258.68854,21.0083,12.797028,0.096720695,10,-1,-1
533.07874,187.78578,4.972046,8.091553,0.09657222,10,-1,-1
371.77643,257.0828,10.79834,10.754578,0.09643611,2,-1,-1
875.38513,366.35666,5.3828125,13.034088,0.09640762,2,-1,-1
477.4559,93.46245,6.038849,6.215645,0.09624514,5,-1,-1
423.04007,160.27301,6.3560486,9.642105,0.09606063,10,-1,-1
807.36664,359.2455,12.460266,18.710327,0.09583929,2,-1,-1
447.1591,144.72511,11.026855,9.800644,0.09563491,6,-1,-1
813.0384,181.71512,20.07898,10.14357,0.095632315,4,-1,-1
479.32648,88.584595,5.482666,7.8632736,0.09546924,6,-1,-1
452.96494,149.98875,10.502747,10.299347,0.09510684,7,-1,-1
475.63275,86.24894,4.622528,4.720001,0.09507689,4,-1,-1
509.83948,160.29094,4.121643,6.4097595,0.09499779,3,-1,-1
438.40286,129.31387,12.171234,12.708069,0.09497279,6,-1,-1
851.6974,237.0301,24.545898,12.671829,0.09492451,10,-1,-1
517.42847,205.10135,15.156311,14.508804,0.09470746,5,-1,-1
469.2481,98.39641,2.9057922,5.237007,0.09468642,10,-1,-1
415.93832,172.12639,4.8597717,9.4431305,0.09449157,1,-1,-1
177.62473,142.10786,2.960312,6.269272,0.09448367,1,-1,-1
469.37665,252.98317,12.340027,7.4997406,0.094403476,10,-1,-1
483.1187,81.02001,4.5519104,5.117241,0.09409955,4,-1,-1
444.2501,117.71661,10.943695,11.09021,0.09378174,4,-1,-1
600.5499,231.4882,6.366394,9.697739,0.09375605,2,-1,-1
522.10547,157.06445,3.432373,6.688324,0.09368232,2,-1,-1
448.1479,120.563194,6.2247314,6.0014496,0.093345016,4,-1,-1
566.14465,163.70807,14.267029,8.447525,0.09323856,7,-1,-1
537.81635,209.06607,16.940857,15.901428,0.09301397,7,-1,-1
459.62393,97.39891,7.603363,6.85128,0.09296638,5,-1,-1
835.5049,485.28503,13.206055,21.323212,0.09291953,1,-1,-1
732.84235,198.13498,9.301636,15.227814,0.09284988,1,-1,-1
866.5103,218.61267,21.882324,9.484192,0.09267041,4,-1,-1
541.2098,224.20123,16.368103,15.022995,0.09264639,6,-1,-1
403.7631,192.18497,15.118011,14.849197,0.09237066,7,-1,-1
554.44867,159.5614,4.2088013,7.649353,0.09223822,1,-1,-1
871.9017,366.52084,9.096313,15.853394,0.092220396,10,-1,-1
441.90756,127.892876,8.993164,9.932472,0.09219456,6,-1,-1
527.37244,150.52348,2.4146118,6.102249,0.09212425,1,-1,-1
478.75134,86.404526,5.7673035,5.248131,0.09188938,4,-1,-1
472.173,103.05913,6.4176636,6.794838,0.09186545,10,-1,-1
439.68857,136.89151,7.712372,7.9823456,0.09112707,4,-1,-1
448.2651,113.2869,9.194458,6.988678,0.09098998,4,-1,-1
449.70486,118.57525,6.476471,5.4900284,0.090723544,4,-1,-1
50.211296,175.53099,5.178871,7.293625,0.09064472,1,-1,-1
510.09,158.41994,3.92276,5.764572,0.09051806,1,-1,-1
466.39798,216.8051,5.6320496,10.915726,0.09044424,2,-1,-1
689.2208,311.95056,8.305481,18.544708,0.090436816,1,-1,-1
533.454,322.00836,14.837952,24.99997,0.09036127,1,-1,-1
457.10095,100.172264,7.2384644,7.1212006,0.090248555,6,-1,-1
576.5112,180.40207,15.321899,14.648697,0.090227544,7,-1,-1
510.09,158.41994,3.92276,5.764572,0.09005025,2,-1,-1
863.8901,237.9815,13.172424,10.3142395,0.08988908,3,-1,-1
825.99835,231.99542,6.303711,8.561676,0.08966631,2,-1,-1
868.44934,237.49144,5.635132,9.757248,0.089624465,2,-1,-1
565.9778,163.31923,17.495972,9.142395,0.08953819,4,-1,-1
762.413,507.059,22.88861,32.62851,0.08947483,10,-1,-1
534.21783,151.85773,15.566956,10.202301,0.08943525,4,-1,-1
707.4368,341.82635,8.825012,16.961243,0.08935326,2,-1,-1
717.3502,332.7824,8.233337,10.518524,0.089122385,1,-1,-1
517.66614,205.09447,14.6710205,14.481827,0.089093894,1,-1,-1
66.91417,183.23,4.65905,9.066513,0.08895621,2,-1,-1
473.93698,74.21007,4.57428,5.0599213,0.08872825,4,-1,-1
456.34067,345.6778,6.121521,12.243988,0.08851874,2,-1,-1
534.6419,152.06732,7.2489624,8.033112,0.08849871,4,-1,-1
475.136,95.69356,5.431183,5.818138,0.08845806,4,-1,-1
598.1934,234.33524,10.663757,18.407257,0.08821407,3,-1,-1
722.9585,351.75214,9.547302,14.758026,0.08821276,1,-1,-1
448.55582,145.19212,9.212036,8.987671,0.08818877,10,-1,-1
536.519,196.58946,13.082092,12.638916,0.08811417,6,-1,-1
510.41705,158.3158,5.038147,7.86174,0.08793214,7,-1,-1
476.69083,96.97135,3.5702515,4.258026,0.08788434,2,-1,-1
599.113,231.47963,8.384827,15.357376,0.08786863,7,-1,-1
869.09296,367.36655,5.5475464,12.352539,0.08771154,1,-1,-1
768.3307,502.79263,16.194397,29.322296,0.08748737,3,-1,-1
598.07275,234.45648,11.009216,17.584564,0.0874168,6,-1,-1
934.3045,185.7956,24.387573,10.38237,0.08721483,5,-1,-1
359.39908,236.04523,23.688293,20.3154,0.0870828,7,-1,-1
568.51074,223.5766,4.8884277,8.286865,0.08698669,1,-1,-1
658.6259,365.336,9.477112,16.260101,0.086857885,3,-1,-1
556.65845,159.67262,3.5861206,7.320175,0.08682811,2,-1,-1
659.20984,365.91443,6.4196777,12.188568,0.08649701,10,-1,-1
466.38522,96.68048,4.705902,5.1242447,0.0864543,4,-1,-1
693.5785,315.61578,5.1677856,14.207092,0.08624154,1,-1,-1
659.59515,173.03027,15.611755,13.836395,0.08618945,4,-1,-1
488.2662,119.52205,5.6743774,9.969757,0.086110175,4,-1,-1
549.07715,158.18562,13.52478,8.542221,0.08603275,7,-1,-1
510.09,158.41994,3.92276,5.764572,0.08601871,10,-1,-1
726.6382,203.5623,33.240295,22.477798,0.08596584,4,-1,-1
533.86804,182.06421,11.980835,10.850906,0.08589217,8,-1,-1
855.4579,208.58554,22.202637,12.603043,0.0857403,5,-1,-1
824.92096,228.9927,7.850708,9.430069,0.085541755,1,-1,-1
498.73413,343.61227,22.17279,26.232147,0.085523516,10,-1,-1
808.06464,364.52545,16.69159,14.929047,0.085493684,10,-1,-1
851.8347,237.0114,24.114685,11.765625,0.08545402,7,-1,-1
474.4849,83.84594,6.364624,7.0099792,0.08538607,4,-1,-1
808.10846,359.62997,11.292847,18.778534,0.08537018,1,-1,-1
577.22955,143.34647,10.870361,7.1041565,0.08521339,4,-1,-1
458.54614,96.38279,6.1736755,6.5017624,0.08516464,4,-1,-1
479.32648,88.584595,5.482666,7.8632736,0.08515856,5,-1,-1
471.05164,112.680275,7.1215515,6.877754,0.085112035,4,-1,-1
839.3899,235.21509,35.82794,15.998932,0.08503035,5,-1,-1
469.3337,80.6313,5.3184204,5.9946747,0.084973544,4,-1,-1
599.113,231.47963,8.384827,15.357376,0.08489138,8,-1,-1
804.8077,213.63106,20.96991,11.080551,0.08482739,7,-1,-1
448.1497,115.86217,8.455414,7.433037,0.084680885,5,-1,-1
724.36536,180.64807,42.32837,22.325943,0.084634155,5,-1,-1
474.64313,72.15682,4.27652,3.7997818,0.08456898,4,-1,-1
453.36728,102.6669,10.44455,11.707809,0.084416896,4,-1,-1
715.6112,333.96915,7.668274,8.29126,0.08441031,2,-1,-1
482.51532,120.18506,9.388245,8.255646,0.0842267,4,-1,-1
825.15985,229.08234,7.0980835,8.848434,0.08420241,2,-1,-1
