487.16467,457.03522,123.46307,126.78174,0.9999745,6,-1,-1
527.12695,581.51697,113.84894,148.47485,0.9996734,6,-1,-1
644.53656,432.45865,65.4115,95.207306,0.9969518,6,-1,-1
145.76088,696.6711,203.94572,67.49994,0.99398756,4,-1,-1
361.67618,507.09128,103.576935,50.575775,0.9922153,4,-1,-1
721.3641,317.91144,30.963867,25.59256,0.96539867,4,-1,-1
865.2658,537.2771,68.66406,59.001404,0.96142685,5,-1,-1
799.72235,277.551,31.874695,36.68991,0.8972208,6,-1,-1
473.5809,536.3827,16.080109,46.485413,0.85295296,1,-1,-1
666.7163,307.8981,39.80725,18.67743,0.7939118,4,-1,-1
762.9555,299.84628,37.47223,62.722168,0.617222,6,-1,-1
729.4472,294.4838,25.970398,25.402832,0.56908363,4,-1,-1
759.5425,297.3472,29.647095,24.50531,0.53178763,4,-1,-1
811.9951,324.22952,29.158264,36.65802,0.5314074,4,-1,-1
811.11316,320.07654,29.748108,40.66806,0.49156246,5,-1,-1
65.735886,669.2497,17.725418,36.453857,0.47816938,1,-1,-1
675.53033,296.56955,31.693665,18.81018,0.43005398,4,-1,-1
812.4357,314.94388,26.748657,33.13806,0.38563448,4,-1,-1
26.301826,622.53033,17.352901,34.3985,0.28125575,1,-1,-1
813.06586,313.99783,25.943298,27.074646,0.2802717,5,-1,-1
731.6972,270.24683,26.103516,21.338043,0.27565712,5,-1,-1
526.4697,586.319,115.562256,144.54834,0.2721135,7,-1,-1
810.2654,389.29822,33.901062,23.344666,0.2573669,10,-1,-1
26.016323,622.05176,17.865646,34.496033,0.25078171,2,-1,-1
759.2639,299.1437,32.575012,24.798065,0.24549717,5,-1,-1
4.030838,633.0698,25.462677,21.440308,0.24469969,8,-1,-1
694.6686,247.04587,39.644653,15.515442,0.23695296,6,-1,-1
635.6196,308.16248,32.64337,18.353851,0.23265636,4,-1,-1
729.4472,294.4838,25.970398,25.402832,0.22223511,5,-1,-1
760.66315,298.64792,34.23767,37.020416,0.20368502,4,-1,-1
694.6686,247.04587,39.644653,15.515442,0.19870043,4,-1,-1
812.4357,314.94388,26.748657,33.13806,0.18573514,6,-1,-1
334.5336,488.11902,28.568085,25.80664,0.18561032,7,-1,-1
731.6972,270.24683,26.103516,21.338043,0.1793041,6,-1,-1
361.8827,508.6038,94.377106,48.070465,0.17903829,5,-1,-1
743.73444,254.47897,28.754883,19.744019,0.17134643,4,-1,-1
493.46497,394.02472,73.13141,30.256653,0.17078772,4,-1,-1
731.2233,270.6233,27.110779,20.64627,0.17018813,4,-1,-1
638.9031,330.26578,28.969482,21.135834,0.16416624,4,-1,-1
757.0124,291.38013,29.56073,22.933807,0.16345772,4,-1,-1
334.5336,488.11902,28.568085,25.80664,0.15785798,8,-1,-1
761.81287,299.34656,34.95587,26.01886,0.15705723,6,-1,-1
140.4848,682.9936,84.44365,50.156433,0.15583915,4,-1,-1
642.3394,281.59625,29.972412,20.318024,0.15261307,4,-1,-1
736.1079,175.61069,40.6297,22.919815,0.14606252,6,-1,-1
644.36053,281.64896,27.475769,21.089203,0.14255944,5,-1,-1
150.7036,695.7952,199.46034,67.714355,0.14106533,6,-1,-1
334.5336,488.11902,28.568085,25.80664,0.13937709,4,-1,-1
379.1604,566.34814,31.969147,23.35431,0.13854402,10,-1,-1
739.3023,255.0983,27.094055,20.645538,0.13700205,5,-1,-1
4.030838,633.0698,25.462677,21.440308,0.13163418,10,-1,-1
644.4354,432.6954,65.43341,95.7009,0.1244275,4,-1,-1
636.1514,307.63327,33.095947,18.817871,0.11897802,5,-1,-1
811.9598,323.41818,28.988892,37.753265,0.11561349,6,-1,-1
675.53033,296.56955,31.693665,18.81018,0.11531955,5,-1,-1
757.5451,254.03404,30.739807,19.301193,0.11517206,4,-1,-1
694.6686,247.04587,39.644653,15.515442,0.11478713,5,-1,-1
688.96356,268.84525,29.934875,19.551788,0.109077215,8,-1,-1
694.6686,247.04587,39.644653,15.515442,0.1081503,7,-1,-1
21.877626,635.32007,26.231962,25.410095,0.10730967,10,-1,-1
760.6521,300.69165,28.67334,42.71353,0.10557559,5,-1,-1
865.0276,538.8857,75.525696,57.09503,0.104400456,4,-1,-1
694.6686,247.04587,39.644653,15.515442,0.10143685,8,-1,-1
686.54767,269.9151,31.81604,18.070953,0.100705445,4,-1,-1
21.877626,635.32007,26.231962,25.410095,0.097709656,2,-1,-1
499.21445,410.3847,56.081696,21.236328,0.09697747,3,-1,-1
2.540929,632.0885,27.432106,20.346375,0.096842736,7,-1,-1
473.4561,535.85565,16.879517,46.488953,0.09634608,2,-1,-1
410.9471,584.26337,19.44867,26.67096,0.09602612,1,-1,-1
743.73444,254.47897,28.754883,19.744019,0.0950498,6,-1,-1
798.6917,277.84558,32.281677,36.77014,0.094631046,9,-1,-1
688.96356,268.84525,29.934875,19.551788,0.094163716,5,-1,-1
757.5451,254.03404,30.739807,19.301193,0.09191519,5,-1,-1
334.5336,488.11902,28.568085,25.80664,0.091765076,5,-1,-1
501.39386,410.13385,54.367798,21.435364,0.09175366,7,-1,-1
762.07336,302.28104,36.90973,58.414673,0.09106678,4,-1,-1
811.6951,321.81366,29.210144,39.223846,0.08926952,1,-1,-1
28.119944,638.51807,52.995888,20.083923,0.0886198,8,-1,-1
833.54083,357.22992,25.807251,22.192505,0.08831018,7,-1,-1
679.04065,290.53915,29.324646,19.575958,0.08818239,4,-1,-1
690.7579,420.69003,31.401062,19.844543,0.087866664,10,-1,-1
729.4472,294.4838,25.970398,25.402832,0.08783203,6,-1,-1
21.877626,635.32007,26.231962,25.410095,0.086557835,1,-1,-1
334.5336,488.11902,28.568085,25.80664,0.08403224,10,-1,-1
737.1947,261.36664,28.928528,21.134064,0.08364937,5,-1,-1
141.80669,683.68225,80.51326,49.646973,0.083491206,5,-1,-1
19.65584,638.78,36.687225,20.252563,0.08266333,7,-1,-1
740.21106,257.18985,25.930786,22.602448,0.082436025,4,-1,-1
634.1062,300.28714,31.726074,21.03543,0.08124718,4,-1,-1
681.5562,280.30927,27.433594,20.756775,0.0809294,8,-1,-1
4.3830976,631.8079,24.896328,23.165344,0.0804663,1,-1,-1
24.566883,638.7373,48.722446,20.107544,0.08002463,3,-1,-1
865.0276,538.8857,75.525696,57.09503,0.07895854,9,-1,-1
812.5808,329.82843,29.020996,32.93512,0.07895607,10,-1,-1
692.8244,323.23624,30.053894,23.086334,0.078926295,4,-1,-1
762.07336,302.28104,36.90973,58.414673,0.07758781,5,-1,-1
24.864126,623.3932,18.158228,32.516174,0.07627761,7,-1,-1
833.54083,357.22992,25.807251,22.192505,0.07560614,8,-1,-1
13.593942,637.86816,31.893776,21.484009,0.075319946,3,-1,-1
833.3113,357.22495,25.584778,22.457214,0.075081736,3,-1,-1
759.67505,297.6114,31.132324,24.177277,0.07416102,7,-1,-1
757.0124,291.38013,29.56073,22.933807,0.073834926,5,-1,-1
688.96356,268.84525,29.934875,19.551788,0.07300338,6,-1,-1
833.54083,357.22992,25.807251,22.192505,0.07298291,10,-1,-1
338.72485,615.8452,18.332367,31.093567,0.07288805,10,-1,-1
676.0484,292.69504,30.610107,18.822021,0.07286373,8,-1,-1
811.74133,322.2641,29.976929,39.541534,0.07228562,8,-1,-1
410.9471,584.26337,19.44867,26.67096,0.07196599,10,-1,-1
23.883528,623.9092,18.545073,31.348022,0.07143971,8,-1,-1
4.030838,633.0698,25.462677,21.440308,0.07004303,2,-1,-1
14.98599,630.6041,29.066978,22.318298,0.06978655,7,-1,-1
740.21106,257.18985,25.930786,22.602448,0.069560856,6,-1,-1
492.11072,393.9505,74.340576,30.069855,0.0689567,5,-1,-1
70.09871,624.90216,18.44448,31.01538,0.068887144,1,-1,-1
809.60144,398.78836,38.089783,17.646423,0.068048984,10,-1,-1
4.030838,633.0698,25.462677,21.440308,0.06800005,5,-1,-1
496.5738,398.70724,66.17566,25.51529,0.06781137,7,-1,-1
24.864126,623.3932,18.158228,32.516174,0.06764594,10,-1,-1
28.56599,625.9909,27.259655,29.346619,0.067292035,1,-1,-1
638.3419,330.18713,28.018616,22.058685,0.06702772,5,-1,-1
24.566883,638.7373,48.722446,20.107544,0.06664267,10,-1,-1
637.75604,318.46002,28.44049,21.965515,0.06662941,4,-1,-1
106.6084,639.2299,28.546646,19.15094,0.06604621,3,-1,-1
489.03296,418.92215,44.249268,18.452515,0.06584102,3,-1,-1
480.74774,434.66025,38.96039,19.596771,0.06576103,10,-1,-1
14.98599,630.6041,29.066978,22.318298,0.06547296,2,-1,-1
531.8798,664.8937,16.9516,35.269104,0.06441358,1,-1,-1
22.33132,636.1938,57.870552,22.88794,0.06399605,7,-1,-1
681.5562,280.30927,27.433594,20.756775,0.06369108,5,-1,-1
344.53427,487.48126,28.10144,26.901733,0.06358832,7,-1,-1
719.30383,299.70108,31.364197,23.47528,0.06355846,4,-1,-1
530.6752,672.9586,17.69104,43.410217,0.06315145,1,-1,-1
13.593942,637.86816,31.893776,21.484009,0.06266326,8,-1,-1
812.34143,312.6396,28.591309,39.892426,0.06253824,9,-1,-1
832.3257,251.1312,23.302856,27.521332,0.06246671,9,-1,-1
746.7178,247.60121,29.93518,21.092422,0.062234968,4,-1,-1
730.6298,277.94772,27.973389,21.53888,0.06199172,5,-1,-1
734.3888,263.90805,28.827148,20.818542,0.06184417,4,-1,-1
812.5808,329.82843,29.020996,32.93512,0.06175667,7,-1,-1
730.6298,277.94772,27.973389,21.53888,0.061754555,4,-1,-1
669.22235,305.99817,38.957153,18.859772,0.061641693,5,-1,-1
150.7036,695.7952,199.46034,67.714355,0.061287254,5,-1,-1
379.1604,566.34814,31.969147,23.35431,0.061265737,3,-1,-1
800.6523,276.31277,30.794983,36.726135,0.06036541,4,-1,-1
640.50555,273.4022,31.411682,18.45459,0.06018281,4,-1,-1
729.7171,294.25925,26.054993,25.80719,0.059357613,8,-1,-1
591.93304,398.12164,35.86975,25.424164,0.059211195,8,-1,-1
527.51074,682.58826,16.80188,40.270813,0.059208274,1,-1,-1
431.28958,393.94498,29.751862,20.239288,0.05885315,8,-1,-1
681.5562,280.30927,27.433594,20.756775,0.058766752,4,-1,-1
692.8244,323.23624,30.053894,23.086334,0.058297843,5,-1,-1
679.04065,290.53915,29.324646,19.575958,0.05772063,5,-1,-1
912.52405,594.13574,58.344482,23.901855,0.05746478,4,-1,-1
802.4388,286.10355,34.373535,48.222626,0.05727917,6,-1,-1
560.0058,378.56555,25.07611,26.170563,0.057180315,10,-1,-1
837.9131,271.6278,31.96045,17.692322,0.057158023,4,-1,-1
640.50555,273.4022,31.411682,18.45459,0.057032824,5,-1,-1
734.7731,287.57428,30.198975,22.744598,0.056949526,4,-1,-1
400.59326,474.7428,34.89209,19.573914,0.056892067,10,-1,-1
0.0,635.46204,23.409616,27.64618,0.056576103,8,-1,-1
394.1128,560.8731,19.71518,31.085938,0.056347758,1,-1,-1
743.73444,254.47897,28.754883,19.744019,0.05632347,8,-1,-1
642.07465,336.29132,29.821228,20.412018,0.056313604,4,-1,-1
721.4958,317.56842,31.214966,25.771088,0.055557907,5,-1,-1
734.3888,263.90805,28.827148,20.818542,0.055533886,6,-1,-1
805.3274,304.96118,35.13098,52.59137,0.05551219,6,-1,-1
813.06586,313.99783,25.943298,27.074646,0.054892957,7,-1,-1
149.00592,694.3201,201.0867,69.85089,0.05488357,9,-1,-1
506.26614,191.17297,39.52127,14.11087,0.054834247,6,-1,-1
3.4680383,635.7445,24.944963,23.4234,0.054252416,3,-1,-1
812.79694,306.13376,28.643005,26.76065,0.054189622,4,-1,-1
832.3257,251.1312,23.302856,27.521332,0.05404997,7,-1,-1
669.3846,314.1781,37.351013,23.522614,0.05379942,4,-1,-1
330.89545,488.38474,30.92984,25.435944,0.053522944,6,-1,-1
439.08765,475.08917,29.082703,21.40216,0.053453088,3,-1,-1
747.9682,236.84933,25.490356,20.254272,0.05306971,4,-1,-1
676.6164,320.15912,36.335754,21.740234,0.052803278,4,-1,-1
804.6926,318.91196,25.487854,40.293945,0.052793443,4,-1,-1
757.5451,254.03404,30.739807,19.301193,0.052689046,6,-1,-1
909.27936,582.7516,64.89172,28.391235,0.05268556,4,-1,-1
731.6972,270.24683,26.103516,21.338043,0.052660942,8,-1,-1
688.96356,268.84525,29.934875,19.551788,0.052265108,7,-1,-1
833.4216,249.76677,21.266357,28.80864,0.052194417,6,-1,-1
106.6084,639.2299,28.546646,19.15094,0.052192926,10,-1,-1
746.7178,247.60121,29.93518,21.092422,0.052001595,5,-1,-1
439.08765,475.08917,29.082703,21.40216,0.05197856,10,-1,-1
725.2051,325.62195,25.34253,30.716797,0.05189407,4,-1,-1
746.4431,237.99939,27.479736,18.735657,0.05176708,6,-1,-1
14.98599,630.6041,29.066978,22.318298,0.05149895,1,-1,-1
338.72485,615.8452,18.332367,31.093567,0.05132097,3,-1,-1
681.08167,303.8996,36.167236,19.73706,0.050540358,4,-1,-1
803.96136,311.7326,31.663025,23.200287,0.05054021,4,-1,-1
500.85522,398.83105,55.12146,27.53064,0.050465286,3,-1,-1
644.36053,281.64896,27.475769,21.089203,0.05024737,8,-1,-1
