575.5404,421.3395,47.775085,39.730713,0.99999523,4,-1,-1
330.03162,364.782,45.209778,36.81256,0.9982976,4,-1,-1
472.9729,326.8903,38.696472,59.406128,0.9978043,9,-1,-1
70.33869,405.45383,70.55494,34.95529,0.9906017,6,-1,-1
470.61078,382.5799,31.751465,44.49771,0.984404,4,-1,-1
367.34167,342.39557,34.886993,35.15155,0.97621113,5,-1,-1
99.407005,491.54828,42.393257,27.251465,0.9270092,10,-1,-1
393.0958,409.31183,20.269348,35.36786,0.91623867,7,-1,-1
386.86023,318.99698,23.73352,24.019745,0.9153975,4,-1,-1
715.0115,374.02548,26.911072,17.470459,0.8774431,10,-1,-1
718.0441,348.41245,54.395264,23.990112,0.87103844,4,-1,-1
638.32764,325.0074,36.432373,19.522736,0.751834,7,-1,-1
721.19653,499.0988,99.21924,40.31607,0.7470487,7,-1,-1
662.3727,435.70645,73.53247,35.545135,0.73073435,6,-1,-1
270.86456,481.15634,68.45181,53.087128,0.6792785,8,-1,-1
109.71436,478.08218,17.176895,38.485992,0.66840696,2,-1,-1
770.852,491.7005,16.895447,24.333008,0.6398722,2,-1,-1
533.22565,286.78348,17.267273,19.004974,0.6297798,4,-1,-1
734.7878,505.7094,19.66394,33.705444,0.6150378,1,-1,-1
527.4089,248.3897,23.855286,15.669449,0.6007101,4,-1,-1
734.81714,506.82196,19.583496,32.592896,0.516371,2,-1,-1
847.84125,409.72873,30.795898,17.974854,0.50254774,10,-1,-1
626.68365,323.16974,39.079407,18.101624,0.47536236,7,-1,-1
640.6303,372.198,18.05243,26.726318,0.47529066,7,-1,-1
777.9079,494.70892,16.000305,23.685669,0.4740392,2,-1,-1
645.41614,332.50604,30.749329,17.146423,0.46834466,7,-1,-1
8.794844,399.94168,24.19272,15.623474,0.46723205,10,-1,-1
721.19653,499.0988,99.21924,40.31607,0.44752112,6,-1,-1
608.77405,323.0857,23.969604,18.78894,0.4314065,7,-1,-1
655.28357,338.726,24.639587,16.541565,0.40576673,10,-1,-1
39.700813,403.50226,21.201756,16.5419,0.4042393,10,-1,-1
653.0869,336.84375,25.45337,16.876465,0.3847294,7,-1,-1
106.965065,486.15247,24.278862,30.883545,0.3688129,10,-1,-1
396.60345,406.82687,18.711884,24.223206,0.3679272,7,-1,-1
716.99365,352.80453,15.67804,23.322266,0.36603987,2,-1,-1
339.24072,308.11603,47.50836,16.674469,0.3482235,4,-1,-1
662.4825,436.21472,73.30029,35.211334,0.32443088,8,-1,-1
777.957,494.017,15.487244,24.068207,0.31084132,1,-1,-1
770.852,491.7005,16.895447,24.333008,0.30791205,1,-1,-1
658.85077,343.7627,21.682251,15.380981,0.30725086,10,-1,-1
883.5421,359.60394,25.897034,15.041229,0.29218656,10,-1,-1
109.2382,479.31458,16.917397,37.451904,0.29085684,1,-1,-1
794.90857,505.8201,14.666443,22.579498,0.28233927,2,-1,-1
339.77448,323.4207,25.797363,24.198395,0.2671401,8,-1,-1
658.85077,343.7627,21.682251,15.380981,0.2669686,7,-1,-1
716.99365,352.80453,15.67804,23.322266,0.26544017,1,-1,-1
339.77448,323.4207,25.797363,24.198395,0.26427537,4,-1,-1
718.4623,358.81564,16.413757,23.515106,0.25736958,2,-1,-1
716.7024,347.13422,55.720825,23.986603,0.25137192,5,-1,-1
358.4217,312.05768,35.408356,16.11618,0.24164319,4,-1,-1
39.807697,403.84225,20.814816,16.524628,0.23833731,7,-1,-1
637.665,320.8541,31.810852,16.111694,0.23543602,7,-1,-1
367.35538,342.9388,34.575226,34.210022,0.23483613,8,-1,-1
312.79166,251.61703,32.575256,14.94339,0.23031357,4,-1,-1
606.40875,322.51715,13.278748,20.64914,0.22848383,7,-1,-1
657.32495,319.73898,30.548523,12.741364,0.2264888,4,-1,-1
99.28854,491.36774,43.846176,27.440674,0.2238231,3,-1,-1
909.5268,17.597586,15.107727,28.09434,0.2237151,1,-1,-1
70.962265,405.52008,66.16794,35.37375,0.2199477,4,-1,-1
70.962265,405.52008,66.16794,35.37375,0.2185651,5,-1,-1
339.98492,323.42685,25.232086,24.030884,0.21814749,7,-1,-1
338.5792,309.02856,49.150818,16.580261,0.21690753,5,-1,-1
847.17303,408.817,32.193665,18.809479,0.21427697,7,-1,-1
270.98944,481.26843,68.31793,51.96118,0.21240366,7,-1,-1
883.4287,359.66605,25.9292,15.0520935,0.21150339,7,-1,-1
619.49854,327.3217,36.94171,16.380035,0.21099699,7,-1,-1
277.01996,504.7255,16.415253,22.514984,0.20971507,2,-1,-1
105.21883,491.41425,19.273666,28.211182,0.20430234,2,-1,-1
714.88196,374.38367,26.845825,17.185516,0.20324427,3,-1,-1
390.16293,410.4314,16.507568,27.05185,0.20169136,7,-1,-1
793.70605,506.29904,15.38739,21.203644,0.19855747,1,-1,-1
37.49885,399.1488,18.721931,18.120178,0.1982128,10,-1,-1
392.62244,409.7464,20.674835,27.266266,0.19733807,2,-1,-1
158.08783,398.4896,23.092361,16.649261,0.1964502,10,-1,-1
293.22855,338.08243,26.94159,25.30246,0.19526637,8,-1,-1
660.08246,435.06613,77.26691,35.285065,0.1926069,4,-1,-1
312.18857,251.37794,32.788757,15.727066,0.19167942,5,-1,-1
158.85544,398.24374,22.077606,16.844696,0.1847206,3,-1,-1
606.3484,321.9657,16.708557,20.121216,0.18346715,10,-1,-1
71.05115,404.5837,29.727371,15.513367,0.17817718,10,-1,-1
386.88077,319.1709,23.989105,23.799438,0.17446196,10,-1,-1
645.41614,332.50604,30.749329,17.146423,0.17382821,10,-1,-1
6.1799383,399.2184,26.754795,16.030731,0.17214656,4,-1,-1
716.35516,489.99832,67.43817,44.661163,0.17042044,7,-1,-1
716.776,354.13638,16.284912,21.83966,0.16985437,10,-1,-1
653.51733,319.45523,31.411072,13.829285,0.16973165,7,-1,-1
373.84842,315.03702,27.574677,20.462494,0.1668098,4,-1,-1
20.861187,398.50397,17.14936,18.042114,0.16452679,10,-1,-1
393.1358,410.0532,20.188812,34.147034,0.16433609,8,-1,-1
716.04706,362.74826,21.71576,22.081848,0.1639449,10,-1,-1
8.794844,399.94168,24.19272,15.623474,0.1631453,3,-1,-1
768.0252,486.64655,17.092773,22.945618,0.16266161,2,-1,-1
102.006935,486.27274,36.369408,31.93814,0.16229978,1,-1,-1
750.3313,489.6208,23.926575,19.880615,0.16203225,2,-1,-1
102.51264,484.95007,32.78025,33.023315,0.15992421,2,-1,-1
6.6241508,399.5207,26.27519,15.555359,0.15926042,7,-1,-1
424.09363,294.9587,25.977295,15.824829,0.15854132,4,-1,-1
717.64545,369.16937,20.308655,21.710968,0.15351543,2,-1,-1
645.41614,332.50604,30.749329,17.146423,0.15326503,8,-1,-1
627.8617,335.2082,28.38501,14.903015,0.15296286,7,-1,-1
367.20026,342.56097,35.2005,34.693268,0.15269795,4,-1,-1
636.8706,332.40182,28.873352,16.505432,0.15239877,7,-1,-1
815.74506,409.57306,20.89325,16.7117,0.1516262,2,-1,-1
130.83981,375.98816,11.408691,25.729492,0.1495432,1,-1,-1
392.62244,409.7464,20.674835,27.266266,0.14834768,1,-1,-1
760.0985,488.41556,19.272095,22.06073,0.14709455,2,-1,-1
754.74817,505.23737,62.570007,31.54004,0.14627895,7,-1,-1
112.63,488.2843,18.067558,33.04419,0.14519101,2,-1,-1
339.7466,323.45807,25.510193,23.88028,0.14482182,10,-1,-1
591.28424,295.04846,9.836914,25.413177,0.14444774,1,-1,-1
715.0115,374.02548,26.911072,17.470459,0.14073065,4,-1,-1
896.04736,20.834976,10.315552,26.136105,0.13984531,1,-1,-1
26.36531,397.3613,18.179428,18.397003,0.13832045,10,-1,-1
653.0149,328.7764,27.535583,16.186005,0.1381605,7,-1,-1
643.38776,311.81326,23.693176,14.741882,0.13670015,7,-1,-1
304.06512,474.90405,17.35019,20.053864,0.13546953,10,-1,-1
637.5715,324.53864,37.768982,20.113525,0.12991238,4,-1,-1
883.3525,359.71066,25.988464,15.010956,0.1294103,8,-1,-1
640.6459,372.0103,17.833252,25.56836,0.12915012,8,-1,-1
715.01965,374.5515,26.849365,16.927399,0.12845045,7,-1,-1
342.8488,319.18625,30.562286,21.29184,0.12744057,4,-1,-1
639.04626,325.68866,36.082275,19.213257,0.12673604,8,-1,-1
596.80676,297.90445,52.42743,24.21872,0.12654,8,-1,-1
740.6806,369.26712,33.75818,14.699036,0.12613079,3,-1,-1
352.98328,384.49298,23.940674,17.835083,0.12550455,10,-1,-1
37.49885,399.1488,18.721931,18.120178,0.12396273,7,-1,-1
26.352608,402.19907,30.052292,18.061707,0.12382457,10,-1,-1
386.5953,319.05963,24.173065,23.921051,0.12183803,7,-1,-1
208.90227,421.06058,14.177368,19.101868,0.11899659,1,-1,-1
653.0869,336.84375,25.45337,16.876465,0.11889902,8,-1,-1
770.3985,500.93207,19.128845,21.205872,0.1175265,1,-1,-1
652.732,338.451,26.065613,16.32315,0.117331505,3,-1,-1
636.889,368.08203,22.532959,19.654816,0.11729711,7,-1,-1
390.23587,413.4848,16.629272,29.792114,0.11714885,1,-1,-1
339.77448,323.4207,25.797363,24.198395,0.11681631,5,-1,-1
428.65604,295.5467,21.33603,16.366089,0.11633396,10,-1,-1
472.7508,327.85394,38.441376,58.69931,0.116123855,6,-1,-1
367.5925,313.12595,28.660004,16.510468,0.1158151,5,-1,-1
317.37653,324.98154,13.91333,19.762878,0.1138562,7,-1,-1
75.72765,406.52856,67.888664,33.69937,0.11374548,7,-1,-1
161.64145,391.9876,15.039764,20.954132,0.11293545,10,-1,-1
161.45738,380.89594,13.711533,22.623688,0.11231637,1,-1,-1
645.41614,332.50604,30.749329,17.146423,0.11161193,3,-1,-1
39.807697,403.84225,20.814816,16.524628,0.11102834,4,-1,-1
714.911,494.0911,110.50903,45.32376,0.11050421,8,-1,-1
716.9145,509.62823,14.650635,29.445435,0.109988004,1,-1,-1
596.80676,297.90445,52.42743,24.21872,0.10968217,7,-1,-1
859.4024,348.9526,23.566162,12.693176,0.10910389,10,-1,-1
786.8779,513.66125,21.934326,22.24115,0.10819325,2,-1,-1
657.32495,319.73898,30.548523,12.741364,0.10788739,5,-1,-1
912.167,13.329087,14.799622,23.99289,0.10709721,1,-1,-1
728.6605,502.00006,28.226196,37.414795,0.107069194,7,-1,-1
652.3712,297.01578,29.163452,13.004303,0.106900126,5,-1,-1
390.86398,415.511,17.491547,26.335602,0.10599136,2,-1,-1
161.64145,391.9876,15.039764,20.954132,0.105590135,1,-1,-1
737.651,505.53873,43.128784,33.87613,0.104996264,7,-1,-1
901.1603,16.877838,12.489563,25.290508,0.1048623,1,-1,-1
340.44424,316.16162,35.799408,24.668945,0.10480794,5,-1,-1
662.7054,435.93393,79.67645,34.175232,0.10358295,7,-1,-1
367.20557,342.54593,35.178192,34.926117,0.10231307,6,-1,-1
305.27667,473.98105,16.03778,20.807678,0.102142364,1,-1,-1
4.6663156,394.63333,27.237465,16.026398,0.101991504,10,-1,-1
737.651,505.53873,43.128784,33.87613,0.101580024,2,-1,-1
719.2046,363.8044,26.664124,16.460663,0.1013256,10,-1,-1
660.08246,435.06613,77.26691,35.285065,0.10085985,5,-1,-1
883.5421,359.60394,25.897034,15.041229,0.100666046,4,-1,-1
102.51264,484.95007,32.78025,33.023315,0.100652575,4,-1,-1
663.45013,435.10245,76.48773,35.212006,0.09966391,1,-1,-1
662.4861,435.68896,73.44806,35.513092,0.09938353,2,-1,-1
828.9766,411.24,23.214966,16.426605,0.099375844,10,-1,-1
293.20892,338.3992,26.622955,24.92984,0.0992614,7,-1,-1
822.57263,410.6967,21.257263,16.803528,0.09856987,2,-1,-1
393.3233,408.03094,20.483368,24.918915,0.098190665,3,-1,-1
750.4755,489.56616,23.32782,20.262573,0.09808582,1,-1,-1
6.6241508,399.5207,26.27519,15.555359,0.09700534,8,-1,-1
341.86603,314.15524,43.24524,21.991455,0.0967758,4,-1,-1
727.50433,502.42975,18.249634,33.397034,0.09669337,1,-1,-1
473.27383,327.5066,39.22171,56.129486,0.09633508,5,-1,-1
504.19135,202.82317,21.573853,15.778183,0.095595926,4,-1,-1
822.57263,410.6967,21.257263,16.803528,0.09546965,10,-1,-1
533.22565,286.78348,17.267273,19.004974,0.09523228,1,-1,-1
279.0693,497.1766,25.030334,26.482025,0.09434959,2,-1,-1
339.69025,323.3221,26.402222,24.157349,0.09426385,1,-1,-1
350.26764,319.53754,28.046356,15.458008,0.09363413,4,-1,-1
626.68365,323.16974,39.079407,18.101624,0.09346533,8,-1,-1
840.14496,409.74152,26.07727,17.746826,0.0933069,10,-1,-1
40.224514,401.5027,18.732628,18.872284,0.093195856,2,-1,-1
611.042,321.28433,33.17212,15.861969,0.09300226,7,-1,-1
655.4318,338.09076,23.428955,17.502228,0.09224501,4,-1,-1
70.962265,405.52008,66.16794,35.37375,0.091736466,9,-1,-1
733.7837,309.207,14.706055,23.273743,0.091201305,4,-1,-1
883.261,359.7341,25.898438,15.041351,0.09079799,3,-1,-1
822.2441,527.696,39.16638,11.718872,0.090423584,1,-1,-1
770.3985,500.93207,19.128845,21.205872,0.089668274,2,-1,-1
161.64145,391.9876,15.039764,20.954132,0.08923149,2,-1,-1
161.45738,380.89594,13.711533,22.623688,0.08900064,2,-1,-1
608.77405,323.0857,23.969604,18.78894,0.08881238,8,-1,-1
657.3782,319.87946,30.39154,12.602264,0.08809522,8,-1,-1
26.352608,402.19907,30.052292,18.061707,0.08804649,7,-1,-1
409.73804,289.18835,35.377075,15.951843,0.087772846,4,-1,-1
728.0965,504.8307,18.959412,33.512756,0.0877133,2,-1,-1
859.4024,348.9526,23.566162,12.693176,0.08692855,7,-1,-1
640.3786,371.5808,18.557861,27.126526,0.08646187,10,-1,-1
442.69177,274.87616,22.222687,15.073151,0.086207956,4,-1,-1
718.4623,358.81564,16.413757,23.515106,0.0861077,1,-1,-1
649.8814,296.57608,28.415405,12.616974,0.08582643,4,-1,-1
910.07495,14.447079,14.863342,24.783623,0.0854809,2,-1,-1
657.03076,343.06204,22.299805,15.659973,0.08535755,3,-1,-1
846.8968,409.30344,31.834229,18.332367,0.084937036,8,-1,-1
161.45738,380.89594,13.711533,22.623688,0.08486515,7,-1,-1
593.93097,298.21362,14.651367,21.249573,0.08475521,1,-1,-1
734.35394,309.06027,14.069885,23.47638,0.08406946,5,-1,-1
24.851576,398.69388,21.232939,16.07196,0.083682775,7,-1,-1
533.22565,286.78348,17.267273,19.004974,0.08335805,5,-1,-1
772.8011,504.71628,15.060364,27.445526,0.08279577,1,-1,-1
161.64145,391.9876,15.039764,20.954132,0.082629085,3,-1,-1
553.95636,265.15445,13.3307495,21.220917,0.08260766,1,-1,-1
359.3619,362.3518,25.975372,17.62909,0.082526594,10,-1,-1
527.824,247.56618,22.214294,16.143875,0.082452655,5,-1,-1
123.8399,389.44644,13.130028,20.677887,0.08238158,1,-1,-1
657.3383,315.90585,30.39618,13.701172,0.082377225,7,-1,-1
716.7024,347.13422,55.720825,23.986603,0.08227816,1,-1,-1
444.109,283.4017,19.789032,15.417999,0.08216846,4,-1,-1
124.997665,409.10916,22.192902,18.052307,0.08198735,7,-1,-1
745.2037,510.75458,20.539429,28.660278,0.0816772,2,-1,-1
145.74342,367.12817,15.71666,19.494751,0.08130452,10,-1,-1
847.17303,408.817,32.193665,18.809479,0.08107659,4,-1,-1
640.3786,371.5808,18.557861,27.126526,0.0807434,4,-1,-1
575.3438,280.1105,20.576477,13.512604,0.08073813,4,-1,-1
428.96576,295.45303,24.441895,16.208557,0.08071163,3,-1,-1
772.8011,504.71628,15.060364,27.445526,0.08068192,2,-1,-1
340.27313,323.44608,24.934906,23.984467,0.080610186,2,-1,-1
390.46616,419.47766,17.358063,24.919891,0.080094606,7,-1,-1
731.49744,488.1142,60.577576,31.832947,0.07987812,7,-1,-1
719.859,495.96146,34.475708,41.11667,0.079779655,1,-1,-1
631.9449,364.9255,23.512634,16.468018,0.079467565,7,-1,-1
364.26962,366.7908,14.545197,23.49878,0.07935262,1,-1,-1
654.7866,300.91592,29.373657,12.245056,0.07922238,5,-1,-1
653.6006,299.8857,29.397278,12.743256,0.07915622,4,-1,-1
653.0149,328.7764,27.535583,16.186005,0.07902607,8,-1,-1
658.85077,343.7627,21.682251,15.380981,0.07880166,4,-1,-1
38.902077,401.7672,20.929718,16.760773,0.07873246,3,-1,-1
759.9328,488.8175,22.67694,24.67517,0.078696966,1,-1,-1
645.41614,332.50604,30.749329,17.146423,0.078300565,4,-1,-1
273.3694,510.2845,15.699554,23.142822,0.078293085,2,-1,-1
733.7837,309.207,14.706055,23.273743,0.07825461,1,-1,-1
652.3712,297.01578,29.163452,13.004303,0.077442825,8,-1,-1
339.69025,323.3221,26.402222,24.157349,0.0773772,3,-1,-1
606.3484,321.9657,16.708557,20.121216,0.077224076,3,-1,-1
737.651,505.53873,43.128784,33.87613,0.07711321,1,-1,-1
365.34106,357.69485,28.365906,21.219574,0.07696059,10,-1,-1
386.88077,319.1709,23.989105,23.799438,0.07689378,1,-1,-1
836.7855,354.40732,21.10028,14.147614,0.07686278,10,-1,-1
626.83,339.2154,24.18396,14.207581,0.07681605,7,-1,-1
345.4843,319.7356,29.211945,16.963806,0.075926244,10,-1,-1
317.37653,324.98154,13.91333,19.762878,0.07587984,3,-1,-1
606.40875,322.51715,13.278748,20.64914,0.07583988,1,-1,-1
438.7708,290.27335,13.731476,21.86319,0.07546747,1,-1,-1
731.49994,369.4884,30.242065,15.228668,0.075258166,3,-1,-1
161.45738,380.89594,13.711533,22.623688,0.07522529,10,-1,-1
317.37653,324.98154,13.91333,19.762878,0.07495579,8,-1,-1
71.14419,405.1669,71.603905,35.815277,0.07485628,8,-1,-1
657.03076,343.06204,22.299805,15.659973,0.07481703,8,-1,-1
439.0821,295.41373,22.62082,16.097504,0.07462016,10,-1,-1
659.0693,339.24036,20.60913,19.219208,0.0740436,2,-1,-1
293.6223,338.17563,26.6875,25.067383,0.073919654,1,-1,-1
445.63153,285.61203,14.231232,20.243011,0.07362357,1,-1,-1
338.62164,308.7535,47.154358,17.219543,0.073544145,10,-1,-1
20.861187,398.50397,17.14936,18.042114,0.073269695,3,-1,-1
652.3712,297.01578,29.163452,13.004303,0.07322052,7,-1,-1
742.37585,369.20532,36.9364,14.290405,0.07308325,10,-1,-1
821.44336,526.9915,38.454346,12.42334,0.0729993,2,-1,-1
859.7564,349.00995,23.483276,12.464142,0.07290846,3,-1,-1
1.2532748,399.79016,24.352047,16.904541,0.07285455,10,-1,-1
39.805695,401.4166,18.895363,18.974792,0.07265228,8,-1,-1
347.74854,313.71936,43.050446,21.40628,0.072630584,5,-1,-1
715.56494,356.83588,18.214355,17.763489,0.072283894,3,-1,-1
317.37653,324.98154,13.91333,19.762878,0.07223779,10,-1,-1
439.0821,295.41373,22.62082,16.097504,0.07220894,3,-1,-1
715.56494,356.83588,18.214355,17.763489,0.072173655,7,-1,-1
719.97864,502.70926,16.660767,35.65506,0.07208219,1,-1,-1
718.6466,512.6693,17.252014,26.302002,0.07177007,2,-1,-1
768.99646,488.90796,15.878967,24.631958,0.071741074,10,-1,-1
659.9886,435.18698,77.739746,35.140106,0.07143268,3,-1,-1
637.7017,324.7714,36.724304,19.569397,0.0712336,3,-1,-1
749.13416,496.63846,17.11206,21.300446,0.0711343,1,-1,-1
70.962265,405.52008,66.16794,35.37375,0.07109657,1,-1,-1
625.9299,352.41504,22.849548,13.2803955,0.071091056,3,-1,-1
633.7628,340.0889,26.039978,14.21109,0.071005106,7,-1,-1
644.4539,336.81693,24.396606,16.575592,0.07039508,7,-1,-1
1.4449893,392.99826,30.968748,16.883331,0.070112795,4,-1,-1
434.23312,297.93872,20.7146,15.165863,0.070055634,10,-1,-1
10.156542,400.39804,22.741972,16.252258,0.07003009,1,-1,-1
476.8343,272.8396,17.690704,16.725891,0.06987357,7,-1,-1
69.2281,399.2902,25.236214,16.50772,0.06938043,10,-1,-1
12.105866,398.8406,18.755821,19.554108,0.06931287,2,-1,-1
716.7024,347.13422,55.720825,23.986603,0.0692617,6,-1,-1
125.31072,377.99042,12.9813,25.015411,0.06911579,1,-1,-1
467.12238,278.77783,25.346375,12.68335,0.068960845,7,-1,-1
338.60114,308.97812,48.492462,16.849304,0.06879297,1,-1,-1
