1094.8751,278.84985,124.20349,73.59784,0.99980855,4,-1,-1
646.0995,450.0737,29.686768,74.91678,0.99908173,1,-1,-1
200.312,86.36084,52.21347,39.5203,0.9970971,4,-1,-1
19.130152,601.4996,37.850372,103.71735,0.996392,1,-1,-1
76.60094,595.98944,40.480278,78.14789,0.9960792,1,-1,-1
1243.423,592.64594,50.27307,85.448364,0.9948578,1,-1,-1
1067.8531,612.0665,44.186646,91.8913,0.99378395,1,-1,-1
68.18221,652.6371,34.59571,92.94647,0.99330425,1,-1,-1
846.83075,633.99817,39.613464,103.9834,0.99223137,1,-1,-1
531.5134,533.57764,30.153564,85.93091,0.9880878,1,-1,-1
601.5909,573.9915,34.540833,97.82977,0.9865699,1,-1,-1
267.69382,707.51117,44.60327,56.173706,0.98567176,1,-1,-1
598.246,431.3738,25.669312,75.06317,0.98383844,1,-1,-1
124.45966,603.82745,38.383232,97.86426,0.98338836,1,-1,-1
207.61215,53.666943,47.71019,32.84918,0.9812902,4,-1,-1
633.1417,432.3006,26.737244,68.57385,0.9790819,1,-1,-1
1327.2817,647.8295,31.697998,55.717957,0.9766031,1,-1,-1
621.61115,556.6017,27.15216,87.794556,0.97640955,1,-1,-1
875.9673,676.26556,36.749756,73.69141,0.97202915,1,-1,-1
407.81583,604.3905,107.199066,75.459656,0.97141874,3,-1,-1
336.23914,237.37053,121.67502,71.27733,0.96524084,5,-1,-1
1268.8691,272.35953,90.110596,70.504395,0.948905,4,-1,-1
839.91504,231.63037,60.59778,53.914307,0.9482349,5,-1,-1
1150.2509,631.426,131.09082,108.3938,0.93801594,7,-1,-1
313.624,533.1482,72.313965,65.10431,0.9315927,10,-1,-1
269.7821,511.0061,35.42267,85.769775,0.9099921,1,-1,-1
781.811,109.95344,58.676636,31.049553,0.9093902,4,-1,-1
247.46548,102.57421,34.21753,32.008186,0.87624884,4,-1,-1
630.4161,327.03662,19.383911,61.8692,0.87481624,1,-1,-1
1197.8658,562.1008,30.76709,56.371033,0.8679061,1,-1,-1
941.01715,520.6338,22.956604,72.14697,0.86125696,1,-1,-1
9.486435,537.5373,41.991188,31.825928,0.858823,3,-1,-1
1031.9924,553.35333,72.816895,46.01239,0.8513694,7,-1,-1
63.309425,571.59717,34.641754,73.35864,0.8431516,1,-1,-1
1241.8574,249.63881,36.26526,30.495132,0.84236,3,-1,-1
567.42084,315.24753,38.94214,63.889526,0.84222,7,-1,-1
921.9636,535.6619,27.400208,77.767944,0.8059538,1,-1,-1
70.597534,584.0511,41.816742,67.672,0.80465376,1,-1,-1
211.15904,218.44049,69.16237,49.916107,0.77967674,7,-1,-1
1051.6289,279.66342,29.019775,40.73044,0.77644676,3,-1,-1
1177.2251,265.05676,33.605835,30.625885,0.77357537,3,-1,-1
559.02954,441.99756,28.717163,58.072144,0.7629907,7,-1,-1
1134.4763,563.6098,26.582397,54.08612,0.7601538,1,-1,-1
613.0241,333.6635,18.473267,54.131256,0.74944615,1,-1,-1
435.44614,585.3296,46.47516,97.09961,0.7346097,2,-1,-1
83.57223,648.34076,35.269913,85.45282,0.6944187,1,-1,-1
333.4054,516.6512,36.540527,96.41492,0.69260556,2,-1,-1
752.806,160.10225,51.84076,51.74002,0.6674529,5,-1,-1
540.53424,450.18808,48.000183,66.66104,0.63621306,7,-1,-1
1070.4504,695.7826,70.01843,67.71033,0.6346915,8,-1,-1
617.2707,287.35928,21.400696,54.377808,0.6312326,1,-1,-1
709.48596,174.14317,29.45221,35.436234,0.61913466,8,-1,-1
887.5621,479.43506,35.459106,28.628967,0.6094386,10,-1,-1
611.21954,564.6474,31.989868,94.95618,0.5775667,1,-1,-1
501.19467,441.56213,19.442108,49.09262,0.57657665,1,-1,-1
515.1016,459.3668,23.535095,37.556152,0.55585355,1,-1,-1
383.894,529.75684,26.434906,45.594727,0.52677035,10,-1,-1
270.5191,513.08887,35.835754,80.017395,0.51850295,2,-1,-1
1204.9962,561.248,34.28003,67.11511,0.50361115,1,-1,-1
1123.6558,590.2919,144.9242,136.96124,0.49663967,7,-1,-1
852.36066,663.97754,42.90088,82.385864,0.47502762,1,-1,-1
709.5936,174.25247,28.74121,35.696472,0.47348627,7,-1,-1
1108.262,246.03012,22.698975,30.489655,0.46977788,10,-1,-1
269.95822,511.86673,35.97339,84.081696,0.46644044,10,-1,-1
435.20807,583.6018,46.634766,100.03882,0.46612334,1,-1,-1
664.937,288.86108,17.64685,41.9917,0.4602086,1,-1,-1
99.46282,86.64226,60.24456,26.30503,0.45365918,6,-1,-1
1180.6378,253.64185,25.62732,34.863586,0.44940716,3,-1,-1
927.62134,527.45874,30.817383,74.34839,0.44596612,1,-1,-1
441.01373,243.12563,24.432861,27.36641,0.4423057,10,-1,-1
578.48096,149.62631,25.675537,41.894867,0.42617816,6,-1,-1
508.5869,331.33347,35.494934,33.018463,0.42355826,10,-1,-1
944.63043,519.1689,22.96405,49.64612,0.4203707,1,-1,-1
837.80676,232.14095,63.867126,56.51454,0.4184611,4,-1,-1
601.08997,295.0923,16.196228,54.49225,0.41129053,1,-1,-1
331.57196,516.7985,39.08133,94.94098,0.40269178,1,-1,-1
513.04944,332.1756,34.743835,32.990936,0.39980686,7,-1,-1
514.60486,458.5255,24.042542,38.519073,0.37823987,2,-1,-1
319.98257,515.88556,40.230896,86.94849,0.37781146,2,-1,-1
818.34393,78.06302,37.599182,32.39852,0.37588197,6,-1,-1
448.97943,248.8223,27.195557,24.966858,0.37584752,10,-1,-1
310.9507,515.58856,30.331451,78.851074,0.3679995,2,-1,-1
478.5,538.34845,21.576172,34.802063,0.36375272,1,-1,-1
741.3325,348.13043,20.469421,36.072327,0.35997674,2,-1,-1
756.25946,174.26067,16.149902,42.028976,0.35981965,1,-1,-1
738.6945,336.74142,20.884583,32.25638,0.35976988,2,-1,-1
618.9864,305.25986,21.531067,47.365784,0.35381216,1,-1,-1
1151.3342,563.805,23.184082,54.46118,0.34876168,1,-1,-1
99.23851,86.65758,60.638733,26.346642,0.34664774,8,-1,-1
602.3318,125.93884,16.053223,36.706543,0.34493116,1,-1,-1
498.73074,350.68646,23.082306,36.812103,0.34238404,1,-1,-1
1169.8374,585.9002,30.78894,51.74933,0.3420574,2,-1,-1
1173.4888,586.6757,31.504395,54.529846,0.33532643,1,-1,-1
661.87067,302.16666,18.40686,46.130463,0.32285732,1,-1,-1
1194.501,245.81026,17.672363,33.625595,0.31980067,1,-1,-1
863.6468,576.12256,85.28693,145.2591,0.31832197,7,-1,-1
24.556122,501.78244,20.717709,32.9888,0.31701007,1,-1,-1
655.33374,299.8461,23.033936,41.654785,0.31652147,10,-1,-1
578.73004,142.42654,24.781677,41.577652,0.3131072,5,-1,-1
556.5367,299.051,18.32434,53.262238,0.31281376,1,-1,-1
323.85672,530.04193,60.606964,71.31915,0.31074739,2,-1,-1
1101.7426,246.96922,24.323608,29.543564,0.31026965,3,-1,-1
310.4197,515.1579,29.19043,77.51581,0.30798668,1,-1,-1
242.93782,515.0982,21.803574,51.25647,0.30480307,1,-1,-1
654.91486,205.10692,16.19928,33.70555,0.3042481,1,-1,-1
1327.8516,250.11383,31.128174,31.167511,0.30318514,10,-1,-1
760.4654,315.87573,16.59552,34.383484,0.29780942,1,-1,-1
665.34924,287.44345,16.802795,46.54959,0.2976833,2,-1,-1
539.6185,473.65164,17.064331,42.485565,0.29757765,1,-1,-1
1156.9615,572.0001,22.826538,55.86084,0.29162425,1,-1,-1
923.5906,563.5051,21.259949,56.548035,0.29014474,1,-1,-1
1181.0503,240.15187,17.649902,40.159073,0.28989446,1,-1,-1
110.95737,577.2723,37.52101,58.183777,0.28978825,1,-1,-1
739.6364,347.65778,18.62439,37.608643,0.2890662,10,-1,-1
661.87067,302.16666,18.40686,46.130463,0.2869184,3,-1,-1
1219.456,557.6483,32.078247,80.93359,0.28227967,1,-1,-1
1135.1617,563.7536,24.47998,53.826416,0.28036729,2,-1,-1
413.40045,595.61316,93.2731,83.48212,0.28025,2,-1,-1
752.62213,167.3688,28.806763,49.01436,0.2795164,1,-1,-1
1206.2377,264.13565,37.360107,34.47937,0.27833635,3,-1,-1
633.56757,9.3711,33.474976,29.860981,0.27644548,6,-1,-1
1244.3444,667.30426,38.15503,72.87457,0.27291128,3,-1,-1
577.89197,299.27808,33.750793,67.30435,0.2725581,7,-1,-1
1268.95,272.44547,90.029785,70.44632,0.2722503,5,-1,-1
1188.9268,505.79126,21.439941,45.884277,0.2719439,1,-1,-1
104.88697,635.44806,22.089043,49.460144,0.27120063,1,-1,-1
301.00494,517.9439,30.119415,64.808716,0.2702375,1,-1,-1
1158.0542,576.94995,23.380005,52.352356,0.26852342,2,-1,-1
510.39352,330.08813,25.801666,34.95291,0.2684266,2,-1,-1
509.67847,453.0951,21.234009,42.455597,0.26767832,1,-1,-1
1049.7495,279.7837,30.975586,40.134644,0.2658248,10,-1,-1
330.66766,237.83597,125.240906,72.2594,0.26558065,6,-1,-1
753.39844,317.72244,18.672913,33.625916,0.26493376,1,-1,-1
23.152504,534.12506,40.311146,33.924744,0.26451388,3,-1,-1
667.10834,65.36365,46.67572,17.617088,0.26424772,4,-1,-1
92.07509,643.04083,26.357819,43.023743,0.2639498,1,-1,-1
331.107,519.1001,40.374603,87.37982,0.2592657,10,-1,-1
226.41225,223.71428,25.943771,41.10115,0.25869614,1,-1,-1
217.24666,219.79857,36.901184,45.51979,0.25794858,7,-1,-1
705.80023,238.8702,33.6817,21.466324,0.25433564,10,-1,-1
582.91205,52.991917,24.128418,26.165829,0.25330278,4,-1,-1
1202.3724,650.00684,77.80237,91.33655,0.24714565,7,-1,-1
1177.2211,264.52023,33.302246,31.631073,0.24355406,10,-1,-1
654.98114,297.14633,22.126587,41.101776,0.24341741,1,-1,-1
958.2474,540.5949,34.93976,24.240295,0.24249852,3,-1,-1
630.7728,325.3141,18.92627,49.983795,0.24162123,2,-1,-1
675.2322,141.92236,16.836365,34.420227,0.24154723,1,-1,-1
652.07056,300.6994,26.092957,37.567413,0.23966703,3,-1,-1
99.97311,86.650795,59.720192,26.510529,0.23880693,7,-1,-1
818.2525,78.36379,36.003662,32.431007,0.23700336,5,-1,-1
226.41225,223.71428,25.943771,41.10115,0.2365602,2,-1,-1
308.39743,518.0682,31.992798,73.83386,0.23625389,10,-1,-1
760.2364,300.4975,17.533203,39.525024,0.23621851,1,-1,-1
738.6945,336.74142,20.884583,32.25638,0.23573312,1,-1,-1
539.6185,473.65164,17.064331,42.485565,0.23556915,2,-1,-1
540.06244,450.7552,48.822144,66.47522,0.23545048,8,-1,-1
217.30008,90.08729,49.547974,39.918343,0.234949,4,-1,-1
738.7782,334.42023,18.722229,34.670746,0.23397759,7,-1,-1
114.68328,588.46893,160.47314,76.93701,0.23366043,7,-1,-1
939.68115,525.2903,33.32367,57.46161,0.2315253,10,-1,-1
297.29092,527.0288,23.270569,49.35034,0.23080349,1,-1,-1
123.557945,600.06305,38.073433,102.91571,0.23080096,2,-1,-1
754.587,301.0523,17.182617,38.610962,0.23052973,1,-1,-1
741.9219,347.68796,20.668152,37.679565,0.2290256,1,-1,-1
1061.7627,558.039,34.727295,38.61566,0.22625688,2,-1,-1
582.332,52.981045,24.731262,26.04604,0.22420308,5,-1,-1
1119.9458,592.85486,157.83484,134.40576,0.22416732,8,-1,-1
301.7835,519.2617,29.679047,64.86273,0.22303909,2,-1,-1
116.87151,586.6915,36.638756,77.263855,0.22287768,1,-1,-1
290.1135,516.31165,36.466278,76.13367,0.22231224,10,-1,-1
1166.9424,580.0696,22.07434,51.045593,0.22169214,2,-1,-1
614.37274,315.12628,29.228699,35.08484,0.21931309,3,-1,-1
762.9313,284.10016,16.58844,40.301636,0.21883786,1,-1,-1
578.3737,312.43787,25.385132,51.177917,0.21678501,1,-1,-1
656.9478,292.0367,24.370972,32.283203,0.21639228,10,-1,-1
525.17975,529.60956,33.005615,60.982544,0.21483624,1,-1,-1
622.55005,289.3898,26.720825,51.977234,0.21446547,1,-1,-1
1190.3555,247.9395,21.672241,36.01982,0.21201387,3,-1,-1
705.396,239.84007,33.64972,20.477127,0.21184322,7,-1,-1
633.06824,8.854074,33.289062,29.117126,0.21117908,9,-1,-1
665.34924,287.44345,16.802795,46.54959,0.21075377,10,-1,-1
945.127,543.0035,23.807495,49.09668,0.21058148,1,-1,-1
509.32028,332.06473,23.13797,36.072235,0.20969751,1,-1,-1
649.24036,293.90018,21.510986,36.114716,0.20759463,1,-1,-1
738.7782,334.42023,18.722229,34.670746,0.20739746,10,-1,-1
856.3467,490.77045,26.996582,49.05249,0.20643878,1,-1,-1
406.70947,605.4902,110.730225,74.71387,0.2057741,7,-1,-1
624.624,324.31607,20.501953,53.352722,0.20568079,1,-1,-1
657.80475,292.7388,20.018066,38.469696,0.2051627,2,-1,-1
368.06628,519.32635,24.294312,60.95038,0.20287165,10,-1,-1
668.86865,294.5229,16.512451,47.17862,0.20232168,1,-1,-1
214.10323,226.72191,18.732819,41.432175,0.20121807,1,-1,-1
1101.65,602.03394,34.89734,27.677917,0.20061538,10,-1,-1
649.37335,296.8484,23.227356,37.347626,0.1997759,2,-1,-1
619.6248,285.4128,21.77295,45.52304,0.19933677,2,-1,-1
1107.4651,250.09155,28.748047,27.165894,0.19852856,3,-1,-1
375.89972,522.2879,27.385773,55.878235,0.1984129,10,-1,-1
667.7724,62.298775,43.290894,19.617401,0.19808915,5,-1,-1
649.37335,296.8484,23.227356,37.347626,0.1980713,10,-1,-1
946.97,534.0304,41.43921,46.098328,0.19802353,3,-1,-1
1180.5316,241.0049,18.771484,40.413498,0.19772008,2,-1,-1
579.10223,81.5725,29.98639,37.349747,0.19762975,7,-1,-1
325.77774,537.5019,30.286926,73.10748,0.19596729,1,-1,-1
430.56973,586.23676,57.64099,99.015625,0.19520417,3,-1,-1
629.0499,0.80913,35.684387,18.798944,0.19490781,9,-1,-1
741.6416,179.44647,63.87274,52.014877,0.19452697,8,-1,-1
1054.1705,449.52625,23.252563,41.801056,0.1929701,1,-1,-1
589.04626,303.86282,18.758057,50.416107,0.19171011,1,-1,-1
885.0571,669.21387,28.917603,60.508545,0.19156185,1,-1,-1
90.33112,635.7147,31.497559,73.642944,0.19155401,1,-1,-1
745.2899,160.09344,58.289368,51.442505,0.19036284,6,-1,-1
1180.5316,241.0049,18.771484,40.413498,0.19001332,3,-1,-1
748.11035,160.46652,55.033203,55.108246,0.18873575,8,-1,-1
818.8553,128.45895,36.14746,32.37599,0.18827528,4,-1,-1
571.20557,213.62256,35.901062,18.346603,0.18813187,7,-1,-1
731.62256,203.02675,84.8031,38.71176,0.1878303,8,-1,-1
748.9397,345.28104,20.683533,37.29962,0.18720299,1,-1,-1
672.06085,70.5633,52.649475,17.340302,0.18704125,4,-1,-1
313.69638,538.15234,36.960022,66.667725,0.18603742,2,-1,-1
742.8068,176.1756,18.921204,37.99582,0.18573916,1,-1,-1
456.459,251.17195,29.607086,24.184586,0.18549836,10,-1,-1
448.97943,248.8223,27.195557,24.966858,0.18227866,3,-1,-1
583.6022,299.27026,20.5708,42.5058,0.17955726,2,-1,-1
1129.9801,511.12018,19.095215,39.840942,0.17943707,1,-1,-1
1167.8783,276.5081,36.257446,23.290314,0.17885223,3,-1,-1
1178.61,251.69643,23.797974,37.0999,0.17774084,1,-1,-1
1103.9899,601.8387,36.49756,27.13623,0.17753896,3,-1,-1
1328.0793,249.48198,30.90039,32.242355,0.17717788,7,-1,-1
315.60034,538.746,72.888306,57.86029,0.17649552,3,-1,-1
578.3737,312.43787,25.385132,51.177917,0.17623082,2,-1,-1
613.90344,319.6414,22.242798,43.407013,0.17566651,1,-1,-1
1165.3495,580.1607,25.8219,52.70343,0.17491114,1,-1,-1
711.5581,288.47433,41.897278,20.96051,0.1746822,7,-1,-1
612.775,333.2795,18.570679,55.01645,0.174368,7,-1,-1
578.5745,81.813774,30.871704,37.623917,0.17368677,6,-1,-1
1316.3295,511.91724,32.372437,33.33728,0.1734466,1,-1,-1
68.234406,651.4876,36.01368,96.67828,0.1731689,2,-1,-1
72.001625,646.94934,30.999115,60.390137,0.17308038,1,-1,-1
786.0393,98.43601,39.326355,20.843307,0.17190778,7,-1,-1
1241.8574,249.63881,36.26526,30.495132,0.17172554,7,-1,-1
320.8827,519.02673,31.115967,75.95929,0.17148489,1,-1,-1
672.43164,76.37445,55.05963,20.973717,0.16971743,5,-1,-1
746.4357,304.8657,18.202698,35.813446,0.16931972,1,-1,-1
1031.8967,553.4576,71.23218,46.633057,0.16928849,3,-1,-1
760.0442,312.24307,16.778687,36.79001,0.16913602,2,-1,-1
1032.243,554.20044,70.724976,46.83606,0.16910055,10,-1,-1
1061.4253,542.7708,23.144531,50.211365,0.16872919,2,-1,-1
778.22034,106.19006,44.700256,26.849182,0.16729379,4,-1,-1
856.3376,490.81216,27.10614,49.259735,0.1663543,2,-1,-1
1077.0355,558.61945,20.938965,40.916016,0.16575754,1,-1,-1
637.9353,439.55176,32.434692,71.60077,0.16533655,1,-1,-1
45.71185,716.8599,38.467587,45.311096,0.16508481,2,-1,-1
752.62213,167.3688,28.806763,49.01436,0.16504988,5,-1,-1
383.894,529.75684,26.434906,45.594727,0.16501883,3,-1,-1
497.47717,531.04816,46.652954,32.159546,0.16461268,10,-1,-1
578.53784,145.27652,25.609375,42.981567,0.16450107,8,-1,-1
568.3234,312.43344,38.857117,67.507355,0.16378832,6,-1,-1
1058.34,530.79755,21.750244,53.413452,0.16317004,2,-1,-1
671.80316,68.003784,46.249268,18.33326,0.16307336,5,-1,-1
607.3456,308.68195,16.708496,50.533234,0.16289914,1,-1,-1
440.9196,245.51208,29.220276,24.333862,0.16278502,3,-1,-1
578.6581,142.20978,24.81482,40.15706,0.16254425,4,-1,-1
1198.3053,562.4256,31.588257,57.061646,0.16035405,2,-1,-1
735.9173,321.31934,21.827942,31.739044,0.15981883,2,-1,-1
747.47986,161.68542,52.22412,50.63571,0.15895319,1,-1,-1
524.84656,527.8285,22.82611,44.584717,0.15889314,1,-1,-1
334.91428,238.51468,123.50586,70.49158,0.15769535,8,-1,-1
733.4534,202.45305,82.48187,38.444122,0.1574966,5,-1,-1
581.29395,325.2068,26.858887,52.351196,0.15641403,1,-1,-1
616.65216,295.6863,24.881348,45.662506,0.15625137,3,-1,-1
752.3307,160.4787,52.95453,51.091537,0.15607175,4,-1,-1
612.95416,331.71878,19.97931,52.36447,0.15606034,2,-1,-1
345.41776,515.42145,27.54007,70.716,0.15538856,1,-1,-1
1070.0614,536.9549,21.359497,50.935425,0.15537256,2,-1,-1
583.06433,52.849876,23.831665,25.997604,0.15521747,6,-1,-1
1097.7894,249.00514,27.695068,27.67897,0.1544849,10,-1,-1
1053.0126,272.2554,24.78125,37.01758,0.15425229,2,-1,-1
567.06744,110.37356,18.319275,29.961678,0.15274698,5,-1,-1
571.2573,213.63557,35.51648,18.381104,0.15266418,8,-1,-1
565.91046,105.68887,19.558777,28.013443,0.15215859,4,-1,-1
786.8548,97.635124,40.534912,21.579697,0.15206906,4,-1,-1
926.33484,656.41327,24.979431,52.530457,0.15196717,1,-1,-1
750.76184,319.52145,24.083374,28.531769,0.15187797,2,-1,-1
743.2563,322.60568,21.035889,33.2753,0.15152761,1,-1,-1
1194.9878,246.3073,17.876343,33.39232,0.15151656,2,-1,-1
9.305815,537.28674,34.361183,32.641968,0.15107542,2,-1,-1
727.7167,313.04456,25.140503,29.507141,0.15083149,10,-1,-1
1079.956,710.956,214.34863,53.215027,0.15026072,7,-1,-1
82.40551,640.8971,28.139786,61.83423,0.14964035,1,-1,-1
582.91205,52.991917,24.128418,26.165829,0.14953569,7,-1,-1
529.1771,377.5408,25.623535,22.352142,0.1495254,10,-1,-1
356.6189,56.58614,22.690887,25.269482,0.14887789,5,-1,-1
1052.6448,529.5682,23.996826,52.69519,0.14887637,1,-1,-1
817.91504,77.87287,39.62744,33.13694,0.14805448,4,-1,-1
659.7905,305.98218,20.711487,41.742676,0.14785752,2,-1,-1
583.6022,299.27026,20.5708,42.5058,0.14775255,1,-1,-1
272.72168,515.8365,36.50714,79.68585,0.14755759,3,-1,-1
1051.4985,539.1976,42.08728,59.998108,0.14745232,2,-1,-1
735.9173,321.31934,21.827942,31.739044,0.14724553,7,-1,-1
767.8771,287.08807,17.702759,44.43393,0.14689046,1,-1,-1
