648.38324,625.12994,152.01025,192.98645,0.99998224,4,-1,-1
850.1402,743.3325,215.31952,213.48737,0.9999326,4,-1,-1
838.8481,630.7503,126.208984,107.14844,0.9988129,4,-1,-1
1231.6158,738.8181,52.09143,118.559875,0.98776484,1,-1,-1
253.33884,643.7991,63.122803,61.41394,0.950666,10,-1,-1
605.1354,658.8439,50.40753,93.06769,0.93297184,10,-1,-1
1102.9047,647.4888,26.744263,98.49933,0.91643864,1,-1,-1
197.41138,628.37305,34.69066,86.0108,0.8895994,1,-1,-1
34.167854,913.5467,136.90466,165.13702,0.8746095,2,-1,-1
153.10374,626.89075,39.26413,80.78998,0.83145535,1,-1,-1
308.72156,799.52826,119.48959,196.24316,0.7672516,10,-1,-1
592.64233,606.9755,39.065308,82.77551,0.72176766,1,-1,-1
1190.7671,805.819,73.06946,133.85529,0.7028202,2,-1,-1
306.23828,584.36694,41.569275,41.56476,0.7006704,10,-1,-1
120.62817,677.0536,162.63693,93.06024,0.67133504,7,-1,-1
335.58258,781.5734,75.67499,150.14215,0.66910756,2,-1,-1
1860.4093,961.0261,53.549683,116.525635,0.6473553,3,-1,-1
246.22537,740.03644,40.4422,88.52289,0.6369851,10,-1,-1
801.0089,511.3164,49.816345,46.361023,0.6362465,4,-1,-1
685.56305,551.52014,75.63684,63.455444,0.63366896,4,-1,-1
519.11456,760.83624,56.999573,91.24585,0.6223732,10,-1,-1
607.5801,642.05347,44.986572,75.93152,0.62205505,2,-1,-1
332.76074,713.9266,65.02368,89.88495,0.60403764,3,-1,-1
333.3232,710.9926,66.953186,94.723145,0.5951015,10,-1,-1
288.46182,584.73083,45.553223,43.409424,0.59188807,10,-1,-1
1164.2532,806.76904,67.96753,109.68933,0.5831375,2,-1,-1
201.49539,603.8394,28.639893,70.05292,0.57414156,1,-1,-1
347.63803,673.175,54.145355,122.82178,0.5632359,2,-1,-1
921.4038,601.38416,50.50769,52.42517,0.5511031,7,-1,-1
504.6709,903.0829,88.486206,175.74683,0.5490959,10,-1,-1
0.0,777.82385,185.90405,154.29181,0.54524904,8,-1,-1
513.0779,711.9132,57.454224,125.25641,0.54375595,1,-1,-1
797.4938,540.5248,31.375122,40.76654,0.5388896,7,-1,-1
1594.1053,786.7165,49.248047,29.28949,0.5355812,10,-1,-1
1079.7776,679.35345,27.250366,68.98218,0.531487,10,-1,-1
1149.8602,820.5192,90.49353,148.05585,0.52356166,10,-1,-1
130.29631,760.3548,39.158463,72.83539,0.50380343,1,-1,-1
628.3033,476.95395,50.497314,30.98648,0.48188776,4,-1,-1
922.4609,600.54333,48.77838,53.02942,0.48082674,10,-1,-1
63.650944,1003.8529,137.53436,74.71216,0.4787685,10,-1,-1
1014.4613,549.769,81.97681,55.26306,0.47339153,7,-1,-1
532.80804,715.5045,46.027893,106.1438,0.45630875,2,-1,-1
724.12384,675.4694,42.689697,59.121704,0.44948444,2,-1,-1
41.194313,912.53766,128.96188,165.63202,0.44630522,1,-1,-1
647.5359,432.66687,28.493042,49.833313,0.44294888,9,-1,-1
1008.6682,596.8532,23.59253,70.42059,0.4287102,1,-1,-1
507.6413,904.2979,79.141846,166.59247,0.42624965,2,-1,-1
296.2144,697.5928,70.68982,52.044556,0.42205223,3,-1,-1
116.26726,1024.9667,81.98399,53.616333,0.41640794,10,-1,-1
1067.5107,578.60376,20.464478,56.970276,0.41193122,1,-1,-1
120.88697,677.55096,160.51898,90.95038,0.41078663,10,-1,-1
0.0,777.82385,185.90405,154.29181,0.41061455,7,-1,-1
936.91864,563.3022,25.851318,51.08252,0.40894818,2,-1,-1
129.78548,760.7523,39.141235,71.54663,0.40825558,2,-1,-1
1015.3709,551.0835,84.47516,54.87921,0.40674174,4,-1,-1
120.59949,677.8436,156.03818,89.95288,0.4064157,8,-1,-1
1184.9374,819.83405,79.06775,139.6875,0.4036339,10,-1,-1
1872.5504,935.2794,43.955933,36.330322,0.40312368,3,-1,-1
1598.7086,771.3914,55.59436,31.670837,0.40146092,10,-1,-1
1076.8862,578.0446,21.124756,56.11432,0.3938859,1,-1,-1
606.64636,641.94775,45.942688,76.23242,0.38668475,1,-1,-1
801.04254,512.7263,45.798523,48.02722,0.3834332,8,-1,-1
535.9013,713.97345,42.05951,103.30621,0.38203058,1,-1,-1
313.8153,790.5803,108.73422,199.0957,0.38188592,7,-1,-1
1089.769,585.8045,22.01892,54.392273,0.38083327,1,-1,-1
1098.244,635.16656,29.78772,70.26807,0.3783319,1,-1,-1
150.64198,631.94196,38.19963,87.016235,0.37741002,2,-1,-1
709.7374,505.18884,47.703857,39.45392,0.3716738,4,-1,-1
1212.0942,757.3042,62.330444,137.22614,0.3670467,1,-1,-1
943.4665,580.3135,29.15741,48.197815,0.36585265,2,-1,-1
708.886,599.9366,33.597046,48.84961,0.36113238,10,-1,-1
1866.5132,992.47296,51.8302,84.24213,0.3564444,10,-1,-1
339.09152,688.91986,68.89267,112.950134,0.3518121,7,-1,-1
1152.4036,828.6785,56.113647,130.00977,0.35134944,3,-1,-1
358.5,571.98865,37.411224,32.33191,0.35045624,3,-1,-1
314.19745,786.5945,108.57733,201.4339,0.34685862,2,-1,-1
359.80698,579.7805,30.83548,47.419434,0.34584767,3,-1,-1
739.7904,482.91522,53.020874,35.758667,0.34453148,5,-1,-1
121.19304,677.15826,159.5981,92.2583,0.34419775,4,-1,-1
1228.2626,740.291,54.193726,135.44562,0.34173113,2,-1,-1
862.25684,594.8176,30.473145,42.761658,0.3397581,10,-1,-1
738.53766,483.09073,55.25244,33.895294,0.3391087,4,-1,-1
1054.429,580.02,22.712036,55.64331,0.33152658,1,-1,-1
513.0779,711.9132,57.454224,125.25641,0.33109012,2,-1,-1
28.792871,931.77,152.10858,144.69873,0.3302068,3,-1,-1
648.9,556.4956,42.63318,39.313293,0.33014303,10,-1,-1
1007.12573,558.0356,27.364258,47.292847,0.32828814,1,-1,-1
142.53111,656.9757,30.519455,64.774536,0.32642844,2,-1,-1
900.0743,539.18555,24.612976,48.206665,0.32553178,1,-1,-1
532.0967,740.54175,47.15161,92.68152,0.32326823,10,-1,-1
568.97815,540.0367,98.539185,62.0011,0.32306653,7,-1,-1
1097.6451,580.8998,22.6875,51.19507,0.32008368,1,-1,-1
876.76117,587.1526,30.014648,45.44287,0.31793272,10,-1,-1
1491.4927,650.1335,105.674805,66.70642,0.3147335,6,-1,-1
532.3394,733.5432,47.188232,92.85626,0.31404972,3,-1,-1
359.58673,573.7146,31.888123,40.294067,0.31183618,10,-1,-1
53.84081,997.19086,138.82773,81.161804,0.3117174,3,-1,-1
859.16235,576.0566,22.283081,55.038574,0.30949652,1,-1,-1
858.3264,572.1667,22.385193,56.43445,0.30943227,2,-1,-1
702.0321,504.64252,55.746277,41.685425,0.30766752,5,-1,-1
606.11957,657.32056,50.691162,94.387024,0.3025592,2,-1,-1
142.53111,656.9757,30.519455,64.774536,0.30147237,1,-1,-1
569.4474,619.01886,27.27124,64.689026,0.30072963,1,-1,-1
433.981,599.47003,34.165802,52.021423,0.29883844,10,-1,-1
202.52821,602.7666,26.654114,64.548035,0.29809764,2,-1,-1
512.4016,716.4628,55.403564,124.4989,0.29781467,10,-1,-1
647.5359,432.66687,28.493042,49.833313,0.29734683,5,-1,-1
1606.7577,810.78503,45.014893,34.68927,0.29675865,10,-1,-1
335.6841,703.1678,79.88513,107.1189,0.2966469,2,-1,-1
238.43147,750.18286,34.904007,79.984375,0.29474342,1,-1,-1
554.89825,627.5708,34.018738,59.47357,0.29243317,1,-1,-1
936.91864,563.3022,25.851318,51.08252,0.29240566,1,-1,-1
876.9896,585.95355,30.793945,44.078064,0.29126006,3,-1,-1
110.92027,1024.8673,94.93269,53.962402,0.2896927,3,-1,-1
512.2296,654.49554,26.433899,70.26068,0.2879172,1,-1,-1
571.3931,540.9847,93.448425,60.933105,0.28716493,8,-1,-1
801.04254,512.7263,45.798523,48.02722,0.28242573,7,-1,-1
504.0105,901.7016,87.615845,177.12811,0.2810664,3,-1,-1
627.8676,477.15598,48.17798,31.249023,0.27824634,5,-1,-1
1180.6389,805.8226,77.625854,126.68512,0.27504516,3,-1,-1
1188.595,802.22595,73.05188,137.68848,0.27468807,1,-1,-1
989.25085,519.731,45.847046,44.37793,0.27399325,4,-1,-1
1045.7245,604.1703,23.065796,68.51355,0.2732576,1,-1,-1
751.7295,475.85214,52.086975,31.219818,0.2710877,4,-1,-1
1102.5645,629.40967,215.03882,127.18945,0.27052632,6,-1,-1
344.54422,678.26135,58.050293,115.953674,0.2700694,1,-1,-1
583.52814,566.61676,68.170105,45.916992,0.26850438,7,-1,-1
1495.7366,654.5155,112.10486,61.72809,0.26824862,8,-1,-1
542.9462,758.57495,36.109924,76.3703,0.26557127,1,-1,-1
1152.1721,821.38416,63.626465,119.04834,0.26545936,2,-1,-1
1067.6027,579.1714,37.999878,45.483643,0.2613482,1,-1,-1
1158.196,810.476,69.563965,114.269165,0.26056218,3,-1,-1
1210.4894,779.0079,64.1582,145.71887,0.25970507,2,-1,-1
160.60066,658.18097,32.142136,71.7146,0.25791934,1,-1,-1
1008.6977,612.31604,24.841492,58.16455,0.25670564,10,-1,-1
1057.894,622.62164,113.02612,62.55847,0.25635847,7,-1,-1
943.4665,580.3135,29.15741,48.197815,0.25601885,1,-1,-1
250.14476,732.4204,38.77797,73.60443,0.25447965,2,-1,-1
864.814,584.2254,30.074646,46.1994,0.25444266,3,-1,-1
664.0772,553.8456,41.532288,37.808167,0.25435144,10,-1,-1
196.3069,630.4006,35.10428,89.92407,0.2525525,2,-1,-1
189.39082,619.2405,30.626282,76.26532,0.25020897,1,-1,-1
1163.17,805.83594,66.0282,108.29407,0.24713132,1,-1,-1
1084.9518,665.3281,31.209839,79.68158,0.2467376,1,-1,-1
1495.7366,654.5155,112.10486,61.72809,0.24663976,5,-1,-1
1011.229,554.3842,54.476074,48.88513,0.24468091,10,-1,-1
238.9885,750.8245,32.565582,78.525696,0.24433845,10,-1,-1
796.6608,534.87946,37.071167,43.47516,0.24389759,8,-1,-1
545.25275,758.5413,34.593567,77.50464,0.23960772,3,-1,-1
675.9048,530.02246,47.21924,40.98065,0.23906127,7,-1,-1
1099.5338,656.963,30.673706,86.46295,0.23778585,10,-1,-1
447.4813,598.719,35.928223,52.304565,0.23759979,10,-1,-1
876.7086,564.72314,24.219788,50.76831,0.23554808,10,-1,-1
550.88544,718.0614,27.362427,87.64441,0.23250699,2,-1,-1
552.3016,716.86743,25.96576,82.86078,0.23168817,1,-1,-1
1102.9374,628.5447,207.47498,123.991394,0.23145038,7,-1,-1
191.4272,604.27924,25.354156,61.916443,0.23143166,1,-1,-1
1602.9023,794.8853,47.921143,30.363708,0.23059022,10,-1,-1
1894.8597,888.14453,23.69983,57.10962,0.22944325,1,-1,-1
150.56943,661.4797,30.927383,67.829895,0.22846457,1,-1,-1
1088.5387,631.7563,33.208862,61.875122,0.22808027,1,-1,-1
522.5139,415.68692,30.34436,77.45328,0.22769445,6,-1,-1
876.7086,564.72314,24.219788,50.76831,0.2269859,1,-1,-1
887.9972,561.16516,33.60205,38.772156,0.2247481,10,-1,-1
508.01746,905.86224,79.254395,152.98773,0.22323343,1,-1,-1
709.7374,505.18884,47.703857,39.45392,0.22251874,8,-1,-1
1008.6682,596.8532,23.59253,70.42059,0.22124723,2,-1,-1
610.5063,581.0177,35.628235,36.977905,0.21851996,7,-1,-1
260.75735,584.7883,60.79471,39.835938,0.21668574,10,-1,-1
887.9972,561.16516,33.60205,38.772156,0.21509951,3,-1,-1
738.39606,483.53708,54.541565,35.578094,0.21439326,6,-1,-1
1579.3123,677.33484,73.654785,41.69879,0.2133246,10,-1,-1
122.73499,1026.4945,74.659935,51.509033,0.21201527,2,-1,-1
677.39233,507.20358,65.46307,37.719086,0.21170077,5,-1,-1
679.4302,508.35263,58.972046,36.037445,0.20951131,4,-1,-1
1591.7985,653.3707,68.76538,35.52014,0.20908469,10,-1,-1
602.47064,657.5774,52.865784,94.72247,0.20857781,7,-1,-1
858.669,580.7485,25.856934,50.382324,0.20775911,10,-1,-1
797.4938,540.5248,31.375122,40.76654,0.2075668,10,-1,-1
871.4901,566.09924,27.32904,50.4812,0.20630044,2,-1,-1
934.5433,591.6614,37.539856,52.922546,0.20598876,2,-1,-1
1014.00616,552.87665,36.786682,52.70343,0.20575026,1,-1,-1
684.46234,550.39105,76.35626,64.027466,0.20521855,7,-1,-1
538.7241,755.70514,41.770447,79.12811,0.20464882,2,-1,-1
576.23566,612.4477,44.294983,76.86188,0.2040653,1,-1,-1
700.137,677.69055,44.47284,52.215637,0.2024455,2,-1,-1
1569.3826,668.536,84.66846,49.599182,0.20181713,4,-1,-1
1053.3245,581.9439,30.29358,47.969116,0.20170486,10,-1,-1
1502.6753,655.63086,113.67969,61.040466,0.19984776,7,-1,-1
1045.146,587.1407,23.036987,60.406677,0.1993511,1,-1,-1
898.48126,534.88983,27.586304,48.431885,0.19750479,2,-1,-1
681.4859,677.39215,43.181152,48.61798,0.19643101,2,-1,-1
876.68805,563.76544,32.25641,42.20233,0.19613373,3,-1,-1
1084.9518,665.3281,31.209839,79.68158,0.19579807,10,-1,-1
519.78467,657.68756,32.482056,70.36542,0.19396183,10,-1,-1
1074.3265,554.5448,26.60144,57.01886,0.19348451,1,-1,-1
344.37573,674.3255,63.892365,119.75116,0.19348156,3,-1,-1
751.7295,475.85214,52.086975,31.219818,0.1934804,5,-1,-1
258.3292,585.72736,34.284546,37.298584,0.19318828,10,-1,-1
1098.477,596.8347,25.838745,48.28784,0.1922094,1,-1,-1
1061.9412,579.6278,33.96826,47.158813,0.19173849,10,-1,-1
33.450104,945.3371,149.47073,128.75055,0.19146112,10,-1,-1
723.4893,677.3535,41.5506,65.64508,0.19051641,1,-1,-1
336.0525,776.86993,76.178345,158.92236,0.18931234,1,-1,-1
718.49384,687.31824,37.520325,65.00037,0.18925557,2,-1,-1
460.9081,596.85144,29.934235,55.258728,0.18893483,10,-1,-1
1583.3281,663.806,74.46912,40.835693,0.18875995,10,-1,-1
930.2989,557.19415,26.605164,48.596558,0.18813145,1,-1,-1
1548.4104,654.39923,100.07092,57.177612,0.18805167,7,-1,-1
868.68304,576.3351,25.735962,54.363953,0.18716499,10,-1,-1
1324.3357,698.7389,28.15857,56.64685,0.18671554,1,-1,-1
1150.0638,815.7819,105.89307,149.62372,0.18639934,2,-1,-1
689.6323,445.35706,35.87671,32.650482,0.1860039,4,-1,-1
673.918,532.78156,47.4292,40.608948,0.1850124,10,-1,-1
837.5551,630.8278,35.855408,43.981995,0.1849443,10,-1,-1
519.34564,656.8603,32.564392,70.782166,0.18469805,1,-1,-1
1103.4001,644.37,27.460083,102.94318,0.18450898,2,-1,-1
513.0501,654.5758,27.017029,70.86047,0.1844506,2,-1,-1
1104.6818,626.8977,28.65564,57.58606,0.18423375,1,-1,-1
242.84476,738.0533,38.29883,70.58148,0.18412438,1,-1,-1
897.4098,544.86755,27.413818,45.322205,0.18286714,10,-1,-1
1149.8303,814.7295,98.93823,159.84668,0.18216038,3,-1,-1
597.6538,611.84576,40.573914,84.791016,0.18073049,2,-1,-1
1039.4867,554.50134,41.506104,55.476135,0.18050891,7,-1,-1
511.86108,760.1735,57.43445,101.17462,0.17988166,1,-1,-1
525.6847,888.88245,64.154175,112.10968,0.17975229,2,-1,-1
604.17505,658.7506,52.47589,95.1759,0.17943451,1,-1,-1
895.17957,547.99695,27.57306,45.187378,0.1792055,2,-1,-1
797.6191,540.20197,31.9469,40.420654,0.1791912,4,-1,-1
708.54645,505.01144,49.1416,40.0018,0.17843047,7,-1,-1
316.76398,579.08167,36.131073,38.324036,0.17827871,10,-1,-1
693.8216,505.19736,63.291504,40.220062,0.17792225,6,-1,-1
511.86108,760.1735,57.43445,101.17462,0.1776109,2,-1,-1
1086.7928,612.55884,27.773682,47.752014,0.17753547,1,-1,-1
1077.1715,627.1109,60.614502,50.023315,0.1769638,1,-1,-1
546.77673,636.63385,39.570557,54.255127,0.17480984,10,-1,-1
1007.12573,558.0356,27.364258,47.292847,0.17427993,10,-1,-1
594.4706,632.2017,49.660767,100.10217,0.1741938,2,-1,-1
550.0553,636.6062,33.44812,52.68872,0.17341164,2,-1,-1
1224.463,717.0906,22.10022,73.68555,0.17327976,1,-1,-1
192.73366,646.94916,29.085419,79.22449,0.1730482,1,-1,-1
1007.12573,558.0356,27.364258,47.292847,0.17080581,2,-1,-1
0.520036,806.44653,45.381798,35.53192,0.17051148,1,-1,-1
35.01803,903.7375,140.21759,166.90948,0.16979161,8,-1,-1
1596.983,535.66455,23.794922,46.43579,0.16660833,1,-1,-1
518.62555,760.28925,58.103333,88.72168,0.16531229,3,-1,-1
859.37006,592.1161,28.281555,46.08972,0.16432405,3,-1,-1
1067.5107,578.60376,20.464478,56.970276,0.16385415,2,-1,-1
640.90063,553.9573,44.743103,40.5224,0.16346881,7,-1,-1
635.7821,537.792,34.438416,42.562195,0.16319591,1,-1,-1
987.49817,519.11066,47.006958,45.079956,0.16312242,7,-1,-1
429.01935,585.99347,43.330933,40.45282,0.16268805,10,-1,-1
1033.1116,596.0169,20.510864,62.90204,0.1625798,1,-1,-1
684.46234,550.39105,76.35626,64.027466,0.16238368,10,-1,-1
354.92175,569.98285,42.14554,30.32019,0.16228646,10,-1,-1
1098.7002,617.3506,27.492065,48.843994,0.16156012,1,-1,-1
577.7888,389.66965,37.65155,33.37686,0.16155237,5,-1,-1
545.0354,641.97876,30.44165,61.374146,0.16127646,1,-1,-1
357.62976,570.51434,38.977478,31.988098,0.16048875,7,-1,-1
577.7888,389.66965,37.65155,33.37686,0.16046676,4,-1,-1
1062.0497,565.6788,31.216553,60.181824,0.16015422,1,-1,-1
1090.4348,581.00256,21.466553,54.32721,0.16015336,2,-1,-1
1109.349,596.0307,26.695312,44.03943,0.15910867,1,-1,-1
1584.7756,763.48096,56.579224,31.545593,0.15809247,10,-1,-1
934.5433,591.6614,37.539856,52.922546,0.15808547,1,-1,-1
153.50743,626.9648,39.275085,78.93732,0.15609905,4,-1,-1
1052.2639,580.5841,22.649536,58.773926,0.15605426,2,-1,-1
1079.7595,682.8937,27.63733,66.52368,0.1559813,3,-1,-1
1057.6844,623.30365,112.33594,61.51123,0.1545488,8,-1,-1
515.6756,710.0944,56.14789,118.41162,0.15454626,3,-1,-1
641.257,477.25113,66.62537,30.124542,0.15440771,4,-1,-1
864.814,584.2254,30.074646,46.1994,0.15328208,2,-1,-1
513.0501,654.5758,27.017029,70.86047,0.15239131,10,-1,-1
689.6323,445.35706,35.87671,32.650482,0.15215892,5,-1,-1
129.38907,748.91534,32.668823,61.103516,0.15185985,1,-1,-1
717.8,592.384,36.298157,43.509766,0.15134746,10,-1,-1
1153.8263,818.1674,64.59204,135.56714,0.15132725,1,-1,-1
197.05719,679.1385,33.204636,58.18457,0.15116161,1,-1,-1
518.98083,658.3815,33.22461,70.69507,0.14990026,2,-1,-1
538.35547,786.1295,39.575867,70.07794,0.14987376,10,-1,-1
150.56943,661.4797,30.927383,67.829895,0.14894825,2,-1,-1
998.0099,534.564,40.832397,41.391663,0.14854872,10,-1,-1
1076.8862,578.0446,21.124756,56.11432,0.14823288,2,-1,-1
697.1694,499.09134,51.279053,37.421234,0.14822945,4,-1,-1
1037.4092,565.5177,32.87195,51.866333,0.14809984,1,-1,-1
704.52515,689.8696,39.095825,65.91431,0.14684975,2,-1,-1
332.08334,771.8404,82.22223,153.24158,0.14677796,7,-1,-1
120.62817,677.0536,162.63693,93.06024,0.14666024,6,-1,-1
549.4925,721.96765,30.173462,88.66168,0.14619982,3,-1,-1
1041.3213,564.22736,60.25232,42.864563,0.14566895,1,-1,-1
906.10724,493.04874,37.15161,33.190826,0.14555061,10,-1,-1
520.78906,614.3151,58.793823,103.754456,0.14545545,7,-1,-1
37.453033,911.44543,136.49397,164.10327,0.14540789,4,-1,-1
598.9827,619.0904,45.030273,96.4884,0.1452291,10,-1,-1
1504.6769,654.21356,114.604126,60.829224,0.14517191,4,-1,-1
710.23175,495.82944,61.788513,38.620087,0.14490631,5,-1,-1
1052.0217,574.06067,26.480957,51.56476,0.14418405,7,-1,-1
868.68304,576.3351,25.735962,54.363953,0.1440759,1,-1,-1
876.7086,564.72314,24.219788,50.76831,0.14321837,7,-1,-1
603.9079,655.4477,50.473083,92.884705,0.14285848,3,-1,-1
