373.06512,955.5466,94.28815,70.63837,0.9999996,4,-1,-1
704.0717,775.0544,74.96912,60.51471,0.9999937,4,-1,-1
841.3358,854.20844,71.48816,55.505554,0.9999778,4,-1,-1
948.2159,629.043,52.613953,45.9292,0.99996996,4,-1,-1
1738.4386,894.28973,45.144043,58.86908,0.9998833,4,-1,-1
1681.8157,881.6128,44.752808,61.258667,0.99971986,4,-1,-1
1631.4808,918.0222,47.528687,75.5603,0.9994608,4,-1,-1
1484.0411,947.9058,57.376953,56.481384,0.9993957,4,-1,-1
1445.1444,1036.445,60.553345,42.384766,0.9993398,4,-1,-1
1861.4863,976.36914,50.089966,73.32593,0.9992862,4,-1,-1
69.10342,984.4246,122.72079,72.066956,0.9979221,4,-1,-1
1742.8462,939.74835,52.539917,83.00238,0.99772453,4,-1,-1
1684.789,937.6446,46.542603,76.61102,0.9973212,4,-1,-1
1847.27,919.8663,49.64673,60.205933,0.9962349,4,-1,-1
1796.413,909.0517,43.055298,59.892334,0.9958527,4,-1,-1
1594.0787,671.14856,37.474487,43.310974,0.99556315,4,-1,-1
1627.4302,704.2581,45.89807,48.466003,0.9937881,4,-1,-1
1857.82,820.30615,45.680176,52.6969,0.99347985,4,-1,-1
1804.88,965.115,47.376587,72.516235,0.9934658,4,-1,-1
1714.9244,783.54663,37.909058,56.616272,0.9860946,4,-1,-1
1855.0303,696.882,40.121216,39.71808,0.97645295,4,-1,-1
1844.3547,766.71155,38.360962,52.624573,0.97544926,4,-1,-1
1796.0214,762.5992,37.375,39.727356,0.95826197,4,-1,-1
1810.1482,800.25397,37.250854,55.276672,0.9557342,4,-1,-1
1762.2297,794.7537,33.66382,50.12909,0.95516205,4,-1,-1
1817.1654,687.02246,37.276855,44.331543,0.9329486,4,-1,-1
93.91416,696.6794,65.1363,41.57556,0.9219701,4,-1,-1
1846.4047,665.90045,37.066895,37.853638,0.91673887,4,-1,-1
1887.5173,666.69147,31.042236,43.357178,0.89336073,4,-1,-1
1896.4974,932.5478,22.062134,53.889343,0.8916137,4,-1,-1
1804.7618,654.3282,37.174927,37.757507,0.8792375,4,-1,-1
1852.3595,599.88684,31.330566,37.890564,0.87062895,4,-1,-1
1806.9171,593.6843,36.497925,37.754395,0.86032474,4,-1,-1
1781.679,682.0165,33.531616,43.636597,0.8550782,4,-1,-1
1706.5626,745.4513,35.513306,41.498535,0.8361018,4,-1,-1
1115.9214,523.03674,37.764526,31.908142,0.83181965,4,-1,-1
1554.6038,848.80255,72.97583,63.233826,0.82528853,5,-1,-1
1739.4143,673.30615,32.235107,42.045166,0.7923784,4,-1,-1
1755.1078,582.70465,33.37732,38.686523,0.69001204,4,-1,-1
1769.5789,643.48737,32.170776,38.58551,0.683722,4,-1,-1
1751.068,752.7279,36.65808,40.984863,0.6819989,4,-1,-1
1778.5862,504.66113,33.93921,50.013367,0.6729477,4,-1,-1
1736.9575,910.7316,49.789673,71.49597,0.64323574,4,-1,-1
1889.6447,784.87823,28.914917,42.58319,0.60928136,4,-1,-1
1748.7894,500.61246,31.639648,47.882904,0.55293673,4,-1,-1
1702.7637,497.40643,41.03943,29.181274,0.47713363,4,-1,-1
1809.2562,512.1975,37.8667,44.40625,0.47647855,5,-1,-1
1837.4783,511.75082,37.120117,33.89151,0.4748955,4,-1,-1
1881.9938,532.3264,30.425537,35.53064,0.4660473,4,-1,-1
1673.5928,558.57825,31.824463,35.346558,0.44490543,4,-1,-1
1786.5967,562.2623,37.519287,33.51776,0.44364798,4,-1,-1
1817.9806,573.4322,36.95227,33.87317,0.43047196,4,-1,-1
1809.3688,512.6548,38.61389,44.66742,0.41876018,4,-1,-1
1884.2764,578.06696,32.402832,34.979492,0.4013254,4,-1,-1
1662.2023,612.03217,33.095947,36.75171,0.35899287,4,-1,-1
1779.1387,505.15085,33.947754,49.5394,0.33623552,5,-1,-1
597.6871,520.1218,64.694885,24.14154,0.3277406,4,-1,-1
1859.5118,518.438,33.76062,37.668884,0.32560724,4,-1,-1
1661.9971,612.0259,32.63806,37.12799,0.317631,6,-1,-1
1740.4728,555.51855,41.220215,32.35382,0.29240507,4,-1,-1
1851.7227,511.42392,40.505127,30.130829,0.2830317,4,-1,-1
1842.0116,519.45703,35.25403,40.177002,0.2795697,4,-1,-1
1554.3947,848.66595,73.80737,62.941406,0.25846767,1,-1,-1
1811.3507,578.62714,36.176025,38.694824,0.24253824,4,-1,-1
1754.1332,582.4148,34.18579,38.92285,0.23530301,5,-1,-1
1748.8768,500.37106,32.240967,48.517487,0.23520061,5,-1,-1
1806.9171,593.6843,36.497925,37.754395,0.23152417,5,-1,-1
1896.4479,704.0563,22.111694,37.58673,0.2236231,4,-1,-1
1683.1492,899.609,47.826416,73.38025,0.22023585,4,-1,-1
1717.1738,584.5924,36.259766,39.51654,0.21700117,4,-1,-1
1881.2025,532.1485,30.469116,35.749695,0.2161088,5,-1,-1
1842.0116,519.45703,35.25403,40.177002,0.21330711,5,-1,-1
1738.0244,659.1673,33.257446,40.21173,0.21148902,4,-1,-1
1852.9386,592.9232,32.512207,40.825073,0.20892921,5,-1,-1
1816.7821,686.32733,37.05127,44.31433,0.20832053,5,-1,-1
1769.5789,643.48737,32.170776,38.58551,0.19868559,5,-1,-1
1742.7343,938.91754,55.710693,83.03363,0.19112226,5,-1,-1
1756.1012,643.555,36.222412,35.481567,0.19081917,4,-1,-1
1787.9913,655.2393,38.64978,34.62317,0.1870803,4,-1,-1
1748.4385,752.32745,37.565308,42.67383,0.18535167,5,-1,-1
1787.2509,560.07635,35.321167,36.125305,0.1845065,5,-1,-1
1730.4701,644.29926,35.31958,33.573425,0.18404931,4,-1,-1
1732.8889,620.5812,37.700073,34.875854,0.17721877,5,-1,-1
1554.665,850.02966,72.72241,61.38568,0.17441803,4,-1,-1
1790.7378,685.70807,35.84558,41.237,0.17419308,4,-1,-1
1594.2238,1054.6918,55.310425,24.13794,0.17271954,4,-1,-1
1661.709,613.37604,33.609375,36.340393,0.1712336,7,-1,-1
1139.1204,447.5507,35.69226,28.807373,0.16541865,5,-1,-1
1894.8877,604.6276,23.671875,40.29541,0.16487038,5,-1,-1
1684.1094,936.5834,52.44214,81.47015,0.15558627,5,-1,-1
1742.0304,555.7309,39.904785,32.212463,0.15496817,5,-1,-1
1874.6555,929.2908,40.987793,58.375244,0.15372705,4,-1,-1
1896.7302,607.9016,21.829346,39.544678,0.1530692,4,-1,-1
1828.466,441.65228,45.644287,33.485474,0.15246749,4,-1,-1
1716.0809,746.5471,44.092163,42.23993,0.1501621,4,-1,-1
1842.6509,521.6905,37.00525,39.745667,0.1490039,6,-1,-1
1859.5118,518.438,33.76062,37.668884,0.1486924,5,-1,-1
1892.4993,682.2436,26.060303,43.846436,0.1465325,4,-1,-1
1837.7992,598.52966,37.14331,36.06433,0.14552253,4,-1,-1
1716.371,935.9695,55.191162,85.06476,0.14005527,4,-1,-1
1768.6255,503.08514,34.611206,48.237915,0.13990545,5,-1,-1
1717.1738,584.5924,36.259766,39.51654,0.1388858,5,-1,-1
1809.2562,512.1975,37.8667,44.40625,0.13882232,6,-1,-1
1849.7462,577.41144,33.389893,36.378784,0.13605464,4,-1,-1
1732.8889,620.5812,37.700073,34.875854,0.13560021,4,-1,-1
1874.6296,700.8003,35.05188,36.661926,0.13158122,4,-1,-1
1730.7404,641.3575,34.353394,35.159546,0.13101402,5,-1,-1
1826.0087,451.46335,38.09082,28.404602,0.13067162,4,-1,-1
1074.4553,282.61746,44.87793,23.662872,0.12861183,6,-1,-1
1731.2534,544.2923,40.512695,36.308777,0.12627104,4,-1,-1
1708.7952,591.2284,32.444946,39.808594,0.12346572,4,-1,-1
1887.7194,666.3874,30.84021,43.15558,0.12257561,5,-1,-1
1714.4515,783.4308,38.409912,56.751892,0.12155616,1,-1,-1
1750.475,565.0797,34.811768,39.30005,0.120584935,4,-1,-1
1420.3688,428.92972,36.627197,31.199371,0.12020308,6,-1,-1
1706.4235,745.281,36.07727,41.55945,0.11973375,5,-1,-1
1901.4517,830.17145,17.10791,54.95575,0.11946595,4,-1,-1
1750.7166,514.90936,31.92212,48.093994,0.11900666,4,-1,-1
1781.4275,682.38794,33.711914,43.554626,0.114931256,5,-1,-1
1774.9941,662.6152,35.59143,50.43817,0.1149081,4,-1,-1
1807.3983,593.8727,35.24243,38.31189,0.11485532,8,-1,-1
1828.466,441.65228,45.644287,33.485474,0.11428824,5,-1,-1
1806.7657,568.7693,41.43457,33.086487,0.11424428,4,-1,-1
1750.475,565.0797,34.811768,39.30005,0.11341229,5,-1,-1
1853.3513,527.3001,41.277466,36.292725,0.11143091,6,-1,-1
1801.3928,957.6878,54.038452,79.3443,0.11126599,5,-1,-1
1865.7505,578.55316,34.20874,31.753845,0.10894787,4,-1,-1
1070.4883,285.85205,38.854126,27.945831,0.10680339,9,-1,-1
1661.6942,610.65186,33.238403,38.849854,0.10639557,5,-1,-1
1738.0244,659.1673,33.257446,40.21173,0.105167985,5,-1,-1
1818.1682,572.9786,37.293213,34.555237,0.104911566,5,-1,-1
1624.9075,768.035,36.52942,47.016113,0.10355982,4,-1,-1
1109.0378,272.41864,47.368164,25.412994,0.10137051,6,-1,-1
1837.4783,511.75082,37.120117,33.89151,0.10127425,5,-1,-1
1708.7952,591.2284,32.444946,39.808594,0.101174176,5,-1,-1
1088.1896,279.93713,43.808716,24.65683,0.09649065,6,-1,-1
1727.7783,610.6579,34.538574,41.602966,0.09504962,6,-1,-1
1769.7877,756.9245,42.74878,42.190918,0.09435749,4,-1,-1
1787.5327,541.72516,32.77063,44.76349,0.09409279,5,-1,-1
1832.2076,433.93735,54.995117,35.11685,0.093120575,5,-1,-1
1765.9083,678.32794,37.42102,39.54779,0.092618644,4,-1,-1
1756.1012,643.555,36.222412,35.481567,0.09253508,5,-1,-1
1750.7166,514.90936,31.92212,48.093994,0.091900945,5,-1,-1
1754.1332,582.4148,34.18579,38.92285,0.09166756,6,-1,-1
1806.2723,594.8,37.3396,37.554443,0.09141913,1,-1,-1
1661.9971,612.0259,32.63806,37.12799,0.09053847,8,-1,-1
1739.8547,673.25726,31.747192,42.172302,0.09007919,5,-1,-1
1071.7366,289.12686,42.350952,26.206848,0.08979115,6,-1,-1
1755.1078,582.70465,33.37732,38.686523,0.08958316,1,-1,-1
1804.141,965.179,47.62207,72.38739,0.08808446,10,-1,-1
1811.3507,578.62714,36.176025,38.694824,0.08738142,5,-1,-1
1755.1078,582.70465,33.37732,38.686523,0.08691177,8,-1,-1
1766.688,502.03058,34.966797,50.563965,0.0867787,4,-1,-1
1842.0116,519.45703,35.25403,40.177002,0.086400926,9,-1,-1
1747.8921,500.2596,31.449951,48.69516,0.08595812,6,-1,-1
1624.7646,775.03326,33.459595,52.726807,0.08536625,5,-1,-1
1857.5992,820.47327,45.51233,52.379395,0.08504593,1,-1,-1
1706.4235,745.281,36.07727,41.55945,0.084347725,1,-1,-1
1728.3627,560.0608,35.16284,43.304016,0.084002465,4,-1,-1
1722.3185,632.29333,36.570557,37.815918,0.08357653,4,-1,-1
1781.381,682.1499,33.940918,43.588074,0.083206266,1,-1,-1
1706.4235,745.281,36.07727,41.55945,0.08252621,8,-1,-1
1829.9509,432.9307,59.58911,36.95169,0.08249247,6,-1,-1
1731.2534,544.2923,40.512695,36.308777,0.08162853,5,-1,-1
1631.9142,760.9797,37.01953,45.02362,0.08033088,4,-1,-1
1755.1078,582.70465,33.37732,38.686523,0.080171764,7,-1,-1
1717.6914,551.6642,38.28369,36.423706,0.07981956,4,-1,-1
1630.4064,766.8704,37.330322,47.7135,0.07931498,5,-1,-1
1781.824,799.0393,46.586304,48.462524,0.079063594,4,-1,-1
1769.5789,643.48737,32.170776,38.58551,0.078927785,8,-1,-1
1717.4849,584.00323,35.90979,40.2063,0.07891023,6,-1,-1
1744.195,636.0198,40.590332,35.346924,0.07866651,4,-1,-1
1831.6101,577.5101,34.413452,45.164368,0.07855645,4,-1,-1
1881.8549,529.8797,29.560303,38.94275,0.07829285,6,-1,-1
1139.1204,447.5507,35.69226,28.807373,0.07787591,4,-1,-1
1706.7694,760.1044,38.47107,51.63794,0.07750082,4,-1,-1
1724.4224,604.10175,40.565308,51.18988,0.075873286,5,-1,-1
1115.9214,523.03674,37.764526,31.908142,0.075446784,5,-1,-1
1830.1039,562.9966,31.56482,42.12262,0.07544592,4,-1,-1
1767.4059,653.07715,30.866089,46.685425,0.07529822,4,-1,-1
1769.9739,643.0585,32.1604,39.18756,0.07461032,1,-1,-1
94.559555,695.2165,88.14702,43.876892,0.07454854,6,-1,-1
1717.5503,566.71423,33.421143,45.50769,0.07450798,4,-1,-1
1892.4993,682.2436,26.060303,43.846436,0.0743714,5,-1,-1
1890.0713,519.1237,28.310059,41.69861,0.07421619,5,-1,-1
1662.2406,717.38727,29.16919,43.177795,0.07388598,4,-1,-1
1747.9352,751.23364,39.354736,44.95111,0.07384187,1,-1,-1
1742.9143,555.4855,39.220947,33.869263,0.07363537,6,-1,-1
1762.3505,791.6291,33.78076,49.12903,0.07356873,5,-1,-1
1717.5503,566.71423,33.421143,45.50769,0.073186606,5,-1,-1
1890.0713,519.1237,28.310059,41.69861,0.073015064,4,-1,-1
1769.9739,643.0585,32.1604,39.18756,0.07135615,6,-1,-1
1744.9388,574.16833,35.61487,42.64734,0.07121235,4,-1,-1
1737.0417,621.914,34.134888,37.71466,0.07120785,6,-1,-1
1697.6122,597.5129,33.12439,35.985962,0.07105026,4,-1,-1
1776.295,663.64923,33.54431,45.20874,0.07093015,5,-1,-1
1779.4154,504.47757,33.37439,50.517303,0.070501715,6,-1,-1
1817.1772,686.7384,37.102295,44.70587,0.06977731,1,-1,-1
1718.8999,607.6842,37.396606,39.60608,0.069550306,4,-1,-1
1739.6554,674.8588,32.666992,40.880615,0.06948927,6,-1,-1
1778.5862,504.66113,33.93921,50.013367,0.06929916,1,-1,-1
1074.4553,282.61746,44.87793,23.662872,0.06882614,9,-1,-1
69.10342,984.4246,122.72079,72.066956,0.06813583,1,-1,-1
1830.0958,431.62225,57.901978,37.562775,0.06773463,4,-1,-1
1809.2562,512.1975,37.8667,44.40625,0.06745392,9,-1,-1
1805.1597,653.60187,36.73889,39.036987,0.067453325,5,-1,-1
1704.2141,605.5127,33.752808,40.04602,0.06700081,4,-1,-1
1109.0378,272.41864,47.368164,25.412994,0.06674352,9,-1,-1
1847.27,919.8663,49.64673,60.205933,0.06666556,1,-1,-1
1787.5327,541.72516,32.77063,44.76349,0.066346854,4,-1,-1
1796.1111,571.0975,40.578613,35.481995,0.06563267,4,-1,-1
1769.9739,643.0585,32.1604,39.18756,0.06550896,7,-1,-1
1851.1161,668.96594,37.007812,37.409668,0.06516686,5,-1,-1
1716.8397,544.5481,45.605347,29.950012,0.065075934,4,-1,-1
1855.3345,572.7522,30.91809,39.021423,0.06506401,5,-1,-1
1807.3983,593.8727,35.24243,38.31189,0.064775646,6,-1,-1
1733.2251,637.62036,36.0188,36.464233,0.06400743,6,-1,-1
1881.8549,529.8797,29.560303,38.94275,0.06399804,9,-1,-1
1809.3688,512.6548,38.61389,44.66742,0.06338927,1,-1,-1
1890.0428,787.12646,28.516724,45.558228,0.06337625,5,-1,-1
1884.2764,578.06696,32.402832,34.979492,0.063370824,5,-1,-1
1826.0087,451.46335,38.09082,28.404602,0.06290263,10,-1,-1
1803.4673,654.7477,38.86487,37.029663,0.06261498,1,-1,-1
1719.1691,600.1578,33.294434,43.355225,0.062562674,5,-1,-1
1126.4409,329.70624,45.23401,25.468933,0.06249845,4,-1,-1
1673.7294,559.1671,31.434326,35.38263,0.062476575,5,-1,-1
1827.2067,450.87912,39.5448,28.746765,0.062294394,7,-1,-1
1720.9689,652.41516,30.441284,42.6286,0.061780244,4,-1,-1
1820.8173,531.05927,31.996948,42.478333,0.05982676,5,-1,-1
1661.6942,610.65186,33.238403,38.849854,0.059702396,9,-1,-1
1810.081,800.15515,37.288452,55.261475,0.05965534,1,-1,-1
1733.2831,507.79602,31.227417,44.125122,0.059016913,4,-1,-1
1729.2341,622.6494,34.228638,36.056885,0.058928102,9,-1,-1
1851.7227,511.42392,40.505127,30.130829,0.058850765,5,-1,-1
1556.1346,849.4709,80.84863,62.48108,0.058815062,8,-1,-1
1821.3798,557.66064,33.482178,40.822937,0.058229923,5,-1,-1
1856.3386,527.00775,32.21167,42.49048,0.058049083,5,-1,-1
1856.4229,520.0829,33.270508,40.601624,0.058002472,9,-1,-1
1867.6323,521.8983,34.813477,43.283386,0.057799995,4,-1,-1
1732.8889,620.5812,37.700073,34.875854,0.057527512,7,-1,-1
93.99776,696.57227,74.10678,42.613647,0.05747798,5,-1,-1
1708.7952,591.2284,32.444946,39.808594,0.057311922,6,-1,-1
1733.2251,637.62036,36.0188,36.464233,0.05725023,7,-1,-1
1756.1012,643.555,36.222412,35.481567,0.05707544,7,-1,-1
1762.4199,794.6832,33.596313,50.70404,0.056856632,1,-1,-1
1728.3627,560.0608,35.16284,43.304016,0.056411535,5,-1,-1
1837.4783,511.75082,37.120117,33.89151,0.056110024,6,-1,-1
1852.6313,599.67975,32.505127,38.641235,0.056006193,1,-1,-1
1554.0833,848.947,74.85498,62.510437,0.055790484,10,-1,-1
1809.3527,419.50372,48.54004,33.411835,0.055344343,4,-1,-1
1747.8921,500.2596,31.449951,48.69516,0.05512792,1,-1,-1
1484.3136,947.2092,57.471924,56.667847,0.05481586,1,-1,-1
1834.9797,536.75995,31.982422,42.051453,0.05472964,5,-1,-1
1796.413,909.0517,43.055298,59.892334,0.05443585,1,-1,-1
1623.9357,787.091,36.20276,62.613464,0.0542852,4,-1,-1
1088.1896,279.93713,43.808716,24.65683,0.05424413,9,-1,-1
1826.0087,451.46335,38.09082,28.404602,0.053669065,5,-1,-1
1804.737,965.37067,47.6781,72.86627,0.05348444,1,-1,-1
1679.0793,563.9951,38.1416,32.595337,0.053180665,4,-1,-1
1093.7869,273.5053,49.2865,26.1586,0.053160787,6,-1,-1
1739.6554,674.8588,32.666992,40.880615,0.053073406,10,-1,-1
1867.6323,521.8983,34.813477,43.283386,0.052497625,5,-1,-1
1739.6554,674.8588,32.666992,40.880615,0.052412093,8,-1,-1
1807.3983,593.8727,35.24243,38.31189,0.052321434,10,-1,-1
1717.4369,583.7694,35.665405,40.77954,0.051909864,9,-1,-1
1748.4305,635.41486,36.392334,38.391113,0.051727176,5,-1,-1
1862.0289,517.07495,34.77002,36.431213,0.051233202,6,-1,-1
1821.3798,557.66064,33.482178,40.822937,0.050883353,4,-1,-1
1732.5631,521.64197,29.909546,43.38623,0.05083379,4,-1,-1
1126.4409,329.70624,45.23401,25.468933,0.050726622,6,-1,-1
1863.404,671.45013,35.019897,42.695557,0.050575078,4,-1,-1
1110.3638,273.64603,43.594482,27.918274,0.050340503,4,-1,-1
1740.4728,555.51855,41.220215,32.35382,0.050188005,7,-1,-1
1786.814,560.3812,37.73474,33.36676,0.05013454,6,-1,-1
1452.575,132.50377,46.59131,26.087982,0.050129503,6,-1,-1
1631.9532,788.822,32.906372,54.414978,0.050081193,5,-1,-1
1810.6549,526.00836,33.41858,43.755554,0.050020546,5,-1,-1
