392.7661,29.697245,117.04617,93.80139,0.9999993,4,-1,-1
28.892498,342.30402,85.607666,140.67831,0.99998736,4,-1,-1
267.26535,0.0,39.97632,46.521427,0.99980927,6,-1,-1
404.4635,187.46172,103.849915,113.2881,0.9972292,4,-1,-1
389.32986,394.1477,101.42813,120.18652,0.9950874,4,-1,-1
439.0837,3.298011,49.796997,24.286732,0.6400247,10,-1,-1
384.457,391.6238,114.87015,130.67795,0.50427306,5,-1,-1
329.25134,0.3167711,52.2558,20.852709,0.30751276,4,-1,-1
391.484,187.38573,56.986603,33.58763,0.29420578,4,-1,-1
334.96545,274.02863,76.503815,75.344666,0.2674591,4,-1,-1
438.72095,3.2062964,49.753113,24.247253,0.2121304,3,-1,-1
313.81033,302.93372,90.60608,68.774475,0.13653395,4,-1,-1
388.65335,187.46986,59.36679,34.256027,0.12455943,1,-1,-1
391.484,187.38573,56.986603,33.58763,0.1097008,9,-1,-1
314.37665,266.99664,11.759399,25.915405,0.10198066,1,-1,-1
384.457,391.6238,114.87015,130.67795,0.09263942,6,-1,-1
384.457,391.6238,114.87015,130.67795,0.09222311,9,-1,-1
343.39307,239.37515,69.50784,91.2558,0.09145677,4,-1,-1
281.55347,410.26776,52.628967,119.84894,0.08809981,4,-1,-1
336.67282,265.10275,76.85147,85.05435,0.08549136,5,-1,-1
391.484,187.38573,56.986603,33.58763,0.08346677,5,-1,-1
281.55347,410.26776,52.628967,119.84894,0.08183643,5,-1,-1
292.98242,307.51923,87.68359,80.35681,0.08085349,4,-1,-1
290.98416,310.8994,74.76001,86.77542,0.07520911,8,-1,-1
324.48026,296.81656,89.144196,67.53781,0.0697681,5,-1,-1
68.342896,0.012936245,55.144295,15.294781,0.066747874,4,-1,-1
329.985,0.2790825,51.65796,19.285677,0.061653495,5,-1,-1
292.98242,307.51923,87.68359,80.35681,0.059682965,5,-1,-1
281.55347,410.26776,52.628967,119.84894,0.05851242,6,-1,-1
439.01233,1.4114474,20.096405,24.52733,0.05850029,1,-1,-1
438.72095,3.2062964,49.753113,24.247253,0.055855334,7,-1,-1
299.09995,305.64975,96.36673,72.333466,0.055618078,8,-1,-1
67.53224,0.0,57.907745,16.360058,0.05436021,1,-1,-1
417.70535,206.60782,92.74948,96.12787,0.053349823,1,-1,-1
446.06696,3.9093895,41.623505,23.534414,0.050649196,1,-1,-1
