341.47818,555.40295,110.91803,124.757385,0.99999964,4,-1,-1
848.86383,650.03076,103.22272,112.39276,0.99998134,4,-1,-1
653.1595,349.51498,37.104492,36.30237,0.9999114,4,-1,-1
1266.8036,496.61957,92.17615,68.942505,0.9997648,4,-1,-1
541.63245,330.26035,42.430786,40.88083,0.99953514,4,-1,-1
987.1126,293.91666,39.1994,39.78009,0.9877679,4,-1,-1
897.45483,260.55338,63.789673,23.896576,0.9855417,4,-1,-1
1175.7378,486.22617,121.42554,92.858,0.9593502,5,-1,-1
597.9913,265.7271,23.402039,25.818024,0.84478945,4,-1,-1
1099.5872,453.3381,119.77673,63.45169,0.83199096,5,-1,-1
925.7613,485.59302,74.02771,63.3927,0.8304745,5,-1,-1
925.93066,484.18994,76.98114,63.651978,0.76629114,4,-1,-1
1089.9183,432.57956,88.91516,45.858063,0.6156006,5,-1,-1
746.53973,286.71606,26.542542,29.596863,0.5719722,6,-1,-1
919.4768,344.92087,86.83923,54.329712,0.557485,6,-1,-1
1080.8516,518.601,16.159302,43.30841,0.5337344,1,-1,-1
735.1015,535.16876,40.09082,72.35516,0.50768495,6,-1,-1
735.6525,535.1599,39.6687,71.337524,0.4977012,7,-1,-1
887.23834,253.58107,45.592102,19.407333,0.48958346,4,-1,-1
555.32745,233.7592,26.83728,29.601517,0.48500106,4,-1,-1
1053.7289,513.7392,20.49414,35.8302,0.45564386,1,-1,-1
555.2878,234.50066,26.987305,28.897018,0.3954848,5,-1,-1
896.01605,233.11354,50.258118,18.832123,0.39289367,4,-1,-1
653.44867,273.73886,29.172546,24.04361,0.3896392,4,-1,-1
1208.2207,431.52072,16.515503,42.722443,0.3855292,1,-1,-1
1098.5354,453.77902,120.859985,62.500824,0.38336095,4,-1,-1
735.2858,535.5754,38.42395,70.70776,0.3769203,8,-1,-1
1250.9556,665.8337,21.988403,32.947327,0.35540807,1,-1,-1
1143.3267,393.62805,33.52124,20.392395,0.35398513,10,-1,-1
1223.6484,441.03394,22.442871,37.763214,0.30714452,1,-1,-1
1089.0037,431.83142,87.416626,43.99115,0.29721975,4,-1,-1
1175.0441,486.07358,122.05896,93.724335,0.29684055,4,-1,-1
896.01605,233.11354,50.258118,18.832123,0.2740873,5,-1,-1
716.81116,580.273,19.711853,38.407104,0.24614081,2,-1,-1
1244.663,413.24493,21.634888,31.360382,0.23874658,1,-1,-1
1094.744,440.5683,101.03882,50.478394,0.22887003,4,-1,-1
717.3302,580.07794,19.49469,38.749146,0.22493374,1,-1,-1
653.655,273.628,28.886719,23.772247,0.22486848,8,-1,-1
1143.3267,393.62805,33.52124,20.392395,0.22363168,7,-1,-1
572.72534,225.05647,25.487,22.96408,0.22353917,4,-1,-1
1170.516,439.23828,18.016968,33.496796,0.22117022,1,-1,-1
1208.2544,432.56274,16.88684,42.193176,0.21235976,10,-1,-1
731.84656,251.24449,26.661682,21.808578,0.21038172,4,-1,-1
653.20917,274.0332,29.620483,24.126984,0.2062853,7,-1,-1
199.16078,407.37064,27.729858,25.050354,0.20198643,7,-1,-1
746.53973,286.71606,26.542542,29.596863,0.20005023,8,-1,-1
1223.6484,441.03394,22.442871,37.763214,0.19798294,2,-1,-1
463.30252,172.09978,38.496307,18.44638,0.19362757,4,-1,-1
1223.2239,441.4676,23.011353,37.406555,0.18701628,10,-1,-1
653.44867,273.73886,29.172546,24.04361,0.18561712,5,-1,-1
905.35706,445.96997,40.74048,47.018524,0.18530661,4,-1,-1
731.85284,251.1501,26.62793,21.71379,0.17865154,7,-1,-1
541.5193,208.92336,37.30902,17.133255,0.17857078,4,-1,-1
731.4825,251.73221,27.507996,21.687103,0.17572927,8,-1,-1
887.43616,238.32677,38.425964,19.381088,0.16550833,4,-1,-1
1259.893,438.7132,22.916504,29.136139,0.16317001,10,-1,-1
1222.6324,443.15338,24.434448,37.286224,0.1624609,3,-1,-1
746.53973,286.71606,26.542542,29.596863,0.16026431,7,-1,-1
1250.9556,665.8337,21.988403,32.947327,0.15971297,2,-1,-1
731.85284,251.1501,26.62793,21.71379,0.15591875,5,-1,-1
866.9243,337.7024,131.89185,69.515625,0.1542525,9,-1,-1
987.58057,293.52304,38.787964,40.112823,0.1527744,1,-1,-1
746.53973,286.71606,26.542542,29.596863,0.15017873,4,-1,-1
1208.1367,430.779,15.587891,43.29016,0.14858422,2,-1,-1
1177.9601,488.829,119.135864,90.63962,0.14542097,8,-1,-1
555.32745,233.7592,26.83728,29.601517,0.14481154,6,-1,-1
331.7618,466.96823,18.558502,36.901276,0.14374396,1,-1,-1
919.01855,341.90836,86.2229,57.463104,0.14292634,9,-1,-1
1053.7289,513.7392,20.49414,35.8302,0.14091983,2,-1,-1
926.047,484.93283,75.029236,63.79898,0.14020246,1,-1,-1
1128.5193,466.8219,129.2727,83.28772,0.13945046,5,-1,-1
1236.1675,490.95648,109.34387,82.27948,0.13929185,5,-1,-1
199.16078,407.37064,27.729858,25.050354,0.13814035,10,-1,-1
1085.2306,525.65906,16.994385,42.849243,0.13655818,1,-1,-1
1091.6234,434.1821,87.83765,44.188385,0.13480458,6,-1,-1
1175.417,486.4324,120.38208,93.802704,0.13411823,1,-1,-1
958.9866,270.55438,29.877197,18.947662,0.13338524,10,-1,-1
1079.9109,533.8724,18.6781,39.774353,0.1326074,1,-1,-1
1164.263,438.65137,18.231323,30.556152,0.13095295,1,-1,-1
1258.4149,421.91995,18.472656,32.389557,0.12997401,1,-1,-1
572.94495,225.46028,25.696045,23.421509,0.12894845,5,-1,-1
1258.185,430.61285,20.539185,29.896942,0.12842166,10,-1,-1
1170.7329,439.67212,17.737915,33.566772,0.12539223,2,-1,-1
1296.3044,423.0968,15.506348,43.723938,0.124892294,1,-1,-1
1075.7173,528.4452,18.207031,38.56378,0.124032944,1,-1,-1
203.60301,401.68762,22.055557,29.220154,0.12334427,1,-1,-1
1174.6462,488.30902,120.97461,90.43268,0.12318078,6,-1,-1
559.8789,229.44205,29.447693,24.576859,0.120688975,4,-1,-1
202.47208,402.94656,23.49469,28.710358,0.11971104,2,-1,-1
885.426,476.44864,20.236084,42.127655,0.119350076,1,-1,-1
1134.3043,531.72217,82.323364,50.456177,0.11883888,3,-1,-1
875.6344,251.06938,42.497314,17.940414,0.118739605,4,-1,-1
1300.9801,420.91837,16.53479,47.551666,0.11820704,1,-1,-1
1246.9525,413.65747,21.326172,31.52539,0.11767563,2,-1,-1
1253.2407,415.02075,20.49768,31.035645,0.11618689,1,-1,-1
1140.3147,538.78687,78.54358,45.507446,0.11556077,10,-1,-1
1123.7114,548.2546,30.92749,30.87793,0.11520028,1,-1,-1
1092.9995,433.1142,87.024536,44.80887,0.11392951,7,-1,-1
559.8789,229.44205,29.447693,24.576859,0.11327341,5,-1,-1
549.9227,196.85419,31.33313,20.060852,0.112624645,4,-1,-1
1186.8557,398.31656,25.330688,26.197601,0.11219624,10,-1,-1
199.16078,407.37064,27.729858,25.050354,0.11044246,8,-1,-1
827.5192,178.14876,19.998596,30.041397,0.10924572,5,-1,-1
1151.9786,547.05206,19.766724,41.543457,0.109144986,1,-1,-1
945.15857,510.80865,25.512512,39.286255,0.10882953,1,-1,-1
915.6987,232.30971,41.52716,20.687088,0.10800746,4,-1,-1
653.44867,273.73886,29.172546,24.04361,0.10795918,6,-1,-1
872.21344,337.989,127.64325,72.32419,0.1076082,6,-1,-1
806.87067,207.17328,33.20941,18.47818,0.10622367,4,-1,-1
1230.9633,436.95557,20.577393,35.98468,0.10610038,1,-1,-1
1099.5587,453.01996,119.21094,64.05261,0.105679035,1,-1,-1
1237.3495,417.67825,17.6427,33.789307,0.10556683,1,-1,-1
1062.457,519.3363,18.04712,38.746643,0.10457796,1,-1,-1
888.9798,252.28339,42.19342,19.35019,0.1037882,5,-1,-1
1134.3043,531.72217,82.323364,50.456177,0.10325587,7,-1,-1
462.8161,141.80736,27.141998,21.157349,0.101949215,4,-1,-1
1113.5314,553.22675,37.164307,37.79663,0.100941926,1,-1,-1
1187.1249,396.34485,35.554688,18.22461,0.10015324,10,-1,-1
465.2744,172.22583,37.05258,18.359238,0.10008553,5,-1,-1
555.8011,234.20143,27.190857,28.461258,0.09792483,1,-1,-1
952.6599,517.1946,26.545471,33.59906,0.09757292,1,-1,-1
1258.4149,421.91995,18.472656,32.389557,0.09737155,2,-1,-1
462.8161,141.80736,27.141998,21.157349,0.097146004,5,-1,-1
887.43616,238.32677,38.425964,19.381088,0.09712273,5,-1,-1
924.08435,344.6772,82.91565,55.544678,0.096746266,5,-1,-1
538.0993,213.39581,35.416992,17.661987,0.096570045,4,-1,-1
543.7137,193.29132,36.300354,17.559387,0.096375406,4,-1,-1
1055.5448,524.2113,19.890015,38.963196,0.095145375,1,-1,-1
827.5192,178.14876,19.998596,30.041397,0.095127344,4,-1,-1
597.5311,265.87357,23.10968,25.922668,0.09499416,5,-1,-1
1260.8887,430.49216,21.26648,32.154938,0.092674404,1,-1,-1
986.849,293.6354,39.84558,39.97873,0.09260705,6,-1,-1
1080.08,516.43195,17.630127,41.88452,0.09085834,2,-1,-1
910.18256,314.0893,58.280457,35.94046,0.09065339,5,-1,-1
1141.254,536.0074,82.58142,47.502136,0.0903905,1,-1,-1
964.66205,616.5865,15.748474,43.278442,0.08990213,1,-1,-1
492.3591,246.63626,34.755463,20.3219,0.0894711,4,-1,-1
653.20917,274.0332,29.620483,24.126984,0.08902523,1,-1,-1
734.8356,535.10645,38.996277,70.90863,0.088739306,4,-1,-1
541.5193,208.92336,37.30902,17.133255,0.08870849,5,-1,-1
555.2878,234.50066,26.987305,28.897018,0.08805621,9,-1,-1
1242.3774,405.14087,20.85144,30.507812,0.08803341,1,-1,-1
1175.5791,395.56937,33.487793,19.926117,0.087869495,10,-1,-1
915.6987,232.30971,41.52716,20.687088,0.087442815,5,-1,-1
806.87067,207.17328,33.20941,18.47818,0.086686075,5,-1,-1
731.6106,251.84187,26.948303,21.642105,0.086646646,6,-1,-1
987.58057,293.52304,38.787964,40.112823,0.086075485,7,-1,-1
1235.3969,427.53824,18.116821,34.75107,0.085903525,1,-1,-1
1143.1129,393.45303,34.744263,21.223877,0.08552095,3,-1,-1
1207.5701,437.81268,19.423218,37.728058,0.08490074,3,-1,-1
904.7114,446.8258,43.352478,46.312378,0.08379033,1,-1,-1
1163.4014,439.10275,20.21289,29.46814,0.08330622,2,-1,-1
1308.1714,380.42026,17.12085,36.682983,0.08303437,1,-1,-1
604.6894,202.6369,21.787964,23.385162,0.0828622,4,-1,-1
972.411,548.8366,39.344604,33.798584,0.0826678,10,-1,-1
1242.8807,425.95343,18.905273,33.510315,0.082191765,1,-1,-1
1112.9237,559.416,22.49414,36.789734,0.081680775,1,-1,-1
961.35864,555.05505,23.810242,33.149963,0.081346005,1,-1,-1
1220.3696,430.93417,19.324097,38.255066,0.08127391,1,-1,-1
1208.2013,448.27872,22.735962,34.239227,0.08057967,10,-1,-1
1145.3179,553.31586,21.81604,37.06189,0.080552906,1,-1,-1
952.6654,552.356,30.277771,31.303223,0.080530375,10,-1,-1
440.8711,238.36667,33.242218,18.587982,0.0805175,4,-1,-1
199.38478,407.83414,28.933212,24.78305,0.07929185,3,-1,-1
974.51276,602.2029,33.78839,28.32782,0.07909554,10,-1,-1
1286.7025,424.8484,15.543701,40.367096,0.07878387,1,-1,-1
739.4533,215.12505,27.643494,21.231247,0.078654945,5,-1,-1
1174.6462,488.30902,120.97461,90.43268,0.07846892,9,-1,-1
1208.2207,431.52072,16.515503,42.722443,0.07800883,7,-1,-1
1244.663,413.24493,21.634888,31.360382,0.077914834,10,-1,-1
597.037,203.85008,20.905273,23.851654,0.07757372,4,-1,-1
1090.1818,432.10242,91.500244,44.50699,0.07730657,1,-1,-1
1302.9629,392.42206,17.587646,34.528717,0.077086896,1,-1,-1
912.7625,343.59344,93.83313,55.4552,0.07695696,4,-1,-1
666.09814,226.75797,23.29895,22.511002,0.07680917,4,-1,-1
862.6781,494.41748,18.827393,33.976868,0.07668471,1,-1,-1
1198.0029,431.6385,16.626831,40.634247,0.07632181,1,-1,-1
1230.9633,436.95557,20.577393,35.98468,0.07630253,2,-1,-1
452.97256,141.69156,28.777802,20.717087,0.07627979,4,-1,-1
978.6276,555.8517,27.509338,32.15808,0.07599431,10,-1,-1
1093.6437,319.5793,20.981934,26.464478,0.07598734,4,-1,-1
1327.935,376.8384,15.9470215,36.276123,0.07589376,1,-1,-1
1095.1613,450.26886,87.00842,47.697083,0.07584694,5,-1,-1
1143.7894,541.32227,44.214233,41.645447,0.075811476,1,-1,-1
1091.3763,443.0164,124.4353,70.84714,0.075107455,6,-1,-1
1139.8075,494.96384,124.022095,80.11221,0.07501882,5,-1,-1
1087.5278,553.6511,17.35022,39.22943,0.07474023,1,-1,-1
910.18256,314.0893,58.280457,35.94046,0.0742234,4,-1,-1
1260.8887,430.49216,21.26648,32.154938,0.074168384,2,-1,-1
986.90015,293.7657,39.804688,40.019257,0.07403582,10,-1,-1
876.8739,240.51363,38.31366,17.991714,0.07357854,4,-1,-1
986.90015,293.7657,39.804688,40.019257,0.07355654,5,-1,-1
1259.6112,409.07974,17.546143,32.151978,0.07268068,1,-1,-1
1090.9064,433.73862,88.66931,44.718506,0.0724653,9,-1,-1
958.4586,546.10645,36.102844,30.969849,0.07203382,10,-1,-1
492.3591,246.63626,34.755463,20.3219,0.07194802,5,-1,-1
1075.1257,514.22656,18.093994,39.101074,0.07193512,1,-1,-1
434.2857,246.38913,35.97049,19.23944,0.07174772,4,-1,-1
749.58356,196.12595,42.511658,15.800537,0.07120779,9,-1,-1
916.0093,390.7344,78.87012,42.54013,0.07118833,4,-1,-1
1304.3969,371.57285,16.710327,36.665955,0.0711326,1,-1,-1
1228.2068,422.03262,18.351685,35.713013,0.0710848,1,-1,-1
434.2857,246.38913,35.97049,19.23944,0.07098138,5,-1,-1
653.20917,274.0332,29.620483,24.126984,0.07094625,10,-1,-1
971.93,558.62195,22.839417,32.324524,0.06945124,10,-1,-1
1204.7,424.88177,18.244263,38.493774,0.06930959,1,-1,-1
1224.9738,431.97726,23.18982,33.841278,0.06918621,1,-1,-1
771.5805,176.44934,31.682434,19.691391,0.06892428,9,-1,-1
950.2933,553.6375,25.460083,33.761658,0.06882277,1,-1,-1
332.95047,468.1052,20.277527,34.684418,0.06877652,2,-1,-1
896.01605,233.11354,50.258118,18.832123,0.06870887,1,-1,-1
653.44867,273.73886,29.172546,24.04361,0.06861144,9,-1,-1
1208.1367,430.779,15.587891,43.29016,0.06852716,4,-1,-1
905.35706,445.96997,40.74048,47.018524,0.06843048,5,-1,-1
1201.8821,450.97723,24.713867,32.84613,0.06840095,1,-1,-1
1307.0372,420.43954,17.060547,51.034576,0.06835759,1,-1,-1
1060.2407,507.47708,20.942139,35.173187,0.06753209,1,-1,-1
1151.9786,547.05206,19.766724,41.543457,0.06747815,2,-1,-1
1064.4893,532.8496,18.414795,36.720886,0.06747696,1,-1,-1
925.93066,484.18994,76.98114,63.651978,0.06717467,2,-1,-1
1316.796,443.107,18.799438,41.83554,0.06638956,1,-1,-1
544.92,237.00044,30.569702,24.467392,0.066354275,4,-1,-1
1218.3136,449.15942,22.062256,36.78055,0.06581575,10,-1,-1
1224.34,442.3845,22.316772,37.220764,0.065555334,7,-1,-1
746.53973,286.71606,26.542542,29.596863,0.065466255,5,-1,-1
972.411,548.8366,39.344604,33.798584,0.06525296,3,-1,-1
1250.9556,665.8337,21.988403,32.947327,0.065227985,10,-1,-1
445.18262,314.68805,29.772034,27.187561,0.06516841,4,-1,-1
987.58057,293.52304,38.787964,40.112823,0.06477392,8,-1,-1
960.6887,268.52698,27.906677,20.476013,0.06391612,3,-1,-1
447.99023,147.47043,31.459503,19.680237,0.063699365,4,-1,-1
961.37463,545.1179,26.836182,33.227722,0.063412756,1,-1,-1
1156.7954,432.6234,25.442749,28.348816,0.063307434,1,-1,-1
1134.3043,531.72217,82.323364,50.456177,0.06316313,4,-1,-1
1092.9884,433.31525,85.576294,44.170013,0.06309369,8,-1,-1
964.80304,519.6269,20.30658,35.483276,0.062791675,1,-1,-1
1334.0629,385.9468,16.874634,37.62372,0.06267363,1,-1,-1
1186.8557,398.31656,25.330688,26.197601,0.062270463,3,-1,-1
444.2851,238.31998,31.295624,18.686646,0.062188268,5,-1,-1
949.15906,429.36536,26.498901,26.990082,0.06189239,1,-1,-1
986.31555,555.76996,25.349365,33.15564,0.06181124,1,-1,-1
978.4711,587.9169,33.215393,23.956116,0.06155914,10,-1,-1
968.73584,553.42847,31.131042,38.137024,0.061444283,1,-1,-1
980.6945,566.3961,22.123047,32.60663,0.06137976,10,-1,-1
1308.7247,398.13608,17.145752,33.0029,0.061321378,1,-1,-1
997.1375,543.0731,19.95691,34.428955,0.061264783,1,-1,-1
885.426,476.44864,20.236084,42.127655,0.061260074,2,-1,-1
1079.4232,445.16763,20.779053,31.95816,0.06122619,1,-1,-1
1120.8347,550.07776,30.850464,31.643555,0.061023563,2,-1,-1
973.5343,564.2066,18.13794,33.519653,0.060995758,1,-1,-1
1118.7688,451.56863,26.842285,38.072388,0.06099522,1,-1,-1
1144.6501,459.0391,76.79761,45.76111,0.060893983,4,-1,-1
1088.1522,316.289,17.793823,31.153015,0.06086257,4,-1,-1
909.19336,367.20007,88.11206,55.611755,0.06071955,6,-1,-1
1102.0303,454.75226,117.65442,62.772034,0.06070909,9,-1,-1
981.6464,505.35107,20.736694,39.272766,0.060569257,1,-1,-1
909.19336,367.20007,88.11206,55.611755,0.06030932,9,-1,-1
740.0542,215.37805,30.261536,20.9178,0.060183406,4,-1,-1
719.8483,558.0318,20.643188,44.05359,0.059732825,1,-1,-1
964.51636,534.96063,22.775513,34.089233,0.059729844,1,-1,-1
958.9866,270.55438,29.877197,18.947662,0.059566498,7,-1,-1
423.7678,265.99966,34.167908,23.033752,0.0593704,5,-1,-1
1156.7954,432.6234,25.442749,28.348816,0.05921769,2,-1,-1
817.95825,185.84479,24.824158,25.879288,0.059075117,4,-1,-1
1140.3147,538.78687,78.54358,45.507446,0.05887735,2,-1,-1
974.8604,544.4271,37.964844,34.82788,0.058854192,1,-1,-1
487.1467,251.43297,36.46109,21.891373,0.058776557,4,-1,-1
898.8145,249.69084,46.49933,18.702377,0.058751076,4,-1,-1
1098.0155,589.6012,19.178955,38.586975,0.058725476,1,-1,-1
1194.4493,399.324,36.923584,21.123169,0.058644414,10,-1,-1
1170.516,439.23828,18.016968,33.496796,0.05861932,4,-1,-1
880.0269,479.89667,18.421204,39.7229,0.058579147,1,-1,-1
742.7603,206.99974,22.36792,29.289886,0.058469385,6,-1,-1
1163.0203,393.5174,34.36255,20.781647,0.05840972,10,-1,-1
1143.3267,393.62805,33.52124,20.392395,0.058372527,8,-1,-1
961.53076,507.11386,25.26593,41.475372,0.058322906,1,-1,-1
335.48746,462.07718,22.146881,44.021515,0.0581896,1,-1,-1
1315.4222,378.91263,17.08313,35.395477,0.058018386,1,-1,-1
1236.1675,490.95648,109.34387,82.27948,0.057971478,8,-1,-1
1159.345,549.64246,19.100464,38.116882,0.057748556,1,-1,-1
1170.7329,439.67212,17.737915,33.566772,0.057447344,10,-1,-1
943.80414,425.96506,44.888184,24.418,0.057371795,1,-1,-1
910.18256,314.0893,58.280457,35.94046,0.057298243,8,-1,-1
749.58356,196.12595,42.511658,15.800537,0.057234704,6,-1,-1
1187.1088,520.8686,61.559937,68.17706,0.057160586,1,-1,-1
1257.3438,431.43317,20.70874,30.042084,0.05711022,3,-1,-1
451.01346,232.59967,35.34601,18.775497,0.057051152,5,-1,-1
604.6894,202.6369,21.787964,23.385162,0.05693212,5,-1,-1
464.91504,178.50339,37.965973,18.909088,0.05687049,4,-1,-1
1128.5193,466.8219,129.2727,83.28772,0.056743175,4,-1,-1
896.01605,233.11354,50.258118,18.832123,0.056720793,8,-1,-1
461.0157,194.07436,34.649017,19.739182,0.056632906,4,-1,-1
957.88416,525.4566,20.480408,34.863525,0.056538254,1,-1,-1
504.26227,246.37617,33.352356,19.778793,0.05653462,4,-1,-1
1169.8271,439.987,18.358887,31.827606,0.056316733,7,-1,-1
896.01605,233.11354,50.258118,18.832123,0.05626127,6,-1,-1
1249.694,403.9744,21.351196,31.520508,0.056164056,1,-1,-1
775.0374,244.8986,31.91278,25.23848,0.0559915,4,-1,-1
204.77486,396.4625,20.776825,31.483582,0.055953264,7,-1,-1
956.2403,537.88055,23.788757,33.63147,0.055903107,1,-1,-1
