990.22314,293.70618,63.19934,79.502655,0.9380988,4,-1,-1
1053.6135,291.98956,67.54077,85.02191,0.9310175,4,-1,-1
129.77676,426.26157,88.18237,95.32541,0.9262998,4,-1,-1
743.9829,381.55737,74.34857,97.767395,0.9260347,4,-1,-1
867.5637,300.3342,55.656677,73.333496,0.9202693,4,-1,-1
929.82526,299.3785,54.119385,76.03232,0.919096,4,-1,-1
1197.4071,539.1784,80.8053,117.510254,0.91344315,4,-1,-1
660.4292,308.23032,63.836975,86.33182,0.91114914,4,-1,-1
527.83575,314.0946,74.57977,76.16635,0.90659595,4,-1,-1
237.66336,329.07138,98.89093,91.585236,0.9046367,4,-1,-1
1095.2568,179.45018,87.49841,57.17476,0.90429217,4,-1,-1
404.1578,204.98918,71.08072,57.291733,0.9041384,4,-1,-1
57.963295,439.33218,80.29876,94.158295,0.90148795,4,-1,-1
83.72814,320.70496,126.503136,77.69113,0.8990361,4,-1,-1
606.07495,397.40677,85.09125,98.612885,0.89546216,4,-1,-1
678.0028,392.02844,85.17682,102.1051,0.8923465,4,-1,-1
1131.0245,172.83765,94.79236,59.88121,0.8904339,4,-1,-1
807.92847,299.92203,60.28192,86.11035,0.89039207,4,-1,-1
747.1116,142.30727,44.024414,54.64386,0.88681567,4,-1,-1
1263.8914,43.591095,75.311646,46.07383,0.88616145,4,-1,-1
348.5103,212.95259,64.17148,59.504715,0.8855283,4,-1,-1
330.73367,316.51562,85.939545,93.53439,0.8836607,4,-1,-1
772.36145,573.1246,107.84552,133.87152,0.8830848,4,-1,-1
898.2255,133.54892,41.36676,51.566208,0.8830687,4,-1,-1
733.39923,189.53738,64.009155,57.797302,0.88286173,4,-1,-1
1081.477,49.262657,64.39026,42.245934,0.8805165,4,-1,-1
741.94073,298.775,58.158875,84.46817,0.87621397,4,-1,-1
209.26656,415.0582,80.63344,104.67111,0.8760084,4,-1,-1
470.22913,203.33743,67.23456,61.585785,0.87382627,4,-1,-1
641.1014,142.37102,42.220947,46.207016,0.87125003,4,-1,-1
594.87067,580.45416,109.66376,128.95154,0.863142,4,-1,-1
1105.8357,380.2031,120.17578,81.88797,0.86015344,4,-1,-1
1275.0635,286.06964,64.85278,69.626434,0.85949683,4,-1,-1
485.5051,65.08963,50.145782,45.038628,0.8590865,4,-1,-1
953.9965,379.4742,127.542786,97.44888,0.8580297,4,-1,-1
294.58557,419.4059,95.133514,105.150604,0.85786164,4,-1,-1
287.86957,209.7078,56.36264,57.63147,0.8551262,4,-1,-1
0.0,446.6955,72.34657,102.72662,0.84936863,4,-1,-1
943.5025,17.340225,39.258057,39.556168,0.8484762,4,-1,-1
151.98074,329.21167,117.26807,80.34482,0.84750915,4,-1,-1
1127.5186,46.02086,72.894165,44.629326,0.8447371,4,-1,-1
181.4961,72.22281,48.000854,48.646355,0.8444102,4,-1,-1
583.6181,309.6631,78.993286,89.03992,0.84309304,4,-1,-1
1024.8804,10.976163,41.269165,41.70819,0.83922964,4,-1,-1
463.32382,144.93742,58.957367,57.869095,0.8321483,4,-1,-1
332.10947,69.93443,45.998627,43.68879,0.8320253,4,-1,-1
797.29724,191.33435,79.786255,56.311905,0.8320173,4,-1,-1
1206.9888,181.11476,98.49048,61.30449,0.8313672,4,-1,-1
860.3131,182.80437,87.73279,69.10504,0.8309473,4,-1,-1
798.52423,133.63367,44.897278,51.093994,0.8297802,4,-1,-1
432.02393,63.332714,53.729004,47.064022,0.82803935,4,-1,-1
1070.801,7.527742,41.230835,46.11984,0.82741714,4,-1,-1
532.10956,197.73117,63.864197,67.739105,0.82697064,4,-1,-1
1276.6818,555.7592,82.87549,122.69641,0.82348776,4,-1,-1
533.6572,67.191925,49.101624,43.327255,0.8234155,4,-1,-1
1212.3022,129.05144,52.63745,47.99945,0.8214241,4,-1,-1
886.3986,383.52136,116.660095,98.121765,0.821152,4,-1,-1
806.7085,87.39054,14.279663,29.420494,0.8208561,1,-1,-1
676.43506,578.6444,112.06238,134.73358,0.81945527,4,-1,-1
810.46265,386.93924,121.372986,99.54959,0.8189795,4,-1,-1
172.44261,147.89339,75.03142,65.29515,0.81767476,4,-1,-1
762.6164,20.773802,39.152344,41.59101,0.81669724,4,-1,-1
291.97067,152.95168,70.41348,61.37384,0.8143915,4,-1,-1
286.53638,29.53526,52.441345,45.604847,0.8139028,4,-1,-1
1111.7665,126.744415,53.881104,52.783234,0.8133595,4,-1,-1
235.6973,67.45522,49.30951,51.15007,0.81295073,4,-1,-1
383.2106,30.771906,45.2081,44.56514,0.80734926,4,-1,-1
326.79404,35.400105,55.163513,42.806316,0.8069064,4,-1,-1
7.8024564,623.162,147.98254,141.39526,0.80406415,4,-1,-1
958.731,129.96645,51.09088,50.72554,0.8025148,4,-1,-1
1001.8687,128.63347,58.433655,51.90654,0.8022635,4,-1,-1
836.22766,95.116295,13.473938,29.229118,0.8020271,1,-1,-1
586.72943,190.62,73.78595,66.022156,0.8014505,4,-1,-1
1221.0226,45.628036,79.07324,46.404167,0.7972285,4,-1,-1
718.35425,21.920967,35.770386,40.76739,0.78955376,4,-1,-1
453.29688,410.89014,115.11963,99.45517,0.7893032,4,-1,-1
369.3123,411.34598,93.899445,80.089874,0.78895664,4,-1,-1
531.71216,20.166252,53.789062,48.243294,0.7878667,4,-1,-1
812.719,101.70358,13.741333,29.265442,0.786608,1,-1,-1
1148.0576,6.7612696,39.09326,44.281815,0.7847748,4,-1,-1
774.30865,567.579,20.638123,34.52765,0.7810112,1,-1,-1
1050.8975,125.19298,66.29028,57.450043,0.77849156,4,-1,-1
861.2485,106.50175,14.017761,29.57505,0.77797145,1,-1,-1
673.33167,60.568363,54.56195,45.494877,0.777528,4,-1,-1
1172.0199,45.869583,76.74585,45.488136,0.77429783,4,-1,-1
862.4817,542.0431,125.03143,167.63336,0.7732558,5,-1,-1
663.1679,190.47543,76.348816,64.70787,0.7731601,4,-1,-1
168.3629,205.66122,58.78975,74.98602,0.77291846,4,-1,-1
1162.0677,125.120636,53.748657,53.639114,0.77081525,4,-1,-1
1025.3038,378.5295,125.50769,89.84561,0.7707025,4,-1,-1
787.17255,86.91205,14.979553,28.103226,0.768425,1,-1,-1
991.11755,555.42377,95.799805,143.26758,0.76648605,4,-1,-1
849.41693,132.8715,43.78174,56.561813,0.76604056,4,-1,-1
853.8016,99.40817,12.030151,29.258667,0.7650411,1,-1,-1
1298.0795,113.83385,61.477783,59.499603,0.76386845,4,-1,-1
742.2556,0.15192787,9.443726,25.626537,0.76327956,1,-1,-1
402.85168,604.4142,120.34534,135.5597,0.7621697,4,-1,-1
518.6248,144.22124,56.685364,56.984024,0.7620609,4,-1,-1
580.7063,139.20132,55.796265,56.658752,0.7503628,4,-1,-1
896.3239,16.588318,34.83551,41.024586,0.74881876,4,-1,-1
581.19714,63.147934,51.049316,49.442467,0.74571145,4,-1,-1
693.8651,137.24352,47.023865,56.152527,0.74019575,4,-1,-1
794.67535,567.2985,16.093445,33.97052,0.7354089,1,-1,-1
1188.0608,6.6016135,42.305786,44.73331,0.73108625,4,-1,-1
735.30225,1.3179088,9.589478,24.93552,0.7310608,1,-1,-1
381.64233,64.5459,55.81836,48.47651,0.73022723,4,-1,-1
983.5079,170.78976,85.90912,73.47087,0.7269975,4,-1,-1
97.83534,126.2479,18.356041,23.511238,0.7260542,1,-1,-1
417.23535,140.47427,63.7601,61.80162,0.72547936,4,-1,-1
807.6698,23.704624,36.383606,38.45258,0.70848364,4,-1,-1
972.8174,130.19191,60.79065,50.191727,0.70587903,4,-1,-1
592.80225,14.366466,48.307556,53.480625,0.70356894,4,-1,-1
1098.5017,542.95306,85.72644,132.89612,0.7029062,4,-1,-1
233.67111,24.860144,53.880463,52.230553,0.70034117,4,-1,-1
798.4092,552.2706,16.465637,34.9989,0.69157493,1,-1,-1
119.25061,606.9937,133.27249,132.2804,0.6894442,4,-1,-1
1230.7118,0.0,40.62549,44.632763,0.6820245,4,-1,-1
299.66394,591.6558,144.06699,155.4336,0.68159413,5,-1,-1
30.923527,12.920949,85.931915,58.538174,0.67222536,4,-1,-1
901.0674,46.180077,69.80646,54.114807,0.6655816,4,-1,-1
0.0,14.036665,60.16341,58.18846,0.6625978,4,-1,-1
376.15955,210.17046,72.23477,56.442398,0.6506442,4,-1,-1
1252.7086,113.77928,58.19861,58.148605,0.64830166,4,-1,-1
1316.1438,4.191353,41.11438,41.4129,0.64495885,4,-1,-1
351.9185,141.5908,73.81366,64.60806,0.6420196,5,-1,-1
858.6689,23.261381,35.253418,38.818237,0.6405936,4,-1,-1
732.43787,547.7212,16.351196,31.69928,0.63378197,1,-1,-1
541.6613,403.26343,20.791687,23.53064,0.60629964,2,-1,-1
481.89557,18.39882,47.16327,51.94909,0.6043996,4,-1,-1
723.2863,57.18626,55.16565,49.790356,0.60173124,4,-1,-1
1327.4585,232.13028,24.813354,33.9299,0.6003562,1,-1,-1
699.537,551.6885,24.317017,31.687256,0.5950831,1,-1,-1
1323.5941,241.5503,26.230225,34.859222,0.5938008,1,-1,-1
531.8581,403.1782,23.968689,27.450867,0.5765565,2,-1,-1
231.89561,198.55994,62.406204,81.91611,0.5726558,5,-1,-1
210.18077,610.2649,139.19035,144.34558,0.57150036,4,-1,-1
1222.3834,355.60654,137.17383,116.85074,0.56049865,5,-1,-1
0.0,649.68964,87.85451,114.867615,0.5526042,4,-1,-1
392.83566,299.76395,93.98044,110.73923,0.55019045,5,-1,-1
246.17068,139.44174,78.88437,74.031235,0.5472597,4,-1,-1
1118.268,265.17813,77.54175,101.97461,0.5451508,4,-1,-1
289.07858,119.02389,14.54538,26.425972,0.52805287,1,-1,-1
485.3973,592.6668,118.46927,149.88513,0.52460635,5,-1,-1
769.63495,537.0294,20.311523,34.809937,0.52402407,1,-1,-1
433.08502,18.742224,47.37439,51.83542,0.50920886,4,-1,-1
1314.8038,361.76083,44.753418,79.26315,0.48805642,4,-1,-1
1221.8735,354.5779,137.68372,118.24014,0.4880362,4,-1,-1
432.82687,19.19432,48.98709,51.622078,0.48664472,5,-1,-1
625.87775,59.61841,52.51941,48.538116,0.48605683,4,-1,-1
658.1257,15.048613,53.121582,51.41706,0.46340406,4,-1,-1
213.90224,605.76685,137.85341,143.72223,0.4372661,5,-1,-1
284.82965,63.621506,50.868805,58.620514,0.4339946,4,-1,-1
304.515,585.4166,140.64096,160.86469,0.42458522,4,-1,-1
483.3419,594.82355,124.09946,149.18542,0.4200992,4,-1,-1
625.87775,59.61841,52.51941,48.538116,0.41802347,5,-1,-1
1118.268,265.17813,77.54175,101.97461,0.41430122,5,-1,-1
523.119,589.0581,118.66815,138.4483,0.41352642,4,-1,-1
237.796,135.68105,79.08891,77.535416,0.41261128,5,-1,-1
1289.6025,33.922028,23.64563,19.665379,0.40960246,10,-1,-1
901.0674,46.180077,69.80646,54.114807,0.4025116,5,-1,-1
1072.5887,376.39346,103.36951,77.3248,0.39920217,4,-1,-1
285.14795,63.275337,50.541016,59.878838,0.39450914,5,-1,-1
345.34497,597.6239,141.64621,143.78369,0.39305338,5,-1,-1
30.923527,12.920949,85.931915,58.538174,0.39271545,5,-1,-1
776.36444,381.77295,104.361084,100.23166,0.39203393,4,-1,-1
482.74142,18.636848,45.82071,50.86042,0.38438958,5,-1,-1
657.854,15.320619,53.039307,51.876312,0.37956488,6,-1,-1
274.61578,0.0,37.569336,15.83474,0.37777615,4,-1,-1
225.6934,198.15034,69.1093,80.671646,0.3732069,4,-1,-1
0.0,14.707129,61.40008,57.053444,0.3678081,5,-1,-1
294.8065,169.99864,60.083923,69.93651,0.35588568,4,-1,-1
1292.7859,31.323704,13.710571,20.297031,0.3428517,2,-1,-1
381.93973,63.704662,55.84482,50.397175,0.34103954,5,-1,-1
389.15747,299.69467,97.89615,110.89859,0.33510262,4,-1,-1
541.6613,403.26343,20.791687,23.53064,0.33329368,1,-1,-1
350.2085,142.02354,75.21756,64.246124,0.33293104,4,-1,-1
724.39166,57.603317,51.690125,49.703484,0.3296703,5,-1,-1
658.1257,15.048613,53.121582,51.41706,0.3290081,5,-1,-1
527.9046,403.95175,19.529358,26.953247,0.32676286,1,-1,-1
593.1342,14.516779,47.979126,54.066956,0.31133622,5,-1,-1
1029.6553,376.9641,117.24902,90.523865,0.29615796,5,-1,-1
523.119,589.0581,118.66815,138.4483,0.29085344,5,-1,-1
165.85034,208.54982,64.45004,71.32503,0.28312618,5,-1,-1
626.42834,59.55571,52.103638,48.740875,0.27572733,8,-1,-1
732.43787,547.7212,16.351196,31.69928,0.27240008,2,-1,-1
981.5687,170.93787,87.79077,74.7319,0.27024975,5,-1,-1
1334.6055,234.26201,15.301636,26.958176,0.25788802,1,-1,-1
525.98553,404.40146,21.06372,25.64862,0.2575119,2,-1,-1
400.58987,601.42664,127.37448,138.06769,0.2555011,5,-1,-1
119.79436,605.1194,131.5495,136.6159,0.25484124,5,-1,-1
233.42139,25.313248,54.45569,51.096222,0.2514813,5,-1,-1
862.35095,541.0419,125.744385,165.13062,0.25025225,4,-1,-1
352.2338,592.63403,135.39597,149.01874,0.2465676,4,-1,-1
0.0,0.0,25.20715,22.999605,0.2464385,4,-1,-1
298.07422,151.42783,72.36252,60.55652,0.24580732,5,-1,-1
700.7362,551.94714,21.326477,31.62091,0.24300432,2,-1,-1
992.7841,558.0393,93.40436,140.58331,0.24248776,5,-1,-1
1230.588,0.0,40.819824,44.85502,0.23982862,5,-1,-1
369.1562,0.0,35.282562,13.289052,0.22818688,4,-1,-1
1099.9398,545.00433,82.767334,130.612,0.22425306,5,-1,-1
769.63495,537.0294,20.311523,34.809937,0.22137675,2,-1,-1
812.99646,384.33563,120.20923,100.81064,0.21913159,5,-1,-1
807.72375,24.004324,36.373474,37.740585,0.21752366,5,-1,-1
886.3986,383.52136,116.660095,98.121765,0.21734577,5,-1,-1
733.99115,7.4956565,13.203918,26.036257,0.21550232,1,-1,-1
811.79663,86.265396,9.933777,22.855255,0.20872125,1,-1,-1
858.42224,23.125633,35.396667,38.6746,0.2080816,5,-1,-1
658.4344,15.39662,52.196777,51.652145,0.20128947,8,-1,-1
896.1744,16.674929,36.670166,39.99157,0.201226,5,-1,-1
59.76993,621.0218,163.36398,143.53546,0.20009291,4,-1,-1
732.4943,545.8954,19.071106,34.71692,0.19851089,3,-1,-1
693.9125,135.9793,47.292725,56.511795,0.19708258,5,-1,-1
807.08417,95.57759,10.279663,23.940308,0.1939204,1,-1,-1
536.84265,0.0,33.434326,9.772681,0.19291055,10,-1,-1
1316.8627,4.371469,39.961304,39.629414,0.19258255,5,-1,-1
774.90533,567.6697,20.018616,34.030396,0.19236737,2,-1,-1
532.9356,19.886253,51.12506,48.806366,0.19088331,5,-1,-1
1298.0814,111.80468,61.47583,62.239937,0.18863416,5,-1,-1
78.44019,0.0,42.10444,16.943647,0.18781742,4,-1,-1
581.0803,63.515415,50.921326,49.300007,0.18651167,5,-1,-1
1131.0245,172.83765,94.79236,59.88121,0.18601009,5,-1,-1
768.24506,545.66724,18.395813,27.43042,0.18551633,3,-1,-1
1187.2117,6.5282073,43.28601,45.074467,0.18385816,1,-1,-1
1212.0555,130.13112,53.893433,46.60382,0.18234104,5,-1,-1
0.0,0.0,25.20715,22.999605,0.18174237,5,-1,-1
1187.6344,6.9217334,44.190918,43.971207,0.1816358,5,-1,-1
736.1756,3.795363,16.383911,26.779982,0.18147466,1,-1,-1
382.20276,30.86834,47.08493,45.20405,0.18118098,5,-1,-1
1276.9222,555.44653,82.63501,123.86389,0.17948914,5,-1,-1
1070.765,8.273441,40.698853,44.25836,0.1794681,5,-1,-1
849.3173,134.50377,44.54834,56.260666,0.17737329,5,-1,-1
171.26262,150.85037,67.07001,74.139175,0.17441845,5,-1,-1
1333.0144,231.8397,18.619629,28.495377,0.17417502,2,-1,-1
1050.8975,125.19298,66.29028,57.450043,0.17350015,5,-1,-1
581.06366,140.19203,55.18622,55.754044,0.17337343,5,-1,-1
1171.8789,45.874565,75.63855,44.433685,0.17213073,5,-1,-1
732.2049,545.3922,16.571594,33.58844,0.17181984,10,-1,-1
0.0,0.0,43.768322,50.941547,0.17155254,4,-1,-1
1002.41754,128.11804,58.480896,52.64737,0.1714398,5,-1,-1
1221.0126,354.91345,138.54468,119.00427,0.17110106,9,-1,-1
584.36273,309.3112,77.257935,89.12555,0.17065,5,-1,-1
97.2505,125.59202,18.896996,24.247002,0.17048573,2,-1,-1
0.0,445.3098,71.35406,104.39929,0.17035252,5,-1,-1
672.2376,59.912292,53.842957,46.893745,0.1660302,5,-1,-1
1292.3376,31.303293,15.18457,21.474905,0.16517362,1,-1,-1
603.5705,403.0203,90.35382,92.52048,0.16508451,5,-1,-1
0.0,447.09616,71.48798,100.83621,0.16435692,1,-1,-1
1160.3381,126.356544,55.514282,52.533775,0.16425717,5,-1,-1
157.30626,327.58752,116.33406,82.910645,0.1595253,5,-1,-1
369.39655,411.7443,93.62311,79.57861,0.15950805,5,-1,-1
798.4758,551.7285,16.31665,32.47992,0.15937686,2,-1,-1
176.77228,169.15082,63.505737,78.21094,0.15922916,4,-1,-1
291.64575,421.49564,96.50546,103.38577,0.15840599,5,-1,-1
598.9795,581.70294,101.16284,130.9237,0.1581969,5,-1,-1
235.51129,67.37163,51.914703,52.35621,0.15491518,5,-1,-1
959.2226,129.91138,49.945618,50.254013,0.15487233,5,-1,-1
772.2069,574.2534,106.89337,134.17987,0.15438083,5,-1,-1
1323.3593,235.92244,27.996216,40.02269,0.15245554,2,-1,-1
626.42834,59.55571,52.103638,48.740875,0.1520356,7,-1,-1
1222.3834,355.60654,137.17383,116.85074,0.15155149,6,-1,-1
286.53638,29.53526,52.441345,45.604847,0.15100625,5,-1,-1
209.30212,416.14594,81.34308,99.32709,0.15035889,5,-1,-1
332.30475,70.11114,45.953064,43.627647,0.15002912,1,-1,-1
1112.34,126.09098,49.992188,53.840813,0.14970201,1,-1,-1
957.3785,380.7395,125.703674,95.89096,0.14823243,5,-1,-1
462.52264,144.3257,60.762695,60.010437,0.14801243,5,-1,-1
182.50122,70.7802,46.724762,50.628967,0.14784029,5,-1,-1
1289.6025,33.922028,23.64563,19.665379,0.14679652,3,-1,-1
0.0,658.18604,51.740417,97.04541,0.1460154,4,-1,-1
662.99164,190.30087,76.538574,65.33334,0.1458359,5,-1,-1
1252.7086,113.77928,58.19861,58.148605,0.14547867,5,-1,-1
790.8079,554.0214,28.23584,44.439453,0.14382052,1,-1,-1
859.69025,183.88724,88.81177,68.736786,0.1435819,5,-1,-1
350.2085,142.02354,75.21756,64.246124,0.14333203,6,-1,-1
1314.8038,361.76083,44.753418,79.26315,0.14321527,5,-1,-1
1324.494,247.01338,23.380249,29.214432,0.14299697,3,-1,-1
625.87775,59.61841,52.51941,48.538116,0.14108309,6,-1,-1
854.8548,106.929955,8.412231,20.701736,0.1407646,1,-1,-1
14.844678,626.2279,141.69676,138.32935,0.14027342,5,-1,-1
1147.8867,6.9858675,39.3208,44.058018,0.13978717,1,-1,-1
1112.4293,126.65053,53.71057,53.664246,0.13966513,5,-1,-1
1294.9822,113.03257,64.57507,59.187126,0.13932961,1,-1,-1
1125.055,46.16965,74.162476,46.0068,0.13921535,5,-1,-1
209.39081,417.8055,80.836395,98.58322,0.13871884,1,-1,-1
1289.6025,33.922028,23.64563,19.665379,0.1384502,2,-1,-1
1275.0635,286.06964,64.85278,69.626434,0.13797021,5,-1,-1
1303.3263,381.9264,56.230957,86.01013,0.13750803,4,-1,-1
747.1116,142.30727,44.024414,54.64386,0.13581201,1,-1,-1
533.6324,403.24124,21.39917,27.908722,0.13553736,1,-1,-1
1332.0715,246.51517,16.48767,24.179901,0.13517222,1,-1,-1
718.8706,22.186108,36.595398,41.359077,0.13511622,5,-1,-1
416.33823,140.03128,64.77536,63.169968,0.13505313,5,-1,-1
1025.1005,10.642754,42.14319,42.715874,0.13482228,5,-1,-1
900.9315,46.10102,68.524475,54.559242,0.131962,9,-1,-1
326.34662,34.388515,56.54886,42.40302,0.1316976,5,-1,-1
274.9106,0.0,36.820465,15.201823,0.13141966,5,-1,-1
1276.957,555.1882,82.60022,123.4035,0.1308761,1,-1,-1
405.74164,0.0,35.35379,11.098458,0.13067931,4,-1,-1
0.0,645.6767,103.1786,118.880554,0.13040262,5,-1,-1
799.1798,559.1743,11.1675415,23.501282,0.13014174,1,-1,-1
793.91895,568.09875,17.765808,33.29535,0.12996826,2,-1,-1
903.12775,46.231026,66.48151,54.51133,0.12782964,6,-1,-1
1280.1527,36.614536,34.771973,21.814781,0.12705189,10,-1,-1
0.0,14.685667,59.959347,56.299805,0.12605584,6,-1,-1
586.1725,190.1805,73.77728,65.84956,0.12561405,5,-1,-1
1290.8105,45.357174,68.746704,46.746456,0.12506393,4,-1,-1
1212.2056,129.79454,52.450928,47.32541,0.12449777,1,-1,-1
42.55344,58.293713,23.254627,32.80096,0.122906715,10,-1,-1
331.123,316.42252,85.25357,93.38684,0.12284666,5,-1,-1
321.8382,0.0,34.278015,10.5189295,0.12244728,4,-1,-1
533.3353,66.19692,49.716003,44.353096,0.12212202,5,-1,-1
433.05856,63.061176,52.694702,47.235058,0.12120998,5,-1,-1
285.18555,207.09749,58.909637,62.37822,0.12092957,5,-1,-1
762.488,20.9884,38.5531,41.529114,0.12076938,1,-1,-1
1117.4906,372.76672,154.71387,94.903534,0.120315015,5,-1,-1
227.96559,200.16583,67.88121,78.189514,0.12027222,6,-1,-1
1117.3141,264.92014,79.775024,101.312195,0.11979252,6,-1,-1
527.3381,314.07074,73.96857,75.91681,0.11974448,1,-1,-1
764.2959,569.8108,26.10022,33.19037,0.1193791,1,-1,-1
796.7063,191.64493,81.36456,55.664307,0.11878216,5,-1,-1
59.641624,439.36957,78.03066,94.14703,0.11852348,5,-1,-1
1292.7859,31.323704,13.710571,20.297031,0.117955714,10,-1,-1
798.05475,134.09941,44.678223,49.33586,0.117869616,5,-1,-1
1160.0852,125.65195,55.80298,53.454895,0.11755687,1,-1,-1
658.1257,15.048613,53.121582,51.41706,0.11730787,7,-1,-1
533.1966,67.15928,49.256653,43.400803,0.11608553,1,-1,-1
1275.0635,286.06964,64.85278,69.626434,0.11603317,1,-1,-1
76.45406,0.0,40.838158,16.636328,0.11583987,5,-1,-1
727.942,552.71716,16.918152,28.636047,0.11565906,1,-1,-1
541.6613,403.26343,20.791687,23.53064,0.1150395,10,-1,-1
0.0,446.3749,72.854965,101.02542,0.11470294,2,-1,-1
732.6538,189.9058,65.93634,57.932617,0.11462581,5,-1,-1
807.67816,299.7069,59.543457,86.652435,0.1143983,5,-1,-1
762.4009,22.054867,39.27295,40.306236,0.113901824,5,-1,-1
811.30273,99.94924,14.690002,30.227974,0.11382735,3,-1,-1
1335.5763,247.04964,10.617432,14.003098,0.11353308,2,-1,-1
736.2413,0.0,7.7402344,16.886238,0.113400996,1,-1,-1
943.38947,17.595985,39.388916,39.089264,0.113291115,5,-1,-1
1206.6257,183.28947,98.46033,57.90947,0.112936944,5,-1,-1
1051.9233,303.79678,93.63757,104.98477,0.11266583,4,-1,-1
1148.0187,6.902054,39.2334,43.483532,0.11251575,5,-1,-1
769.3618,548.16986,15.07373,24.74231,0.112268806,1,-1,-1
1221.7839,46.199574,78.56543,44.9091,0.11221993,5,-1,-1
291.24454,120.29599,9.049438,19.689255,0.11175451,1,-1,-1
735.43524,1.1033163,9.608826,25.30886,0.1110656,3,-1,-1
735.1308,1.1505063,10.04364,25.431479,0.110256135,4,-1,-1
736.61896,11.519579,7.6643066,20.705637,0.11003658,1,-1,-1
1325.4027,246.46454,22.553345,29.617706,0.109916896,10,-1,-1
182.56186,70.90765,46.705658,50.725,0.1099143,1,-1,-1
1024.971,11.002375,40.978638,41.650368,0.1097517,1,-1,-1
0.0,14.450617,59.769062,58.305763,0.10971978,1,-1,-1
724.11456,57.04295,53.84314,49.51161,0.10913223,6,-1,-1
679.4189,393.3945,82.41272,100.44327,0.10908255,5,-1,-1
735.1308,1.1505063,10.04364,25.431479,0.10905388,2,-1,-1
799.1798,559.1743,11.1675415,23.501282,0.108962536,2,-1,-1
497.26968,0.0,32.70108,9.4519,0.10891387,10,-1,-1
898.4552,132.6249,41.53125,53.32289,0.108667135,5,-1,-1
0.0,656.7746,51.658463,107.78265,0.108484745,5,-1,-1
541.80536,402.82135,20.111267,24.288422,0.10847157,3,-1,-1
1099.7303,378.91675,56.79663,45.387817,0.10789162,4,-1,-1
485.82904,65.8239,50.636414,44.30047,0.107162714,5,-1,-1
775.5747,566.05115,20.024841,35.11786,0.10709211,3,-1,-1
453.96613,410.98862,115.14752,100.11035,0.10651043,5,-1,-1
1316.2058,3.795142,41.531372,40.95989,0.10627645,1,-1,-1
855.8089,99.35331,8.352234,18.607002,0.10545021,1,-1,-1
787.6194,86.679214,14.710632,28.38478,0.10541767,2,-1,-1
734.8075,546.8062,11.106201,23.369873,0.104551494,1,-1,-1
140.02605,375.923,112.30388,117.01178,0.10451886,4,-1,-1
1109.2817,292.65915,106.18823,118.17709,0.10422838,4,-1,-1
736.1756,3.795363,16.383911,26.779982,0.10379881,10,-1,-1
854.30536,99.21213,11.708069,29.033295,0.10373092,2,-1,-1
45.111324,58.206043,19.051266,31.322712,0.10372901,3,-1,-1
1270.2817,43.183624,71.39795,47.108864,0.10362366,5,-1,-1
735.1308,1.1505063,10.04364,25.431479,0.10290834,10,-1,-1
0.0,645.6767,103.1786,118.880554,0.102164,1,-1,-1
531.5703,196.89185,63.750366,67.80014,0.101763695,5,-1,-1
332.74667,70.75642,44.58673,43.344994,0.101527184,5,-1,-1
861.6783,106.295425,12.709595,29.924637,0.10087484,2,-1,-1
369.53903,0.0,34.311768,13.391828,0.10072902,10,-1,-1
186.77194,325.57785,117.02301,90.86978,0.10065693,4,-1,-1
30.923527,12.920949,85.931915,58.538174,0.1001533,6,-1,-1
787.17255,86.91205,14.979553,28.103226,0.10014063,4,-1,-1
449.20474,0.0,31.695923,8.928746,0.100117266,10,-1,-1
0.0,0.0,24.860476,23.018782,0.10002309,6,-1,-1
1005.176,118.11827,87.72644,61.14473,0.099776685,4,-1,-1
0.0,6.386153,74.755325,63.95009,0.09973487,9,-1,-1
1327.9232,249.88225,17.272827,26.786606,0.09963101,1,-1,-1
199.80739,655.1352,116.57289,109.42206,0.099126995,5,-1,-1
0.0,447.1748,71.978546,101.82422,0.09902069,10,-1,-1
381.66516,64.81484,55.348175,48.036324,0.099015266,8,-1,-1
76.03693,0.0,41.878777,16.855896,0.09899688,10,-1,-1
520.93774,145.37674,52.01068,55.9514,0.09887797,5,-1,-1
673.33167,60.568363,54.56195,45.494877,0.09885928,8,-1,-1
807.5099,86.10062,14.39801,31.887367,0.09872201,2,-1,-1
529.5845,402.47433,27.172363,28.332153,0.098698854,10,-1,-1
742.1603,299.21524,57.74463,84.150665,0.0986194,5,-1,-1
433.7905,18.865616,46.586975,51.562424,0.09846848,6,-1,-1
807.72375,24.004324,36.373474,37.740585,0.09837133,6,-1,-1
535.2674,0.0,33.56952,9.815029,0.09821504,4,-1,-1
1225.7006,7.1197944,61.516357,55.938026,0.097797036,4,-1,-1
959.227,129.92023,49.649902,50.040695,0.09776783,1,-1,-1
83.72814,320.70496,126.503136,77.69113,0.09776169,1,-1,-1
853.81476,99.15056,11.954529,29.194382,0.09753561,3,-1,-1
287.0958,119.1591,17.307068,28.469467,0.097210914,10,-1,-1
816.1366,109.81027,8.001648,20.334427,0.09699753,1,-1,-1
734.8075,546.8062,11.106201,23.369873,0.09672701,2,-1,-1
346.89508,165.25134,24.695465,26.133621,0.09661934,2,-1,-1
406.25482,0.0,34.528625,11.307352,0.09649113,5,-1,-1
741.98553,0.32108697,10.065979,25.449507,0.09644544,2,-1,-1
718.35425,21.920967,35.770386,40.76739,0.096340925,1,-1,-1
861.6783,106.295425,12.709595,29.924637,0.09598985,10,-1,-1
741.8213,0.0,10.344543,26.146309,0.095864564,3,-1,-1
347.6539,212.76118,65.45288,59.804184,0.09579107,5,-1,-1
237.74498,134.99283,79.60533,77.12842,0.09545386,6,-1,-1
40.633762,56.542904,27.573582,35.802845,0.09534511,7,-1,-1
786.57153,568.96954,29.757141,34.08246,0.095228046,1,-1,-1
1251.7837,45.815853,58.276733,41.352352,0.095215976,4,-1,-1
536.84265,0.0,33.434326,9.772681,0.09520677,7,-1,-1
22.77866,475.48825,25.564812,34.935913,0.094846964,2,-1,-1
939.90485,559.3722,131.72943,152.74426,0.09465966,4,-1,-1
1294.5576,37.32246,23.933594,19.176884,0.09464279,10,-1,-1
97.15159,125.52207,19.14492,24.239037,0.0945369,3,-1,-1
1276.9222,555.44653,82.63501,123.86389,0.09421283,10,-1,-1
1127.5159,46.683247,73.60437,44.254337,0.09403536,1,-1,-1
1002.32245,127.75214,54.899475,52.258255,0.09401968,1,-1,-1
686.45404,578.9611,100.11139,134.53357,0.09339151,1,-1,-1
898.2353,133.4451,40.915466,51.626892,0.093125194,1,-1,-1
485.82904,65.8239,50.636414,44.30047,0.092939645,1,-1,-1
1319.8998,226.75272,39.65747,46.180847,0.092619896,1,-1,-1
1187.2117,6.5282073,43.28601,45.074467,0.09235388,7,-1,-1
0.0,13.586038,60.766693,58.610092,0.09212327,8,-1,-1
726.6966,543.7389,29.836487,36.0235,0.09171721,1,-1,-1
449.20474,0.0,31.695923,8.928746,0.091681,7,-1,-1
1081.5159,49.0906,64.45227,42.386047,0.09166208,5,-1,-1
1099.434,377.9456,56.254395,38.689545,0.09148976,10,-1,-1
329.1018,321.10208,86.207214,91.58331,0.09125802,1,-1,-1
37.060154,47.84962,33.552517,37.59319,0.09092119,10,-1,-1
0.0,0.0,42.162766,41.769283,0.09090537,5,-1,-1
592.80225,14.366466,48.307556,53.480625,0.090835124,6,-1,-1
1327.3676,247.80241,19.020996,26.284775,0.090628654,2,-1,-1
282.2073,119.18073,26.469482,29.42762,0.09032509,1,-1,-1
683.28674,578.876,110.01117,133.40051,0.09010959,5,-1,-1
806.69635,87.17396,14.42749,29.97396,0.090004206,3,-1,-1
1335.5763,247.04964,10.617432,14.003098,0.08992356,1,-1,-1
1326.3949,232.08768,26.201904,32.454956,0.08970195,3,-1,-1
741.24603,10.145977,11.124634,22.956367,0.08942112,1,-1,-1
671.37445,58.537212,13.248657,21.495914,0.08857581,2,-1,-1
1099.7112,379.52902,124.53088,83.31421,0.08856729,1,-1,-1
1187.4432,6.529669,43.04016,44.216057,0.08820647,6,-1,-1
774.25525,568.3971,19.501709,33.457214,0.088032484,10,-1,-1
224.40393,150.91098,78.81711,74.68393,0.0878579,4,-1,-1
403.9781,205.55348,70.685974,56.603622,0.08765817,5,-1,-1
1071.26,7.41733,40.467896,46.3304,0.08760202,1,-1,-1
746.83466,142.9535,44.80194,53.539474,0.08746946,5,-1,-1
771.0752,569.67334,108.57703,138.0669,0.08737376,1,-1,-1
858.6663,22.826805,34.53949,40.155045,0.087367475,1,-1,-1
7.1109624,478.13254,27.820038,37.27658,0.08716434,2,-1,-1
1198.1248,147.85667,74.813354,68.06407,0.086805046,4,-1,-1
1081.5883,48.621044,64.62781,43.14561,0.08679205,1,-1,-1
768.8851,536.8562,20.42212,35.33368,0.08675456,10,-1,-1
746.022,382.1986,72.27026,97.321655,0.08672342,5,-1,-1
791.47974,87.88391,8.224548,19.256523,0.086624056,2,-1,-1
292.98904,123.19144,13.5616455,24.547104,0.08652231,1,-1,-1
943.5025,17.340225,39.258057,39.556168,0.08651811,1,-1,-1
432.02393,63.332714,53.729004,47.064022,0.08626947,1,-1,-1
482.08902,17.712332,46.85611,52.342163,0.086052716,6,-1,-1
449.20474,0.0,31.695923,8.928746,0.08564392,4,-1,-1
798.4092,552.2706,16.465637,34.9989,0.085567,3,-1,-1
59.622803,437.90186,78.21394,96.231384,0.08529198,1,-1,-1
527.5208,312.98706,74.63275,77.24524,0.08501011,5,-1,-1
854.37964,111.00893,12.90802,29.685669,0.08492163,1,-1,-1
433.0713,17.716274,47.504578,52.26372,0.08476573,8,-1,-1
1298.0978,111.86834,61.459473,60.902184,0.08472031,10,-1,-1
808.76624,97.58044,8.308411,21.476608,0.08471033,2,-1,-1
798.9726,133.61151,44.838257,51.054092,0.08470711,1,-1,-1
1135.1205,171.98381,95.54016,60.750687,0.084652066,1,-1,-1
470.1145,202.4789,67.15112,62.298264,0.08456889,5,-1,-1
531.6057,19.41411,53.688293,48.675156,0.08437279,1,-1,-1
345.91806,168.958,20.057098,24.35643,0.08436784,1,-1,-1
383.0013,30.51365,45.62155,45.133987,0.08428499,1,-1,-1
497.26968,0.0,32.70108,9.4519,0.08408037,4,-1,-1
641.6857,141.32574,42.773987,47.402725,0.08407754,1,-1,-1
735.1588,556.8945,9.110413,21.949707,0.08398342,1,-1,-1
735.18964,556.8756,9.338684,21.308167,0.083826035,2,-1,-1
581.0803,63.515415,50.921326,49.300007,0.08375642,1,-1,-1
593.2696,14.611251,47.780457,53.428238,0.08367717,1,-1,-1
1099.4829,382.35492,50.240967,50.893463,0.08358213,1,-1,-1
1315.9839,4.4921255,41.89746,41.58796,0.08354917,6,-1,-1
0.0,0.0,24.439281,21.89729,0.08347431,8,-1,-1
673.55206,60.105423,53.895447,45.951828,0.08337602,1,-1,-1
369.1562,0.0,35.282562,13.289052,0.08322206,5,-1,-1
130.60213,426.00003,86.11575,95.3743,0.083072186,5,-1,-1
806.8066,23.557716,36.820618,40.035183,0.08306599,1,-1,-1
1127.7656,160.76936,18.561401,25.314392,0.08300838,2,-1,-1
929.96967,300.03903,54.543884,75.13977,0.08283505,1,-1,-1
760.8239,533.8942,37.95105,38.21576,0.08274603,1,-1,-1
593.2696,14.611251,47.780457,53.428238,0.08232984,8,-1,-1
291.64575,421.49564,96.50546,103.38577,0.0817419,1,-1,-1
1187.2117,6.5282073,43.28601,45.074467,0.08166814,8,-1,-1
0.0,14.036665,60.16341,58.18846,0.081658155,10,-1,-1
