373.5136,72.96795,101.86029,53.178978,0.9999988,4,-1,-1
245.98587,259.14462,33.1243,47.239197,0.9999753,1,-1,-1
280.1416,92.72212,52.874542,71.40282,0.995329,4,-1,-1
477.5869,54.710155,65.99725,44.58212,0.96939194,4,-1,-1
479.92874,56.207092,115.25729,47.484634,0.20570117,4,-1,-1
707.0191,53.669548,55.289246,41.44693,0.16242063,4,-1,-1
479.26443,55.42127,111.79642,48.945393,0.1407902,5,-1,-1
710.48584,44.940613,51.41278,50.07518,0.12574524,5,-1,-1
477.26627,77.40194,15.02475,24.975197,0.117382675,1,-1,-1
705.5165,41.416676,58.071533,54.404964,0.112642765,9,-1,-1
491.05835,77.03095,14.760742,26.75306,0.10318282,1,-1,-1
477.90552,56.959408,62.68695,41.40607,0.08302027,5,-1,-1
311.61697,109.31027,15.269257,34.476517,0.082477,2,-1,-1
530.3977,70.27541,67.00842,34.041313,0.07644734,4,-1,-1
479.92874,56.207092,115.25729,47.484634,0.069586605,6,-1,-1
477.10068,57.429073,57.15512,42.51029,0.067673296,1,-1,-1
484.37,76.047356,15.490509,26.95266,0.06603044,1,-1,-1
474.2267,85.56165,13.976532,26.276985,0.060771435,1,-1,-1
495.92004,76.23391,15.630371,27.529716,0.058890074,1,-1,-1
476.78552,54.23856,91.138245,48.797535,0.057157457,9,-1,-1
686.9985,182.29019,12.798401,24.139557,0.05537781,1,-1,-1
280.00217,92.78243,52.98996,71.12382,0.055295974,10,-1,-1
473.96924,64.9077,16.474121,27.815872,0.054718316,1,-1,-1
706.84515,54.715446,55.90503,40.64666,0.05444193,6,-1,-1
713.61395,34.185497,50.186707,53.092014,0.05336398,4,-1,-1
560.48645,54.87396,124.16254,49.583736,0.052081347,4,-1,-1
