925.9052,264.8248,68.92572,59.444794,0.99999905,4,-1,-1
929.7805,656.2503,144.35046,92.830505,0.99999857,4,-1,-1
747.71185,235.00897,41.304077,54.521484,0.99999475,4,-1,-1
760.5466,296.28793,61.157776,59.86856,0.99999166,4,-1,-1
185.63066,173.10995,40.94928,51.15674,0.99998933,4,-1,-1
1246.976,196.69203,84.21045,47.4395,0.9999888,4,-1,-1
290.46265,79.23204,47.33249,39.64615,0.99996257,4,-1,-1
665.6712,235.08124,47.517395,54.08551,0.99991983,4,-1,-1
800.4809,236.86154,48.99243,57.179504,0.999908,4,-1,-1
1249.7437,310.8338,94.73096,53.993073,0.9998853,4,-1,-1
1154.7235,212.54651,85.0647,49.03122,0.9998838,4,-1,-1
521.7695,192.6187,74.16217,47.073135,0.99985826,4,-1,-1
498.7581,167.74434,80.950836,41.56836,0.99982786,4,-1,-1
327.36914,659.70056,129.81152,104.47046,0.99927425,4,-1,-1
47.88303,409.97852,71.30768,102.80994,0.9991077,5,-1,-1
1063.8401,236.09459,79.30762,56.63246,0.998231,4,-1,-1
75.041626,270.70737,49.256004,64.0914,0.9976921,4,-1,-1
314.7668,145.21706,39.80713,45.487778,0.9963776,4,-1,-1
347.7897,244.1255,57.45508,61.850815,0.99577594,5,-1,-1
1175.8596,393.43384,181.38562,112.012146,0.9956952,9,-1,-1
178.84132,397.058,59.686646,87.36783,0.9950347,4,-1,-1
984.7499,383.5225,75.0293,39.84793,0.9945288,7,-1,-1
34.274014,723.6615,79.7303,40.50952,0.9930276,4,-1,-1
92.00871,598.5485,23.309792,43.203064,0.96461666,1,-1,-1
534.4314,573.8908,42.44934,31.075256,0.9588636,10,-1,-1
290.4717,38.91505,32.652344,33.681286,0.957378,4,-1,-1
242.0231,179.31157,39.06961,42.14862,0.9142225,5,-1,-1
193.45593,0.03410966,28.349365,25.597502,0.88383186,4,-1,-1
63.287327,337.01886,24.829243,31.511108,0.7843245,10,-1,-1
1144.7483,296.31006,68.83325,43.016937,0.7764201,7,-1,-1
224.409,74.82172,33.09503,37.875435,0.76249504,4,-1,-1
546.61395,563.5317,21.747803,35.29358,0.7197194,2,-1,-1
73.11811,197.21858,33.808372,37.31102,0.70589864,7,-1,-1
169.0559,551.651,70.81648,123.79053,0.67117554,5,-1,-1
3.0877616,277.47452,51.5279,55.033142,0.5789223,4,-1,-1
135.63054,388.15982,18.096054,36.16272,0.5664609,1,-1,-1
172.73163,553.8781,67.04091,120.23816,0.5318965,4,-1,-1
16.93577,335.7292,37.117584,30.172058,0.52482635,7,-1,-1
11.9558935,321.83865,43.894634,37.52411,0.51441914,7,-1,-1
0.4525138,547.8087,19.879646,54.016113,0.4678809,4,-1,-1
237.76337,0.0,27.51764,20.189867,0.46117237,4,-1,-1
224.30048,74.370735,33.380768,38.522408,0.41984445,5,-1,-1
1149.3856,294.13776,64.73865,43.22998,0.40395486,8,-1,-1
39.967453,237.03885,22.922504,35.871307,0.40325436,1,-1,-1
407.44266,206.94785,18.379547,33.097412,0.4031728,1,-1,-1
488.27707,118.34427,43.293182,20.561172,0.4007772,7,-1,-1
40.404766,237.88199,22.920616,34.725464,0.38749713,2,-1,-1
1072.6006,326.2131,17.09497,30.366302,0.3860295,1,-1,-1
1.937785,276.58392,52.489258,58.20276,0.37798375,5,-1,-1
614.39954,385.12955,29.932129,20.185944,0.34539708,10,-1,-1
9.627798,314.02344,43.64518,27.341553,0.34535658,7,-1,-1
4.1799545,287.761,48.091564,57.94345,0.34317923,8,-1,-1
27.850456,365.41397,22.331966,33.203003,0.33949155,1,-1,-1
1064.0541,326.06604,17.707397,31.143097,0.3337039,1,-1,-1
85.871155,19.511522,30.198555,20.024801,0.32883644,7,-1,-1
1173.4054,393.5341,182.84912,109.29285,0.3278913,4,-1,-1
7.103665,336.9152,32.1226,30.950653,0.3188657,7,-1,-1
547.02484,562.19867,22.788147,34.42578,0.31043452,1,-1,-1
1294.5756,156.71089,44.100708,30.787888,0.3004564,7,-1,-1
72.57639,194.27809,35.189613,28.825668,0.29482415,10,-1,-1
882.3414,192.28484,32.18225,17.870941,0.28301203,10,-1,-1
2.0220952,275.30606,54.19282,60.69034,0.27658898,6,-1,-1
6.274999,325.12314,35.298565,30.215149,0.2673694,7,-1,-1
538.3081,571.02966,34.007202,31.843933,0.26602873,2,-1,-1
6.449545,308.63654,46.82328,33.071716,0.26480824,4,-1,-1
70.70128,8.002832,36.372635,22.80231,0.25975007,7,-1,-1
26.735542,364.11255,23.705017,34.127228,0.25105304,2,-1,-1
28.044174,440.22125,23.24633,30.367859,0.25099683,2,-1,-1
106.29693,64.3673,21.213295,26.88903,0.24637353,7,-1,-1
4.478937,362.32837,37.52366,24.097534,0.24168563,7,-1,-1
9.406075,349.12515,38.768467,29.76123,0.24006945,7,-1,-1
1130.0784,163.32753,26.967651,22.923798,0.2393871,10,-1,-1
491.5543,111.89249,35.74887,21.987076,0.23809746,7,-1,-1
7.235595,300.16898,42.480774,61.304474,0.22997522,7,-1,-1
3.2719927,388.18744,44.517494,25.932434,0.2223868,7,-1,-1
0.0,434.77795,27.07363,23.04535,0.22034529,2,-1,-1
487.4725,118.31362,44.13083,20.188225,0.21763173,4,-1,-1
442.28775,100.41452,28.29895,18.821632,0.21671852,4,-1,-1
26.681787,446.38043,25.34855,35.95352,0.21507329,10,-1,-1
16.823463,353.9656,24.390251,32.890625,0.20955157,1,-1,-1
97.621124,150.90327,20.806435,29.806091,0.20570147,1,-1,-1
114.88891,63.018234,19.510445,27.654251,0.20069948,7,-1,-1
1171.3286,394.35544,186.00708,111.00574,0.19997135,5,-1,-1
1184.2163,188.09047,28.948975,20.962906,0.19867373,10,-1,-1
1139.0878,162.16954,28.309692,22.54802,0.19593152,10,-1,-1
89.92683,152.43002,26.646492,25.947601,0.19427183,8,-1,-1
1132.8727,159.20285,28.703125,20.373169,0.19218814,10,-1,-1
89.92683,152.43002,26.646492,25.947601,0.19044274,7,-1,-1
80.21157,11.665283,33.661507,22.15128,0.18934035,7,-1,-1
1130.0784,163.32753,26.967651,22.923798,0.18918249,3,-1,-1
78.91522,159.56917,30.127945,22.206589,0.18553466,7,-1,-1
241.80333,179.0497,39.298904,42.486694,0.18553084,4,-1,-1
65.09703,0.86002934,40.98652,24.267645,0.18283525,7,-1,-1
138.57692,198.71545,15.578949,36.14267,0.18199968,1,-1,-1
77.14224,190.49852,29.322372,31.298477,0.17789838,7,-1,-1
1300.1144,672.9763,58.336914,84.0553,0.17731974,5,-1,-1
614.99536,383.61795,30.062012,21.494476,0.17495757,7,-1,-1
534.7318,574.132,41.75067,30.82898,0.17349193,3,-1,-1
1145.0908,296.54846,67.36084,41.36032,0.17060757,6,-1,-1
511.88312,181.14774,77.91748,44.297577,0.1703558,4,-1,-1
73.516945,202.66547,31.869286,36.679764,0.16852772,10,-1,-1
63.287327,337.01886,24.829243,31.511108,0.16825423,7,-1,-1
137.99626,199.8589,16.984863,34.61914,0.16743553,2,-1,-1
12.687565,364.37756,34.973534,28.244019,0.16706103,1,-1,-1
1051.2521,695.4318,20.280884,43.949097,0.16419584,1,-1,-1
992.1715,382.50558,40.075806,30.723083,0.16378844,2,-1,-1
487.4725,118.31362,44.13083,20.188225,0.16375273,10,-1,-1
535.4581,573.54926,41.09778,31.281433,0.16268432,4,-1,-1
1329.9673,123.75427,21.417725,34.124207,0.15959069,2,-1,-1
23.227142,376.87814,23.736607,33.28418,0.15815228,1,-1,-1
534.40405,573.79315,43.07245,31.345093,0.15715721,1,-1,-1
324.0444,658.72943,133.33951,105.44159,0.15655872,1,-1,-1
138.57692,198.71545,15.578949,36.14267,0.15576246,10,-1,-1
135.47353,388.18002,18.243073,36.06848,0.15411994,2,-1,-1
74.31088,174.24663,33.768898,19.273819,0.1533432,7,-1,-1
1.9038213,301.9694,49.944378,57.672516,0.15333962,6,-1,-1
224.47905,74.55674,32.961258,38.218605,0.15053383,1,-1,-1
7.6856813,355.9459,25.222301,31.17923,0.14869335,2,-1,-1
2.5226302,304.43665,20.683954,38.43872,0.14764929,1,-1,-1
18.749102,0.0,30.966936,19.629398,0.14675754,4,-1,-1
810.80896,172.95885,30.577637,24.642471,0.14643976,7,-1,-1
375.04053,160.51405,30.894928,24.69162,0.14603487,10,-1,-1
18.73561,362.3861,23.72806,32.99472,0.14479622,2,-1,-1
984.12836,383.75357,75.630066,40.243073,0.14393544,4,-1,-1
139.6968,204.02972,16.221298,34.838516,0.14254898,3,-1,-1
28.044174,440.22125,23.24633,30.367859,0.1421166,1,-1,-1
1277.2695,134.8879,19.010376,29.66243,0.1414913,1,-1,-1
76.01021,162.17511,33.9849,20.768173,0.14131221,8,-1,-1
614.39954,385.12955,29.932129,20.185944,0.14120221,3,-1,-1
1186.9753,189.12778,32.87805,20.933823,0.14070815,3,-1,-1
11.920717,333.2281,46.248833,32.7106,0.13810584,4,-1,-1
13.277672,313.3023,32.651733,34.30539,0.13652468,1,-1,-1
1072.6006,326.2131,17.09497,30.366302,0.13631752,2,-1,-1
26.437483,448.1882,25.40085,34.658295,0.13625771,2,-1,-1
0.0,434.77795,27.07363,23.04535,0.13579157,1,-1,-1
4.5856433,362.9584,35.96421,24.469482,0.13464844,10,-1,-1
1139.0878,162.16954,28.309692,22.54802,0.13313672,3,-1,-1
20.244228,336.19467,34.55553,29.764038,0.13260019,8,-1,-1
995.7799,382.20688,44.35669,32.064514,0.13019797,1,-1,-1
2.0220952,275.30606,54.19282,60.69034,0.12960622,7,-1,-1
412.2593,271.87927,18.51416,31.874512,0.1285721,1,-1,-1
984.59033,381.18753,75.00806,43.184814,0.1284518,8,-1,-1
2.2299232,314.59882,31.74578,30.006042,0.12757736,7,-1,-1
8.299145,344.4265,24.515438,29.23108,0.12717882,2,-1,-1
4.3444223,375.33426,40.64866,27.308075,0.1270451,7,-1,-1
21.814651,343.82678,29.382442,33.967438,0.12530383,1,-1,-1
97.23756,142.7031,22.276642,32.05841,0.1252552,7,-1,-1
63.287327,337.01886,24.829243,31.511108,0.12417039,2,-1,-1
8.749883,315.66183,27.428486,34.0625,0.12349835,2,-1,-1
15.947884,380.72073,25.543442,33.19876,0.123325944,1,-1,-1
882.3414,192.28484,32.18225,17.870941,0.12274021,7,-1,-1
7.247712,343.99966,28.05326,32.288116,0.12179682,1,-1,-1
23.227142,376.87814,23.736607,33.28418,0.1215263,2,-1,-1
193.66888,0.0,27.715576,25.33373,0.12144694,5,-1,-1
72.766014,16.243519,34.75985,19.98705,0.12142873,7,-1,-1
24.180035,140.65761,18.635853,37.39627,0.12025994,1,-1,-1
1154.5725,212.97968,85.89636,47.664734,0.11975595,1,-1,-1
6.841036,314.797,43.384483,27.903595,0.11904457,10,-1,-1
24.4907,334.9012,28.971004,30.627258,0.11885926,1,-1,-1
15.148064,346.51102,26.054516,29.910522,0.11880204,2,-1,-1
7.8981323,325.95816,26.732716,35.67685,0.117542684,2,-1,-1
13.315426,339.09293,29.441154,31.014435,0.116977006,1,-1,-1
3.0131977,311.54636,20.681152,35.728058,0.11674762,2,-1,-1
1182.5146,195.96631,32.219604,21.293823,0.116607934,10,-1,-1
77.14224,190.49852,29.322372,31.298477,0.11589876,2,-1,-1
193.45593,0.03410966,28.349365,25.597502,0.11352873,1,-1,-1
24.564621,345.166,25.454224,31.362,0.112737715,7,-1,-1
1174.4093,292.82333,37.264282,36.674774,0.11175066,8,-1,-1
63.287327,337.01886,24.829243,31.511108,0.11062178,4,-1,-1
1.1098968,423.88556,21.99215,26.375885,0.1101006,2,-1,-1
1.1098968,423.88556,21.99215,26.375885,0.109072626,1,-1,-1
8.373654,315.02615,44.821922,25.889221,0.108710885,8,-1,-1
1226.997,136.9177,18.240112,34.173904,0.10866809,1,-1,-1
1.3307447,515.459,21.643509,28.528809,0.10865721,4,-1,-1
19.203667,312.69067,30.412395,33.97577,0.10839656,2,-1,-1
870.53705,189.31346,34.98694,18.27745,0.10815066,10,-1,-1
2.8466902,295.57373,52.0892,45.989197,0.108077586,1,-1,-1
172.38843,554.15234,67.37683,119.90393,0.10725695,1,-1,-1
16.562407,438.47958,28.289713,26.672363,0.107090354,2,-1,-1
3.3934612,318.18646,22.30973,37.54019,0.10636547,7,-1,-1
0.4525138,547.8087,19.879646,54.016113,0.106074035,5,-1,-1
15.947884,380.72073,25.543442,33.19876,0.10604453,2,-1,-1
1.3144666,516.261,21.289003,27.838867,0.10592872,10,-1,-1
1199.3202,186.75209,27.812744,25.148361,0.10584086,3,-1,-1
984.12836,383.75357,75.630066,40.243073,0.10578796,6,-1,-1
24.4907,334.9012,28.971004,30.627258,0.105780095,2,-1,-1
1245.8501,130.16315,17.98523,33.87236,0.105603665,1,-1,-1
1064.8756,326.35242,20.32605,29.558838,0.10544714,2,-1,-1
7.6856813,355.9459,25.222301,31.17923,0.105050385,1,-1,-1
0.0,434.77795,27.07363,23.04535,0.104584515,10,-1,-1
1132.8727,159.20285,28.703125,20.373169,0.10375255,3,-1,-1
39.967453,237.03885,22.922504,35.871307,0.10316318,10,-1,-1
1171.6566,292.96884,33.852905,38.10797,0.10295269,1,-1,-1
5.665844,434.72668,36.223476,22.025085,0.102844834,2,-1,-1
3.6743479,388.72583,43.335384,25.47754,0.10186148,8,-1,-1
7.372595,337.96225,28.408075,30.146027,0.10088891,10,-1,-1
97.621124,150.90327,20.806435,29.806091,0.10062879,2,-1,-1
1145.3837,151.05418,21.335938,29.33992,0.10062465,10,-1,-1
2.303031,319.54926,46.074116,38.990326,0.09980652,4,-1,-1
138.57692,198.71545,15.578949,36.14267,0.09943056,7,-1,-1
26.437483,448.1882,25.40085,34.658295,0.09910858,1,-1,-1
1197.1486,197.25613,32.48694,21.489532,0.098644584,10,-1,-1
817.4886,167.87117,18.59076,30.083954,0.098290384,1,-1,-1
543.60297,564.75977,23.411621,35.8432,0.097327024,10,-1,-1
6.442691,313.07855,34.23161,42.64087,0.096998334,8,-1,-1
241.92833,179.27342,39.13774,42.04251,0.09691897,1,-1,-1
1210.8776,186.44154,20.180054,28.307114,0.09678882,3,-1,-1
4.652397,389.07596,42.49242,25.110687,0.09665054,1,-1,-1
3.3934612,318.18646,22.30973,37.54019,0.09565899,1,-1,-1
6.274999,325.12314,35.298565,30.215149,0.095062256,1,-1,-1
1194.0481,188.91356,32.999268,22.131912,0.09503314,10,-1,-1
1294.7452,156.61043,43.71338,30.850769,0.094501525,3,-1,-1
487.4725,118.31362,44.13083,20.188225,0.09368628,8,-1,-1
3.5125206,360.16022,21.944191,29.791504,0.09302205,1,-1,-1
7.372595,337.96225,28.408075,30.146027,0.0927923,8,-1,-1
2.5834012,329.00748,49.19761,52.769867,0.092763186,7,-1,-1
485.09305,95.76284,34.36856,17.359238,0.09212944,7,-1,-1
4.478937,362.32837,37.52366,24.097534,0.09190661,8,-1,-1
60.928146,177.70198,38.092545,19.405151,0.091124475,7,-1,-1
580.10565,146.08258,40.483337,20.523117,0.090934545,7,-1,-1
75.525856,241.03639,20.465988,33.376236,0.0903008,10,-1,-1
13.01891,324.54565,39.303288,26.826935,0.090207875,8,-1,-1
18.181349,324.84235,34.103638,29.625336,0.090151876,1,-1,-1
7.5561776,307.11548,28.623606,35.69937,0.08999422,1,-1,-1
442.23,98.10885,27.965881,20.402367,0.08819446,10,-1,-1
66.75835,4.5794873,36.777817,24.378262,0.08804652,4,-1,-1
1067.8792,329.46658,21.838623,28.085754,0.08776778,10,-1,-1
24.564621,345.166,25.454224,31.362,0.087016374,2,-1,-1
75.72216,244.46028,20.438538,35.774612,0.08694005,1,-1,-1
551.22174,560.7517,24.731873,32.63214,0.086046636,2,-1,-1
375.2976,160.9815,31.744293,24.527008,0.0855203,1,-1,-1
12.687565,364.37756,34.973534,28.244019,0.08549708,3,-1,-1
11.51424,372.58072,38.058353,29.497406,0.0853658,8,-1,-1
1332.5771,107.987206,21.046875,42.85238,0.08493242,2,-1,-1
74.31088,174.24663,33.768898,19.273819,0.08417204,8,-1,-1
1161.6636,294.8374,46.362915,37.243073,0.08393857,2,-1,-1
984.12836,383.75357,75.630066,40.243073,0.083506405,10,-1,-1
6.566054,335.75302,31.62177,30.341125,0.08340335,4,-1,-1
375.2976,160.9815,31.744293,24.527008,0.08335766,8,-1,-1
1210.8776,186.44154,20.180054,28.307114,0.08261371,10,-1,-1
4.5107856,330.1846,23.814898,35.665222,0.0823445,7,-1,-1
11.51424,372.58072,38.058353,29.497406,0.081908405,1,-1,-1
1041.9227,695.7473,22.397339,35.81909,0.08177474,1,-1,-1
13.141277,365.84042,38.848766,29.623993,0.08151677,7,-1,-1
1190.4432,182.55591,31.433105,21.222809,0.08126417,3,-1,-1
75.94786,113.45018,27.260544,26.497955,0.08091363,7,-1,-1
73.83058,192.7251,34.393127,28.713486,0.08073452,3,-1,-1
1067.8792,329.46658,21.838623,28.085754,0.080167055,3,-1,-1
10.015218,388.69788,37.264763,25.55426,0.080121815,3,-1,-1
18.814535,336.86493,34.77437,29.4758,0.07996115,6,-1,-1
963.6056,726.5965,33.623535,27.413513,0.07993227,1,-1,-1
97.23756,142.7031,22.276642,32.05841,0.079221725,8,-1,-1
1182.5146,195.96631,32.219604,21.293823,0.07914254,3,-1,-1
442.23,98.10885,27.965881,20.402367,0.07910746,5,-1,-1
1294.7452,156.61043,43.71338,30.850769,0.0790872,8,-1,-1
110.44487,0.0,32.742188,16.150734,0.07906598,7,-1,-1
1068.1337,320.19815,22.698486,28.50534,0.07900682,1,-1,-1
1190.4432,182.55591,31.433105,21.222809,0.07894918,10,-1,-1
0.37014556,547.833,19.687695,52.76416,0.0787172,10,-1,-1
12.643322,334.5944,30.836502,32.819244,0.07842946,2,-1,-1
1197.1486,197.25613,32.48694,21.489532,0.0782316,3,-1,-1
1.9038213,301.9694,49.944378,57.672516,0.07813296,5,-1,-1
1299.881,671.2364,58.50232,86.1756,0.07795969,1,-1,-1
5.39835,333.81528,28.73243,31.141693,0.07773098,1,-1,-1
1145.0908,296.54846,67.36084,41.36032,0.07771304,4,-1,-1
2.8466902,295.57373,52.0892,45.989197,0.077099204,10,-1,-1
1277.3384,133.54295,18.228027,30.298538,0.07679233,10,-1,-1
882.3414,192.28484,32.18225,17.870941,0.07650247,3,-1,-1
9.02816,369.49536,24.938114,32.483887,0.076197654,2,-1,-1
17.681547,335.11447,37.3273,30.176208,0.07582393,10,-1,-1
435.24792,92.397354,32.723267,22.115982,0.07565278,4,-1,-1
9.406075,349.12515,38.768467,29.76123,0.07462579,8,-1,-1
73.03177,242.71019,23.713089,29.689743,0.0744735,3,-1,-1
65.39151,257.86465,22.215477,29.924103,0.07419193,10,-1,-1
578.5594,146.2821,40.19232,20.788773,0.074175,3,-1,-1
4.6130214,348.54205,26.750856,27.166351,0.07415661,7,-1,-1
6.4562635,314.66083,48.232162,27.203949,0.07335296,3,-1,-1
18.887476,0.069947354,31.800322,19.101353,0.07318425,5,-1,-1
10.223575,337.01093,42.354984,34.267303,0.073069215,9,-1,-1
21.814651,343.82678,29.382442,33.967438,0.07304159,4,-1,-1
5.665844,434.72668,36.223476,22.025085,0.07278913,1,-1,-1
89.047646,156.6891,26.177162,24.971817,0.072711915,1,-1,-1
1121.565,157.59732,26.597534,25.941116,0.07263324,10,-1,-1
1232.1211,134.41377,18.85315,34.556168,0.072559565,1,-1,-1
1305.2705,154.86852,32.109253,33.176056,0.0724833,1,-1,-1
581.9233,145.5949,37.84369,21.658249,0.07240462,10,-1,-1
1170.7255,291.8377,41.698486,39.17273,0.071863174,7,-1,-1
8.749883,315.66183,27.428486,34.0625,0.07156259,4,-1,-1
7.5944033,382.9065,27.54517,34.07782,0.07143572,2,-1,-1
985.57654,381.44778,74.0094,42.96335,0.07114664,2,-1,-1
28.195307,313.50357,26.186323,35.713806,0.071110606,7,-1,-1
106.29693,64.3673,21.213295,26.88903,0.071030736,8,-1,-1
4.6247087,364.45593,40.138863,23.766846,0.070825726,2,-1,-1
507.26044,109.30928,34.947876,19.7258,0.07048634,7,-1,-1
13.497501,439.4054,32.198723,23.594147,0.07019669,10,-1,-1
1209.7944,178.6931,21.7229,25.389297,0.06967303,3,-1,-1
817.28906,168.40065,19.466675,29.306015,0.069474846,2,-1,-1
2.657606,388.62903,43.8482,25.795074,0.06943041,10,-1,-1
5.665844,434.72668,36.223476,22.025085,0.06892529,10,-1,-1
1.3144666,516.261,21.289003,27.838867,0.068690866,8,-1,-1
