536.87134,546.3471,25.75409,51.28784,0.94826216,1,-1,-1
556.9732,122.73796,26.27295,22.600357,0.8391721,4,-1,-1
838.20654,479.46695,92.55939,76.49533,0.8383354,4,-1,-1
1009.729,526.3161,131.25781,112.50433,0.7639598,4,-1,-1
598.95703,112.30979,37.684204,33.46923,0.72397625,6,-1,-1
814.7782,312.95425,104.92175,95.43109,0.7228803,6,-1,-1
573.30206,80.60543,33.53076,39.741966,0.67287946,6,-1,-1
701.52673,278.08447,82.614685,82.754,0.66581076,6,-1,-1
496.92355,29.171915,20.869293,19.209719,0.66044873,6,-1,-1
682.0502,677.40094,62.435303,36.142212,0.64493525,3,-1,-1
1030.7089,69.65204,67.79175,33.99775,0.62047124,6,-1,-1
1002.6137,66.36379,41.04315,23.388618,0.6185138,6,-1,-1
410.2905,24.678764,14.145233,13.496193,0.609946,4,-1,-1
768.5017,266.05127,77.31268,76.21356,0.6083499,6,-1,-1
908.69385,236.69661,55.87451,30.242722,0.6074924,5,-1,-1
1004.74445,223.82315,12.365906,15.420425,0.59443593,2,-1,-1
894.4174,404.93396,119.61017,107.70123,0.5920577,6,-1,-1
817.1057,166.62073,38.023804,22.071579,0.59179974,4,-1,-1
644.37274,293.56152,48.473022,58.27472,0.57165277,5,-1,-1
452.20966,107.42745,8.81781,17.372437,0.5628319,1,-1,-1
1229.4508,357.6548,115.30652,62.43933,0.5524528,6,-1,-1
446.62915,6.7681127,11.584656,10.220131,0.5468558,4,-1,-1
1191.7272,683.28015,167.83008,81.2771,0.5453393,4,-1,-1
1086.2042,159.23045,73.19092,36.494034,0.5412948,6,-1,-1
533.321,79.39075,7.7350464,11.746925,0.541274,2,-1,-1
774.0789,166.75177,44.299072,21.277649,0.53490794,4,-1,-1
532.958,82.57692,8.392395,12.346359,0.52825147,10,-1,-1
794.85443,96.30127,25.71112,20.773438,0.517621,5,-1,-1
930.5698,251.30708,60.13507,34.688553,0.5091794,5,-1,-1
589.2963,106.06298,23.605774,23.974113,0.48773977,6,-1,-1
490.21262,23.397251,15.857178,16.399677,0.48334035,6,-1,-1
992.1422,58.23668,35.27771,19.990677,0.47721773,6,-1,-1
533.1111,58.190796,21.581299,22.293152,0.4562186,6,-1,-1
759.0629,142.20383,55.019775,26.193588,0.43215734,6,-1,-1
736.2197,60.996258,30.566772,12.859554,0.40975258,4,-1,-1
760.54553,141.37852,54.353027,27.65599,0.39455026,5,-1,-1
862.6439,122.445625,34.66815,28.469627,0.38439015,6,-1,-1
523.7072,54.80584,16.292542,16.479416,0.38168412,4,-1,-1
590.0075,106.36059,22.196533,23.788963,0.37739512,5,-1,-1
10.3746805,306.89743,134.2588,144.69672,0.3758456,6,-1,-1
764.5577,55.362007,27.170776,12.724556,0.37282783,4,-1,-1
890.3493,220.50601,51.511963,23.642212,0.3617099,4,-1,-1
1079.2166,248.16638,85.558716,72.01944,0.35437477,6,-1,-1
976.2164,201.51335,13.573059,20.171173,0.34848067,2,-1,-1
752.2469,52.649086,30.526306,12.318504,0.345577,4,-1,-1
758.1891,150.05988,44.85309,23.028015,0.34494898,5,-1,-1
991.91534,60.14502,33.155945,16.750458,0.342524,4,-1,-1
956.00635,273.56528,8.645874,16.748077,0.33747852,1,-1,-1
466.65076,8.172913,13.458832,11.350948,0.33438706,4,-1,-1
1055.8083,24.825686,30.911133,14.666731,0.3340468,6,-1,-1
961.6174,272.58734,8.14209,18.023651,0.3309458,1,-1,-1
458.69595,76.65464,6.1786194,13.279739,0.32596672,1,-1,-1
700.4079,278.58344,83.02551,83.3905,0.32207918,5,-1,-1
640.89435,17.007273,41.01648,19.463312,0.31047523,6,-1,-1
759.0809,150.50224,44.287964,22.800278,0.3050965,6,-1,-1
491.98367,26.100567,20.45633,20.067852,0.29934698,6,-1,-1
817.15753,166.29558,38.18878,22.3844,0.2993095,5,-1,-1
1087.5554,159.3861,72.86182,36.129623,0.2982629,7,-1,-1
1111.3091,7.431553,36.277344,16.111906,0.2958997,6,-1,-1
645.4647,292.99283,47.93634,57.8067,0.29195368,4,-1,-1
1008.35376,218.26776,9.944519,14.040588,0.27844,2,-1,-1
464.86826,6.0234714,14.705475,13.07786,0.27810478,6,-1,-1
533.1111,58.190796,21.581299,22.293152,0.2778527,5,-1,-1
894.65326,226.25679,53.241882,26.88736,0.27718544,5,-1,-1
809.152,188.64926,38.386475,22.588913,0.27571943,4,-1,-1
852.2116,87.19627,54.41742,36.200264,0.27228522,6,-1,-1
533.1111,58.190796,21.581299,22.293152,0.27124208,4,-1,-1
1003.94574,221.6114,14.163757,19.472137,0.27119368,1,-1,-1
981.39514,203.5733,8.65564,18.780914,0.2673669,1,-1,-1
769.0124,265.8806,76.54205,76.57422,0.26721376,5,-1,-1
758.1891,150.05988,44.85309,23.028015,0.26546478,4,-1,-1
523.4785,54.572662,16.406189,16.759987,0.26473814,8,-1,-1
941.75146,258.5322,55.69641,30.735962,0.2644046,4,-1,-1
523.7051,54.93543,16.351013,16.438694,0.26416403,6,-1,-1
589.4527,106.30065,23.12799,23.74601,0.26323542,4,-1,-1
945.97675,261.33948,48.50232,28.241241,0.26167,5,-1,-1
909.203,237.35883,55.83246,30.125122,0.25866604,4,-1,-1
793.79364,96.24521,26.703674,21.564377,0.25701812,6,-1,-1
659.4812,49.750256,64.78064,32.485317,0.2560261,6,-1,-1
931.61005,250.86775,58.45221,34.04567,0.25523168,6,-1,-1
978.10596,272.70175,42.86792,27.754303,0.2551375,4,-1,-1
889.8927,220.5674,52.097656,24.059235,0.2508389,5,-1,-1
932.0809,251.23865,57.121643,32.26346,0.24708074,4,-1,-1
933.7793,121.46047,7.8584595,15.105309,0.2457661,1,-1,-1
759.3082,142.17104,54.05432,27.121552,0.24547681,9,-1,-1
533.30115,79.56105,7.57666,11.723808,0.24538022,1,-1,-1
905.9002,223.37515,36.265137,19.552307,0.24439538,10,-1,-1
863.49097,122.88417,33.67389,27.575287,0.24434513,8,-1,-1
1057.1969,230.10541,90.299805,75.11008,0.24259797,6,-1,-1
905.9446,223.36423,35.906677,16.976074,0.24173409,7,-1,-1
740.28766,55.645153,28.743652,12.004093,0.2399688,4,-1,-1
794.09204,112.0815,36.94641,20.427658,0.2369074,4,-1,-1
976.1931,201.67805,12.531372,19.422913,0.23552239,1,-1,-1
1124.0507,155.86507,12.072876,19.847855,0.2353001,2,-1,-1
963.99225,274.64664,7.7805786,17.284088,0.23501611,1,-1,-1
901.57446,222.93901,41.056274,19.973053,0.23369041,8,-1,-1
490.22873,23.867405,15.704742,16.173515,0.23327765,4,-1,-1
906.7307,210.3552,37.37079,17.687393,0.22876424,7,-1,-1
1079.7701,244.36572,85.226685,74.04224,0.22797951,8,-1,-1
533.65643,58.22782,20.403198,22.05117,0.22772631,8,-1,-1
523.076,54.505173,15.970398,16.451622,0.2263985,7,-1,-1
985.201,254.05959,149.3222,107.92351,0.21923971,6,-1,-1
891.9683,207.68141,51.68036,24.502182,0.21789429,4,-1,-1
955.7261,273.17737,9.233765,17.549652,0.21176001,2,-1,-1
890.39105,207.50783,52.91638,25.250412,0.21151647,6,-1,-1
446.57666,6.8193617,11.711761,10.177743,0.21085802,5,-1,-1
642.97296,18.523033,37.18213,17.00866,0.2107414,4,-1,-1
941.75146,258.5322,55.69641,30.735962,0.21024176,8,-1,-1
463.47647,6.7387047,13.943268,10.583185,0.20736319,4,-1,-1
465.87332,7.740598,13.946014,11.448149,0.20689413,5,-1,-1
756.12134,166.72028,46.127014,20.833633,0.20683753,4,-1,-1
933.74866,121.467636,7.8147583,14.938873,0.20651728,2,-1,-1
988.10657,258.77698,16.894348,16.68811,0.20525295,3,-1,-1
889.10065,219.74678,52.792297,24.959274,0.20459339,6,-1,-1
496.20825,29.945683,21.982056,17.981792,0.20257089,4,-1,-1
699.5551,35.265556,31.309631,17.201992,0.20229813,6,-1,-1
861.43677,122.30839,33.711975,28.279396,0.20197466,5,-1,-1
454.49387,0.0,15.7109375,9.636793,0.2013039,4,-1,-1
962.6433,271.2262,9.25177,19.103058,0.19920614,2,-1,-1
736.27216,60.453064,30.240295,13.115616,0.19660345,5,-1,-1
5.5284657,31.770765,8.820894,17.513464,0.19508725,1,-1,-1
1160.7407,90.332344,5.2161865,8.212807,0.19419307,1,-1,-1
956.82336,265.81802,48.75818,25.440857,0.1934967,4,-1,-1
533.14954,82.41277,7.8444824,12.574265,0.19324818,3,-1,-1
1013.35535,67.21355,46.30188,24.889984,0.19311845,6,-1,-1
532.3847,82.046814,9.785156,12.589134,0.19282946,2,-1,-1
581.292,86.98432,32.06317,42.184242,0.19270074,6,-1,-1
1086.2042,159.23045,73.19092,36.494034,0.19170871,8,-1,-1
721.6244,72.872215,43.359924,17.285637,0.1913921,4,-1,-1
739.2398,67.63206,29.122314,11.535332,0.1905635,4,-1,-1
533.65643,58.22782,20.403198,22.05117,0.18949175,7,-1,-1
815.19354,315.4681,104.32611,91.51419,0.18806449,5,-1,-1
1126.2095,155.30287,8.577759,16.54419,0.18787602,1,-1,-1
533.9535,80.38487,6.2302246,11.369843,0.18748593,10,-1,-1
599.2758,111.25847,36.66327,34.478134,0.18619141,5,-1,-1
774.671,166.48228,43.848328,21.707901,0.18425554,5,-1,-1
975.34827,202.66875,7.7925415,14.942947,0.18410787,2,-1,-1
1064.419,229.81506,17.873413,29.849518,0.1833055,1,-1,-1
980.8596,203.5351,10.957886,19.831116,0.18255588,2,-1,-1
524.08575,55.42175,17.509094,16.832577,0.1804659,5,-1,-1
893.6233,199.70204,49.6084,31.58554,0.17960146,5,-1,-1
1212.219,348.58167,139.09021,115.1272,0.17548043,6,-1,-1
817.30347,315.91595,99.990845,92.109985,0.17547527,8,-1,-1
490.0863,23.5533,15.808563,16.35348,0.17501849,8,-1,-1
794.10406,96.506966,26.425964,21.002075,0.17248136,4,-1,-1
469.2589,92.21955,11.525787,12.060028,0.1719257,3,-1,-1
454.43988,0.0,16.816528,10.25633,0.17174238,6,-1,-1
967.9707,274.13876,8.09314,17.63034,0.17117688,1,-1,-1
791.6747,111.27275,40.257812,22.587418,0.17105839,5,-1,-1
934.5152,250.3995,54.59027,32.39804,0.17030305,8,-1,-1
1025.7407,240.51042,143.08862,96.475784,0.16972563,6,-1,-1
643.5739,19.138266,53.41107,24.646093,0.1696204,6,-1,-1
757.2189,54.031513,34.00757,14.390598,0.16880274,5,-1,-1
1080.9391,243.00833,83.36841,77.33148,0.16879937,5,-1,-1
975.34827,202.66875,7.7925415,14.942947,0.16504472,1,-1,-1
907.6755,209.93817,36.30359,18.00914,0.16457167,10,-1,-1
898.3063,207.26411,46.257935,23.877472,0.16099969,8,-1,-1
792.01984,170.65565,29.167603,16.374542,0.1601739,4,-1,-1
912.14667,239.91832,59.46936,32.632126,0.16001964,6,-1,-1
945.4372,261.4452,50.7287,27.513672,0.15943536,6,-1,-1
725.00775,74.96267,40.110535,13.679962,0.15899014,5,-1,-1
889.8927,220.5674,52.097656,24.059235,0.15892288,7,-1,-1
490.28265,23.751003,15.730743,16.136497,0.15841869,5,-1,-1
410.69495,24.993587,14.032745,12.907658,0.15724453,5,-1,-1
1071.6012,229.50557,53.42627,36.678696,0.15537661,7,-1,-1
1064.419,229.81506,17.873413,29.849518,0.15484607,2,-1,-1
1127.2438,154.50659,8.089233,14.6970215,0.15468532,2,-1,-1
598.4102,111.207245,37.47162,33.878876,0.15421873,4,-1,-1
797.70874,34.258533,31.28534,12.683708,0.15331271,4,-1,-1
716.13965,75.61015,50.138306,24.32026,0.1525791,6,-1,-1
1001.1695,66.285995,39.582336,22.027328,0.15230757,4,-1,-1
451.7474,107.0065,8.796295,17.165482,0.1513789,2,-1,-1
809.152,188.64926,38.386475,22.588913,0.15093622,5,-1,-1
589.4527,106.30065,23.12799,23.74601,0.15093562,8,-1,-1
861.40607,122.53693,34.87982,28.129852,0.15083596,4,-1,-1
686.9528,673.008,87.52716,46.934692,0.15022284,3,-1,-1
427.05518,28.782572,7.1522827,13.676592,0.14752278,1,-1,-1
913.92267,208.94893,29.918274,15.922745,0.14725876,3,-1,-1
642.97296,18.523033,37.18213,17.00866,0.14637709,5,-1,-1
978.10596,272.70175,42.86792,27.754303,0.14584553,5,-1,-1
855.03094,85.0318,80.26135,45.56488,0.14492369,6,-1,-1
108.458565,0.0,46.532722,19.035133,0.14479592,6,-1,-1
1057.1969,230.10541,90.299805,75.11008,0.14398181,8,-1,-1
760.54553,141.37852,54.353027,27.65599,0.1433607,4,-1,-1
921.45294,121.254234,8.529358,16.819832,0.14271626,1,-1,-1
979.28876,203.23766,7.668579,15.533539,0.14209875,2,-1,-1
1123.4784,155.56584,13.404419,21.19313,0.14139783,1,-1,-1
888.87256,194.86519,52.9151,26.954147,0.14089221,4,-1,-1
458.37274,0.0,21.200989,13.873882,0.14053085,6,-1,-1
963.731,270.76465,22.259521,20.538055,0.1395269,1,-1,-1
490.08582,23.214285,16.077911,16.734419,0.1393587,7,-1,-1
890.39105,207.50783,52.91638,25.250412,0.13935366,7,-1,-1
622.75507,42.4743,98.74548,43.93375,0.13905263,6,-1,-1
416.48364,15.13152,6.699524,12.665227,0.138693,1,-1,-1
716.13965,75.61015,50.138306,24.32026,0.13842037,9,-1,-1
470.22842,95.57101,12.02597,12.882187,0.13830113,3,-1,-1
738.7549,67.20239,29.473572,11.871956,0.13717103,5,-1,-1
495.464,27.436905,21.462036,20.476738,0.13629568,5,-1,-1
768.907,265.98868,77.648254,76.09775,0.13615936,8,-1,-1
1009.2515,525.9939,133.16766,113.417175,0.13614619,5,-1,-1
867.8216,119.43302,52.083252,30.587547,0.13501093,6,-1,-1
668.23303,91.86099,69.41766,51.951233,0.13499081,6,-1,-1
495.52408,27.52821,21.227509,20.194801,0.1349077,8,-1,-1
1118.7434,281.18143,46.89099,37.933594,0.134561,7,-1,-1
947.0345,261.58078,46.3927,29.390747,0.13428044,7,-1,-1
794.713,96.60316,26.059204,20.280525,0.13422024,9,-1,-1
531.7115,80.32504,10.723816,15.463684,0.13396358,1,-1,-1
894.65326,226.25679,53.241882,26.88736,0.13291997,4,-1,-1
892.9068,404.35867,120.62219,107.27487,0.13277301,8,-1,-1
735.4701,55.337505,43.344055,19.326305,0.13204256,4,-1,-1
454.8928,0.0,15.250305,10.051506,0.13200146,5,-1,-1
1055.8083,24.825686,30.911133,14.666731,0.13068998,7,-1,-1
790.3904,111.47387,42.30768,21.82772,0.13047159,6,-1,-1
1005.22046,217.73251,12.66217,16.389175,0.12845513,1,-1,-1
1336.2268,387.97464,9.722412,15.095001,0.12765464,1,-1,-1
497.3851,29.619226,21.250458,18.599966,0.1270796,7,-1,-1
454.01047,0.34132352,10.655853,9.287798,0.12584299,7,-1,-1
771.1682,37.61394,34.938354,13.764599,0.12554416,4,-1,-1
978.2281,277.99466,29.922058,19.641724,0.1251966,4,-1,-1
817.30347,315.91595,99.990845,92.109985,0.1251378,7,-1,-1
716.4992,76.14948,49.758972,24.251366,0.12464243,4,-1,-1
454.10568,0.0,10.688934,7.2967143,0.124299794,4,-1,-1
749.4615,49.910484,29.541382,11.591106,0.12424585,4,-1,-1
955.38885,264.18073,51.27246,28.612762,0.124070615,8,-1,-1
1231.4388,359.17722,113.28345,61.032135,0.124032676,9,-1,-1
936.67126,121.9611,6.494812,13.575676,0.12393722,1,-1,-1
921.45294,121.254234,8.529358,16.819832,0.12359354,10,-1,-1
1080.5178,249.0171,84.64209,71.00856,0.123167485,7,-1,-1
556.9732,122.73796,26.27295,22.600357,0.12315795,1,-1,-1
754.13367,164.0798,50.096985,25.14862,0.12190181,6,-1,-1
524.49225,55.737823,11.313477,14.478638,0.12182763,1,-1,-1
888.87256,194.86519,52.9151,26.954147,0.12154037,6,-1,-1
736.12787,70.403305,31.916443,13.9492035,0.121450305,4,-1,-1
1055.9985,257.27448,89.43701,70.97583,0.12141806,6,-1,-1
921.4752,121.55338,8.586304,16.267143,0.121183485,2,-1,-1
710.59235,77.29387,73.19672,34.3395,0.12049228,6,-1,-1
1111.3091,7.431553,36.277344,16.111906,0.12035608,9,-1,-1
752.2469,52.649086,30.526306,12.318504,0.1203551,5,-1,-1
527.19586,58.489,11.634766,14.328178,0.12032902,1,-1,-1
770.40204,166.75041,46.211,21.299911,0.119529784,6,-1,-1
1232.6365,358.85434,111.84204,60.9003,0.11921647,5,-1,-1
991.91534,60.14502,33.155945,16.750458,0.11918634,5,-1,-1
716.47394,75.94788,49.688904,23.664253,0.1190379,5,-1,-1
466.04352,7.567569,13.597473,11.620194,0.11896774,8,-1,-1
771.1682,37.61394,34.938354,13.764599,0.11836228,6,-1,-1
597.33954,110.616745,38.304382,34.470306,0.11765373,8,-1,-1
905.9002,223.37515,36.265137,19.552307,0.11761472,3,-1,-1
446.502,6.6888447,12.076019,10.359665,0.11720851,8,-1,-1
933.6589,250.9596,55.97516,33.10846,0.11676043,7,-1,-1
905.9002,223.37515,36.265137,19.552307,0.11648649,1,-1,-1
770.61884,266.9658,74.36224,74.53424,0.116436124,4,-1,-1
1007.74084,228.49101,11.268188,11.856018,0.115876555,2,-1,-1
816.4032,53.127785,16.727905,8.9339485,0.11553526,4,-1,-1
954.55707,275.6013,13.499329,18.841217,0.115406156,1,-1,-1
884.8837,59.28016,4.6030884,6.72937,0.11464384,1,-1,-1
971.9506,262.1206,47.380615,32.189545,0.11433351,4,-1,-1
755.74915,53.343845,35.382324,15.054134,0.11430016,6,-1,-1
755.2154,165.24721,47.96118,23.233047,0.114180416,5,-1,-1
786.93823,32.856483,35.639587,11.94186,0.11345452,4,-1,-1
792.0361,170.05028,28.6828,17.642273,0.113156974,10,-1,-1
1123.7812,158.8854,8.689941,16.21782,0.112798184,1,-1,-1
863.82623,86.8999,6.232666,15.563797,0.11236739,1,-1,-1
20.42232,29.117695,31.836786,15.223194,0.112306565,6,-1,-1
1006.83685,226.06375,8.2925415,10.943161,0.11224842,2,-1,-1
446.502,6.6888447,12.076019,10.359665,0.112244755,7,-1,-1
703.91235,277.7385,81.60828,83.02811,0.111831814,4,-1,-1
453.86304,0.0,12.021973,10.052412,0.11179003,8,-1,-1
1269.2767,369.36072,76.9646,61.38376,0.111638635,6,-1,-1
964.2215,271.1424,30.284363,19.498566,0.11155599,4,-1,-1
958.3902,268.30386,30.426697,22.26712,0.11107513,8,-1,-1
460.46405,3.693584,12.344696,11.03924,0.11101106,4,-1,-1
773.3031,33.649185,33.629333,11.975674,0.11077353,4,-1,-1
10.201827,307.09726,134.64536,150.46533,0.11054465,7,-1,-1
906.355,222.88242,35.24939,17.109772,0.11050388,4,-1,-1
1108.9929,271.3346,61.00244,46.966614,0.11026758,8,-1,-1
1198.0529,349.55606,109.58203,60.263123,0.11022264,6,-1,-1
794.10406,96.506966,26.425964,21.002075,0.11009252,8,-1,-1
462.7381,8.15365,6.1560974,7.9024277,0.10993761,1,-1,-1
702.3252,290.1895,7.5300293,17.182281,0.109843016,1,-1,-1
760.5562,38.167793,4.930237,9.151077,0.10965985,1,-1,-1
446.57666,6.8193617,11.711761,10.177743,0.1095632,6,-1,-1
1192.4448,684.19403,167.11243,80.36322,0.10935789,5,-1,-1
911.20935,208.75793,32.515198,16.154083,0.109329164,8,-1,-1
1006.98834,218.11224,14.185059,20.374374,0.10910562,2,-1,-1
736.11084,57.14621,36.84076,16.548798,0.109048486,6,-1,-1
909.3404,237.39009,55.456543,29.618546,0.10887572,8,-1,-1
861.89276,122.67916,36.559387,28.026161,0.108858794,7,-1,-1
988.10657,258.77698,16.894348,16.68811,0.108651996,10,-1,-1
707.96936,564.8507,14.141113,29.233765,0.10832244,1,-1,-1
687.6002,79.682304,75.016235,37.994278,0.108210385,6,-1,-1
771.3184,86.99961,5.3154297,8.419167,0.10808906,1,-1,-1
775.0497,167.08342,43.09845,20.770142,0.107640386,1,-1,-1
958.5089,272.46024,16.594055,16.692291,0.10745466,1,-1,-1
1101.6521,268.70947,69.92493,48.96579,0.10705933,6,-1,-1
814.16907,51.570618,14.653442,7.6904106,0.10701305,4,-1,-1
441.89386,14.625632,11.303223,9.670913,0.106983125,4,-1,-1
699.5551,35.265556,31.309631,17.201992,0.1068373,4,-1,-1
1055.4628,24.869026,30.831543,14.640564,0.10682958,4,-1,-1
1071.6012,229.50557,53.42627,36.678696,0.10665071,8,-1,-1
536.8716,546.16833,25.63031,51.562927,0.10635218,4,-1,-1
458.69595,76.65464,6.1786194,13.279739,0.10605717,2,-1,-1
1058.7185,225.26114,66.17749,46.637787,0.105531335,6,-1,-1
700.4079,278.58344,83.02551,83.3905,0.10538474,9,-1,-1
1219.5333,355.71887,124.52222,60.885254,0.10523665,4,-1,-1
484.3845,10.944318,14.946991,15.188975,0.105184495,6,-1,-1
11.858876,307.4318,132.65283,140.79846,0.10517055,8,-1,-1
462.52286,8.339474,6.7001953,7.528405,0.105077505,2,-1,-1
763.53174,276.9591,7.6729736,14.796539,0.105041265,1,-1,-1
1258.4847,558.4852,101.07251,137.26904,0.104961544,4,-1,-1
1069.9879,238.68063,54.089355,47.07422,0.10494283,7,-1,-1
924.4955,121.61809,7.9420166,16.075806,0.104747176,1,-1,-1
961.5161,267.39667,10.623657,18.99414,0.10466865,1,-1,-1
662.0481,51.022755,61.7146,31.66103,0.10460368,9,-1,-1
443.3135,9.868297,12.585144,13.266543,0.10402259,4,-1,-1
757.0691,36.823757,5.012085,9.427635,0.10395056,1,-1,-1
1006.00653,225.2034,9.951843,12.850082,0.103811294,1,-1,-1
919.37366,121.93739,7.4923706,15.546509,0.10369864,1,-1,-1
863.0529,56.846554,4.881836,8.355068,0.10361445,1,-1,-1
934.59595,121.80118,7.312378,15.310013,0.103342175,10,-1,-1
992.2466,60.059357,34.388916,17.21907,0.10325572,7,-1,-1
979.28876,203.23766,7.668579,15.533539,0.10271922,1,-1,-1
484.9396,17.312298,11.018585,10.10866,0.10261801,8,-1,-1
957.25305,263.94882,49.85388,30.630493,0.102442384,5,-1,-1
466.96698,8.437442,12.968933,11.265384,0.10243976,7,-1,-1
765.0036,155.97356,33.5567,18.300491,0.102283895,8,-1,-1
1087.5554,159.3861,72.86182,36.129623,0.101935536,4,-1,-1
874.42285,46.01276,5.2217407,9.820625,0.10189512,1,-1,-1
954.746,276.6959,7.399353,11.716461,0.10179654,1,-1,-1
693.534,14.353476,46.984436,19.425428,0.101308644,6,-1,-1
749.40826,54.892124,23.007812,9.167446,0.10128629,4,-1,-1
968.0949,273.8669,7.769409,18.200348,0.10099253,2,-1,-1
890.5329,194.89636,50.243896,24.469925,0.10074812,5,-1,-1
450.70648,106.719986,14.188416,21.630554,0.10031089,1,-1,-1
906.7491,202.32426,34.504456,15.507111,0.10001129,7,-1,-1
971.793,275.39365,7.7286377,18.227112,0.099911064,1,-1,-1
681.574,684.5062,77.672,54.47992,0.099816084,3,-1,-1
655.3897,22.464592,60.240845,26.556484,0.099730164,6,-1,-1
977.3541,274.39526,43.76178,25.893799,0.0994069,8,-1,-1
817.1337,166.48383,38.10901,22.316055,0.099355966,6,-1,-1
589.8626,105.98663,23.470093,24.057938,0.09932241,9,-1,-1
919.04926,122.09504,8.113464,17.420662,0.09906095,10,-1,-1
1061.4963,229.8985,76.29358,72.076416,0.099009424,5,-1,-1
591.891,21.133736,86.230835,42.30951,0.09885064,6,-1,-1
589.4995,106.125534,23.212524,23.978348,0.09871113,7,-1,-1
40.070606,751.5501,7.5841713,10.299194,0.096539825,1,-1,-1
740.4982,74.86373,28.91681,12.022453,0.09633899,4,-1,-1
703.40466,289.42517,12.232544,20.25409,0.09631243,1,-1,-1
533.6731,83.53079,6.960022,11.555519,0.096061885,1,-1,-1
642.97296,18.523033,37.18213,17.00866,0.09597269,9,-1,-1
743.8855,24.082827,3.8431396,6.654293,0.09585187,1,-1,-1
874.216,112.68406,71.474,32.42811,0.09577441,6,-1,-1
483.59283,16.176266,17.21585,16.853695,0.095772505,6,-1,-1
966.9827,274.059,13.753784,21.001465,0.09569299,1,-1,-1
973.55695,275.39313,41.98169,24.853241,0.09559652,7,-1,-1
1002.036,226.2426,17.778687,17.264084,0.09514126,2,-1,-1
1255.984,539.03705,103.57324,136.71417,0.09499586,6,-1,-1
699.9182,27.696583,24.810974,10.700531,0.09497106,4,-1,-1
576.7834,100.96792,24.968994,20.798836,0.09489158,4,-1,-1
1032.5844,69.58451,46.62671,23.415062,0.09468949,6,-1,-1
768.9744,156.4354,30.727417,17.907913,0.09449199,4,-1,-1
699.2889,35.274902,31.603882,17.536129,0.09438619,5,-1,-1
674.4171,27.695631,54.550232,24.573809,0.093948215,6,-1,-1
901.9967,215.39558,37.021973,15.454056,0.0935069,7,-1,-1
350.3684,6.918477,12.532501,16.71587,0.09347594,1,-1,-1
726.4895,280.4201,89.63898,75.53537,0.093370855,6,-1,-1
533.9726,76.742134,5.7647095,10.372337,0.09313041,2,-1,-1
898.40625,404.14124,118.32776,105.74243,0.093120545,7,-1,-1
771.1682,37.61394,34.938354,13.764599,0.09304088,5,-1,-1
890.0004,194.70299,51.157227,25.81578,0.09290013,8,-1,-1
954.6809,267.50742,11.547302,20.940277,0.092873156,1,-1,-1
427.02646,28.293129,6.8598022,13.316364,0.092439055,2,-1,-1
1124.1135,158.03242,8.267822,13.718414,0.09224704,2,-1,-1
769.1221,70.3627,32.644653,14.797913,0.0922344,4,-1,-1
484.72946,17.377516,11.47879,9.859997,0.09222537,7,-1,-1
410.44864,24.755302,14.292816,13.344017,0.092136115,6,-1,-1
762.7014,155.4537,36.268005,17.696991,0.091866195,7,-1,-1
529.252,52.80776,21.72351,21.32185,0.0917511,6,-1,-1
1129.7449,154.46355,9.176514,13.51413,0.09167132,1,-1,-1
912.8117,203.18782,30.247803,15.198883,0.09161818,3,-1,-1
699.2889,35.274902,31.603882,17.536129,0.09153962,7,-1,-1
739.45074,146.14551,55.786377,31.799301,0.091311425,6,-1,-1
838.5222,478.35065,92.89081,77.163025,0.09125921,5,-1,-1
459.09695,78.00062,8.190094,15.485329,0.09092763,1,-1,-1
1006.2012,69.96368,35.755737,19.507126,0.09092355,7,-1,-1
874.11835,42.87301,5.9552,10.111851,0.090884924,1,-1,-1
1097.5397,250.67548,53.075684,42.06314,0.09082523,7,-1,-1
451.8973,107.110306,7.188843,11.833496,0.09079322,1,-1,-1
749.4105,50.152233,43.707825,20.573055,0.09073529,4,-1,-1
836.99994,122.54652,48.616455,26.673775,0.08974016,6,-1,-1
458.7502,77.41529,6.357605,13.891373,0.08973929,3,-1,-1
410.44864,24.755302,14.292816,13.344017,0.08973098,8,-1,-1
573.2721,81.128105,32.703796,39.316154,0.08958459,4,-1,-1
955.0884,276.22614,7.194763,12.700348,0.08953738,2,-1,-1
790.0557,67.15782,30.351929,13.413872,0.08942461,4,-1,-1
697.5745,36.06223,33.00171,16.855068,0.08927801,8,-1,-1
836.8142,477.01627,95.59674,79.80423,0.08906227,8,-1,-1
1030.7089,69.65204,67.79175,33.99775,0.08902782,9,-1,-1
464.14908,6.40152,13.381226,11.331249,0.08888328,7,-1,-1
987.18646,63.532417,43.717834,24.510353,0.08867371,6,-1,-1
629.4414,49.064625,67.98163,26.746693,0.08863369,6,-1,-1
882.10596,58.690243,4.380005,7.5044594,0.08862969,1,-1,-1
816.7641,166.56493,38.223755,22.388092,0.08861396,1,-1,-1
920.39825,208.7065,25.26117,15.784348,0.08858138,10,-1,-1
961.6477,275.23508,7.432495,15.9935,0.0885306,2,-1,-1
461.9431,6.3785043,10.896484,9.854967,0.08836946,7,-1,-1
689.66815,10.124765,28.626709,12.897682,0.088089645,4,-1,-1
561.48694,51.58194,5.5671997,15.427109,0.08780861,1,-1,-1
533.5247,85.892555,6.633789,7.640274,0.08777213,10,-1,-1
927.5245,210.34483,17.336304,12.549927,0.08748075,3,-1,-1
920.07465,121.65681,20.166504,17.361626,0.087453425,10,-1,-1
722.9537,72.75859,41.335266,16.0541,0.08722791,6,-1,-1
760.9724,172.94267,48.406006,26.959213,0.0871886,4,-1,-1
526.7539,58.276253,12.459473,14.065323,0.08718398,2,-1,-1
675.6979,659.2562,72.410034,72.53528,0.08707389,3,-1,-1
1103.1028,266.02435,67.694336,53.50647,0.08665615,5,-1,-1
701.52673,278.08447,82.614685,82.754,0.08646163,8,-1,-1
599.2758,111.25847,36.66327,34.478134,0.08638245,7,-1,-1
573.34454,81.1249,33.38971,39.003853,0.086340636,5,-1,-1
452.57584,108.96761,8.993774,16.351128,0.08620003,3,-1,-1
924.4238,121.79664,8.162537,15.551125,0.08605829,2,-1,-1
815.3763,313.1781,105.161316,93.375885,0.085865796,4,-1,-1
1138.9312,154.0812,8.124756,13.733063,0.08580667,1,-1,-1
884.8837,59.28016,4.6030884,6.72937,0.085587025,2,-1,-1
989.38995,258.9584,11.745605,17.252594,0.08544335,2,-1,-1
416.42758,14.785209,6.1692505,10.37938,0.08533335,2,-1,-1
886.81586,128.91368,7.4682007,19.945816,0.08521962,1,-1,-1
802.8286,36.371513,29.366272,14.03381,0.08508527,5,-1,-1
959.49146,274.5907,15.61145,19.542297,0.08503237,2,-1,-1
989.3114,259.84988,13.506348,19.363312,0.084988356,1,-1,-1
756.9578,31.128172,56.23755,22.2186,0.08497596,6,-1,-1
770.235,166.94579,45.2442,20.557693,0.08496505,7,-1,-1
1055.7748,223.32004,73.188965,50.168945,0.08496097,5,-1,-1
726.15454,682.86786,35.94641,44.846985,0.08484644,3,-1,-1
416.37524,14.15855,9.007477,11.491133,0.08474386,4,-1,-1
930.2508,251.35056,60.065125,34.181763,0.08454484,9,-1,-1
810.58356,187.4944,28.818909,21.054703,0.08453345,8,-1,-1
867.8216,119.43302,52.083252,30.587547,0.084337145,8,-1,-1
1001.215,65.4048,33.682068,19.318047,0.08431938,5,-1,-1
589.4527,106.30065,23.12799,23.74601,0.084315,1,-1,-1
770.61884,266.9658,74.36224,74.53424,0.08425605,7,-1,-1
1057.1969,230.10541,90.299805,75.11008,0.084132016,7,-1,-1
858.347,191.52444,85.575134,42.731827,0.08404964,6,-1,-1
725.73676,18.599136,19.15564,14.756744,0.08401966,6,-1,-1
495.464,27.436905,21.462036,20.476738,0.08391568,9,-1,-1
1022.38275,59.95201,5.399719,10.890816,0.0837799,1,-1,-1
894.65326,226.25679,53.241882,26.88736,0.08376557,6,-1,-1
776.9809,166.9218,40.966614,21.244232,0.083530605,10,-1,-1
410.4092,24.807554,13.854279,13.229956,0.083388776,7,-1,-1
687.9556,12.995283,38.159424,17.260334,0.083361566,6,-1,-1
1057.2426,220.6723,29.66333,38.576904,0.08332068,7,-1,-1
954.7133,232.2074,8.017395,13.78241,0.083316475,1,-1,-1
847.04144,312.6449,143.60529,104.88315,0.08326024,6,-1,-1
973.4049,200.22926,7.353943,14.814941,0.08309388,1,-1,-1
818.04785,320.32254,21.354248,26.152313,0.0830805,10,-1,-1
1060.97,223.77213,44.130493,42.000854,0.083019316,7,-1,-1
457.57855,0.0,14.016754,11.267056,0.08277848,8,-1,-1
441.58685,18.19728,12.208313,9.132883,0.08267689,4,-1,-1
639.92413,19.03237,29.382751,12.741503,0.0820739,4,-1,-1
472.02054,92.88543,13.671051,10.032471,0.08203596,3,-1,-1
533.14954,82.41277,7.8444824,12.574265,0.08195171,4,-1,-1
531.5768,77.106384,9.251099,13.125816,0.081772715,10,-1,-1
856.5941,62.58387,4.6989136,6.7193832,0.08175379,1,-1,-1
443.8551,14.478059,7.749359,9.1943445,0.081753075,10,-1,-1
1037.841,207.4133,10.545288,19.206253,0.08169109,1,-1,-1
1155.9987,89.81294,10.674805,8.370354,0.08163476,1,-1,-1
484.75928,4.762614,15.349915,14.065697,0.08145481,6,-1,-1
886.6788,97.14978,7.967041,17.07502,0.081454515,1,-1,-1
961.4709,270.2319,7.174988,13.103943,0.081421435,1,-1,-1
975.1768,202.20982,19.730164,24.033142,0.08137354,1,-1,-1
893.7701,195.79875,49.242615,25.638672,0.081258446,7,-1,-1
645.1239,292.87994,47.559265,59.086456,0.08114359,6,-1,-1
918.8959,120.76204,8.015442,15.798584,0.08081615,2,-1,-1
458.37274,0.0,21.200989,13.873882,0.08074421,4,-1,-1
763.23376,272.70715,10.919983,16.554047,0.08070007,1,-1,-1
454.05002,0.0,11.143616,7.545995,0.0804542,5,-1,-1
1008.0664,224.18414,11.987671,12.044357,0.08035293,2,-1,-1
491.98367,26.100567,20.45633,20.067852,0.080265015,7,-1,-1
794.5363,105.44237,5.5476074,11.277626,0.08010626,1,-1,-1
1057.2426,220.6723,29.66333,38.576904,0.080079764,8,-1,-1
809.152,188.64926,38.386475,22.588913,0.080062896,6,-1,-1
1087.5554,159.3861,72.86182,36.129623,0.080051124,5,-1,-1
939.61346,119.8721,6.9851074,16.8228,0.08003083,1,-1,-1
823.49225,152.73537,7.9208374,15.427017,0.07983562,1,-1,-1
740.28766,55.645153,28.743652,12.004093,0.07977301,5,-1,-1
1037.841,207.4133,10.545288,19.206253,0.07975131,2,-1,-1
526.78625,57.69879,9.943726,14.000992,0.07961854,4,-1,-1
670.38025,86.68972,63.73346,35.34613,0.079604566,6,-1,-1
962.05023,277.901,6.315613,16.117981,0.07955769,1,-1,-1
689.66815,10.124765,28.626709,12.897682,0.079343915,9,-1,-1
763.99725,77.19469,5.1654053,10.054924,0.07915148,1,-1,-1
460.9235,3.5817306,11.725067,11.374835,0.079036534,8,-1,-1
1020.21387,239.68137,101.48633,66.83954,0.07897547,6,-1,-1
958.3902,268.30386,30.426697,22.26712,0.07895917,7,-1,-1
932.0644,116.992294,12.43811,20.194702,0.07880351,1,-1,-1
1004.3803,213.4858,14.255005,21.21968,0.07879946,2,-1,-1
1057.2426,220.6723,29.66333,38.576904,0.078427106,6,-1,-1
410.2905,24.678764,14.145233,13.496193,0.07838625,1,-1,-1
728.3607,58.703938,52.626526,23.160908,0.078380644,6,-1,-1
1069.9879,238.68063,54.089355,47.07422,0.07831529,8,-1,-1
462.07205,7.043961,9.520538,9.172676,0.07825628,4,-1,-1
