350.03757,393.5887,117.69037,51.20294,0.9222275,4,-1,-1
420.91092,301.30856,103.76071,41.875183,0.9078322,4,-1,-1
1106.6595,502.3204,70.53088,89.02573,0.8963171,4,-1,-1
611.2658,601.66614,85.96442,134.6159,0.8847016,4,-1,-1
544.9626,509.14395,144.46967,86.32785,0.87161875,4,-1,-1
1009.0255,117.86372,63.7948,26.202301,0.865237,4,-1,-1
841.9963,123.1891,27.231812,22.865753,0.8645406,4,-1,-1
1190.5621,444.04785,138.73901,59.033234,0.86149,4,-1,-1
400.35883,326.52185,106.53949,46.47751,0.8589684,4,-1,-1
440.44083,278.7398,93.24991,41.475433,0.8407558,4,-1,-1
678.47797,341.95145,47.829224,62.246063,0.8249626,4,-1,-1
992.60583,254.70657,51.932495,44.96756,0.82444465,4,-1,-1
327.5005,432.56076,143.91379,68.599,0.8218236,4,-1,-1
1167.4247,649.5168,138.07227,115.04047,0.8181319,4,-1,-1
1042.87,315.751,107.76489,50.930237,0.81697893,4,-1,-1
765.62964,33.94225,17.089905,19.345219,0.81489885,4,-1,-1
887.5152,106.813354,27.373108,23.074661,0.8131614,4,-1,-1
787.51294,71.9091,23.472351,22.453827,0.80989444,4,-1,-1
148.32509,651.4141,68.10596,45.348022,0.80717194,10,-1,-1
1155.2731,255.22159,81.27869,37.028595,0.80141306,4,-1,-1
847.6739,64.67889,21.631653,20.799843,0.79934436,4,-1,-1
587.5916,191.9434,10.209412,24.624481,0.7992877,1,-1,-1
1101.906,201.96391,76.99585,31.67981,0.79793036,4,-1,-1
385.10306,344.9428,102.02777,48.272705,0.79391277,4,-1,-1
704.683,200.43774,35.22693,42.367798,0.7873387,4,-1,-1
851.50555,156.68373,27.25232,24.16803,0.7803478,4,-1,-1
1084.578,120.02201,57.667603,25.847176,0.78017235,4,-1,-1
1222.8866,486.82614,126.191895,62.803802,0.74764943,4,-1,-1
1127.7677,219.26344,77.39111,30.672089,0.74056536,4,-1,-1
539.0847,160.4711,40.774902,43.39955,0.72755814,4,-1,-1
390.5173,567.8589,115.71008,120.34668,0.7191349,4,-1,-1
654.94794,121.48247,32.22003,22.088547,0.7011018,4,-1,-1
587.5312,221.69061,11.240601,28.277023,0.6994353,1,-1,-1
1156.047,123.28161,60.12549,24.887077,0.69457614,4,-1,-1
580.98444,226.61908,10.483704,23.803421,0.6674411,1,-1,-1
624.28784,116.94995,25.245422,23.094635,0.65954477,4,-1,-1
1137.4108,236.46152,80.590576,31.813812,0.658094,4,-1,-1
558.391,307.33472,14.316467,31.284027,0.64830923,1,-1,-1
595.23535,198.25201,10.459351,22.783737,0.6457542,1,-1,-1
209.173,559.54755,40.346603,51.18524,0.6437236,10,-1,-1
606.7838,100.69605,51.850952,23.103973,0.6406605,4,-1,-1
510.81665,65.55745,40.52539,21.535896,0.63967276,4,-1,-1
1168.0116,159.49026,12.010864,22.036942,0.6329995,1,-1,-1
1102.3862,161.16768,68.14636,28.818436,0.6145046,4,-1,-1
1179.9006,273.70026,92.718994,43.632233,0.608138,4,-1,-1
1012.1711,142.262,10.356079,21.540588,0.6051191,1,-1,-1
561.67566,430.04156,48.13513,28.248047,0.59211695,3,-1,-1
512.34985,194.31203,25.151123,20.442978,0.5896385,10,-1,-1
1104.3203,173.20444,69.20288,30.055893,0.57649153,4,-1,-1
1096.5558,183.15926,74.20166,32.84764,0.5716323,4,-1,-1
596.39417,204.66983,11.504944,29.249039,0.5639715,1,-1,-1
577.92303,307.37305,12.79071,28.323639,0.56352067,1,-1,-1
224.73299,283.38763,18.05481,33.78409,0.5613948,1,-1,-1
1017.4975,146.46236,10.226013,19.525696,0.5292205,1,-1,-1
765.2612,156.03433,10.812744,19.017517,0.5106669,10,-1,-1
978.7507,75.23329,38.47876,22.4412,0.48359865,4,-1,-1
907.81824,65.851524,7.407593,13.123375,0.47112298,2,-1,-1
561.8461,121.57231,15.536011,16.439377,0.4613641,10,-1,-1
612.5589,243.29234,24.794373,16.25087,0.4605962,10,-1,-1
208.11537,272.20703,19.499557,41.439056,0.45769352,1,-1,-1
765.7371,149.67944,10.494934,18.19934,0.45248774,2,-1,-1
907.0982,71.24773,8.414795,11.302185,0.44825938,10,-1,-1
686.3883,105.21303,8.45636,16.368416,0.44090295,2,-1,-1
785.9081,51.58315,9.413452,14.422779,0.4385755,10,-1,-1
785.6298,44.052643,8.07489,15.278511,0.43796623,2,-1,-1
983.4731,143.2914,10.636414,17.065277,0.4313132,1,-1,-1
93.62601,732.95776,69.50804,31.599487,0.42905074,10,-1,-1
547.84656,121.13589,13.898132,16.334618,0.4238857,10,-1,-1
641.9146,166.54129,48.715027,25.575241,0.4208477,4,-1,-1
471.21112,126.1858,42.014404,68.04986,0.41600037,9,-1,-1
1124.4163,116.00951,8.3498535,17.543777,0.40018347,1,-1,-1
1328.6366,341.36493,19.697144,20.680664,0.3956214,2,-1,-1
942.4218,73.017654,9.2786255,12.589951,0.38321543,10,-1,-1
943.88873,234.3134,14.893616,22.160507,0.38152128,2,-1,-1
471.54196,127.12369,40.4946,64.93846,0.3812711,5,-1,-1
491.27902,105.61848,36.052032,32.45748,0.37623787,6,-1,-1
1179.9749,273.13412,93.076416,44.702087,0.37601388,5,-1,-1
683.8018,110.79149,18.26178,12.670456,0.37220186,10,-1,-1
1097.6847,177.36568,71.747314,31.389755,0.37003487,5,-1,-1
943.12573,70.67292,7.7059326,11.965591,0.35936928,2,-1,-1
1131.648,117.09589,7.92041,16.491257,0.35909656,1,-1,-1
463.38986,260.52725,94.26712,41.675293,0.35812068,4,-1,-1
684.3311,110.88787,18.857483,12.459595,0.35373825,3,-1,-1
943.00903,66.00355,7.555725,12.334526,0.34515905,2,-1,-1
983.0058,143.21063,11.390991,17.091629,0.34354615,2,-1,-1
1124.8296,115.73637,9.224243,17.840385,0.34072596,2,-1,-1
628.5918,140.46823,58.367615,28.301575,0.3395489,6,-1,-1
210.17723,558.8236,39.444794,51.593994,0.33726752,2,-1,-1
561.9273,121.46712,15.277405,16.799454,0.33404475,3,-1,-1
685.7192,106.20287,8.592224,16.140259,0.3255873,1,-1,-1
1329.1956,341.1848,19.440796,20.730316,0.3245296,1,-1,-1
941.12524,233.14313,20.0495,32.079956,0.32250452,10,-1,-1
1151.5858,244.71928,74.10486,30.2108,0.3141628,4,-1,-1
491.84662,105.87812,35.249023,31.680061,0.3119275,4,-1,-1
1131.648,117.09589,7.92041,16.491257,0.30745173,2,-1,-1
785.6298,44.052643,8.07489,15.278511,0.30593958,1,-1,-1
561.41437,428.46048,50.09973,29.817108,0.3049503,10,-1,-1
940.3315,232.28514,21.333008,33.237503,0.30451202,7,-1,-1
932.65985,132.7466,7.947754,17.630981,0.3008828,1,-1,-1
628.4312,140.26044,59.850586,28.973358,0.29955626,5,-1,-1
944.52264,230.10251,12.9157715,17.912857,0.29897052,2,-1,-1
671.43286,104.402,7.619568,17.998108,0.29888558,1,-1,-1
786.8904,47.944324,8.1571045,15.259346,0.29728228,2,-1,-1
491.84662,105.87812,35.249023,31.680061,0.29640925,5,-1,-1
941.2945,238.2277,19.388184,25.962051,0.2839595,2,-1,-1
978.7507,75.23329,38.47876,22.4412,0.28137976,5,-1,-1
529.2418,119.28856,12.126831,16.647797,0.2768705,3,-1,-1
766.5447,151.17894,8.80719,18.472153,0.2762555,10,-1,-1
684.7473,108.23681,13.938721,15.173256,0.27365005,2,-1,-1
760.916,0.0,5.671875,6.5244946,0.27276582,1,-1,-1
554.4272,74.88341,34.773254,22.88475,0.26841956,4,-1,-1
561.41437,428.46048,50.09973,29.817108,0.26637924,7,-1,-1
440.97528,276.62317,97.019775,43.611206,0.26611584,5,-1,-1
534.67444,118.00322,13.138733,17.026825,0.26602238,10,-1,-1
907.9127,65.98947,7.130432,12.69754,0.26551622,1,-1,-1
85.91152,736.4875,35.187347,28.069763,0.26218003,2,-1,-1
547.84656,121.13589,13.898132,16.334618,0.26141185,3,-1,-1
685.626,108.20652,10.468872,14.395538,0.26096165,10,-1,-1
628.5918,140.46823,58.367615,28.301575,0.2599032,4,-1,-1
1103.1321,160.79929,66.86084,29.494736,0.25283778,5,-1,-1
535.4697,118.115234,12.192322,16.219284,0.2517437,3,-1,-1
965.81464,73.02572,7.406311,18.887718,0.24560812,1,-1,-1
470.9119,126.45683,41.944855,67.77849,0.24393225,6,-1,-1
907.44653,70.35206,7.833313,12.157814,0.24317163,2,-1,-1
492.6387,106.43141,34.524445,30.903091,0.24272114,8,-1,-1
574.8896,108.586044,16.58496,19.538483,0.24182022,7,-1,-1
907.22845,71.0608,8.17334,11.459526,0.24084389,3,-1,-1
612.16455,239.47812,39.90747,21.74408,0.2395738,10,-1,-1
941.42303,67.32564,9.872803,15.866882,0.23705724,10,-1,-1
529.48517,119.573975,11.259094,16.320724,0.23671296,10,-1,-1
574.7694,108.723404,16.71112,19.02591,0.23005605,10,-1,-1
785.00226,43.351654,6.9716797,11.036968,0.22858572,2,-1,-1
724.17035,98.98238,6.7855225,16.211517,0.22829035,1,-1,-1
582.74884,85.43466,6.904724,17.34491,0.22536749,1,-1,-1
1329.4694,341.12332,19.192627,21.205994,0.22308466,10,-1,-1
685.626,108.20652,10.468872,14.395538,0.2227236,3,-1,-1
624.25653,116.23203,24.44519,23.514,0.22139898,5,-1,-1
766.98553,149.01266,9.06427,17.139862,0.22002158,1,-1,-1
683.8581,111.21401,19.258545,12.5399475,0.21671122,7,-1,-1
941.26166,74.71782,10.118408,11.784584,0.21569869,3,-1,-1
784.6579,46.172703,8.812988,14.747856,0.21401483,10,-1,-1
539.0847,160.4711,40.774902,43.39955,0.2133413,5,-1,-1
945.2283,70.25029,9.049927,12.191719,0.21203306,2,-1,-1
208.70413,560.8402,41.48503,49.987793,0.21130106,3,-1,-1
785.73785,51.867138,9.760803,14.057636,0.20800528,3,-1,-1
907.44653,70.35206,7.833313,12.157814,0.20583108,1,-1,-1
623.1654,83.965996,41.16449,21.065987,0.20412621,4,-1,-1
546.07587,507.7091,144.3985,86.66333,0.20408171,5,-1,-1
590.7552,214.76036,12.953918,29.238342,0.2025828,1,-1,-1
1130.431,118.95924,11.381592,19.245117,0.20220616,1,-1,-1
786.8904,47.944324,8.1571045,15.259346,0.20198038,1,-1,-1
606.95233,108.99471,10.833313,19.049461,0.20196962,1,-1,-1
580.4147,80.43613,8.247192,19.39637,0.20148599,1,-1,-1
162.49326,249.32787,52.65515,36.373,0.20133433,4,-1,-1
84.66398,736.214,38.15061,28.343262,0.20047644,1,-1,-1
946.44574,66.736786,7.5404053,12.432495,0.20041645,2,-1,-1
765.2612,156.03433,10.812744,19.017517,0.19674906,3,-1,-1
1127.7677,219.26344,77.39111,30.672089,0.19530553,5,-1,-1
385.69287,343.00665,101.26288,51.225952,0.19461936,5,-1,-1
967.42804,67.14121,7.246643,18.645355,0.1943934,1,-1,-1
944.7445,74.20982,10.195801,10.599266,0.19394699,10,-1,-1
579.2344,307.92975,9.1813965,17.44165,0.19203848,1,-1,-1
979.0194,63.78555,19.009949,11.229954,0.18825457,10,-1,-1
574.9084,108.70853,16.937378,20.47348,0.18335947,3,-1,-1
1350.3818,350.9101,9.175415,26.07965,0.17852414,10,-1,-1
907.8063,66.13398,7.454773,12.334816,0.17849758,10,-1,-1
511.80676,194.66074,25.863342,20.40097,0.1779952,3,-1,-1
607.23846,108.983444,10.431824,18.880402,0.17413229,2,-1,-1
684.1222,108.09946,15.764282,15.638084,0.1715011,1,-1,-1
79.54786,733.3379,55.49244,31.21936,0.17086077,10,-1,-1
612.08453,236.48357,54.33795,26.486832,0.17032307,4,-1,-1
593.4054,198.00923,8.940796,19.2249,0.16922581,1,-1,-1
610.67194,93.16268,50.026733,24.284164,0.16874802,4,-1,-1
97.340935,733.6497,66.49993,30.907532,0.16849595,1,-1,-1
932.55634,132.62315,8.249939,17.444733,0.1681943,10,-1,-1
1155.5865,123.59952,60.696777,24.346481,0.1673609,5,-1,-1
1123.063,116.33593,13.920044,21.302773,0.16734305,1,-1,-1
1100.8604,203.33453,77.91907,31.481781,0.16643095,5,-1,-1
941.23895,68.48641,11.106079,11.847046,0.1658223,2,-1,-1
932.42737,132.75482,8.27594,17.12143,0.16558641,2,-1,-1
1042.87,315.751,107.76489,50.930237,0.16312161,5,-1,-1
655.87823,121.42633,31.095459,21.080841,0.16239423,5,-1,-1
939.1762,69.60574,14.318054,17.56089,0.1617707,10,-1,-1
941.7802,73.20688,8.489929,13.093697,0.16124818,2,-1,-1
941.12524,233.14313,20.0495,32.079956,0.16118193,8,-1,-1
491.4894,105.96702,36.080536,31.41822,0.16032013,7,-1,-1
210.17723,558.8236,39.444794,51.593994,0.15921125,1,-1,-1
940.2516,76.36872,9.767151,10.91626,0.15743217,10,-1,-1
704.5837,200.18723,35.456726,42.783142,0.15725031,5,-1,-1
992.60583,254.70657,51.932495,44.96756,0.15703946,5,-1,-1
941.7744,67.412674,8.816528,14.4355545,0.15669489,1,-1,-1
1009.0255,117.86372,63.7948,26.202301,0.15649289,5,-1,-1
703.6677,232.61401,8.157776,20.09343,0.15564531,1,-1,-1
582.7581,230.9003,6.8117676,18.13623,0.15361568,1,-1,-1
768.4702,148.35533,8.061584,14.242889,0.1532023,2,-1,-1
1127.3419,116.624054,7.3465576,16.03067,0.15221226,1,-1,-1
978.17804,63.5873,19.659363,11.770634,0.1520536,3,-1,-1
1091.1871,180.44646,58.49756,27.562042,0.15172306,4,-1,-1
589.0843,230.27147,7.7626953,19.789612,0.15151882,1,-1,-1
946.51166,241.88036,11.368103,16.738663,0.15131745,2,-1,-1
525.02734,119.86823,9.602905,15.821053,0.1511918,3,-1,-1
398.81006,325.84833,105.571594,51.549713,0.15027529,5,-1,-1
964.7868,80.75637,7.3533936,16.688522,0.14959195,1,-1,-1
606.95026,99.0952,51.393555,25.930405,0.14840066,5,-1,-1
785.00226,43.351654,6.9716797,11.036968,0.14827901,1,-1,-1
942.70013,234.29343,16.929688,24.22519,0.14695251,1,-1,-1
568.8153,86.97817,7.3025513,15.314186,0.14663619,1,-1,-1
613.19086,244.0039,16.577576,14.471802,0.14630708,2,-1,-1
783.1275,43.61515,13.197937,18.87236,0.14594287,2,-1,-1
1330.0913,297.1394,16.965698,23.246368,0.14590794,1,-1,-1
944.1529,229.91542,13.652161,19.067886,0.14583108,1,-1,-1
470.51642,104.06349,51.40155,29.529587,0.14579287,6,-1,-1
576.5279,307.3723,18.996582,39.05722,0.14561057,1,-1,-1
918.89923,139.69257,11.295166,15.401199,0.14408895,2,-1,-1
607.4053,110.22483,10.410095,20.611519,0.1440759,10,-1,-1
941.64813,64.88481,6.7198486,10.914352,0.14396954,2,-1,-1
692.90704,110.06969,10.618713,11.171028,0.14302343,3,-1,-1
984.0568,144.46437,10.195923,15.215683,0.14246345,10,-1,-1
510.6722,65.35271,40.918365,22.234367,0.14184397,5,-1,-1
474.4039,183.90053,12.552704,19.079956,0.14176956,10,-1,-1
1122.8402,118.27927,14.920654,19.981339,0.14166659,10,-1,-1
690.34436,107.63643,9.660645,13.273392,0.14156136,2,-1,-1
693.3488,287.2016,17.937256,20.473145,0.14101562,10,-1,-1
559.45355,121.97441,11.181152,16.634064,0.14088047,3,-1,-1
574.8896,108.586044,16.58496,19.538483,0.14006725,8,-1,-1
787.8225,49.742752,6.9521484,11.735432,0.13972741,10,-1,-1
589.8759,219.41234,7.79657,20.986893,0.13927215,1,-1,-1
1350.512,348.3967,9.045288,26.457611,0.13887873,1,-1,-1
577.292,307.47083,14.807373,27.41861,0.13804975,10,-1,-1
1083.94,120.729614,57.4563,25.06099,0.13773727,5,-1,-1
680.0547,342.1679,45.669434,61.565796,0.13688344,5,-1,-1
637.6318,433.11157,50.817993,50.499603,0.1368525,7,-1,-1
595.1456,211.74982,9.360962,22.288696,0.13667643,1,-1,-1
561.41437,428.46048,50.09973,29.817108,0.13636604,8,-1,-1
425.10577,292.9059,100.03076,43.600433,0.13623604,5,-1,-1
1018.41223,146.32896,8.369751,19.412308,0.13597712,2,-1,-1
544.7674,68.33512,42.23712,23.675926,0.13590163,4,-1,-1
612.33856,239.50073,40.970398,21.620514,0.13484293,7,-1,-1
766.5447,151.17894,8.80719,18.472153,0.13450462,3,-1,-1
640.5976,165.11884,50.432068,29.887482,0.13318118,5,-1,-1
1130.0723,117.472626,11.769043,21.446259,0.13314995,2,-1,-1
115.68538,241.2967,96.975174,53.496902,0.1328651,4,-1,-1
538.73596,159.96341,40.805847,43.66623,0.131953,6,-1,-1
905.3484,74.28852,11.216675,10.337975,0.13189232,10,-1,-1
942.79974,72.30838,8.294006,13.653603,0.1314643,1,-1,-1
943.295,71.332726,7.473999,10.182533,0.13119158,10,-1,-1
919.4428,139.81635,10.146423,15.339676,0.13078672,1,-1,-1
944.0447,229.56061,14.526062,21.630508,0.13060883,10,-1,-1
559.49115,123.830696,11.734436,13.383415,0.13006017,10,-1,-1
945.5147,239.76285,10.8845215,13.368469,0.12996605,2,-1,-1
101.303116,733.089,64.19795,31.468262,0.12994292,2,-1,-1
1106.9552,171.48022,67.59631,29.876389,0.12937021,6,-1,-1
472.05017,126.73298,40.388428,66.32723,0.12894002,4,-1,-1
327.5005,432.56076,143.91379,68.599,0.12862957,5,-1,-1
606.2355,118.9296,10.553101,22.373924,0.12670845,1,-1,-1
724.9575,144.30402,7.6381836,15.37915,0.12617514,1,-1,-1
93.62601,732.95776,69.50804,31.599487,0.12533402,3,-1,-1
1208.6093,466.54453,123.53967,59.364838,0.124930024,4,-1,-1
1350.3412,348.65076,9.216064,25.787903,0.12489596,2,-1,-1
766.4968,156.538,8.92157,17.976364,0.12479976,2,-1,-1
538.73596,159.96341,40.805847,43.66623,0.12441975,8,-1,-1
641.0971,170.71164,11.405334,17.401566,0.124159336,10,-1,-1
760.916,0.0,5.671875,6.5244946,0.12401861,10,-1,-1
1155.2731,255.22159,81.27869,37.028595,0.1232712,1,-1,-1
1130.7006,119.37798,11.019043,18.4822,0.12305993,10,-1,-1
1156.7781,256.65643,80.12244,35.04364,0.12289384,5,-1,-1
788.364,50.306152,6.119507,10.162754,0.122811496,2,-1,-1
642.89667,167.37358,38.769592,21.806107,0.122238874,10,-1,-1
525.25696,119.85687,8.974915,16.249268,0.12192181,10,-1,-1
0.0,245.56433,33.03405,99.02893,0.12173769,4,-1,-1
1127.8436,219.77802,78.343994,30.439697,0.121688604,1,-1,-1
1014.32007,149.67065,7.388794,17.39801,0.12147769,1,-1,-1
567.2736,122.483315,8.792419,14.377449,0.12118617,10,-1,-1
628.5918,140.46823,58.367615,28.301575,0.12109837,9,-1,-1
941.42303,67.32564,9.872803,15.866882,0.12100282,3,-1,-1
577.6094,307.29916,14.345337,28.633972,0.120102555,2,-1,-1
1118.5057,114.8185,11.441162,18.89392,0.12004748,1,-1,-1
637.4127,432.1989,49.503418,50.58484,0.12000391,8,-1,-1
1167.897,159.04324,11.895752,21.678284,0.11962819,2,-1,-1
758.9411,0.0,6.842041,8.959326,0.11952019,1,-1,-1
946.0267,69.631,7.9542847,13.181877,0.11950004,10,-1,-1
624.25946,116.69402,24.46698,23.10656,0.11878115,8,-1,-1
470.87595,97.72079,40.012756,23.165848,0.11867252,4,-1,-1
1163.7078,160.31291,13.16748,25.549728,0.11841503,1,-1,-1
689.04974,108.99972,11.998047,12.187088,0.118207514,10,-1,-1
944.16345,72.871925,10.443115,12.6543045,0.118039966,3,-1,-1
515.3382,113.038055,11.839233,21.90773,0.117877215,1,-1,-1
1125.5233,115.787895,17.077026,16.923088,0.11753446,2,-1,-1
909.24475,65.47551,4.942627,9.702393,0.11752963,2,-1,-1
592.14417,218.84677,7.7955933,19.017319,0.11736736,1,-1,-1
948.0194,71.44282,5.375305,8.8106,0.11723468,2,-1,-1
641.07056,166.95708,47.04358,24.466476,0.11612412,7,-1,-1
694.1292,109.24419,9.199463,11.759407,0.11588076,2,-1,-1
924.1628,135.55647,16.11908,17.531265,0.11557475,10,-1,-1
585.95874,228.04105,7.71521,21.123917,0.115314156,1,-1,-1
688.61224,105.12799,6.517029,14.371597,0.11530492,1,-1,-1
978.17804,63.5873,19.659363,11.770634,0.11529091,7,-1,-1
522.88477,116.91053,9.199463,17.814156,0.11516121,3,-1,-1
629.2392,138.2733,47.100586,29.719635,0.11502543,8,-1,-1
611.29114,600.73035,84.961365,136.3847,0.114963114,5,-1,-1
574.1253,423.05505,20.067627,26.668213,0.11477861,2,-1,-1
978.73285,75.37665,38.514893,22.262756,0.11442593,6,-1,-1
976.47156,73.68205,29.966553,17.83554,0.11439878,4,-1,-1
1223.2756,487.36456,123.0885,62.223083,0.113886625,5,-1,-1
941.273,71.3065,7.335144,9.346779,0.11385864,2,-1,-1
655.50195,121.30878,31.918335,21.092575,0.11380839,1,-1,-1
580.4147,80.43613,8.247192,19.39637,0.11359683,2,-1,-1
78.22723,731.8969,64.42278,32.66034,0.11357403,2,-1,-1
613.0848,110.408806,7.944641,17.087517,0.11275524,1,-1,-1
761.5105,0.0,4.322571,6.1491814,0.112662315,2,-1,-1
482.59982,97.409065,36.69803,29.230629,0.112616986,4,-1,-1
904.97876,64.76459,12.3063965,18.799881,0.11261034,1,-1,-1
888.09216,107.34163,26.639954,23.254105,0.1114054,5,-1,-1
944.2443,75.106415,5.419922,9.324104,0.111370474,2,-1,-1
579.6538,307.9476,9.789246,20.603058,0.11119127,2,-1,-1
578.04675,315.07523,12.475525,35.270203,0.1111137,1,-1,-1
216.19908,248.77061,30.912277,29.170609,0.11071381,1,-1,-1
960.41656,85.26069,9.79071,12.198494,0.11035636,3,-1,-1
474.38345,184.41295,12.454163,18.540573,0.110323966,2,-1,-1
961.6044,84.03892,7.7226562,14.304993,0.10987696,1,-1,-1
1118.1465,124.07003,24.539307,14.357231,0.10985172,10,-1,-1
612.72534,243.02827,23.880615,16.690292,0.10974932,3,-1,-1
1128.9478,8.814833,57.685303,29.03016,0.1090872,4,-1,-1
474.4039,183.90053,12.552704,19.079956,0.10908291,1,-1,-1
672.36896,105.57797,8.075012,17.207275,0.10905865,2,-1,-1
765.0527,152.26083,11.568787,22.340134,0.10900289,1,-1,-1
917.7082,142.31252,9.047852,15.114944,0.10897389,2,-1,-1
1125.5233,115.787895,17.077026,16.923088,0.10866067,10,-1,-1
784.77234,49.456203,7.4978027,9.977795,0.10855731,2,-1,-1
788.89557,52.703358,8.507629,12.265194,0.108132005,10,-1,-1
728.66455,27.660017,6.1210327,16.229052,0.10802585,1,-1,-1
639.11975,165.32779,55.373596,30.679337,0.10797477,6,-1,-1
579.1288,71.540146,9.353455,21.42836,0.10795179,1,-1,-1
97.340935,733.6497,66.49993,30.907532,0.10783982,4,-1,-1
904.57697,67.374054,13.325745,14.767082,0.10748798,10,-1,-1
783.1275,43.61515,13.197937,18.87236,0.107465,1,-1,-1
641.58093,170.88097,10.575562,17.500488,0.107189,2,-1,-1
655.76624,120.94521,31.281372,22.620674,0.10710004,8,-1,-1
918.05023,142.741,12.236572,14.886597,0.107028276,10,-1,-1
985.96277,146.33691,6.8268433,13.282303,0.10659468,1,-1,-1
689.7151,113.39423,14.626404,9.058914,0.106446564,3,-1,-1
1141.9009,223.34941,82.78967,35.178574,0.10628748,4,-1,-1
940.3664,241.88535,15.095337,18.231262,0.10622963,2,-1,-1
612.583,245.74786,17.063477,11.321259,0.105888665,10,-1,-1
114.75878,735.8926,48.42414,28.664673,0.105669975,7,-1,-1
907.8063,66.13398,7.454773,12.334816,0.10563356,3,-1,-1
561.8461,121.57231,15.536011,16.439377,0.10559976,7,-1,-1
978.73285,75.37665,38.514893,22.262756,0.10538089,8,-1,-1
570.22687,418.5321,30.726318,35.61319,0.105266035,3,-1,-1
724.81415,145.34798,7.695923,14.651321,0.10500404,10,-1,-1
206.59674,248.52092,42.52466,29.249832,0.10479233,4,-1,-1
594.9541,90.5741,18.333618,13.811165,0.10473263,10,-1,-1
944.2443,75.106415,5.419922,9.324104,0.104650855,10,-1,-1
224.73299,283.38763,18.05481,33.78409,0.103797525,2,-1,-1
788.35034,53.22551,6.4313965,11.352539,0.10311097,2,-1,-1
786.94525,43.64781,7.182312,9.6405945,0.10309142,2,-1,-1
476.16446,176.50285,14.1718445,24.934784,0.10252079,10,-1,-1
943.723,245.72308,16.040955,19.866638,0.10244414,10,-1,-1
1124.2593,115.70286,10.418701,17.37638,0.10234046,10,-1,-1
209.3327,560.47217,40.924713,49.468384,0.10231203,7,-1,-1
922.53973,136.68483,18.252258,16.33142,0.102190256,3,-1,-1
785.53156,44.15826,8.29187,15.011356,0.10211116,3,-1,-1
561.5687,306.73425,16.689758,27.857605,0.10166085,1,-1,-1
554.4272,74.88341,34.773254,22.88475,0.10165301,5,-1,-1
939.1762,69.60574,14.318054,17.56089,0.101453125,3,-1,-1
918.42694,142.74654,11.496765,14.812332,0.101111114,3,-1,-1
540.11035,117.35646,17.189697,18.3647,0.1008856,10,-1,-1
785.21857,51.47812,10.82428,14.858612,0.1008338,7,-1,-1
1122.8402,118.27927,14.920654,19.981339,0.10070959,2,-1,-1
932.55634,132.62315,8.249939,17.444733,0.10069159,3,-1,-1
986.08435,144.865,7.00354,13.357269,0.09988156,2,-1,-1
943.2945,61.771866,7.3480835,11.8066635,0.09969857,2,-1,-1
596.9069,198.0801,6.5965576,16.542633,0.09950805,1,-1,-1
785.6085,49.124092,5.7269287,10.703285,0.09934485,1,-1,-1
98.335915,736.1198,20.269196,24.621277,0.09932232,2,-1,-1
628.5918,140.46823,58.367615,28.301575,0.09924486,7,-1,-1
944.4329,64.89308,10.34668,10.149109,0.09923342,2,-1,-1
403.05194,679.1078,61.679382,70.52771,0.09918189,8,-1,-1
685.626,108.20652,10.468872,14.395538,0.09900251,7,-1,-1
1009.0255,117.86372,63.7948,26.202301,0.09897277,1,-1,-1
943.27576,64.91515,6.8844604,11.845886,0.0989466,1,-1,-1
765.3022,155.95752,11.168701,19.017181,0.09852743,7,-1,-1
129.58293,237.31938,53.773895,50.06157,0.09825322,4,-1,-1
992.65784,254.8851,51.847046,45.14215,0.09801406,1,-1,-1
597.9383,199.41269,9.23761,16.954575,0.09798786,1,-1,-1
1125.5233,115.787895,17.077026,16.923088,0.097984046,1,-1,-1
1101.906,201.96391,76.99585,31.67981,0.09780973,1,-1,-1
1131.0713,111.725395,10.740967,18.81324,0.0977869,1,-1,-1
765.7456,34.18639,16.92572,18.587753,0.09767532,5,-1,-1
946.0267,69.631,7.9542847,13.181877,0.0974921,1,-1,-1
1084.251,119.74311,58.516968,26.483574,0.097388804,1,-1,-1
981.63696,65.69084,14.437622,14.1410675,0.09713286,10,-1,-1
610.8732,113.186676,7.440735,15.119446,0.09689826,1,-1,-1
610.6568,112.13653,7.8408813,14.749741,0.096472144,2,-1,-1
918.34296,138.54794,18.221375,17.5858,0.09638414,10,-1,-1
211.18135,284.68018,12.336227,28.36267,0.09636912,1,-1,-1
470.51642,104.06349,51.40155,29.529587,0.09603977,4,-1,-1
1137.3796,236.8525,81.6134,32.63173,0.096030444,5,-1,-1
75.4276,729.1159,65.68027,35.441345,0.09583098,1,-1,-1
847.19,64.38653,22.118713,21.247612,0.09575167,1,-1,-1
563.6221,80.64516,24.945557,18.726166,0.09571257,10,-1,-1
641.26746,166.3091,46.283752,25.370667,0.09566316,8,-1,-1
1350.5872,351.11493,8.970093,25.351837,0.09554878,3,-1,-1
1013.49896,143.0681,8.248352,21.039871,0.09526676,2,-1,-1
600.06964,208.96721,7.206543,23.10585,0.09523529,1,-1,-1
941.5915,235.45613,12.22876,18.361374,0.094670296,2,-1,-1
908.7802,74.19299,5.46875,9.107475,0.09462303,10,-1,-1
39.541637,304.99872,10.309044,11.400787,0.09455967,1,-1,-1
594.93634,198.16902,10.264404,21.878387,0.09451458,2,-1,-1
941.7631,66.25439,16.338501,18.640343,0.09441492,10,-1,-1
174.87865,253.67421,33.759888,40.067947,0.094403535,4,-1,-1
580.3618,219.57932,19.695374,32.336548,0.09438443,1,-1,-1
494.53198,104.45013,23.607971,25.281868,0.09428316,4,-1,-1
1127.664,118.73821,7.755127,17.060616,0.09424946,2,-1,-1
841.6206,123.61284,27.581055,22.49504,0.094242126,1,-1,-1
983.1736,73.742325,8.448853,14.336655,0.09393218,1,-1,-1
538.2617,119.09855,9.747742,15.1502,0.0939036,1,-1,-1
577.87067,110.14035,8.375,16.126472,0.09390283,1,-1,-1
385.10306,344.9428,102.02777,48.272705,0.093366355,1,-1,-1
1092.2677,184.44371,67.30017,34.590515,0.09321803,5,-1,-1
624.25946,116.69402,24.46698,23.10656,0.09304711,7,-1,-1
403.89136,678.4504,61.382385,72.549866,0.09285912,7,-1,-1
947.91156,68.94085,5.8256836,7.9657135,0.09283468,2,-1,-1
960.21466,86.828445,9.487549,12.406677,0.09258589,10,-1,-1
470.09344,102.17781,50.80713,31.721298,0.0925366,5,-1,-1
1083.6111,120.153114,59.08618,25.95443,0.092523485,7,-1,-1
539.1041,160.61269,40.336792,43.10167,0.09245238,7,-1,-1
1131.1984,123.04896,7.9732666,16.245766,0.09238422,2,-1,-1
1100.5082,202.94296,77.13965,31.143677,0.092268616,6,-1,-1
928.744,133.65092,14.4071045,19.33612,0.09222391,1,-1,-1
624.25653,116.23203,24.44519,23.514,0.09221408,1,-1,-1
847.2773,64.67321,21.968567,20.679459,0.09196311,5,-1,-1
1104.3203,173.20444,69.20288,30.055893,0.09180212,1,-1,-1
612.348,601.2483,83.45361,137.06952,0.09142637,1,-1,-1
941.43976,233.15665,20.441101,31.958282,0.09140149,3,-1,-1
704.5064,200.21855,34.88672,42.42221,0.09128085,10,-1,-1
947.137,73.217865,6.484009,11.6059265,0.09099829,2,-1,-1
684.2215,111.02191,19.153992,12.581757,0.09098068,8,-1,-1
905.3484,74.28852,11.216675,10.337975,0.090893805,3,-1,-1
942.53986,72.744354,8.849365,13.052528,0.090791106,7,-1,-1
561.6505,123.84345,6.9140015,12.896202,0.090592444,3,-1,-1
1131.9799,114.00027,6.435669,13.732727,0.09039071,2,-1,-1
1015.0718,144.92693,5.798462,17.400055,0.0903188,1,-1,-1
612.33856,239.50073,40.970398,21.620514,0.09030941,3,-1,-1
785.1939,43.633446,9.135071,16.971497,0.09021893,4,-1,-1
763.0419,152.10431,14.839294,23.36525,0.09014067,2,-1,-1
1084.0724,120.84871,58.248047,24.741272,0.09012556,10,-1,-1
917.7082,142.31252,9.047852,15.114944,0.09001887,1,-1,-1
614.7365,103.377525,36.926086,28.876778,0.08995703,4,-1,-1
613.07794,235.38966,16.111816,23.026657,0.0898878,10,-1,-1
1334.0393,343.78415,14.666138,13.547028,0.0897235,2,-1,-1
595.4403,208.60179,12.2099,26.294876,0.08963287,2,-1,-1
491.66483,105.23192,35.26346,32.208893,0.08938509,9,-1,-1
793.32214,18.17501,7.673523,11.695084,0.089366525,1,-1,-1
724.17035,98.98238,6.7855225,16.211517,0.0893217,2,-1,-1
767.5906,159.74252,6.451111,14.556854,0.08924484,10,-1,-1
724.8005,144.5945,7.7546387,15.0429535,0.08919123,2,-1,-1
213.48924,561.9719,21.78891,30.266052,0.0891695,2,-1,-1
512.1866,194.37651,25.433838,20.962845,0.08899912,7,-1,-1
195.60683,269.35858,29.189621,40.746155,0.08899629,1,-1,-1
565.26166,429.59717,27.67212,23.627533,0.08893886,3,-1,-1
585.34,214.22668,14.267212,28.25879,0.088899374,1,-1,-1
972.8731,102.760635,7.1867676,17.469795,0.08883259,1,-1,-1
578.6411,84.6869,8.064941,16.472252,0.08871144,1,-1,-1
641.0971,170.71164,11.405334,17.401566,0.088670194,1,-1,-1
1130.4869,118.93108,9.351074,15.817299,0.08858544,3,-1,-1
962.67584,81.98474,8.632446,15.0155945,0.08848503,2,-1,-1
787.9056,46.346317,6.0842285,10.133816,0.08836582,2,-1,-1
145.74875,627.8544,79.53584,63.153503,0.08830008,10,-1,-1
561.5832,71.8965,27.830505,18.618965,0.08822784,4,-1,-1
390.5173,567.8589,115.71008,120.34668,0.08812231,5,-1,-1
1120.7269,117.224464,9.043335,16.587944,0.088112354,2,-1,-1
685.9764,108.23674,6.0706787,12.089661,0.08800027,2,-1,-1
593.50726,197.00995,15.732361,30.554688,0.08798993,1,-1,-1
979.18225,61.25748,7.0186157,15.165417,0.08764011,1,-1,-1
721.4661,99.12507,11.423157,19.29599,0.08760497,1,-1,-1
566.0588,121.94228,10.43811,15.577736,0.08756685,1,-1,-1
693.56573,102.80104,7.458496,15.93689,0.087562025,2,-1,-1
587.5463,192.358,10.437927,25.253891,0.08753684,4,-1,-1
1102.7815,161.08183,67.51672,28.783829,0.087317914,6,-1,-1
904.97876,64.76459,12.3063965,18.799881,0.08682901,2,-1,-1
0.0,245.56433,33.03405,99.02893,0.086699545,5,-1,-1
918.34296,138.54794,18.221375,17.5858,0.08650434,3,-1,-1
209.88194,560.09174,38.523575,50.34015,0.086493194,4,-1,-1
539.8061,119.45898,7.125,13.660606,0.08642653,10,-1,-1
594.864,93.80967,12.314087,11.690529,0.086283594,10,-1,-1
943.00903,66.00355,7.555725,12.334526,0.08621916,10,-1,-1
784.81055,48.775787,10.906982,17.560966,0.086116046,4,-1,-1
956.6247,46.092857,6.9675903,15.0138855,0.08605623,1,-1,-1
943.7375,71.172935,6.3216553,9.957062,0.08601794,1,-1,-1
400.35883,326.52185,106.53949,46.47751,0.08594245,1,-1,-1
1128.26,220.05621,79.253174,30.875122,0.085885555,7,-1,-1
1133.4874,124.1642,7.998047,16.106964,0.0857411,1,-1,-1
486.65143,101.30314,27.771118,19.051224,0.08567259,4,-1,-1
149.05707,653.96765,67.180435,40.966614,0.08561757,3,-1,-1
1178.2538,273.02734,94.30676,45.098663,0.085532695,6,-1,-1
764.31793,33.726124,18.10083,19.630165,0.0852963,10,-1,-1
704.883,199.80695,34.367004,42.98503,0.08528501,1,-1,-1
1133.6287,117.09588,7.9416504,12.232277,0.08527747,2,-1,-1
940.04407,66.69355,13.308838,19.508186,0.0851115,1,-1,-1
