1327.6552,691.19745,94.57349,141.88324,0.9999727,4,-1,-1
696.93494,572.6979,172.89154,79.98889,0.9999504,4,-1,-1
1347.8684,355.71933,78.9021,95.334045,0.9998052,4,-1,-1
1227.8815,141.54704,57.321167,53.423477,0.99957085,4,-1,-1
1358.1705,834.93353,99.47778,188.92249,0.9992212,4,-1,-1
1340.3846,149.89886,53.90869,49.33693,0.9989476,4,-1,-1
1173.2788,577.1634,70.072876,135.62805,0.9969603,5,-1,-1
1611.6324,386.37534,80.88635,90.53235,0.99470925,8,-1,-1
1168.7551,872.48975,62.557007,122.23187,0.9927974,8,-1,-1
1378.1102,255.6971,78.07593,42.412704,0.9914626,7,-1,-1
1165.4371,444.65448,64.18005,108.37689,0.98447096,4,-1,-1
1235.4406,106.56724,43.2323,41.340202,0.98288953,4,-1,-1
1294.8744,969.5044,32.743774,68.20947,0.9807826,1,-1,-1
995.9819,359.39557,72.12799,60.144928,0.979965,7,-1,-1
1304.6996,399.29752,72.77234,117.957,0.9783068,5,-1,-1
969.347,580.0048,99.5473,76.58392,0.9772413,5,-1,-1
1172.139,742.1659,62.364502,113.30066,0.97141933,8,-1,-1
923.62585,753.25446,119.174194,76.91669,0.95993763,7,-1,-1
1276.885,350.02313,73.926636,65.92215,0.95569706,7,-1,-1
1024.6029,1024.3014,72.32947,52.28076,0.95306593,7,-1,-1
1098.3441,434.10376,43.05188,76.46863,0.9497274,6,-1,-1
1525.524,566.22473,29.2417,52.53882,0.94853187,1,-1,-1
1040.3378,115.16698,41.367798,52.81662,0.94238967,5,-1,-1
727.79987,919.4836,95.59277,50.704956,0.9355333,7,-1,-1
1327.659,550.6708,86.31201,115.71649,0.9353955,5,-1,-1
891.20856,1040.6558,120.181274,35.92639,0.9244747,7,-1,-1
1312.9061,991.0476,27.68396,57.75476,0.9188268,1,-1,-1
1105.172,840.3283,33.206177,58.706177,0.8463104,10,-1,-1
1008.1683,852.65295,91.308044,61.233887,0.8450661,7,-1,-1
1001.1333,669.2931,80.144165,59.303406,0.8422494,7,-1,-1
1327.4679,72.67902,50.53772,45.154022,0.8408679,5,-1,-1
1021.0535,214.12997,45.416443,38.44983,0.8245654,10,-1,-1
965.7041,904.9421,124.9353,90.33887,0.80186474,8,-1,-1
951.44073,805.2581,109.076355,81.09137,0.79597837,7,-1,-1
871.7495,348.65366,45.640198,32.229034,0.7792702,10,-1,-1
1052.0511,54.907017,42.251953,48.6611,0.75607646,5,-1,-1
1004.3374,670.21094,75.457886,58.286377,0.74929404,8,-1,-1
976.40344,663.6021,52.01526,41.997986,0.743091,10,-1,-1
1021.5954,419.95416,57.797913,89.10239,0.73959017,8,-1,-1
1085.3187,134.13467,38.81836,53.960114,0.70638025,8,-1,-1
1047.9281,78.71463,46.943726,40.061905,0.67947733,4,-1,-1
610.74316,792.7484,29.066956,43.994812,0.66469514,1,-1,-1
1022.6187,420.89392,54.529114,85.239624,0.66279125,6,-1,-1
1089.6888,599.7817,49.000244,101.67139,0.66014755,8,-1,-1
1516.8854,418.2318,35.212646,40.691162,0.6541033,10,-1,-1
1112.726,548.72406,30.649658,57.758606,0.6465707,8,-1,-1
1621.9628,573.9036,37.364136,54.97296,0.63279235,2,-1,-1
1106.5251,930.00977,32.415894,57.45691,0.6273829,2,-1,-1
1115.7349,711.0464,46.942383,77.19476,0.6214727,8,-1,-1
1006.3477,308.2756,72.42084,59.148956,0.61385566,8,-1,-1
1262.1371,759.4497,28.757202,54.75714,0.58197975,2,-1,-1
1002.4489,851.90015,96.23749,64.83508,0.5802616,8,-1,-1
952.88116,248.17818,48.419983,34.091537,0.56754166,10,-1,-1
729.95264,917.97797,90.470825,54.50995,0.54830563,8,-1,-1
1032.5497,1005.60254,64.83386,36.022705,0.5460211,10,-1,-1
1008.4157,308.49863,72.11127,59.248016,0.53910595,7,-1,-1
1110.1592,817.9099,29.337769,49.46405,0.5366493,2,-1,-1
1621.3649,573.7631,37.930176,56.97937,0.5344893,10,-1,-1
953.09515,803.81055,106.75287,81.394714,0.52398044,8,-1,-1
984.0361,491.34235,35.22345,64.02777,0.5121124,7,-1,-1
1197.2416,31.858852,34.227295,49.30546,0.49847102,5,-1,-1
1021.2042,420.33115,58.022583,88.570465,0.49431813,5,-1,-1
1017.4825,273.31848,50.232605,40.09204,0.48686996,10,-1,-1
1233.7815,378.5128,42.275757,69.34445,0.4542485,8,-1,-1
1016.01,252.32335,33.945312,44.473648,0.45080996,10,-1,-1
1438.8707,339.82404,39.517944,39.828064,0.43931684,10,-1,-1
838.2255,240.72615,48.54779,35.400314,0.4360074,7,-1,-1
938.5124,832.3509,95.85272,61.757263,0.4349764,7,-1,-1
734.01276,456.9149,41.28705,38.181305,0.43091592,3,-1,-1
1031.8315,1006.28973,65.34473,37.629944,0.43091077,7,-1,-1
1468.2833,371.309,25.440552,48.35681,0.4257899,1,-1,-1
1102.5219,930.6734,33.3302,76.32013,0.42458382,10,-1,-1
951.989,248.07617,48.87018,34.78763,0.42003578,7,-1,-1
1233.263,378.5673,42.84839,69.4057,0.41360217,7,-1,-1
1085.3187,134.13467,38.81836,53.960114,0.41126984,7,-1,-1
962.9767,674.62006,99.33569,68.96747,0.40770656,8,-1,-1
1283.1791,192.22234,56.96106,56.905075,0.40536922,8,-1,-1
1231.9988,119.80441,51.37329,47.914047,0.39554328,4,-1,-1
1110.323,818.0002,28.460938,51.011597,0.39513466,1,-1,-1
983.7201,488.0552,35.800903,61.213837,0.39374912,8,-1,-1
1051.5149,55.311363,43.144287,48.414062,0.38572735,4,-1,-1
946.7251,642.1175,62.36438,38.454956,0.38038385,10,-1,-1
1282.6646,175.69029,58.873657,74.06651,0.37189597,6,-1,-1
1085.3187,134.13467,38.81836,53.960114,0.3651942,4,-1,-1
947.8436,641.87634,60.91382,38.538696,0.364458,7,-1,-1
1172.0481,742.94684,62.731323,112.68274,0.3620361,4,-1,-1
1115.0122,709.99,48.34436,78.942444,0.36171895,7,-1,-1
730.5875,916.906,59.62909,45.379395,0.36016726,2,-1,-1
922.68414,753.5912,116.13141,74.12506,0.35835394,8,-1,-1
875.3166,266.34897,27.867249,40.780975,0.34794876,7,-1,-1
1097.5298,1036.1895,92.02417,40.3927,0.34787226,7,-1,-1
964.6939,655.0997,59.790833,39.88275,0.34719896,10,-1,-1
1259.249,771.48157,29.609497,60.085632,0.34632975,10,-1,-1
720.454,499.04605,28.664734,47.81534,0.34571385,10,-1,-1
1282.2886,192.41827,58.541626,57.159836,0.345545,7,-1,-1
965.7041,904.9421,124.9353,90.33887,0.34492356,4,-1,-1
947.8436,641.87634,60.91382,38.538696,0.34352452,8,-1,-1
1173.0156,744.2296,60.843506,107.621155,0.3434542,7,-1,-1
1199.9484,357.7771,39.543945,38.742645,0.33940938,3,-1,-1
1214.6537,11.626145,45.547974,36.22982,0.3358568,5,-1,-1
1259.249,771.48157,29.609497,60.085632,0.33134797,7,-1,-1
1276.0272,352.24033,72.80139,66.012146,0.3278159,8,-1,-1
1212.8936,11.613041,44.648926,37.12693,0.32573646,4,-1,-1
1661.5114,302.4605,28.89917,46.42688,0.32253557,1,-1,-1
1214.6537,11.626145,45.547974,36.22982,0.32208198,8,-1,-1
733.9626,457.8647,41.19275,37.017456,0.3214563,10,-1,-1
1103.8026,928.8402,35.81555,68.980774,0.3202976,1,-1,-1
721.46185,716.2955,30.743896,60.466675,0.32028827,8,-1,-1
1197.2416,31.858852,34.227295,49.30546,0.3180939,4,-1,-1
1036.1063,187.39166,33.043945,43.96614,0.31791806,2,-1,-1
939.41785,690.21783,41.65509,37.45227,0.31338835,10,-1,-1
842.8491,283.8508,29.52069,36.411102,0.30580777,10,-1,-1
1106.0532,838.85297,32.390503,56.150818,0.30456108,2,-1,-1
985.80585,667.58374,72.38495,49.527466,0.30370948,7,-1,-1
1017.5998,263.5401,38.727844,43.569397,0.3021255,2,-1,-1
974.6241,663.05835,52.558533,42.61371,0.30190825,7,-1,-1
1615.9056,350.04932,30.051636,51.265167,0.30131012,1,-1,-1
1286.5565,36.25729,43.29895,36.43002,0.3011363,5,-1,-1
1259.249,771.48157,29.609497,60.085632,0.3001902,8,-1,-1
962.9767,674.62006,99.33569,68.96747,0.29658532,7,-1,-1
942.26544,54.287838,35.04181,38.39105,0.28474116,4,-1,-1
1206.0741,19.195993,40.406616,40.94957,0.28316638,5,-1,-1
1226.7051,68.88976,32.355713,39.413208,0.27939993,7,-1,-1
1032.5497,1005.60254,64.83386,36.022705,0.27642512,3,-1,-1
941.5136,785.4609,113.08856,75.0166,0.27536082,7,-1,-1
1099.341,434.52652,42.07788,75.58667,0.27395415,7,-1,-1
1042.8446,177.61476,32.056152,43.044662,0.2722584,10,-1,-1
1047.5414,75.10721,47.299683,43.313248,0.27145618,5,-1,-1
1028.0009,196.15018,33.487305,42.901215,0.27121753,2,-1,-1
1199.9484,357.7771,39.543945,38.742645,0.26662612,10,-1,-1
1225.9735,72.24223,34.25403,38.592644,0.2664271,4,-1,-1
734.19464,456.9935,40.316223,37.63376,0.26465902,7,-1,-1
1226.4001,68.291756,33.119873,40.775826,0.26346388,8,-1,-1
1023.2944,213.10185,40.67206,39.431473,0.25992864,2,-1,-1
1173.0156,744.2296,60.843506,107.621155,0.258291,6,-1,-1
1026.2297,1024.0625,71.39038,52.519653,0.25666338,10,-1,-1
976.9282,647.3134,48.99524,35.673462,0.2562183,10,-1,-1
1732.984,230.30225,51.985718,33.85312,0.25396693,10,-1,-1
1197.9858,31.027233,34.990356,49.3047,0.25368068,8,-1,-1
893.9198,377.16046,31.686523,41.218384,0.25069827,10,-1,-1
950.3076,433.0196,22.3125,49.071625,0.24997804,1,-1,-1
1327.4357,72.249664,50.903687,45.434654,0.24803862,4,-1,-1
1116.9237,714.03937,45.03418,73.92139,0.24766034,2,-1,-1
1019.60455,259.0433,33.275085,48.528168,0.24606377,1,-1,-1
1008.4662,852.2016,91.49304,61.20233,0.24552923,3,-1,-1
1611.9839,385.85474,79.27539,87.48483,0.24435782,7,-1,-1
1092.7413,600.2962,45.295166,104.08313,0.24326003,7,-1,-1
1040.4574,115.24488,40.93579,52.88398,0.24302036,4,-1,-1
722.26294,501.85254,26.803589,50.812317,0.24242032,1,-1,-1
1262.1371,759.4497,28.757202,54.75714,0.24134925,1,-1,-1
1202.0566,347.30045,32.973755,39.90274,0.2399179,2,-1,-1
685.03754,555.811,42.719116,34.12555,0.23461795,3,-1,-1
1045.5411,176.69975,29.156982,43.312286,0.23387924,1,-1,-1
1045.1351,175.4025,30.417358,41.93698,0.23198089,7,-1,-1
1286.5565,36.25729,43.29895,36.43002,0.2315067,4,-1,-1
1092.5468,599.0362,46.17273,104.34668,0.22824201,6,-1,-1
1036.1063,187.39166,33.043945,43.96614,0.22729278,10,-1,-1
965.87415,572.62274,30.706726,38.21582,0.22651157,10,-1,-1
1620.5586,574.1944,40.034668,40.749207,0.22266233,1,-1,-1
1016.32587,251.9648,32.03717,45.249863,0.22206089,2,-1,-1
1003.33026,852.61694,96.65985,62.60028,0.22167566,4,-1,-1
937.9458,840.69073,77.57269,52.75354,0.22146463,10,-1,-1
1206.0741,19.195993,40.406616,40.94957,0.22113684,4,-1,-1
987.20337,526.6527,29.586853,50.786194,0.22048992,7,-1,-1
978.4232,827.839,113.4917,78.099,0.21536145,7,-1,-1
1287.0199,36.311813,42.506836,36.674477,0.21477756,8,-1,-1
1045.5411,176.69975,29.156982,43.312286,0.21428397,2,-1,-1
1517.177,417.728,34.951416,40.49118,0.21290144,7,-1,-1
1286.3624,36.39036,43.282715,36.381382,0.21090406,6,-1,-1
1026.2297,1024.0625,71.39038,52.519653,0.21009785,3,-1,-1
1045.7524,76.7651,48.924683,44.223015,0.20974973,8,-1,-1
722.40967,501.89856,28.24231,48.4823,0.20906731,2,-1,-1
722.5228,493.39438,36.521973,41.31845,0.20862654,10,-1,-1
1629.8778,347.47134,46.025635,58.53897,0.20737192,1,-1,-1
1327.7411,549.88794,85.22302,115.39557,0.20685953,4,-1,-1
926.7493,755.0931,83.98749,48.772766,0.20658937,7,-1,-1
922.37787,268.98984,37.555176,36.173218,0.20635355,7,-1,-1
1565.9209,581.7995,26.957642,46.36432,0.20338812,1,-1,-1
972.6869,869.9764,115.92993,78.37445,0.20334592,8,-1,-1
1490.1426,139.70773,31.167358,34.746597,0.20286965,10,-1,-1
1199.9484,357.7771,39.543945,38.742645,0.20269918,8,-1,-1
1516.5729,417.58105,35.752563,40.884888,0.20082664,3,-1,-1
930.88354,685.02246,103.44507,76.97626,0.20042437,8,-1,-1
1004.44916,851.9085,94.97479,65.02472,0.20031247,10,-1,-1
970.9755,582.15894,96.98395,74.947876,0.196607,8,-1,-1
1327.4679,72.67902,50.53772,45.154022,0.19407985,1,-1,-1
1303.6176,399.5806,72.70862,118.87369,0.19404522,4,-1,-1
1327.4977,72.458496,50.724976,45.523666,0.19336343,8,-1,-1
1565.9967,332.05502,26.877441,45.26996,0.1922983,1,-1,-1
1116.9237,714.03937,45.03418,73.92139,0.19111839,1,-1,-1
1036.1063,187.39166,33.043945,43.96614,0.19044119,1,-1,-1
964.66095,904.2064,126.55951,90.23334,0.1876413,7,-1,-1
964.9149,567.32294,32.188904,38.929382,0.18699506,7,-1,-1
979.17035,458.85516,35.189087,36.71573,0.18609169,7,-1,-1
1102.7096,934.27734,33.7583,72.30847,0.18545589,3,-1,-1
1015.7727,274.49527,51.993896,40.51541,0.18478253,3,-1,-1
933.81494,684.4059,104.60791,79.46936,0.18240264,7,-1,-1
893.9198,377.16046,31.686523,41.218384,0.18165708,3,-1,-1
979.17035,458.85516,35.189087,36.71573,0.18158805,10,-1,-1
1090.1077,599.8675,49.580444,101.778076,0.1812298,4,-1,-1
1012.2295,267.3286,44.494385,36.076813,0.17956185,10,-1,-1
1487.7378,128.66571,29.566284,37.216064,0.1786969,10,-1,-1
1206.0741,19.195993,40.406616,40.94957,0.17746773,8,-1,-1
950.81506,845.5635,64.12909,46.441772,0.17727667,1,-1,-1
1197.4136,30.445957,35.60315,50.137585,0.1751824,6,-1,-1
1021.7943,420.12045,57.790894,89.586334,0.1751625,4,-1,-1
1002.3233,285.63065,46.779114,36.296997,0.17327163,10,-1,-1
682.5442,552.8436,42.622925,37.81476,0.17260513,10,-1,-1
1213.7761,10.482153,44.464478,34.01757,0.17229071,7,-1,-1
1100.6351,823.0684,31.87732,47.803406,0.17176363,2,-1,-1
930.045,754.50275,34.519165,39.453186,0.1713678,2,-1,-1
671.30817,560.1419,41.839172,59.97821,0.17048067,7,-1,-1
1107.4182,820.55707,32.79944,52.842957,0.17007059,10,-1,-1
1359.5671,2.3611412,45.246094,23.894936,0.1699219,7,-1,-1
1103.9034,840.03485,34.539307,57.091248,0.16914734,3,-1,-1
1040.9414,112.3673,42.063477,51.19465,0.16770276,8,-1,-1
930.045,754.50275,34.519165,39.453186,0.16760844,1,-1,-1
1468.453,371.93124,26.347168,47.49704,0.16699126,2,-1,-1
981.8422,890.3917,52.519104,37.129456,0.16695952,10,-1,-1
929.0583,751.6929,34.927124,38.804077,0.16690254,10,-1,-1
866.89606,122.68519,111.520935,52.275505,0.16499591,4,-1,-1
1046.9681,83.49785,47.70752,37.25276,0.16424772,10,-1,-1
959.06616,801.549,101.1958,80.441895,0.16416195,4,-1,-1
946.5404,641.24426,61.636353,39.0979,0.1637198,3,-1,-1
1095.2661,1025.7357,94.95154,50.09839,0.16235566,8,-1,-1
1198.5095,13.307993,46.22412,32.92701,0.16154331,5,-1,-1
1120.7925,735.5399,38.901,59.09839,0.16011432,10,-1,-1
924.99176,268.88174,38.5625,35.06372,0.15942028,10,-1,-1
1099.1711,433.52106,42.527832,77.844086,0.15882993,4,-1,-1
673.77826,563.29706,38.57367,56.23584,0.15846404,10,-1,-1
1165.836,444.81314,63.773315,108.5347,0.15817681,1,-1,-1
1198.5095,13.307993,46.22412,32.92701,0.15814906,8,-1,-1
1473.6632,125.231926,31.04004,35.749397,0.15724546,10,-1,-1
1359.5671,2.3611412,45.246094,23.894936,0.15716103,8,-1,-1
1199.9484,357.7771,39.543945,38.742645,0.1563228,7,-1,-1
1047.0327,83.60679,47.92566,38.53885,0.15607986,7,-1,-1
897.6368,373.4506,28.539612,45.09659,0.15489137,1,-1,-1
1100.3492,664.2044,34.22229,51.041504,0.15463081,7,-1,-1
1260.2781,771.82184,28.605957,60.462708,0.15456462,3,-1,-1
1438.8148,338.57843,40.108765,39.67639,0.15301359,2,-1,-1
1104.4586,839.76886,34.53955,60.242065,0.15258253,1,-1,-1
1112.7075,549.0929,30.828857,57.528687,0.152488,7,-1,-1
977.6638,663.2159,50.960815,39.18982,0.15234533,3,-1,-1
987.51373,466.1965,31.352173,43.182373,0.15157479,7,-1,-1
678.02216,555.5167,42.982666,52.82025,0.15076062,3,-1,-1
972.2679,560.9964,34.699463,39.936584,0.15047726,7,-1,-1
1201.7827,347.16504,33.226562,40.923645,0.15046364,1,-1,-1
1102.7096,934.27734,33.7583,72.30847,0.15008813,7,-1,-1
1285.8977,352.2064,61.479248,61.712463,0.14980829,1,-1,-1
942.26544,54.287838,35.04181,38.39105,0.14920104,7,-1,-1
1595.1912,500.90253,32.909424,45.182617,0.14912772,3,-1,-1
972.2148,836.10565,38.64441,47.853516,0.14896327,1,-1,-1
1014.74786,274.46274,55.85089,43.533905,0.14740452,7,-1,-1
1590.4701,338.3545,25.372925,46.51761,0.14716485,1,-1,-1
940.0977,690.143,42.333374,36.707764,0.14646497,3,-1,-1
1625.5864,315.53238,24.659668,47.416565,0.14576516,1,-1,-1
1466.7888,205.53958,38.08435,34.54709,0.14566386,10,-1,-1
1485.0901,418.19778,24.851196,45.266113,0.14431855,1,-1,-1
1171.2903,874.92084,59.152954,120.20685,0.14420769,7,-1,-1
1422.1611,121.99825,38.79077,32.073112,0.14416578,10,-1,-1
1451.4128,126.36874,29.324097,34.76745,0.14400938,10,-1,-1
1040.614,1044.2626,66.39099,32.31958,0.14379314,7,-1,-1
1046.9681,83.49785,47.70752,37.25276,0.14359868,1,-1,-1
967.81366,570.8248,28.516296,41.071594,0.14296263,1,-1,-1
1115.3655,710.5323,46.48535,78.4444,0.14268532,4,-1,-1
836.8901,242.92542,48.662415,35.250427,0.14263037,3,-1,-1
1226.4001,68.291756,33.119873,40.775826,0.14246023,5,-1,-1
980.5029,544.6319,31.327332,38.702454,0.14150631,7,-1,-1
1028.0009,196.15018,33.487305,42.901215,0.14137849,1,-1,-1
1461.8027,127.90924,30.499146,34.97281,0.1407333,10,-1,-1
1611.3925,385.81497,80.70825,91.08264,0.14072838,3,-1,-1
1438.9385,339.55756,39.957764,41.084167,0.14059141,1,-1,-1
964.66095,904.2064,126.55951,90.23334,0.1404948,1,-1,-1
1037.9205,189.1579,36.909424,39.761276,0.13995129,7,-1,-1
872.38226,348.81677,45.14514,31.938995,0.13978669,3,-1,-1
750.857,460.0507,67.24103,37.043243,0.13923076,7,-1,-1
1579.5986,339.68433,25.333252,46.421265,0.13873488,1,-1,-1
972.2679,560.9964,34.699463,39.936584,0.13802555,10,-1,-1
732.19336,435.48065,37.83429,41.75876,0.13774747,10,-1,-1
1434.8628,348.79678,34.33838,42.046112,0.13605502,10,-1,-1
1032.5245,1021.0516,50.713867,49.905945,0.13538903,2,-1,-1
1101.4287,940.8687,31.387695,62.37433,0.13537994,2,-1,-1
1021.64343,233.87196,33.830322,46.075516,0.1351586,10,-1,-1
1006.3477,308.2756,72.42084,59.148956,0.13505012,2,-1,-1
1772.4791,204.81853,35.61255,54.111526,0.13500482,10,-1,-1
1050.7188,56.469677,44.582275,49.793148,0.1349799,8,-1,-1
1028.0009,196.15018,33.487305,42.901215,0.13477746,10,-1,-1
871.4092,348.85547,46.503113,32.028046,0.1344685,7,-1,-1
1276.9717,351.90512,74.85681,63.343994,0.13313386,4,-1,-1
979.17035,458.85516,35.189087,36.71573,0.13259995,2,-1,-1
977.69666,662.9855,49.799072,42.76013,0.1323705,2,-1,-1
836.8901,242.92542,48.662415,35.250427,0.13220668,10,-1,-1
1435.9404,120.79888,35.91443,34.157387,0.132014,10,-1,-1
1010.21155,674.7244,54.09607,54.334167,0.13141158,1,-1,-1
947.65125,682.7687,43.070984,36.08783,0.1312528,10,-1,-1
967.84326,551.47833,28.894897,44.358765,0.13119265,7,-1,-1
1043.5693,1008.0412,42.303955,39.074768,0.13111874,2,-1,-1
683.644,559.13715,39.630005,51.70746,0.12995186,7,-1,-1
1022.357,420.27667,55.134705,85.09436,0.12981445,7,-1,-1
842.8491,283.8508,29.52069,36.411102,0.1296488,3,-1,-1
