1118.5984,1022.4895,53.669067,54.09265,0.996169,4,-1,-1
1520.1177,113.42009,68.06531,33.461884,0.9878841,5,-1,-1
1116.0806,869.0533,44.615723,79.72009,0.9722873,7,-1,-1
595.8106,92.4865,79.305176,70.539635,0.96494746,6,-1,-1
923.7406,944.9166,33.283386,88.17944,0.89423347,7,-1,-1
883.0785,300.3019,53.785828,128.77762,0.88472515,6,-1,-1
1123.4513,699.54047,29.68396,47.00525,0.7900288,10,-1,-1
950.4348,234.51508,27.686035,56.95572,0.7150087,7,-1,-1
883.78253,300.41388,53.44153,127.75931,0.6636822,5,-1,-1
1079.4955,688.3095,28.1073,41.752502,0.6554949,10,-1,-1
856.3814,928.717,39.92926,78.85144,0.6249704,8,-1,-1
826.8166,849.503,33.71942,77.57361,0.6036194,7,-1,-1
1063.884,275.32104,32.049194,62.06607,0.597409,8,-1,-1
1123.0068,258.87512,23.196411,48.75293,0.5826597,10,-1,-1
62.786175,123.800545,38.781445,36.772636,0.578906,7,-1,-1
764.68304,921.08185,49.52704,31.794312,0.55682415,10,-1,-1
978.69824,184.79726,29.615845,51.647842,0.50875264,8,-1,-1
292.71475,118.189644,175.8457,76.74763,0.5074534,5,-1,-1
1316.045,847.4357,51.097534,32.268555,0.4942845,8,-1,-1
1246.5441,846.94617,65.44238,36.300415,0.4825027,7,-1,-1
370.27274,511.57492,31.706543,35.055695,0.43771857,7,-1,-1
1315.9972,847.14734,52.75952,32.09845,0.43481165,7,-1,-1
1279.7969,579.1642,44.92041,24.81427,0.42418778,10,-1,-1
978.22656,184.57463,30.03186,51.62448,0.4042564,7,-1,-1
1063.7708,275.3738,32.179688,61.621674,0.33426923,7,-1,-1
783.55066,264.02515,32.438538,37.058044,0.31751317,7,-1,-1
564.1301,119.24534,41.349243,44.319603,0.3070085,8,-1,-1
738.9559,645.13806,46.933167,31.755615,0.29357326,10,-1,-1
826.32587,850.1714,33.74298,75.744446,0.29277855,8,-1,-1
872.86206,848.49927,30.090332,51.0838,0.291375,10,-1,-1
744.68207,684.55475,35.430847,37.094666,0.28065914,10,-1,-1
872.9715,848.047,29.71405,51.015625,0.27729142,7,-1,-1
1236.5337,823.03613,52.36682,28.881348,0.275685,3,-1,-1
564.1301,119.24534,41.349243,44.319603,0.2684312,7,-1,-1
1239.8058,829.7741,61.715088,29.417969,0.2660712,7,-1,-1
811.63666,817.9038,22.179932,53.957703,0.24068007,7,-1,-1
149.80864,95.4741,50.229706,30.77716,0.23904955,10,-1,-1
1218.2147,238.14201,31.13623,42.528458,0.23790386,1,-1,-1
1267.0951,655.1173,25.406372,57.776672,0.2279568,10,-1,-1
1257.5739,840.7158,55.718628,30.60913,0.22040668,7,-1,-1
289.78534,118.37963,179.8906,77.41538,0.21590468,1,-1,-1
811.63666,817.9038,22.179932,53.957703,0.21589339,8,-1,-1
292.50287,117.50752,176.70432,77.31029,0.212908,4,-1,-1
1116.5847,869.09564,43.413574,79.53265,0.2099179,8,-1,-1
1246.401,847.2476,67.02026,36.785217,0.2058186,8,-1,-1
856.1901,928.6858,40.553467,79.09662,0.20513901,7,-1,-1
1232.3599,86.95254,72.45203,30.96241,0.20478907,4,-1,-1
1235.7915,823.0462,48.694824,29.327515,0.19178993,10,-1,-1
735.1876,191.59714,44.24774,25.803696,0.19151464,8,-1,-1
757.8225,1049.1941,83.984924,27.388062,0.189212,10,-1,-1
794.63135,958.47705,25.610352,45.900513,0.18845284,1,-1,-1
370.27274,511.57492,31.706543,35.055695,0.17591122,2,-1,-1
1281.8032,578.93604,46.31897,24.82306,0.17505199,3,-1,-1
1239.8058,829.7741,61.715088,29.417969,0.17038766,3,-1,-1
872.9715,848.047,29.71405,51.015625,0.16765347,2,-1,-1
942.00824,567.9987,20.713623,48.52533,0.16605154,10,-1,-1
1202.1388,882.3335,70.990845,32.20813,0.16176057,7,-1,-1
150.47365,95.91557,49.32419,30.633095,0.16144201,8,-1,-1
773.4213,357.37598,32.73932,42.235046,0.1602551,10,-1,-1
1252.4144,852.0287,61.641846,34.456177,0.157285,10,-1,-1
1236.5337,823.03613,52.36682,28.881348,0.1531018,7,-1,-1
734.4153,190.68248,44.12909,26.797012,0.150282,7,-1,-1
734.4153,190.68248,44.12909,26.797012,0.150002,10,-1,-1
759.2433,652.47723,27.317749,53.67267,0.14857438,10,-1,-1
795.1349,958.6828,25.978577,44.715942,0.14763993,10,-1,-1
924.05554,944.8556,32.964355,86.627686,0.14745042,3,-1,-1
924.3133,944.6968,32.3125,86.26953,0.14672765,2,-1,-1
1264.0709,831.75836,46.593872,31.151062,0.14612377,7,-1,-1
1152.5122,809.11145,29.385498,55.70935,0.14545041,3,-1,-1
590.71234,96.644806,84.06836,64.84947,0.1442276,8,-1,-1
1238.4161,842.5948,66.73425,36.16211,0.14404097,3,-1,-1
700.2482,210.81177,87.10559,50.718903,0.1440025,6,-1,-1
1263.7744,653.1887,28.660645,51.872375,0.14367306,2,-1,-1
1235.5841,813.3184,43.112427,30.258423,0.141823,3,-1,-1
590.71234,96.644806,84.06836,64.84947,0.14166716,5,-1,-1
1297.2119,850.06726,51.487305,30.882263,0.14114085,8,-1,-1
1241.0616,91.88199,66.08008,30.543793,0.13986641,7,-1,-1
757.02094,1049.1595,85.04242,27.422607,0.13645482,7,-1,-1
734.4153,190.68248,44.12909,26.797012,0.13531101,4,-1,-1
793.55096,956.56616,31.496643,43.331726,0.13278148,2,-1,-1
1260.0742,821.4216,50.401,28.391663,0.1318439,7,-1,-1
1224.8357,885.9994,61.63916,30.889343,0.1297867,7,-1,-1
764.68304,921.08185,49.52704,31.794312,0.1293059,7,-1,-1
821.0886,943.8364,25.598999,42.157166,0.12747768,1,-1,-1
1235.4469,855.1688,65.83142,37.375854,0.12553564,7,-1,-1
1244.578,842.02454,65.74341,35.174683,0.12515548,10,-1,-1
771.2686,313.23218,42.552063,29.728516,0.12506521,10,-1,-1
423.98016,120.49531,36.86685,70.99993,0.12477064,1,-1,-1
831.0701,642.44183,22.153076,56.311157,0.119802356,1,-1,-1
1082.1046,672.88324,27.276978,45.238037,0.119413495,10,-1,-1
1201.9548,84.629616,106.41077,42.75679,0.117856055,4,-1,-1
916.82294,156.61139,21.665771,48.274246,0.11632165,3,-1,-1
773.4213,357.37598,32.73932,42.235046,0.11420557,7,-1,-1
978.22656,184.57463,30.03186,51.62448,0.1115894,10,-1,-1
1123.322,697.4841,31.16455,46.812317,0.11130139,2,-1,-1
916.82294,156.61139,21.665771,48.274246,0.110646605,10,-1,-1
1267.0951,655.1173,25.406372,57.776672,0.110452,7,-1,-1
1242.8357,842.2281,66.02161,35.860535,0.10907039,4,-1,-1
819.2743,945.7888,27.867981,42.81299,0.1088545,2,-1,-1
150.47365,95.91557,49.32419,30.633095,0.10792816,7,-1,-1
873.7005,848.6606,30.305847,51.866516,0.10701984,8,-1,-1
950.81146,233.29715,27.065857,58.223724,0.106606334,8,-1,-1
872.9715,848.047,29.71405,51.015625,0.106056005,1,-1,-1
1209.9198,279.81525,26.71399,62.68872,0.10577661,3,-1,-1
1254.2726,854.05194,59.368896,34.16101,0.10463461,3,-1,-1
1079.6538,678.0763,28.66809,43.67383,0.104248464,2,-1,-1
808.0345,949.4367,30.875305,42.825134,0.10408285,1,-1,-1
1235.5841,813.3184,43.112427,30.258423,0.10273865,10,-1,-1
756.43134,364.88248,48.84088,36.506775,0.10157961,3,-1,-1
442.93915,138.66765,95.02356,45.87137,0.10135588,8,-1,-1
1252.6793,830.4772,53.39502,28.437561,0.099930614,10,-1,-1
744.68207,684.55475,35.430847,37.094666,0.09957576,3,-1,-1
924.3133,944.6968,32.3125,86.26953,0.09853202,8,-1,-1
760.41675,672.24445,26.097595,52.16388,0.09770048,10,-1,-1
1526.9751,140.95332,59.019897,28.382004,0.09744066,10,-1,-1
811.155,817.98175,22.913757,53.851257,0.097007096,10,-1,-1
746.827,366.3123,59.136963,34.126038,0.09693393,10,-1,-1
1219.799,239.52138,30.22937,41.541946,0.096910834,10,-1,-1
1063.2942,275.15857,32.816284,61.915985,0.09634018,3,-1,-1
783.55066,264.02515,32.438538,37.058044,0.09617743,10,-1,-1
1247.2285,830.7706,57.685547,28.164124,0.09575617,8,-1,-1
1257.5739,840.7158,55.718628,30.60913,0.09435603,8,-1,-1
1241.0616,91.88199,66.08008,30.543793,0.094219685,8,-1,-1
978.69824,184.79726,29.615845,51.647842,0.09370595,4,-1,-1
1476.0157,132.90926,42.996216,36.318283,0.09341872,5,-1,-1
856.11804,928.38306,39.24585,78.86438,0.093319595,10,-1,-1
1172.319,84.52608,47.55713,32.545303,0.09273386,7,-1,-1
759.2433,652.47723,27.317749,53.67267,0.09271112,3,-1,-1
500.7041,139.89842,35.518982,47.41391,0.09198105,1,-1,-1
746.827,366.3123,59.136963,34.126038,0.091860175,7,-1,-1
1218.2147,238.14201,31.13623,42.528458,0.091705024,2,-1,-1
826.16895,848.7569,34.741333,78.65112,0.09091878,3,-1,-1
62.870758,124.291985,39.617355,36.14547,0.09056458,10,-1,-1
916.82294,156.61139,21.665771,48.274246,0.090227544,1,-1,-1
563.9373,126.46529,40.321106,38.95984,0.09000489,10,-1,-1
883.218,297.31772,53.512085,132.04303,0.089815736,4,-1,-1
808.0345,949.4367,30.875305,42.825134,0.089714944,2,-1,-1
856.498,928.96783,39.514404,78.713806,0.08944917,4,-1,-1
797.01416,945.6937,26.625183,44.6745,0.089155436,1,-1,-1
743.6143,176.46162,40.42334,29.24086,0.0884749,8,-1,-1
1376.2317,1013.83356,35.308228,33.70404,0.08809677,3,-1,-1
420.56265,135.68417,78.00604,53.85573,0.08776176,1,-1,-1
950.79126,234.34671,28.412598,57.36606,0.08725643,10,-1,-1
556.319,136.46161,44.934082,32.28026,0.08653799,8,-1,-1
1247.6241,88.41185,56.506836,30.487335,0.08643684,5,-1,-1
1231.4723,846.1743,56.355835,38.036438,0.086286396,7,-1,-1
591.8415,95.54504,83.81134,66.775826,0.08611947,4,-1,-1
765.12445,919.40936,49.59784,34.01465,0.084912986,2,-1,-1
1172.319,84.52608,47.55713,32.545303,0.084813,8,-1,-1
410.7698,137.56209,117.17929,51.262726,0.08442649,5,-1,-1
370.27274,511.57492,31.706543,35.055695,0.083845794,8,-1,-1
1116.9443,868.35596,43.958252,81.03705,0.083771884,2,-1,-1
1196.9628,257.99384,27.36792,48.845947,0.08325961,1,-1,-1
564.0566,118.53305,42.382996,45.262802,0.08286077,4,-1,-1
1064.2224,276.45917,31.92688,61.109253,0.08217353,10,-1,-1
1260.0742,821.4216,50.401,28.391663,0.08124092,3,-1,-1
572.08105,99.16,79.468506,66.17613,0.08123562,6,-1,-1
556.319,136.46161,44.934082,32.28026,0.08112255,7,-1,-1
1526.9751,140.95332,59.019897,28.382004,0.08095047,4,-1,-1
1250.0953,92.86063,64.832275,29.493279,0.08089307,4,-1,-1
61.961014,123.285034,39.789017,37.487335,0.08002308,8,-1,-1
1064.2224,276.45917,31.92688,61.109253,0.079981804,1,-1,-1
1209.9198,279.81525,26.71399,62.68872,0.07989988,7,-1,-1
772.392,312.83176,41.525085,30.829071,0.0798749,7,-1,-1
831.58264,645.4987,21.614685,67.49158,0.07970998,3,-1,-1
821.46075,944.0623,25.4104,42.777527,0.079404384,10,-1,-1
370.27274,511.57492,31.706543,35.055695,0.07895967,10,-1,-1
1209.6016,281.14963,27.710815,57.285492,0.078838944,10,-1,-1
1209.6016,281.14963,27.710815,57.285492,0.0787715,1,-1,-1
1238.7635,876.0184,56.250854,30.784546,0.078567296,7,-1,-1
743.35815,648.12604,41.155823,38.102783,0.07783547,3,-1,-1
1316.045,847.4357,51.097534,32.268555,0.077555776,4,-1,-1
734.4153,190.68248,44.12909,26.797012,0.077495754,1,-1,-1
1209.9198,279.81525,26.71399,62.68872,0.07728261,8,-1,-1
1123.4513,699.54047,29.68396,47.00525,0.077157944,4,-1,-1
764.68304,921.08185,49.52704,31.794312,0.07661772,3,-1,-1
1237.0958,78.90739,98.557495,42.31864,0.07650629,4,-1,-1
471.86334,140.90079,62.206604,39.920425,0.0763478,1,-1,-1
1253.0228,873.9057,56.316284,27.757935,0.075402975,7,-1,-1
854.9073,927.98444,38.79657,73.683044,0.075312376,2,-1,-1
150.47365,95.91557,49.32419,30.633095,0.07530314,3,-1,-1
471.8075,137.32022,62.88031,38.573364,0.07442996,10,-1,-1
1279.7969,579.1642,44.92041,24.81427,0.07413781,7,-1,-1
1475.6326,131.70334,44.55847,37.005493,0.07327062,7,-1,-1
1382.8077,990.2066,38.24817,30.451843,0.07314366,3,-1,-1
1217.1051,239.45479,32.813354,43.368088,0.07313928,3,-1,-1
764.68304,921.08185,49.52704,31.794312,0.07238659,1,-1,-1
478.0566,153.81474,57.59195,37.859985,0.072119206,1,-1,-1
759.2433,652.47723,27.317749,53.67267,0.07206422,1,-1,-1
1379.7197,1002.71564,36.849,30.03424,0.071404964,3,-1,-1
1476.0157,132.90926,42.996216,36.318283,0.071041316,8,-1,-1
1257.5739,840.7158,55.718628,30.60913,0.071003735,3,-1,-1
1228.2799,886.9451,55.956665,30.763184,0.070913166,3,-1,-1
833.7697,199.23158,38.946716,30.854828,0.06999442,7,-1,-1
749.50183,678.9428,30.307373,43.923767,0.068956286,7,-1,-1
290.47678,115.188934,172.75974,80.51402,0.0689356,2,-1,-1
1217.1051,239.45479,32.813354,43.368088,0.06871459,7,-1,-1
1264.0709,831.75836,46.593872,31.151062,0.06867054,3,-1,-1
1228.7723,80.327385,89.56384,39.447433,0.06851086,5,-1,-1
1268.6409,832.671,50.22937,29.380249,0.06837097,8,-1,-1
1476.0157,132.90926,42.996216,36.318283,0.06822419,4,-1,-1
1247.6241,88.41185,56.506836,30.487335,0.067805976,10,-1,-1
743.6143,176.46162,40.42334,29.24086,0.067350954,7,-1,-1
771.2686,313.23218,42.552063,29.728516,0.06696132,3,-1,-1
1260.0742,821.4216,50.401,28.391663,0.066587,8,-1,-1
1203.5409,881.80615,64.49585,31.093628,0.06649193,3,-1,-1
759.2433,652.47723,27.317749,53.67267,0.066120476,2,-1,-1
1122.6161,259.2035,23.478516,48.579376,0.066104025,7,-1,-1
811.63666,817.9038,22.179932,53.957703,0.06594592,1,-1,-1
1126.5383,852.4927,48.756958,95.994446,0.06562805,7,-1,-1
1338.6863,39.647827,55.299316,27.727226,0.06547266,4,-1,-1
764.68304,921.08185,49.52704,31.794312,0.06541142,8,-1,-1
1280.2196,817.50305,47.086548,28.893127,0.06503326,7,-1,-1
1297.2119,850.06726,51.487305,30.882263,0.064754605,7,-1,-1
1122.6248,257.9273,24.093262,48.85968,0.06462842,2,-1,-1
1064.2224,276.45917,31.92688,61.109253,0.06458175,2,-1,-1
1253.0228,873.9057,56.316284,27.757935,0.06405124,10,-1,-1
564.69965,121.84255,38.79193,43.771355,0.06367296,1,-1,-1
950.52325,232.5735,28.598999,57.67949,0.06359503,2,-1,-1
748.9576,660.2434,34.749146,58.885803,0.06350702,10,-1,-1
873.5336,847.8761,29.642578,52.03192,0.06347644,3,-1,-1
1266.6565,326.42422,28.791016,40.37619,0.06311515,1,-1,-1
734.4153,190.68248,44.12909,26.797012,0.06285325,5,-1,-1
1217.9933,63.383488,96.48987,51.618206,0.06255129,4,-1,-1
1210.9878,260.32245,29.107178,46.12381,0.062181383,1,-1,-1
882.5653,299.81262,54.63037,127.72958,0.06134391,8,-1,-1
1238.3678,811.56006,50.633423,28.742615,0.06104034,7,-1,-1
1221.1208,497.42853,28.773926,59.194336,0.060765058,10,-1,-1
1170.5308,82.49992,65.015625,35.59114,0.060625583,4,-1,-1
792.9596,944.6235,36.40094,39.796875,0.060605735,2,-1,-1
978.4191,184.30696,29.509338,52.288925,0.060578763,1,-1,-1
441.8363,148.48833,102.14722,41.202484,0.060518205,1,-1,-1
1116.4082,868.8395,44.200195,80.17456,0.060385525,1,-1,-1
1201.663,237.95932,29.64624,44.51187,0.060249418,1,-1,-1
1202.1388,882.3335,70.990845,32.20813,0.060243547,8,-1,-1
779.76965,825.3824,22.130005,49.044983,0.060216308,7,-1,-1
760.41675,672.24445,26.097595,52.16388,0.059558928,3,-1,-1
1386.768,981.2435,36.270264,31.508179,0.059387594,10,-1,-1
811.155,817.98175,22.913757,53.851257,0.05934742,2,-1,-1
1252.4144,852.0287,61.641846,34.456177,0.05934599,1,-1,-1
751.7901,153.01015,40.039,36.619125,0.05915907,7,-1,-1
415.4179,130.58606,85.80197,58.963684,0.058765203,10,-1,-1
1382.3365,978.58624,36.08972,32.12793,0.058696747,3,-1,-1
347.0275,125.12876,176.80972,63.374657,0.05849248,1,-1,-1
1339.0879,1015.7891,23.777344,58.564026,0.05836636,10,-1,-1
334.41718,468.56735,27.692902,42.85327,0.058213055,10,-1,-1
1253.0228,873.9057,56.316284,27.757935,0.058086216,3,-1,-1
734.6576,691.4257,41.455994,38.85785,0.058003962,10,-1,-1
1123.4513,699.54047,29.68396,47.00525,0.05799076,7,-1,-1
794.63135,958.47705,25.610352,45.900513,0.057284772,3,-1,-1
797.01416,945.6937,26.625183,44.6745,0.057071507,10,-1,-1
735.1876,191.59714,44.24774,25.803696,0.056978703,3,-1,-1
738.05005,643.9697,45.138855,35.060547,0.05678162,2,-1,-1
863.3954,176.2077,35.63867,32.072998,0.055992156,7,-1,-1
826.32587,850.1714,33.74298,75.744446,0.055956513,6,-1,-1
811.155,817.98175,22.913757,53.851257,0.05586794,3,-1,-1
811.155,817.98175,22.913757,53.851257,0.05575502,4,-1,-1
1172.319,84.52608,47.55713,32.545303,0.055600524,5,-1,-1
1246.8773,214.83873,31.70227,39.23706,0.05554214,7,-1,-1
337.38272,514.5681,25.2052,46.260254,0.05516386,1,-1,-1
750.7361,160.19186,40.78308,32.277145,0.05510664,8,-1,-1
334.60144,473.05145,28.440918,41.54431,0.054977536,1,-1,-1
1223.9524,96.697586,89.88977,38.62062,0.05496359,4,-1,-1
1260.0742,821.4216,50.401,28.391663,0.054825008,10,-1,-1
734.6576,691.4257,41.455994,38.85785,0.05420181,3,-1,-1
1203.048,851.70386,49.763916,32.708252,0.054181725,3,-1,-1
755.57104,131.83154,38.024292,45.548584,0.05402261,7,-1,-1
62.870758,124.291985,39.617355,36.14547,0.053854197,2,-1,-1
1235.4469,855.1688,65.83142,37.375854,0.053760707,8,-1,-1
757.02094,1049.1595,85.04242,27.422607,0.053587615,3,-1,-1
755.1294,142.22878,35.473877,50.142166,0.053536117,1,-1,-1
329.2814,507.94168,27.618408,44.64456,0.0534814,1,-1,-1
1341.5693,298.0173,20.192505,59.72757,0.053402126,1,-1,-1
1170.1013,81.108475,101.51843,46.217125,0.053359002,4,-1,-1
1475.1838,132.1218,42.673096,37.914948,0.053330332,1,-1,-1
1118.5493,1022.1837,53.900635,54.259888,0.053290963,5,-1,-1
748.9576,660.2434,34.749146,58.885803,0.053278267,3,-1,-1
1289.6034,833.3503,51.367798,27.598572,0.053161263,8,-1,-1
1242.8357,842.2281,66.02161,35.860535,0.053085238,1,-1,-1
1339.0879,1015.7891,23.777344,58.564026,0.052560776,1,-1,-1
508.1213,160.70712,30.365204,52.748856,0.052374035,1,-1,-1
1238.9215,823.97455,54.913452,28.426392,0.052257687,8,-1,-1
1280.2196,817.50305,47.086548,28.893127,0.052230835,3,-1,-1
1149.9243,81.69919,52.232178,30.46344,0.051897943,7,-1,-1
334.41718,468.56735,27.692902,42.85327,0.051834494,2,-1,-1
1339.4939,478.57364,21.498169,50.734344,0.05180341,1,-1,-1
1444.8765,0.0,99.355225,19.6604,0.05171615,4,-1,-1
916.82294,156.61139,21.665771,48.274246,0.051674783,7,-1,-1
857.0239,928.8508,39.49243,77.983826,0.05161941,1,-1,-1
780.02606,940.4804,39.22998,34.19641,0.0515562,2,-1,-1
1209.9401,278.59,28.628662,50.600067,0.051472932,2,-1,-1
1116.6381,868.9834,43.90735,80.153625,0.051404923,4,-1,-1
497.1542,158.30286,30.284576,55.35431,0.051309586,1,-1,-1
422.4307,115.26731,35.607666,55.815605,0.051144958,2,-1,-1
753.28815,994.13416,20.760315,49.26599,0.051051527,10,-1,-1
1078.0621,680.38336,28.17566,45.044434,0.051009864,1,-1,-1
1196.3047,0.36763507,71.10986,17.776485,0.050799787,4,-1,-1
826.8166,849.503,33.71942,77.57361,0.050780475,1,-1,-1
443.3217,141.18594,94.70175,43.882446,0.050764114,10,-1,-1
746.827,366.3123,59.136963,34.126038,0.050721765,4,-1,-1
