807.1953,312.60474,22.186035,33.721893,0.5285097,2,-1,-1
808.2659,312.56866,19.943726,33.77176,0.48632,1,-1,-1
573.3993,364.40833,23.36554,45.085205,0.4425638,1,-1,-1
747.1602,405.76987,26.964966,51.684998,0.39181072,1,-1,-1
340.36,356.11465,15.700073,27.96991,0.38783175,1,-1,-1
581.1006,407.4085,17.291931,32.969604,0.28191507,1,-1,-1
685.5468,373.94278,24.880554,53.312653,0.21560127,1,-1,-1
689.67206,373.95374,16.75238,37.66217,0.2019566,1,-1,-1
708.911,397.75992,23.848877,43.1763,0.18864131,1,-1,-1
549.1858,299.1926,13.434998,17.726501,0.18710151,1,-1,-1
1070.1534,56.05288,24.071655,11.945137,0.16092873,4,-1,-1
549.1858,299.1926,13.434998,17.726501,0.15510449,2,-1,-1
562.7227,373.1005,235.55731,120.042206,0.14929792,9,-1,-1
573.6751,364.96487,17.62909,29.40503,0.1448488,1,-1,-1
354.2836,39.38122,11.1137085,10.629917,0.14073667,10,-1,-1
1088.9556,328.98883,59.50708,35.32785,0.13121104,4,-1,-1
114.800514,106.825294,8.119194,15.323242,0.12993723,1,-1,-1
561.34393,292.3609,12.247986,22.71988,0.12831652,1,-1,-1
750.67725,406.6083,20.43103,33.672974,0.12759739,1,-1,-1
986.7058,341.22574,30.964478,13.8414,0.1271646,10,-1,-1
691.642,385.46347,33.928467,52.8432,0.12303984,1,-1,-1
354.9784,39.928646,10.621124,11.546841,0.1206972,3,-1,-1
355.50095,39.652935,9.880798,12.019569,0.12062493,2,-1,-1
580.82837,406.14334,17.885498,33.044006,0.11622229,2,-1,-1
340.4235,356.89474,15.748322,26.992737,0.11550349,10,-1,-1
1067.2441,72.47017,36.30774,16.52932,0.114893615,4,-1,-1
1352.0336,66.82833,23.289185,30.337479,0.11412424,3,-1,-1
986.4939,341.17538,31.173584,13.847137,0.11235309,3,-1,-1
355.50095,39.652935,9.880798,12.019569,0.1122897,1,-1,-1
947.7091,55.482353,10.842529,15.748566,0.11107519,1,-1,-1
96.57901,101.889244,7.593895,16.958542,0.11099917,1,-1,-1
1201.2081,114.37044,29.290527,14.628021,0.10893333,10,-1,-1
896.53156,558.1994,22.768799,16.701477,0.10871211,1,-1,-1
506.86868,279.3168,13.239044,33.539948,0.108606875,1,-1,-1
574.8164,365.29636,18.850159,37.133667,0.10760909,2,-1,-1
358.41577,37.83449,7.4328613,9.935638,0.10653174,2,-1,-1
336.5461,345.06662,22.045929,33.73636,0.106488615,1,-1,-1
340.36,356.11465,15.700073,27.96991,0.1061317,2,-1,-1
828.7771,0.0,20.786499,10.361546,0.105606765,3,-1,-1
342.1194,364.42432,11.623474,18.657318,0.10544056,1,-1,-1
1333.0615,65.4888,42.820557,33.144592,0.10493001,3,-1,-1
1089.226,55.685913,6.5856934,15.047119,0.104801446,1,-1,-1
562.72614,370.82184,232.80548,123.8306,0.104576975,6,-1,-1
638.86115,24.392864,8.676147,18.276558,0.104491025,2,-1,-1
816.3717,313.21707,10.64624,15.200562,0.104323775,2,-1,-1
831.2484,0.871918,18.195251,8.747352,0.10420349,10,-1,-1
1351.2853,75.24834,22.172974,20.005249,0.1036315,10,-1,-1
612.8919,38.289654,12.486389,20.680367,0.10042405,1,-1,-1
639.2388,23.178154,8.968384,17.674358,0.10034308,1,-1,-1
689.39667,313.6317,26.118347,15.120117,0.09828591,10,-1,-1
549.9843,291.725,21.188416,23.967102,0.09763527,1,-1,-1
1350.1917,80.38864,23.30603,18.967918,0.09660357,3,-1,-1
603.9043,393.49573,22.194214,21.495758,0.096532255,2,-1,-1
481.75455,32.476555,8.489227,16.643082,0.09652862,1,-1,-1
1220.4374,39.788883,5.897827,11.3658905,0.09317222,1,-1,-1
396.796,88.806755,16.61322,14.048943,0.09225553,10,-1,-1
1375.8734,9.209319,23.647339,27.871449,0.09209615,4,-1,-1
529.0217,397.45648,13.522949,31.294159,0.09152514,1,-1,-1
946.80597,0.0,41.084534,14.720661,0.09146482,4,-1,-1
812.7235,309.98874,14.58844,28.886871,0.09075281,2,-1,-1
358.41577,37.83449,7.4328613,9.935638,0.08810201,1,-1,-1
977.4642,213.76396,13.530457,26.46669,0.08807629,1,-1,-1
1383.8947,601.039,10.04834,16.390259,0.08785954,1,-1,-1
1382.8663,55.936993,15.579834,24.770176,0.08774084,1,-1,-1
575.7758,399.8924,28.45874,39.527588,0.08454692,1,-1,-1
708.911,397.75992,23.848877,43.1763,0.083396316,2,-1,-1
947.0316,58.624615,8.487549,14.6956215,0.08254591,1,-1,-1
642.72003,22.558203,8.508118,17.382975,0.082372874,2,-1,-1
454.39215,42.01306,7.710022,12.620617,0.079891115,1,-1,-1
789.69653,277.72937,131.6997,62.520355,0.07984015,6,-1,-1
744.60834,406.75574,27.880493,48.45047,0.079743564,2,-1,-1
815.4625,130.00111,6.6209106,15.6970825,0.07959163,1,-1,-1
1379.7428,25.72554,19.777954,12.557152,0.079083085,10,-1,-1
115.0647,106.11097,7.702011,15.005264,0.078868836,2,-1,-1
1359.3743,78.47358,15.577026,21.17279,0.078238815,10,-1,-1
249.03397,317.95438,8.960022,8.564362,0.07797426,1,-1,-1
621.87177,21.614592,8.332581,11.993086,0.077649295,1,-1,-1
1335.989,61.79822,22.671875,16.465267,0.0773789,3,-1,-1
339.38098,364.61755,15.856323,27.178955,0.07707095,1,-1,-1
979.98663,220.0889,7.8710938,18.247726,0.07703972,1,-1,-1
805.42706,312.01712,24.190613,35.292572,0.0769209,7,-1,-1
1102.322,56.36242,9.352051,12.828262,0.075589925,1,-1,-1
676.2989,376.3385,94.64093,80.79425,0.075509995,4,-1,-1
1008.56604,342.62042,9.018433,12.826172,0.075401485,1,-1,-1
339.90076,350.57288,14.541534,23.574219,0.07536113,1,-1,-1
1089.6125,372.7536,16.147583,33.66736,0.07430038,1,-1,-1
956.5783,15.335901,14.857117,28.402254,0.07415432,1,-1,-1
1387.7932,56.405243,9.329468,15.927132,0.074008346,1,-1,-1
109.892624,105.15862,9.907059,15.585609,0.07396114,1,-1,-1
1358.2084,76.146965,16.766113,19.551743,0.07381785,3,-1,-1
804.69946,312.74588,25.272339,33.707397,0.07304102,3,-1,-1
948.50366,56.614006,9.77771,13.720566,0.07293171,3,-1,-1
27.501003,350.65866,18.685585,24.920654,0.072618276,1,-1,-1
578.4681,369.99365,15.455383,33.409058,0.07242492,1,-1,-1
1104.7607,55.01999,6.0844727,11.553566,0.07217148,1,-1,-1
642.72003,22.558203,8.508118,17.382975,0.071151465,1,-1,-1
950.9734,338.74597,7.639038,11.00943,0.0710246,1,-1,-1
1332.1005,65.41584,43.483276,33.902626,0.07087472,7,-1,-1
356.1394,40.5674,6.007721,9.386631,0.070522726,2,-1,-1
554.09106,98.60604,10.73645,25.635979,0.06973195,1,-1,-1
94.12676,96.36632,11.290443,23.48536,0.069698334,1,-1,-1
806.1454,312.29953,22.858093,34.52527,0.06958562,10,-1,-1
355.76132,36.796658,10.533722,11.220066,0.06925517,3,-1,-1
639.2787,23.101274,16.966064,27.79159,0.06908426,1,-1,-1
324.5362,0.0,18.893677,5.6300845,0.06814563,4,-1,-1
720.7203,405.064,29.203247,51.069397,0.06808612,1,-1,-1
908.71576,561.35535,9.750671,12.911072,0.06784299,1,-1,-1
704.1589,380.29163,31.900269,55.080902,0.06779793,1,-1,-1
454.39215,42.01306,7.710022,12.620617,0.06746268,2,-1,-1
1070.3628,56.328957,23.288696,11.437576,0.06706056,10,-1,-1
561.34393,292.3609,12.247986,22.71988,0.06664574,2,-1,-1
343.45407,364.97528,10.301514,17.011963,0.06599936,2,-1,-1
1113.4497,18.663843,16.458862,8.633331,0.065532446,4,-1,-1
1384.4639,53.366577,15.056885,25.80481,0.06551039,4,-1,-1
1382.9578,55.5119,15.091919,26.011871,0.06538743,2,-1,-1
1045.8254,68.852516,56.525757,23.723862,0.06522411,4,-1,-1
1203.7706,128.28748,25.447876,12.992111,0.065072775,3,-1,-1
1008.7678,342.2772,8.712341,13.188141,0.06490493,2,-1,-1
1314.8154,482.71045,84.70532,59.05945,0.0646649,4,-1,-1
1359.3743,78.47358,15.577026,21.17279,0.06464359,1,-1,-1
548.9067,302.11514,9.76593,12.529663,0.06444222,1,-1,-1
1013.00244,53.87653,35.188965,15.105724,0.06433508,4,-1,-1
1351.7484,66.37611,19.879395,23.505402,0.06400189,10,-1,-1
622.0351,22.014126,8.059326,11.398926,0.06387833,2,-1,-1
390.86447,76.80542,28.08319,12.411133,0.06387067,10,-1,-1
553.61993,106.67926,13.791565,29.661148,0.06375751,1,-1,-1
580.3586,405.84198,18.609558,33.473236,0.06363627,3,-1,-1
577.43774,366.2072,15.108032,21.448914,0.06350854,2,-1,-1
639.2787,23.101274,16.966064,27.79159,0.06344029,2,-1,-1
1106.9156,55.415127,6.072632,11.301487,0.06337908,1,-1,-1
1340.4971,65.15747,24.252197,20.969925,0.06337154,3,-1,-1
711.9869,402.515,16.349426,30.706177,0.063217044,1,-1,-1
340.36,356.11465,15.700073,27.96991,0.063201904,3,-1,-1
549.9843,291.725,21.188416,23.967102,0.0631744,2,-1,-1
454.59848,268.2233,19.034302,22.566498,0.06281319,1,-1,-1
782.63385,303.85092,17.7016,29.347229,0.06275895,2,-1,-1
814.2101,128.13742,11.25824,27.38118,0.0626944,1,-1,-1
1387.7932,56.405243,9.329468,15.927132,0.062217385,2,-1,-1
1376.2407,62.85035,16.216553,24.817215,0.061701596,1,-1,-1
550.7153,34.94739,6.361206,13.099472,0.0616439,1,-1,-1
598.7842,386.92554,34.63623,30.867554,0.06164053,2,-1,-1
637.16534,26.472012,8.6345825,16.824997,0.061637133,1,-1,-1
344.35016,360.16458,13.931122,19.341278,0.061209083,1,-1,-1
391.53568,77.10777,26.11322,11.888809,0.061099768,3,-1,-1
1340.4971,65.15747,24.252197,20.969925,0.060965598,10,-1,-1
947.6327,55.48003,11.282776,15.662479,0.0608958,2,-1,-1
803.3644,312.37347,27.867432,34.341614,0.060489446,8,-1,-1
689.6645,312.5635,25.056458,15.407776,0.0604676,3,-1,-1
1219.5215,39.32071,31.671753,16.457027,0.060453326,4,-1,-1
1194.8577,129.16908,26.107056,13.712082,0.059903324,3,-1,-1
578.6668,375.55026,21.056396,41.177643,0.059877694,1,-1,-1
387.09192,75.8075,22.964172,11.263283,0.059843868,10,-1,-1
735.94403,404.1944,31.165405,49.225983,0.059627533,1,-1,-1
396.80804,86.29827,16.45642,16.325096,0.059609562,3,-1,-1
1103.3625,58.40424,35.07776,16.209255,0.059355766,4,-1,-1
562.7227,373.1005,235.55731,120.042206,0.0590598,4,-1,-1
829.1756,0.0,20.5672,10.712484,0.059058487,2,-1,-1
1204.6891,128.43195,22.51355,12.115204,0.059033066,10,-1,-1
159.10881,95.754295,10.549316,15.965027,0.058959693,1,-1,-1
569.8557,363.52142,45.217163,54.733093,0.058734894,1,-1,-1
1193.8849,128.82896,28.382568,14.776672,0.05871585,10,-1,-1
1383.2047,53.27399,16.31604,26.552776,0.058654606,10,-1,-1
1339.4357,65.09493,36.29236,33.704224,0.058581173,10,-1,-1
573.6502,365.14667,18.70819,37.512726,0.058431,10,-1,-1
1069.824,56.033886,24.620605,12.157185,0.058064044,5,-1,-1
1338.1003,62.118626,24.184814,17.00787,0.0580177,10,-1,-1
1381.3965,24.94834,18.124268,14.0235195,0.057934284,4,-1,-1
0.0,55.515438,6.7797756,9.861843,0.05789852,1,-1,-1
637.4556,22.650887,27.683838,36.489285,0.05748406,1,-1,-1
584.30286,416.23785,16.120483,28.217926,0.057283908,1,-1,-1
130.31358,140.83235,8.844543,19.082611,0.057091653,1,-1,-1
606.6216,388.9387,23.453857,25.710938,0.05707398,1,-1,-1
564.0889,295.41202,8.027588,17.22873,0.057070106,1,-1,-1
977.4642,213.76396,13.530457,26.46669,0.056981146,2,-1,-1
638.66376,26.567339,12.715332,19.653234,0.056926012,1,-1,-1
751.2697,406.21918,19.01648,33.882965,0.056925267,2,-1,-1
358.09796,63.52685,11.631348,8.457218,0.05689311,3,-1,-1
1057.6449,315.50494,95.089966,50.788574,0.056892484,4,-1,-1
354.583,42.179295,9.082733,10.864246,0.05674818,10,-1,-1
685.5468,373.94278,24.880554,53.312653,0.05673057,2,-1,-1
804.69946,312.74588,25.272339,33.707397,0.056554586,4,-1,-1
357.69937,63.650097,12.1779175,8.221592,0.05635199,10,-1,-1
357.8537,37.658737,8.284241,10.706863,0.05618581,10,-1,-1
387.09192,75.8075,22.964172,11.263283,0.05617395,3,-1,-1
652.6125,35.4108,13.1779785,23.634613,0.056045234,1,-1,-1
356.09857,38.53419,7.7681274,8.458469,0.056011528,2,-1,-1
1201.6398,114.2297,28.09253,14.86747,0.055934727,3,-1,-1
783.203,283.8459,143.80719,60.374664,0.05586487,9,-1,-1
553.84467,0.0,17.192078,5.2949033,0.055518,4,-1,-1
396.34412,89.89859,8.044708,12.6392975,0.055411458,1,-1,-1
571.5333,364.58923,24.34436,43.760803,0.055052936,4,-1,-1
1101.4049,55.32694,6.1827393,12.297085,0.054954886,1,-1,-1
776.7524,305.82523,17.955383,24.641907,0.054831237,2,-1,-1
580.82837,406.14334,17.885498,33.044006,0.054772258,10,-1,-1
612.5643,38.224968,12.913086,20.639465,0.054762095,2,-1,-1
1109.917,56.28416,32.715576,13.866795,0.054463685,4,-1,-1
1249.253,200.08661,7.0177,16.073746,0.05422455,1,-1,-1
581.28235,403.3517,12.693481,27.204773,0.054200858,1,-1,-1
1342.8479,74.45332,25.491333,20.32328,0.054116637,3,-1,-1
747.9286,412.29294,17.23883,37.708344,0.053866595,1,-1,-1
720.73785,197.12242,38.75049,44.54547,0.053839922,6,-1,-1
349.43317,38.134235,15.105682,8.915951,0.05378124,10,-1,-1
356.1394,40.5674,6.007721,9.386631,0.05332306,1,-1,-1
1384.8987,59.9251,10.643677,17.210888,0.05317378,1,-1,-1
646.179,32.950928,15.8862915,26.754562,0.053137094,1,-1,-1
292.11658,21.756197,48.965057,22.643568,0.0530757,4,-1,-1
998.4027,340.9155,20.237488,14.137695,0.052928537,1,-1,-1
814.45856,139.32898,10.398071,24.664703,0.052894384,1,-1,-1
353.09207,40.728836,8.956879,9.387833,0.052704245,3,-1,-1
1036.1501,64.28489,31.942505,14.075943,0.052684218,4,-1,-1
1378.4481,16.940098,21.072632,19.851166,0.052513033,10,-1,-1
960.914,0.0,21.118835,13.390383,0.05231589,1,-1,-1
793.9692,132.02124,20.467834,37.131317,0.052238107,6,-1,-1
556.0293,118.485886,8.619324,17.417908,0.052173823,1,-1,-1
455.52344,269.89966,17.302734,20.484497,0.052123547,2,-1,-1
248.63022,317.71075,9.58255,8.9539795,0.052015364,2,-1,-1
308.23883,102.93067,9.43634,9.22657,0.051549435,1,-1,-1
1121.8822,258.099,8.033813,12.413696,0.05151254,1,-1,-1
1382.1793,63.527206,13.677612,21.98127,0.05131203,1,-1,-1
402.70587,86.269745,9.223663,14.667389,0.05130285,10,-1,-1
356.09857,38.53419,7.7681274,8.458469,0.05122909,1,-1,-1
1345.495,79.36945,18.156372,23.164207,0.050996393,3,-1,-1
401.8658,86.90005,9.9935,14.006989,0.05090198,1,-1,-1
1068.3322,49.876995,26.823608,14.50053,0.050718665,4,-1,-1
453.3222,41.936485,9.5130005,11.702358,0.05064857,10,-1,-1
1358.9312,74.06685,15.94043,24.075241,0.05064574,2,-1,-1
395.84244,78.20784,16.637848,10.346001,0.050623715,10,-1,-1
112.30667,107.981964,6.0588226,13.196365,0.050605595,1,-1,-1
828.30444,0.0,20.709717,10.243631,0.05056256,7,-1,-1
551.47424,302.15234,8.510498,12.090515,0.050122738,2,-1,-1
1106.2063,56.16784,9.312866,14.408775,0.050021797,1,-1,-1
