904.9695,269.113,66.915344,42.08011,0.99755883,4,-1,-1
973.0598,741.35986,65.771484,124.96271,0.99432653,4,-1,-1
1033.654,161.5289,57.55542,24.566711,0.9850708,4,-1,-1
1729.9453,222.73157,125.85474,52.585266,0.98367476,6,-1,-1
1366.129,298.37964,85.89014,41.292053,0.97240627,4,-1,-1
230.49919,95.45306,56.717667,28.726707,0.9631778,5,-1,-1
1046.2052,825.3391,72.4093,102.65796,0.94217634,8,-1,-1
1158.2509,872.0439,53.56372,37.96521,0.9365983,10,-1,-1
1705.0851,186.30408,59.214844,27.856018,0.93603474,5,-1,-1
715.4156,151.31418,54.444153,23.252914,0.93337685,4,-1,-1
1228.5532,163.56184,43.181274,34.764175,0.91728854,5,-1,-1
1068.2041,530.42944,42.421143,66.872314,0.8920365,7,-1,-1
1757.1576,128.97925,40.57666,33.67804,0.8113111,4,-1,-1
771.4876,331.88943,46.47119,45.671753,0.80682826,8,-1,-1
330.14978,113.10108,51.734802,22.309914,0.80646926,4,-1,-1
1119.114,553.3362,47.922485,57.80597,0.7069197,5,-1,-1
857.06,262.48126,46.155334,62.298065,0.67645955,5,-1,-1
787.7288,648.9966,75.39099,118.623474,0.6637135,8,-1,-1
771.58704,332.6922,47.10034,45.009308,0.65748215,5,-1,-1
742.51013,355.63608,44.92511,32.309875,0.64558315,8,-1,-1
864.30554,594.10736,34.009583,47.135864,0.6133485,7,-1,-1
898.0664,90.82814,65.102844,29.22409,0.60390675,6,-1,-1
1249.4403,107.40315,118.05603,39.81456,0.58613676,9,-1,-1
1119.4302,553.0929,48.088135,58.56958,0.57382286,4,-1,-1
567.26917,83.565475,48.849365,27.878868,0.5387806,5,-1,-1
534.465,124.42736,52.50305,21.74656,0.4778899,5,-1,-1
857.83856,263.4938,45.072876,63.154907,0.4577791,8,-1,-1
1046.1919,827.45197,72.91382,101.26367,0.43636942,6,-1,-1
647.99615,78.54217,71.91168,33.767357,0.4213243,9,-1,-1
925.45264,137.96577,59.116394,23.9794,0.42093617,6,-1,-1
857.09033,262.10413,45.659668,62.740387,0.41892162,4,-1,-1
718.56165,405.20947,49.23987,32.73831,0.40571648,8,-1,-1
748.5856,343.3217,47.338318,40.30548,0.39221975,8,-1,-1
726.1326,414.45734,44.17688,32.567566,0.3758821,8,-1,-1
1109.8027,715.76886,22.530884,57.981506,0.34133944,1,-1,-1
1119.4302,553.0929,48.088135,58.56958,0.33429098,6,-1,-1
1100.5825,799.1318,22.878174,46.032776,0.33064026,1,-1,-1
724.5813,423.75418,45.31006,27.524841,0.30935866,7,-1,-1
717.2505,77.172844,89.97186,31.489311,0.30746174,6,-1,-1
1228.1721,163.5494,43.36963,34.810577,0.30149275,6,-1,-1
721.00226,410.4471,47.312805,33.041595,0.2967104,7,-1,-1
1488.9597,139.7296,77.27368,36.593033,0.29582304,6,-1,-1
653.1157,82.79072,67.6864,30.053375,0.29278445,6,-1,-1
1140.7502,760.96094,50.61145,34.75702,0.2921319,7,-1,-1
609.67175,106.293015,51.365356,22.37355,0.2913334,5,-1,-1
762.54596,339.41565,47.70117,49.304596,0.2884274,8,-1,-1
536.5602,124.653496,51.89685,21.78376,0.28674626,4,-1,-1
443.52026,95.453316,52.729706,24.216759,0.2709673,5,-1,-1
1094.4968,352.93915,82.22705,42.589355,0.26971477,8,-1,-1
1110.4694,714.2598,22.637695,56.930725,0.2635253,10,-1,-1
791.9794,440.33676,37.78717,31.255127,0.25518423,10,-1,-1
944.6998,96.493416,40.672485,31.148941,0.25282645,6,-1,-1
745.12164,350.7451,40.096863,36.198944,0.25104702,7,-1,-1
1224.2412,882.9736,58.088257,37.416016,0.24458945,7,-1,-1
787.1403,643.998,74.88568,122.500305,0.23837635,4,-1,-1
721.8619,425.82578,44.01361,27.3378,0.23294407,8,-1,-1
1232.9436,765.3566,28.24878,46.10852,0.23285896,1,-1,-1
821.5809,319.72668,30.658997,39.263275,0.2317326,8,-1,-1
1114.9382,525.72144,30.515991,36.78607,0.22950613,7,-1,-1
1175.3912,727.06445,24.95166,60.12036,0.22826585,1,-1,-1
567.26917,83.565475,48.849365,27.878868,0.22807345,6,-1,-1
694.2908,330.77405,29.494324,44.71704,0.22720003,10,-1,-1
1530.5969,125.886375,56.379883,27.946846,0.22036168,6,-1,-1
1643.2946,166.73044,44.869263,22.642197,0.21740171,4,-1,-1
1525.4778,120.58664,52.97998,29.375076,0.21311024,5,-1,-1
1119.4302,553.0929,48.088135,58.56958,0.21262595,8,-1,-1
907.91095,305.8722,54.2511,38.46057,0.21047145,8,-1,-1
897.8971,90.223114,64.92029,28.291779,0.21019474,4,-1,-1
1733.2094,223.4237,119.43494,51.806,0.20736855,5,-1,-1
1728.6755,223.39902,126.75598,51.201965,0.206236,4,-1,-1
705.06946,395.1778,49.043884,32.8739,0.20313048,7,-1,-1
1188.6323,744.567,24.537964,51.328247,0.20096028,1,-1,-1
1530.5969,125.886375,56.379883,27.946846,0.20040616,4,-1,-1
743.6918,355.36548,43.240967,33.025665,0.19842502,10,-1,-1
689.1579,381.06744,41.49591,29.618713,0.19826564,7,-1,-1
769.45306,585.6803,36.380127,38.957825,0.19799203,7,-1,-1
1335.7385,161.04587,60.581787,25.11882,0.19738552,6,-1,-1
722.14606,422.37314,43.02655,29.276062,0.1964199,10,-1,-1
715.4871,429.69327,44.40509,27.9682,0.1962049,7,-1,-1
1248.0088,102.45001,124.151855,41.26622,0.196084,6,-1,-1
1163.5627,747.2254,34.218994,39.12195,0.19533706,7,-1,-1
609.67175,106.293015,51.365356,22.37355,0.19420096,4,-1,-1
1109.8027,715.76886,22.530884,57.981506,0.19338366,2,-1,-1
781.71027,448.87106,40.746582,31.538269,0.19275615,10,-1,-1
1334.3684,163.00403,62.125,27.534164,0.19117355,4,-1,-1
1335.7385,161.04587,60.581787,25.11882,0.1893175,5,-1,-1
1152.7299,110.578224,53.605103,24.570808,0.18902707,4,-1,-1
1095.0549,353.19196,81.010864,42.09543,0.18749034,7,-1,-1
848.1985,449.28946,42.629883,31.10083,0.18743226,10,-1,-1
688.7538,379.77036,41.480835,28.540527,0.18342787,10,-1,-1
2.5434983,0.54398745,52.587486,24.517454,0.18298128,6,-1,-1
837.4168,454.26074,37.310303,34.357697,0.1810708,10,-1,-1
840.46234,406.53192,37.095642,31.843506,0.17892495,10,-1,-1
1228.1721,163.5494,43.36963,34.810577,0.17766234,4,-1,-1
779.21313,452.01587,43.47461,28.867737,0.17631692,3,-1,-1
1144.1125,755.7363,44.36902,32.73877,0.17565376,10,-1,-1
1232.9436,765.3566,28.24878,46.10852,0.17418861,2,-1,-1
1174.0504,743.1093,28.051636,45.69818,0.17396918,2,-1,-1
771.1468,331.4536,47.278076,45.98813,0.17379093,1,-1,-1
812.03143,594.9544,38.781433,34.36499,0.17346808,3,-1,-1
791.9794,440.33676,37.78717,31.255127,0.17207801,3,-1,-1
1233.3583,767.79877,27.909912,43.297363,0.17199641,10,-1,-1
443.52026,95.453316,52.729706,24.216759,0.17164195,6,-1,-1
1135.6633,698.1747,131.1864,72.66394,0.17058185,8,-1,-1
1163.5627,747.2254,34.218994,39.12195,0.16997913,1,-1,-1
1605.4229,192.10945,56.210693,23.423386,0.16921389,4,-1,-1
763.44275,456.36337,42.014587,29.49295,0.16921002,3,-1,-1
440.42615,78.477615,67.04764,28.261688,0.16870475,4,-1,-1
772.3387,462.36038,45.768433,26.100616,0.16804153,3,-1,-1
864.6048,591.7913,34.2099,47.753296,0.16779259,8,-1,-1
925.45264,137.96577,59.116394,23.9794,0.1671808,4,-1,-1
694.2908,330.77405,29.494324,44.71704,0.16641137,7,-1,-1
756.8677,456.4875,36.99341,32.886383,0.16567391,10,-1,-1
440.2372,79.01544,66.88547,28.921684,0.16524014,5,-1,-1
647.5872,78.86935,72.75293,33.40352,0.16442907,5,-1,-1
821.5809,319.72668,30.658997,39.263275,0.16440159,7,-1,-1
828.6613,449.292,40.742004,31.231964,0.16394135,10,-1,-1
798.9607,447.70483,42.858765,31.216125,0.16315246,10,-1,-1
806.46686,342.44604,29.557251,43.83069,0.16299126,8,-1,-1
1526.5846,121.80112,54.46228,28.411682,0.16245073,8,-1,-1
380.6615,86.96259,58.649994,22.642921,0.16100088,4,-1,-1
1093.6702,753.68854,26.07434,54.137085,0.15975729,7,-1,-1
925.45264,137.96577,59.116394,23.9794,0.15807962,7,-1,-1
787.64136,649.146,75.21991,118.50427,0.15706375,7,-1,-1
683.99976,283.82614,66.62152,55.74341,0.15612501,4,-1,-1
950.22565,507.04874,23.770142,44.87796,0.15482956,1,-1,-1
816.9435,603.9403,32.134094,36.288757,0.15426305,7,-1,-1
784.9293,342.71106,46.59076,47.199036,0.15389672,8,-1,-1
1618.8639,125.45149,43.78418,30.112823,0.15373883,6,-1,-1
1643.2946,166.73044,44.869263,22.642197,0.15324157,5,-1,-1
840.8538,461.35724,32.856873,38.140137,0.15289733,1,-1,-1
821.5809,319.72668,30.658997,39.263275,0.15172458,1,-1,-1
816.2941,595.0487,33.90497,37.387146,0.1489507,10,-1,-1
1329.1324,60.585884,60.242798,22.742989,0.14764616,9,-1,-1
1046.3204,827.1867,72.992065,100.89325,0.14737892,4,-1,-1
1151.5732,752.81793,50.103516,30.47754,0.14708361,3,-1,-1
1739.566,130.28485,42.721436,30.076263,0.14694762,4,-1,-1
1178.2332,701.6124,25.47937,66.05432,0.14589277,1,-1,-1
847.1026,682.6906,28.621643,42.261597,0.1436598,10,-1,-1
445.82532,95.81451,54.895233,24.568954,0.14365369,4,-1,-1
1225.2113,859.21,59.52356,28.306702,0.14357433,7,-1,-1
1185.0171,745.6072,28.22461,46.325195,0.14340231,2,-1,-1
715.4871,429.69327,44.40509,27.9682,0.14326638,10,-1,-1
846.0313,682.15436,29.041992,42.976868,0.14249066,1,-1,-1
1163.5627,747.2254,34.218994,39.12195,0.1424523,10,-1,-1
694.9702,329.5808,27.975464,46.177185,0.14186275,1,-1,-1
1149.9719,118.56899,52.229614,30.085106,0.14099059,4,-1,-1
440.55453,79.13434,66.62311,29.046013,0.14061773,6,-1,-1
1119.2297,553.084,48.025757,57.991028,0.1405215,1,-1,-1
1233.3583,767.79877,27.909912,43.297363,0.14001778,7,-1,-1
924.4312,524.0744,23.350586,48.427124,0.13985991,7,-1,-1
1068.3296,530.0367,41.92517,67.12805,0.13974881,8,-1,-1
1232.3623,747.05566,27.43628,51.305664,0.13959885,1,-1,-1
1129.6235,754.8205,51.562744,28.757935,0.13941476,7,-1,-1
655.58563,208.21129,46.389404,28.958221,0.13925314,4,-1,-1
700.72015,295.99185,80.5741,67.56598,0.1392068,5,-1,-1
787.7764,649.0259,75.008606,119.002014,0.13882932,6,-1,-1
756.8677,456.4875,36.99341,32.886383,0.13859147,7,-1,-1
567.26917,83.565475,48.849365,27.878868,0.13834378,9,-1,-1
687.51074,268.15778,76.26294,73.26712,0.13817835,5,-1,-1
698.2439,388.7335,37.410706,32.483948,0.13776231,7,-1,-1
837.4168,454.26074,37.310303,34.357697,0.13775143,3,-1,-1
908.3932,304.82645,54.156616,38.140564,0.13731378,5,-1,-1
406.8932,74.97987,55.97458,21.632622,0.13591135,4,-1,-1
848.38574,680.3277,28.759277,44.32599,0.13540238,8,-1,-1
819.8185,510.6051,23.447266,48.6933,0.1353668,1,-1,-1
772.3387,462.36038,45.768433,26.100616,0.13353851,10,-1,-1
1530.5969,125.886375,56.379883,27.946846,0.13326561,7,-1,-1
1224.6144,763.92505,28.417847,42.187866,0.13237354,7,-1,-1
1499.1959,131.46742,73.11426,34.082718,0.13216868,6,-1,-1
1257.965,42.480446,47.549194,24.698631,0.13173562,6,-1,-1
374.5429,99.676506,56.79007,21.927986,0.13113585,5,-1,-1
1220.1045,745.71747,28.011963,48.928345,0.13019884,1,-1,-1
828.6613,449.292,40.742004,31.231964,0.12989509,3,-1,-1
806.5754,330.2553,34.57196,39.704346,0.1297147,8,-1,-1
859.23236,271.18402,42.671753,60.565796,0.12969777,7,-1,-1
1110.4694,714.2598,22.637695,56.930725,0.12966496,7,-1,-1
798.9607,447.70483,42.858765,31.216125,0.12953046,3,-1,-1
1449.72,99.38407,36.092163,41.987206,0.12895194,6,-1,-1
1522.4312,119.15751,52.29077,28.74128,0.12894353,4,-1,-1
694.2908,330.77405,29.494324,44.71704,0.12856928,8,-1,-1
759.66943,468.14255,30.819153,39.464447,0.12705904,10,-1,-1
781.71027,448.87106,40.746582,31.538269,0.1251303,7,-1,-1
721.8619,425.82578,44.01361,27.3378,0.124667615,3,-1,-1
690.77545,301.16656,54.64502,48.85135,0.12446627,4,-1,-1
1142.2201,761.57153,53.96216,30.910645,0.12428951,3,-1,-1
1149.9719,118.56899,52.229614,30.085106,0.12354022,5,-1,-1
1171.3352,753.4346,34.414307,41.041687,0.12311983,1,-1,-1
924.76166,524.8578,22.669739,48.143555,0.122998744,10,-1,-1
897.8971,90.223114,64.92029,28.291779,0.12276411,5,-1,-1
843.2497,473.76892,30.43341,40.260437,0.122558415,1,-1,-1
1151.3308,757.8457,45.217896,35.90222,0.12239188,1,-1,-1
791.254,440.27942,40.05304,30.315186,0.122302294,7,-1,-1
1224.6144,763.92505,28.417847,42.187866,0.1219683,10,-1,-1
375.93427,98.51886,59.993988,21.868912,0.12161487,4,-1,-1
910.2717,435.5751,27.123169,46.43396,0.121287316,1,-1,-1
661.72107,89.652504,61.875122,25.310951,0.12016204,5,-1,-1
758.3977,473.94598,34.520996,33.845673,0.11989373,7,-1,-1
1149.9719,118.56899,52.229614,30.085106,0.11981702,7,-1,-1
409.86234,65.817604,50.50946,21.085388,0.1197758,4,-1,-1
689.1579,381.06744,41.49591,29.618713,0.1197623,3,-1,-1
358.00473,85.75837,56.43924,22.941238,0.11955485,4,-1,-1
840.5185,407.78177,37.086487,31.574158,0.11949724,3,-1,-1
1013.22943,97.544205,43.26288,28.503029,0.11922476,8,-1,-1
374.32608,86.59797,59.249878,23.713753,0.118477255,5,-1,-1
1246.7628,671.1374,28.326538,46.01123,0.118014336,1,-1,-1
1322.6171,77.74222,60.404297,21.312653,0.11799273,9,-1,-1
1100.5825,799.1318,22.878174,46.032776,0.11776191,2,-1,-1
1318.0397,847.4142,36.04138,33.884766,0.117440075,2,-1,-1
705.06946,395.1778,49.043884,32.8739,0.1168274,8,-1,-1
845.2915,680.86804,29.554565,44.509155,0.11658609,7,-1,-1
1159.2803,761.2305,46.24243,30.03357,0.11642149,7,-1,-1
1150.8497,120.04459,52.913696,28.662926,0.11633164,6,-1,-1
1071.0735,376.97202,65.50244,40.656097,0.116152406,1,-1,-1
771.4238,332.80267,46.568054,44.928467,0.115906954,4,-1,-1
806.3166,442.13037,45.111694,29.500214,0.11590555,10,-1,-1
1318.0397,847.4142,36.04138,33.884766,0.115728885,1,-1,-1
812.8013,596.4006,38.25818,32.54663,0.115383744,7,-1,-1
924.76166,524.8578,22.669739,48.143555,0.11467326,3,-1,-1
1059.8712,325.77914,83.717285,35.9664,0.11425522,1,-1,-1
1217.7554,759.34595,33.13965,41.23889,0.1131632,2,-1,-1
848.1985,449.28946,42.629883,31.10083,0.11316219,3,-1,-1
1149.9719,118.56899,52.229614,30.085106,0.11284992,8,-1,-1
846.86084,682.55634,29.10431,42.86914,0.11280653,2,-1,-1
757.00446,174.6672,35.23163,29.673721,0.111647725,5,-1,-1
677.9172,260.96155,78.180176,76.0914,0.1114468,6,-1,-1
864.1166,590.024,35.625854,44.487305,0.11125025,3,-1,-1
639.561,199.57484,52.190857,29.518768,0.110390455,4,-1,-1
721.00226,410.4471,47.312805,33.041595,0.1096628,10,-1,-1
693.8677,337.26654,30.457886,40.371826,0.108762175,3,-1,-1
758.3977,473.94598,34.520996,33.845673,0.1086258,3,-1,-1
1505.5339,131.62955,66.29907,30.260696,0.108388364,4,-1,-1
831.2015,500.85687,25.728638,43.791748,0.10751182,1,-1,-1
700.72015,295.99185,80.5741,67.56598,0.10692334,4,-1,-1
1152.7299,110.578224,53.605103,24.570808,0.106812924,5,-1,-1
882.5009,412.34637,57.33551,29.739319,0.10598555,8,-1,-1
1554.073,125.52401,41.98938,30.012657,0.10574636,4,-1,-1
1705.1862,185.77553,58.62268,28.766891,0.10554385,4,-1,-1
661.72107,89.652504,61.875122,25.310951,0.10538569,4,-1,-1
861.2515,444.11105,39.29706,31.153107,0.10537365,10,-1,-1
805.8015,88.961845,40.499573,26.82782,0.10503635,5,-1,-1
1338.034,166.22127,68.51892,32.294098,0.10501182,6,-1,-1
693.55927,348.6945,31.015015,42.48105,0.10501054,10,-1,-1
567.17,83.3388,49.055054,28.015335,0.10493603,4,-1,-1
409.86234,65.817604,50.50946,21.085388,0.10482508,5,-1,-1
757.54047,175.54446,35.150024,28.365448,0.10463759,6,-1,-1
1194.2684,1017.02185,31.459595,59.560303,0.103078574,1,-1,-1
1224.6144,763.92505,28.417847,42.187866,0.10273978,1,-1,-1
1251.9155,644.3461,93.95764,62.271973,0.102463156,5,-1,-1
818.6107,505.61517,32.307312,34.929626,0.10143432,1,-1,-1
1114.9382,525.72144,30.515991,36.78607,0.10134092,8,-1,-1
1241.8718,875.8216,46.06311,39.3443,0.101228625,7,-1,-1
1631.7666,161.59204,42.34326,27.925919,0.10116097,4,-1,-1
1068.3296,530.0367,41.92517,67.12805,0.1004377,6,-1,-1
1562.3505,118.173676,40.167603,31.08635,0.10021335,4,-1,-1
925.45264,137.96577,59.116394,23.9794,0.1002059,5,-1,-1
1338.773,166.15503,64.363525,30.908157,0.09974724,5,-1,-1
1093.8467,753.6777,25.826538,54.512085,0.09968495,1,-1,-1
1115.3182,525.38354,29.906616,38.732727,0.09967029,10,-1,-1
1491.048,161.69728,66.18103,29.250763,0.099363565,4,-1,-1
693.55927,348.6945,31.015015,42.48105,0.099224895,7,-1,-1
1233.3583,767.79877,27.909912,43.297363,0.09906146,3,-1,-1
1057.1158,368.4566,58.844727,33.23352,0.09900585,1,-1,-1
1115.361,524.5111,28.373657,40.436584,0.09864047,1,-1,-1
1523.8683,112.64646,45.75354,29.216179,0.098281145,5,-1,-1
757.00446,174.6672,35.23163,29.673721,0.09804532,4,-1,-1
925.45264,137.96577,59.116394,23.9794,0.09754497,8,-1,-1
330.0184,112.89993,51.675323,22.479416,0.09737885,5,-1,-1
1327.2645,84.39849,55.91626,20.840729,0.0973739,9,-1,-1
1522.4312,119.15751,52.29077,28.74128,0.09735301,7,-1,-1
1110.4023,713.05005,23.126343,56.418457,0.09706712,3,-1,-1
752.60736,458.15915,26.521484,43.30017,0.09618783,10,-1,-1
1159.5156,872.34155,53.031128,38.87555,0.09613058,7,-1,-1
662.04407,288.32025,62.187622,47.95456,0.09609547,4,-1,-1
1570.3784,116.32108,39.546997,32.460564,0.09597817,5,-1,-1
752.1524,460.4765,26.529053,45.72049,0.095624626,7,-1,-1
749.4128,347.86096,33.466797,39.097412,0.09556395,2,-1,-1
1522.4312,119.15751,52.29077,28.74128,0.09504637,6,-1,-1
1488.4338,138.38518,79.16577,37.48639,0.09493098,4,-1,-1
757.00446,174.6672,35.23163,29.673721,0.09465933,8,-1,-1
1536.1584,125.751755,52.553345,29.04152,0.09459531,5,-1,-1
805.8015,88.961845,40.499573,26.82782,0.09459031,6,-1,-1
812.929,626.33203,31.56012,38.405273,0.09437224,10,-1,-1
857.0089,262.22272,46.106567,62.712708,0.09420806,6,-1,-1
1540.303,127.98513,52.069702,27.820396,0.09405446,8,-1,-1
608.0719,106.08959,51.083252,22.735725,0.09401631,6,-1,-1
753.5787,457.1837,31.436096,38.264404,0.09384224,3,-1,-1
806.3166,442.13037,45.111694,29.500214,0.09330711,3,-1,-1
1144.4144,514.26776,25.86914,43.28601,0.09307289,1,-1,-1
805.8765,635.71747,34.589966,39.02771,0.092683375,10,-1,-1
862.1282,302.1122,36.603394,39.332336,0.09265596,7,-1,-1
1095.5463,410.15735,78.49829,59.025635,0.09263423,8,-1,-1
1759.0527,120.275246,38.137207,39.052544,0.09223583,5,-1,-1
1184.4332,711.4845,30.14563,64.55682,0.09197882,1,-1,-1
695.3939,320.47647,44.63446,44.121338,0.09192884,10,-1,-1
1232.3623,747.05566,27.43628,51.305664,0.091695696,2,-1,-1
761.89606,482.6076,37.481995,34.12787,0.09168962,10,-1,-1
1233.07,109.43862,56.476807,26.993004,0.09145287,4,-1,-1
864.76953,591.067,34.19214,47.230408,0.09089735,10,-1,-1
821.5809,319.72668,30.658997,39.263275,0.09056741,10,-1,-1
