537.1923,584.4182,55.881836,71.88019,0.9999118,4,-1,-1
367.34308,606.40216,67.817566,51.63037,0.9996574,4,-1,-1
517.781,417.51263,32.37848,29.090607,0.994604,4,-1,-1
74.9608,584.2642,96.594086,40.120422,0.98977935,4,-1,-1
480.91824,430.7252,31.12436,28.730957,0.98595434,4,-1,-1
175.98851,587.67224,44.988174,21.251709,0.96491456,4,-1,-1
455.03638,257.4471,45.94763,29.649841,0.9297868,4,-1,-1
508.83984,383.30316,31.43158,26.309174,0.90482986,4,-1,-1
90.97623,580.188,80.80698,29.240967,0.90016484,4,-1,-1
469.16357,393.35934,26.203857,26.692932,0.8791272,4,-1,-1
624.4713,253.9232,22.158203,31.788162,0.8575442,6,-1,-1
548.0512,378.57062,26.50531,23.841095,0.84425116,4,-1,-1
425.962,425.51407,30.589478,31.090729,0.8305609,4,-1,-1
541.53015,329.89645,25.521057,27.483887,0.75512284,5,-1,-1
732.94635,657.184,14.974121,41.311462,0.73013467,1,-1,-1
653.954,222.24702,22.765015,28.034943,0.637133,6,-1,-1
524.5639,354.35193,27.636047,27.641327,0.62466276,5,-1,-1
482.09955,374.0954,26.178528,23.171844,0.5434485,4,-1,-1
435.03033,279.55978,34.365723,19.279846,0.53404856,4,-1,-1
648.5942,216.35324,23.032043,29.42482,0.5279848,6,-1,-1
444.75092,381.75113,23.331787,24.95224,0.4293975,4,-1,-1
506.25677,269.04248,37.696228,17.461456,0.42607242,4,-1,-1
547.6484,265.7138,33.7594,18.945374,0.41554248,4,-1,-1
413.39175,267.01877,31.173462,22.97934,0.3579648,4,-1,-1
524.5639,354.35193,27.636047,27.641327,0.31887698,4,-1,-1
641.44507,206.80568,23.088928,29.464096,0.31491387,6,-1,-1
541.69385,330.10428,25.224243,27.407318,0.29486674,9,-1,-1
541.6331,330.04074,25.383972,27.123169,0.23935342,6,-1,-1
524.8586,354.2669,27.819946,27.765533,0.23466209,6,-1,-1
386.86667,478.53012,18.956482,30.702637,0.23128647,1,-1,-1
653.867,250.54314,22.146729,28.34639,0.22876745,6,-1,-1
641.19745,207.35536,23.652283,28.97078,0.2167227,9,-1,-1
653.867,250.54314,22.146729,28.34639,0.192036,5,-1,-1
653.3862,250.86519,21.959473,28.315903,0.1918776,4,-1,-1
466.91074,251.6571,41.61026,26.550476,0.18823364,4,-1,-1
0.9662612,527.9268,48.937557,23.554626,0.18566868,6,-1,-1
367.73767,606.4211,67.922,51.636963,0.1826868,3,-1,-1
508.38937,268.55862,35.02951,17.926178,0.17250162,5,-1,-1
641.44507,206.80568,23.088928,29.464096,0.16971806,4,-1,-1
398.88605,278.41153,34.76834,22.879639,0.16725674,4,-1,-1
14.322783,597.0895,44.21842,21.635376,0.1610085,4,-1,-1
425.59897,296.46838,31.671722,23.844635,0.16080934,5,-1,-1
2.7970667,506.04935,31.496239,20.91336,0.15999112,5,-1,-1
395.2317,270.63416,36.98535,22.284424,0.15861791,4,-1,-1
635.18896,213.71504,23.708252,29.84964,0.15360802,6,-1,-1
507.09625,280.87854,34.690063,18.988617,0.15229645,4,-1,-1
493.14307,289.75906,38.425415,19.105133,0.15135708,4,-1,-1
648.5942,216.35324,23.032043,29.42482,0.15109664,9,-1,-1
410.0871,276.65134,32.24118,23.435822,0.14540696,4,-1,-1
420.00903,295.672,26.698853,24.386566,0.14382899,4,-1,-1
434.60635,279.15344,34.306183,19.744415,0.14302945,5,-1,-1
408.12967,289.59225,32.162903,20.809265,0.13829198,4,-1,-1
508.38937,268.55862,35.02951,17.926178,0.1380147,6,-1,-1
653.954,222.24702,22.765015,28.034943,0.13757443,9,-1,-1
461.3271,254.24536,41.297882,27.916382,0.13347024,5,-1,-1
428.68076,296.683,32.53763,24.930298,0.1284301,4,-1,-1
539.0043,201.94533,23.486206,25.278946,0.12757757,9,-1,-1
492.1847,292.81717,35.11206,21.273193,0.12704581,5,-1,-1
106.346,486.2674,177.68771,50.810303,0.12635672,9,-1,-1
547.6484,265.7138,33.7594,18.945374,0.12391326,5,-1,-1
624.444,254.17049,22.325012,31.829147,0.122101545,4,-1,-1
641.19745,207.35536,23.652283,28.97078,0.1215035,5,-1,-1
408.73795,296.66888,28.004486,23.859161,0.11947927,4,-1,-1
552.4188,218.18665,32.414917,21.933655,0.11852023,9,-1,-1
549.0455,265.34454,33.48285,19.497559,0.11506823,7,-1,-1
650.42865,218.44423,22.879272,28.533829,0.1143679,4,-1,-1
444.75092,381.75113,23.331787,24.95224,0.112888545,5,-1,-1
469.81985,393.29938,25.770813,27.153717,0.11222276,5,-1,-1
519.4647,363.41388,29.506165,27.439941,0.10878995,5,-1,-1
468.6053,304.22684,37.03717,24.009186,0.10591462,4,-1,-1
469.9914,352.71173,18.231354,32.5119,0.102647275,4,-1,-1
427.20993,286.94662,29.511414,23.03189,0.101525724,4,-1,-1
364.28116,418.7009,22.374207,26.779999,0.101263136,4,-1,-1
490.44467,295.27298,35.711212,20.398071,0.10122836,4,-1,-1
547.0493,378.51123,27.224426,24.298676,0.10110843,5,-1,-1
435.33896,297.79276,26.956299,27.944855,0.099725395,5,-1,-1
452.3928,258.3769,48.522522,28.759308,0.09847188,6,-1,-1
511.5834,374.1112,29.35141,27.327393,0.0974997,4,-1,-1
413.39175,267.01877,31.173462,22.97934,0.097161114,5,-1,-1
547.6484,265.7138,33.7594,18.945374,0.09652659,6,-1,-1
439.65646,340.5744,22.940948,30.816162,0.096280396,4,-1,-1
510.2491,380.98212,31.92044,27.497894,0.09596181,5,-1,-1
635.18896,213.71504,23.708252,29.84964,0.09578282,4,-1,-1
408.73795,296.66888,28.004486,23.859161,0.095761,5,-1,-1
2.7970667,506.04935,31.496239,20.91336,0.09575692,8,-1,-1
427.20993,286.94662,29.511414,23.03189,0.09423515,5,-1,-1
455.32437,394.7284,28.915955,25.516602,0.09409204,4,-1,-1
506.80887,286.1065,33.663666,21.94159,0.09325153,4,-1,-1
468.6053,304.22684,37.03717,24.009186,0.09233791,5,-1,-1
425.81006,425.60696,30.070404,31.121826,0.091077626,5,-1,-1
416.83722,288.85376,28.845428,21.302979,0.089229465,5,-1,-1
420.4689,269.88828,33.70926,22.675537,0.088012785,4,-1,-1
384.7732,478.91052,20.613312,28.701569,0.08711329,2,-1,-1
474.12186,251.54712,34.483856,22.792633,0.08668926,5,-1,-1
650.42865,218.44423,22.879272,28.533829,0.08540052,7,-1,-1
4.210429,505.97122,30.223824,20.737762,0.085107,4,-1,-1
70.35668,588.0374,96.89486,39.357666,0.0847587,5,-1,-1
480.66345,300.38553,32.66687,23.884277,0.08268508,5,-1,-1
524.3005,354.24802,27.798828,27.590973,0.0819065,9,-1,-1
399.20374,425.1386,27.217651,27.460571,0.081640124,4,-1,-1
511.0548,254.71759,34.03302,23.994629,0.07880697,6,-1,-1
0.9662612,527.9268,48.937557,23.554626,0.07854593,5,-1,-1
395.9381,456.3063,27.022644,24.401276,0.07706213,4,-1,-1
547.0493,378.51123,27.224426,24.298676,0.07599938,1,-1,-1
419.77603,299.49182,27.236664,25.008331,0.0755682,5,-1,-1
473.39023,296.99393,40.29959,22.50644,0.07471794,4,-1,-1
369.28137,612.60626,33.544983,40.160034,0.07460892,2,-1,-1
523.1372,288.4458,34.756836,20.54663,0.07275781,4,-1,-1
624.444,254.17049,22.325012,31.829147,0.07232505,9,-1,-1
469.21527,353.76828,17.920654,33.07361,0.07225171,5,-1,-1
653.867,250.54314,22.146729,28.34639,0.0718478,7,-1,-1
385.21298,280.297,36.11029,20.540344,0.07149941,4,-1,-1
653.4145,221.11122,22.319397,28.533524,0.07112318,5,-1,-1
395.9381,456.3063,27.022644,24.401276,0.07070953,7,-1,-1
413.10577,405.38422,29.174713,20.90039,0.0706484,7,-1,-1
395.83365,457.8709,26.067352,24.55191,0.07021767,10,-1,-1
408.73795,296.66888,28.004486,23.859161,0.07005021,7,-1,-1
397.94757,425.59265,27.417358,28.16275,0.06945115,5,-1,-1
547.2245,228.66391,35.54303,19.965057,0.06768793,9,-1,-1
256.44354,454.22235,24.483826,26.726868,0.067141324,1,-1,-1
459.85693,308.5833,38.209778,22.506195,0.0670903,4,-1,-1
561.9238,216.17976,28.233582,25.654099,0.06688562,6,-1,-1
435.82043,302.99283,38.080994,23.986725,0.06650743,4,-1,-1
391.2518,287.10065,34.89798,20.889221,0.06637773,4,-1,-1
364.28116,418.7009,22.374207,26.779999,0.06635672,5,-1,-1
548.32074,266.0271,33.290405,18.943726,0.066196114,8,-1,-1
414.9112,287.02484,34.80426,28.200317,0.06598407,4,-1,-1
635.18896,213.71504,23.708252,29.84964,0.06569004,5,-1,-1
414.0723,401.48993,24.675018,25.20523,0.06489819,10,-1,-1
547.0493,378.51123,27.224426,24.298676,0.063705206,6,-1,-1
635.18896,213.71504,23.708252,29.84964,0.06355268,9,-1,-1
299.8769,499.5769,31.08725,20.310242,0.062659115,4,-1,-1
524.61017,354.31128,27.706299,27.57431,0.06221208,1,-1,-1
447.0858,388.25806,19.980225,29.77472,0.06156057,4,-1,-1
641.15234,206.76186,23.636292,29.366196,0.061502725,7,-1,-1
653.867,250.54314,22.146729,28.34639,0.06133753,9,-1,-1
523.4376,379.26474,32.098816,24.682098,0.061053276,4,-1,-1
404.33743,289.6051,25.85373,27.953583,0.060700834,4,-1,-1
415.74518,274.89447,30.96698,23.75296,0.060574263,5,-1,-1
401.0078,289.1987,35.10907,22.058105,0.059711307,5,-1,-1
564.9302,212.96605,23.004333,29.860626,0.05966118,9,-1,-1
429.8362,393.0681,19.684357,31.242523,0.059619546,1,-1,-1
444.55353,344.20224,32.737152,25.526917,0.0595223,4,-1,-1
519.4647,363.41388,29.506165,27.439941,0.05913052,4,-1,-1
654.13776,223.77573,22.614197,30.429092,0.058989972,4,-1,-1
414.0723,401.48993,24.675018,25.20523,0.058467925,8,-1,-1
507.09625,280.87854,34.690063,18.988617,0.05770594,5,-1,-1
458.99667,297.0676,42.1084,25.595612,0.057703376,4,-1,-1
439.82404,341.66626,23.933746,30.040497,0.05763012,5,-1,-1
511.0548,254.71759,34.03302,23.994629,0.057610065,5,-1,-1
490.6972,282.26373,42.0235,20.449463,0.056853592,4,-1,-1
636.1799,258.12912,28.204895,25.65741,0.05657822,6,-1,-1
553.01697,224.4992,30.512451,23.361359,0.056423068,5,-1,-1
470.0756,259.664,50.025238,24.923859,0.056209028,4,-1,-1
478.67673,249.20651,35.32419,19.666748,0.05604157,4,-1,-1
395.83365,457.8709,26.067352,24.55191,0.056027055,3,-1,-1
538.1315,293.4219,33.622498,19.777954,0.055833876,4,-1,-1
480.16843,287.9979,25.49173,29.10263,0.055105507,4,-1,-1
545.65967,210.83223,29.281616,23.625854,0.05368769,9,-1,-1
426.40988,276.6266,37.498077,26.992249,0.053652316,4,-1,-1
624.444,254.17049,22.325012,31.829147,0.052915633,5,-1,-1
676.7843,225.68391,18.361023,31.741196,0.052724272,6,-1,-1
624.45935,254.05916,22.069336,31.6595,0.05212614,7,-1,-1
447.75073,361.1059,24.035522,28.010132,0.0519675,4,-1,-1
389.907,299.05814,35.470184,26.358337,0.051680356,4,-1,-1
645.95233,196.47964,23.562195,32.417984,0.05148515,9,-1,-1
299.8769,499.5769,31.08725,20.310242,0.051280975,10,-1,-1
4.210429,505.97122,30.223824,20.737762,0.051224023,6,-1,-1
395.9381,456.3063,27.022644,24.401276,0.051197737,5,-1,-1
561.9238,216.17976,28.233582,25.654099,0.05093512,5,-1,-1
