1164.3907,725.8903,84.76843,60.69342,0.600191,4,-1,-1
1050.446,50.645123,23.033325,31.37357,0.49189532,5,-1,-1
1050.446,50.645123,23.033325,31.37357,0.43460354,4,-1,-1
927.9462,700.59033,20.707642,31.304993,0.3293957,1,-1,-1
1094.1959,83.53977,31.312012,26.35939,0.29644457,4,-1,-1
1016.2321,88.31538,31.095032,28.656853,0.21422777,4,-1,-1
918.1114,702.63086,19.286377,34.00348,0.21136811,1,-1,-1
916.19293,701.96625,20.505737,33.07074,0.18341646,2,-1,-1
911.04254,704.5748,20.161621,32.786926,0.18045196,1,-1,-1
1016.2321,88.31538,31.095032,28.656853,0.17968518,6,-1,-1
1048.9115,50.645454,24.323486,32.124184,0.17772293,6,-1,-1
927.9462,700.59033,20.707642,31.304993,0.16593623,2,-1,-1
728.0677,498.35178,21.129395,33.303925,0.16106,1,-1,-1
908.5015,712.07794,25.165161,26.401733,0.15103588,2,-1,-1
1016.2321,88.31538,31.095032,28.656853,0.14834079,5,-1,-1
1050.2246,50.362797,23.473267,32.091846,0.13999343,9,-1,-1
965.1798,767.3389,41.349915,19.171387,0.13654757,1,-1,-1
1041.1821,194.2055,33.173218,25.906464,0.12910858,10,-1,-1
1164.9539,726.41284,83.60693,59.863342,0.12856716,7,-1,-1
1094.1959,83.53977,31.312012,26.35939,0.1264773,5,-1,-1
1106.2368,84.07334,28.661621,28.858887,0.0988867,4,-1,-1
957.17523,369.41122,29.048157,24.54541,0.096230716,10,-1,-1
993.8568,231.95126,18.44806,30.241821,0.09035063,1,-1,-1
879.8117,250.56683,22.799866,26.732605,0.08529353,1,-1,-1
996.93066,176.31978,24.02539,32.167435,0.08460817,10,-1,-1
978.85583,300.9962,28.177307,20.836426,0.08168915,10,-1,-1
1163.6161,727.4918,81.51904,58.48163,0.08114445,3,-1,-1
977.01337,301.0654,26.770752,22.451782,0.08075073,1,-1,-1
1163.6161,727.4918,81.51904,58.48163,0.08070949,1,-1,-1
1167.782,42.27009,24.767944,32.70752,0.07879406,10,-1,-1
1163.222,726.8572,84.75964,58.6933,0.07863945,5,-1,-1
965.4911,767.2243,41.057373,19.197205,0.07854974,10,-1,-1
1096.772,85.58674,33.961548,27.486855,0.07816079,7,-1,-1
1079.97,178.97682,22.031616,31.906189,0.073890865,1,-1,-1
901.407,705.1711,20.548706,29.123291,0.07076231,2,-1,-1
1166.174,41.849712,25.853638,32.343754,0.07060149,1,-1,-1
1086.0885,87.59632,28.415161,25.475548,0.0700334,4,-1,-1
1041.1821,194.2055,33.173218,25.906464,0.06989455,7,-1,-1
1094.1959,83.53977,31.312012,26.35939,0.06972876,6,-1,-1
1164.9539,726.41284,83.60693,59.863342,0.067059785,10,-1,-1
1042.7728,192.62532,26.377441,26.98201,0.06652105,1,-1,-1
1156.5381,45.447918,28.382568,31.208736,0.06496197,10,-1,-1
753.4283,477.86353,24.016235,27.159912,0.06377533,1,-1,-1
1039.4358,55.268295,29.646973,28.007034,0.06304279,4,-1,-1
956.5658,256.5019,29.44629,20.660126,0.06197658,1,-1,-1
1156.5381,45.447918,28.382568,31.208736,0.060930133,1,-1,-1
1016.1798,89.98585,31.599121,27.214699,0.060114056,8,-1,-1
995.8089,294.01907,25.484985,25.66446,0.059242964,1,-1,-1
908.5015,712.07794,25.165161,26.401733,0.058704346,3,-1,-1
1.0120631,583.8489,103.842384,186.97076,0.05816275,6,-1,-1
1381.2377,702.14874,17.712158,37.449524,0.057796657,1,-1,-1
912.3171,701.4797,20.186157,33.720154,0.055357903,10,-1,-1
910.0393,697.9308,24.264893,29.813599,0.055031955,2,-1,-1
927.3318,700.73303,20.56665,31.860168,0.054594636,3,-1,-1
922.07416,707.3082,22.548645,30.72351,0.054515958,1,-1,-1
1105.031,82.34837,30.05017,26.974884,0.05405265,5,-1,-1
1087.6598,57.071568,24.276367,28.770092,0.05322376,4,-1,-1
1041.1821,194.2055,33.173218,25.906464,0.05302453,8,-1,-1
901.407,705.1711,20.548706,29.123291,0.051785916,1,-1,-1
1164.6213,726.1232,84.746216,60.46936,0.050314933,8,-1,-1
565.6187,768.04156,32.72046,17.95282,0.05028364,4,-1,-1
