585.93585,878.8342,299.25104,170.88477,0.9617754,6,-1,-1
1193.7566,785.03174,46.635376,95.27374,0.91749704,8,-1,-1
952.2245,738.11035,83.58789,50.717407,0.87392163,8,-1,-1
1231.7147,1020.7211,29.095215,55.861023,0.855455,1,-1,-1
1093.2172,750.67773,41.43933,90.034546,0.8074124,8,-1,-1
1230.0654,684.13965,41.43457,74.64642,0.800231,7,-1,-1
1095.7202,959.3725,35.19702,83.929504,0.78240764,7,-1,-1
918.3618,838.6358,88.659546,48.489258,0.6829347,4,-1,-1
645.2143,820.8076,118.206665,47.77362,0.6743885,8,-1,-1
1145.2864,775.9076,37.44043,38.01172,0.6671293,10,-1,-1
873.11597,992.0368,53.997314,77.55682,0.66364795,7,-1,-1
1638.0054,459.89935,47.24756,38.485046,0.6592615,5,-1,-1
1184.8885,884.93353,54.906006,114.61969,0.64038223,8,-1,-1
1149.595,717.98865,27.300903,52.466125,0.6393378,10,-1,-1
1167.0431,990.42804,32.21216,74.29437,0.59728676,10,-1,-1
1151.7085,699.38086,27.776367,50.562256,0.5929465,10,-1,-1
641.9137,818.9788,114.862854,48.65863,0.5854044,7,-1,-1
1807.1302,475.52307,73.94617,26.614594,0.5755161,4,-1,-1
1198.6016,652.6689,41.688965,49.197937,0.5682694,7,-1,-1
1039.0647,1044.943,63.663574,31.63916,0.5669996,10,-1,-1
1153.6102,815.23883,26.588501,53.82733,0.5402676,10,-1,-1
585.539,879.7599,301.06256,169.68457,0.52570945,7,-1,-1
1140.0464,915.1111,35.5448,53.901062,0.49210674,2,-1,-1
1233.4872,901.9362,39.980713,64.49774,0.46960697,10,-1,-1
1168.1307,983.85114,34.114258,72.67767,0.44671875,1,-1,-1
1005.3035,841.5403,27.539978,50.12152,0.44574204,1,-1,-1
1233.2145,902.37195,40.152466,64.59595,0.44452393,7,-1,-1
952.64294,738.32367,83.66492,50.79181,0.4396521,7,-1,-1
1140.0464,915.1111,35.5448,53.901062,0.4291699,1,-1,-1
1281.4055,1030.7168,26.176514,45.865356,0.4169537,1,-1,-1
1281.4055,1030.7168,26.176514,45.865356,0.39834085,2,-1,-1
1182.5697,690.0449,28.95642,45.83264,0.3949278,10,-1,-1
1167.4935,983.6862,34.647827,73.83087,0.39040196,2,-1,-1
1168.9496,558.418,43.26831,48.273376,0.38397062,8,-1,-1
1052.4415,514.6533,37.741455,35.78247,0.38071567,10,-1,-1
947.6869,980.1287,35.608643,56.50995,0.37541002,1,-1,-1
873.7982,990.512,53.30072,80.70148,0.36237967,8,-1,-1
1141.7793,940.43304,26.893555,51.101868,0.3584171,10,-1,-1
1421.936,560.32623,52.64966,35.861206,0.34865963,8,-1,-1
1005.3035,841.5403,27.539978,50.12152,0.33475602,2,-1,-1
1023.26605,442.448,29.068787,43.57184,0.32966036,5,-1,-1
1249.4337,450.89377,51.04358,31.410675,0.32666826,7,-1,-1
1186.9135,888.9571,48.77661,107.784485,0.3259443,5,-1,-1
1356.3186,451.77548,44.057617,29.144379,0.32511073,7,-1,-1
1023.7161,442.77402,28.662659,43.144775,0.32476366,4,-1,-1
872.5347,1035.9237,30.286865,40.658447,0.32236975,1,-1,-1
1182.6252,688.772,27.981934,46.112854,0.3110546,1,-1,-1
1113.3578,682.327,22.560669,53.558838,0.30767483,1,-1,-1
1579.9762,808.46173,60.286743,36.88556,0.30647826,3,-1,-1
1197.8969,473.63388,39.86731,33.65738,0.30339783,7,-1,-1
666.71844,732.6642,29.104736,44.659912,0.30253124,1,-1,-1
1140.4314,936.7268,30.884033,56.020996,0.30182153,1,-1,-1
1152.5945,694.2656,28.463501,45.644226,0.30035073,2,-1,-1
1355.7638,452.07568,44.703735,28.582,0.29978937,8,-1,-1
1309.9639,476.58673,36.466064,33.481567,0.2981526,7,-1,-1
1181.2852,688.3003,27.325073,47.53015,0.2977354,2,-1,-1
1229.1465,687.9179,40.655396,72.2641,0.2970039,10,-1,-1
1038.1262,420.89096,30.947632,39.04004,0.29324457,5,-1,-1
1126.5463,502.64523,39.897827,35.360565,0.28360015,7,-1,-1
1114.4435,861.0755,34.77588,54.758545,0.2803831,2,-1,-1
1233.3915,902.41235,39.865845,64.19092,0.2796635,2,-1,-1
1197.4506,474.13242,39.25757,32.61026,0.2760359,8,-1,-1
1141.0986,934.4361,29.374023,52.233276,0.26618826,2,-1,-1
1276.0834,496.017,36.146606,36.131317,0.26387686,10,-1,-1
1158.5161,595.09784,36.12256,49.87433,0.26290315,7,-1,-1
1100.1758,712.244,25.939575,42.40619,0.26185074,1,-1,-1
1297.2395,473.85068,41.218018,31.684845,0.25754595,7,-1,-1
1184.9182,886.05615,55.148438,112.19269,0.25730985,7,-1,-1
1233.3915,902.41235,39.865845,64.19092,0.25542003,1,-1,-1
1261.2996,458.9302,46.93628,28.438507,0.25374287,7,-1,-1
1113.8186,862.43207,36.88672,54.672424,0.25231704,10,-1,-1
888.7703,477.93668,25.274048,45.240265,0.25016284,8,-1,-1
666.6764,718.26166,30.06897,43.041077,0.24917972,1,-1,-1
1275.8641,495.50146,35.84729,36.215088,0.24901414,7,-1,-1
1113.8186,862.43207,36.88672,54.672424,0.24811831,8,-1,-1
1229.6942,684.46313,41.50586,73.732056,0.2477889,1,-1,-1
1320.4535,648.33014,34.975464,34.43091,0.24746412,7,-1,-1
1318.0852,472.3268,44.784058,30.17218,0.2449708,7,-1,-1
1230.5068,684.0732,41.099854,74.08606,0.24368867,2,-1,-1
1063.644,605.1954,33.94629,41.016724,0.24334204,7,-1,-1
1057.8688,762.4826,30.278442,40.401184,0.24179643,1,-1,-1
1022.974,444.12723,29.358887,43.1568,0.23940873,8,-1,-1
1037.7185,422.53806,32.897827,37.893463,0.23887274,8,-1,-1
1136.4374,502.37094,41.136597,35.279633,0.23747596,8,-1,-1
1017.6054,889.88666,27.247498,61.71039,0.23668507,10,-1,-1
1229.1438,684.5744,42.598877,71.86902,0.23359063,8,-1,-1
1231.7134,443.47522,32.42639,39.20468,0.23359048,7,-1,-1
1039.392,581.5931,28.80371,43.403442,0.23222998,1,-1,-1
1275.8641,495.50146,35.84729,36.215088,0.2318804,8,-1,-1
887.0923,288.09406,56.203552,21.057587,0.23092905,6,-1,-1
1281.5999,1031.0692,26.117798,45.51294,0.22795343,10,-1,-1
438.3683,1032.945,29.08081,43.39319,0.22737396,10,-1,-1
1231.8821,475.77975,64.41577,31.926056,0.22706562,7,-1,-1
871.7688,1037.3541,32.061157,39.228027,0.2247642,2,-1,-1
1140.0762,502.07297,41.277954,36.122406,0.22456479,7,-1,-1
1229.6461,684.91675,41.798706,74.08301,0.22340304,4,-1,-1
1113.6217,861.7231,37.630615,55.18872,0.22278246,7,-1,-1
1198.6016,652.6689,41.688965,49.197937,0.22252455,8,-1,-1
1191.7985,787.1351,50.02063,95.402405,0.22213864,7,-1,-1
1094.7542,651.12976,24.99707,46.78125,0.22016123,1,-1,-1
1053.2614,769.10596,34.288574,37.464172,0.21953213,10,-1,-1
1712.488,934.5768,31.358643,37.5224,0.21707153,1,-1,-1
1095.3593,959.36865,35.10132,83.66614,0.21456203,10,-1,-1
1299.2325,895.05743,25.313232,56.81555,0.2132729,1,-1,-1
1052.4415,514.6533,37.741455,35.78247,0.21268448,7,-1,-1
964.3922,696.7381,46.099915,42.832397,0.21266499,2,-1,-1
1056.2203,762.0104,32.202637,38.303223,0.21102047,2,-1,-1
1158.6095,594.8771,36.16211,50.60193,0.20763552,8,-1,-1
964.50653,696.1561,46.945984,43.598938,0.20761237,8,-1,-1
1232.8956,902.0614,40.617065,65.15814,0.20751804,4,-1,-1
1036.9363,423.56613,32.946167,36.50717,0.20689079,4,-1,-1
1638.0143,459.32797,47.95227,38.367706,0.2054801,4,-1,-1
1232.2323,475.55338,64.55774,31.737274,0.20520681,8,-1,-1
1193.6793,785.01666,46.775635,95.20697,0.20175585,4,-1,-1
536.6753,940.8117,30.926208,63.879395,0.19976613,1,-1,-1
1089.1776,639.79626,22.578125,46.183594,0.19824809,1,-1,-1
1096.6848,664.4065,25.50122,46.923767,0.19807798,1,-1,-1
1120.0464,642.2374,23.059814,50.617065,0.19655421,1,-1,-1
916.21136,837.5566,91.54675,47.986084,0.19560719,10,-1,-1
1120.0948,642.3122,22.87024,49.559875,0.1953415,10,-1,-1
1018.1294,870.82806,30.531738,63.31836,0.19433585,7,-1,-1
1521.888,765.0008,88.83374,40.050293,0.19410548,5,-1,-1
1319.7657,479.9295,39.069336,33.269775,0.19286367,7,-1,-1
964.3922,696.7381,46.099915,42.832397,0.1927321,7,-1,-1
1185.3314,885.9286,55.30493,113.28241,0.19229919,4,-1,-1
1039.392,581.5931,28.80371,43.403442,0.1914734,2,-1,-1
1166.1119,983.6256,36.806763,76.28308,0.19034198,4,-1,-1
1589.6655,787.59424,52.309937,32.777466,0.18853942,3,-1,-1
1023.26605,442.448,29.068787,43.57184,0.18410864,6,-1,-1
1096.7267,959.32666,36.082764,69.69629,0.18257102,2,-1,-1
1016.4559,868.96045,33.505554,58.538208,0.18228531,3,-1,-1
1039.6914,387.68338,30.32898,38.17035,0.18153873,5,-1,-1
1233.4552,902.76825,39.745605,63.69745,0.1813187,8,-1,-1
1235.029,505.3699,39.813232,29.238678,0.18009856,10,-1,-1
979.4705,933.9133,26.498352,42.944702,0.18000862,1,-1,-1
1557.3439,570.3778,72.41846,25.65155,0.17937088,10,-1,-1
1231.846,1021.17096,29.394653,55.411194,0.1786252,2,-1,-1
1055.5138,598.5965,40.53235,35.021545,0.17760125,7,-1,-1
1158.4281,595.1564,36.592407,50.404358,0.177165,6,-1,-1
1093.5527,750.61145,40.865845,90.09595,0.17383796,7,-1,-1
871.0922,972.8875,29.274597,59.89984,0.17267516,1,-1,-1
1705.6661,938.4657,30.420166,44.019653,0.1718986,1,-1,-1
888.8013,476.80734,25.563232,45.87607,0.1712794,7,-1,-1
1018.1294,870.82806,30.531738,63.31836,0.17041394,10,-1,-1
916.0841,838.3279,91.88837,50.020813,0.17032093,1,-1,-1
634.18726,816.7632,69.86908,48.51416,0.16926777,7,-1,-1
1293.3456,634.8075,53.983276,28.908203,0.16922614,8,-1,-1
1039.6914,387.68338,30.32898,38.17035,0.16787541,4,-1,-1
1320.4535,648.33014,34.975464,34.43091,0.16770965,8,-1,-1
1005.48517,842.90314,28.087585,48.171204,0.16681275,10,-1,-1
1189.4902,886.33215,49.909912,101.293396,0.16584152,1,-1,-1
1192.026,785.86,48.18335,95.505615,0.16408297,1,-1,-1
885.85333,930.1501,35.806946,34.224915,0.16403359,10,-1,-1
945.48694,980.5446,37.602966,55.43988,0.1627503,2,-1,-1
1052.4415,514.6533,37.741455,35.78247,0.16240385,3,-1,-1
838.46484,546.6339,37.209473,31.736328,0.16117582,10,-1,-1
1324.1532,553.3667,30.683838,40.487183,0.15937078,1,-1,-1
1231.4954,1020.174,29.595703,56.408142,0.15766609,3,-1,-1
1557.3439,570.3778,72.41846,25.65155,0.15717986,4,-1,-1
1067.7441,508.28348,32.526978,35.202423,0.1562796,10,-1,-1
1154.7402,689.46686,31.270874,46.61194,0.1559822,10,-1,-1
1232.845,500.1135,39.856934,30.941925,0.15572375,7,-1,-1
1275.8652,469.98846,38.71936,33.77774,0.15486443,7,-1,-1
1239.6904,461.71957,46.26819,29.717438,0.15467697,7,-1,-1
1276.4856,650.4438,37.02356,31.397095,0.15418848,7,-1,-1
1514.9532,652.0544,45.23059,26.084656,0.1531167,4,-1,-1
1153.3164,693.7028,28.594238,45.30945,0.15246922,1,-1,-1
916.0841,838.3279,91.88837,50.020813,0.15213284,5,-1,-1
1343.8558,648.0099,38.499878,31.91919,0.15205938,7,-1,-1
1009.88696,518.19653,49.16748,38.94055,0.1517778,1,-1,-1
1808.8002,475.4148,72.59021,26.952087,0.15124351,5,-1,-1
1286.3818,650.35077,52.69641,27.754822,0.14981955,7,-1,-1
1412.3849,519.59155,47.68994,24.183472,0.14878622,7,-1,-1
1153.3164,693.7028,28.594238,45.30945,0.14875388,7,-1,-1
875.0108,973.6518,28.518677,54.216614,0.14783993,2,-1,-1
1583.7344,659.29913,44.121582,24.579163,0.1477266,7,-1,-1
1231.7147,1020.7211,29.095215,55.861023,0.14751539,10,-1,-1
1022.924,517.74536,43.41742,35.6615,0.14749375,7,-1,-1
873.7763,993.1436,51.421265,78.66876,0.14744347,1,-1,-1
1113.2319,860.91876,32.966797,55.9093,0.14718989,1,-1,-1
1178.6244,528.51764,39.17273,30.87738,0.146774,10,-1,-1
967.1055,697.37573,40.384155,46.260315,0.14676055,1,-1,-1
1035.6913,762.76337,32.742676,39.22339,0.14591351,1,-1,-1
1036.9056,598.8664,37.769287,31.381653,0.14565608,7,-1,-1
1038.1262,420.89096,30.947632,39.04004,0.14545253,6,-1,-1
1340.1635,464.49048,43.57251,25.98114,0.145107,7,-1,-1
1251.713,481.958,54.0979,34.807312,0.1444565,8,-1,-1
1182.6252,688.772,27.981934,46.112854,0.14433753,7,-1,-1
1103.4885,652.09045,35.163452,41.89911,0.14422023,10,-1,-1
1149.595,717.98865,27.300903,52.466125,0.14416194,2,-1,-1
1100.2491,680.87476,25.367065,52.438965,0.14332262,1,-1,-1
1018.08344,869.5012,28.984558,67.05005,0.14315161,1,-1,-1
1060.3213,672.5713,33.27234,41.594055,0.14294839,1,-1,-1
1044.0868,710.3026,36.00708,41.04944,0.14287406,1,-1,-1
1041.963,387.12494,28.36377,39.489685,0.14247432,8,-1,-1
1253.1259,437.76978,60.98413,36.240173,0.14209354,7,-1,-1
1017.6054,889.88666,27.247498,61.71039,0.1417022,3,-1,-1
1018.01276,575.3354,25.272156,50.092346,0.1411584,1,-1,-1
886.4445,928.0669,33.211365,38.22632,0.14076895,1,-1,-1
917.73224,838.7297,88.10504,47.447693,0.1397233,7,-1,-1
615.69006,796.85284,42.84314,32.146423,0.13962024,10,-1,-1
1807.1302,475.52307,73.94617,26.614594,0.13880062,6,-1,-1
1575.6202,642.8942,58.414185,24.017578,0.13823411,4,-1,-1
1276.4856,650.4438,37.02356,31.397095,0.1380131,10,-1,-1
1045.4895,605.181,37.654297,35.22162,0.13783053,7,-1,-1
1299.2325,895.05743,25.313232,56.81555,0.13734686,10,-1,-1
1191.7985,787.1351,50.02063,95.402405,0.13681215,5,-1,-1
1259.0629,450.98557,46.641357,32.780243,0.13563398,10,-1,-1
1293.3456,634.8075,53.983276,28.908203,0.13560075,7,-1,-1
1515.4463,649.6544,47.140137,24.495667,0.13472769,5,-1,-1
1084.3748,503.76004,31.181396,35.709686,0.13439828,10,-1,-1
977.3932,911.5747,27.612305,51.84082,0.13437629,1,-1,-1
1099.079,486.6492,57.09485,25.131348,0.13405684,4,-1,-1
1010.7475,859.1205,36.826355,47.19232,0.13390821,3,-1,-1
1026.6284,584.51306,28.157349,43.621155,0.1335955,1,-1,-1
1143.7303,775.2842,37.435425,38.5943,0.13333023,7,-1,-1
1017.6054,889.88666,27.247498,61.71039,0.1331845,7,-1,-1
1286.8228,480.91104,36.32727,36.08548,0.13282159,7,-1,-1
1258.2314,623.01404,23.302368,47.99756,0.13256356,1,-1,-1
998.0728,495.18323,36.409973,32.651,0.13226852,7,-1,-1
1180.1744,485.99136,44.374146,27.789337,0.13205358,7,-1,-1
1257.0343,450.79462,47.704224,31.512482,0.13175786,8,-1,-1
1140.4921,915.01215,34.755737,54.968994,0.13120961,10,-1,-1
1421.8608,559.65466,51.305298,36.465393,0.13081476,7,-1,-1
1167.0431,990.42804,32.21216,74.29437,0.13058361,3,-1,-1
1219.8591,497.73602,39.07434,33.70398,0.13004115,7,-1,-1
1333.7312,550.48987,30.498535,43.77539,0.1296542,1,-1,-1
1180.1744,485.99136,44.374146,27.789337,0.1289373,8,-1,-1
1592.3306,786.9642,49.26709,32.66278,0.1288892,10,-1,-1
1113.7938,592.90894,27.484863,41.0224,0.12828088,7,-1,-1
952.6128,737.6745,83.755005,50.9823,0.12806243,1,-1,-1
1312.5259,830.8683,31.469727,38.716125,0.1278857,1,-1,-1
1153.8386,807.30536,27.795288,51.072144,0.12763256,2,-1,-1
1142.6637,760.5002,33.22339,44.869934,0.12726375,10,-1,-1
1036.052,765.1666,35.10193,37.50647,0.12724021,10,-1,-1
1276.2054,457.47568,36.642456,32.531464,0.12721375,10,-1,-1
1103.4885,652.09045,35.163452,41.89911,0.12690312,1,-1,-1
1019.69055,874.3299,26.973999,69.89722,0.1267952,8,-1,-1
1052.4956,516.47614,38.66626,33.559204,0.12600294,8,-1,-1
1579.7817,809.0286,60.455933,35.833435,0.12591448,10,-1,-1
1638.0143,459.32797,47.95227,38.367706,0.12578365,6,-1,-1
1144.4668,730.773,28.20581,50.584106,0.12539357,10,-1,-1
1154.1299,808.2809,27.14502,54.381653,0.12468049,7,-1,-1
1023.26605,442.448,29.068787,43.57184,0.124055535,7,-1,-1
1016.4145,904.7046,27.914001,51.510376,0.123364955,1,-1,-1
1526.0887,770.9331,68.33911,31.776978,0.12320143,8,-1,-1
1013.6763,853.9582,27.718262,60.388794,0.123087645,1,-1,-1
1005.48517,842.90314,28.087585,48.171204,0.12212482,3,-1,-1
1034.1874,762.17163,36.68567,35.07904,0.121816665,2,-1,-1
1286.3818,650.35077,52.69641,27.754822,0.121507525,8,-1,-1
1276.2054,457.47568,36.642456,32.531464,0.12089139,1,-1,-1
1264.01,630.2648,29.954956,41.94281,0.12086415,7,-1,-1
1219.4312,508.18723,41.955322,28.513947,0.1204761,10,-1,-1
873.017,991.1405,54.07666,78.27759,0.120024115,3,-1,-1
1288.8906,473.05243,39.69275,31.070374,0.11977136,8,-1,-1
1208.1959,474.20877,50.256714,30.931,0.11929387,7,-1,-1
1099.079,486.6492,57.09485,25.131348,0.11927113,7,-1,-1
1151.7085,699.38086,27.776367,50.562256,0.11914286,3,-1,-1
1248.8722,498.4076,40.72693,31.359741,0.11863437,7,-1,-1
945.123,981.5044,37.833252,54.80664,0.118489355,3,-1,-1
1192.1154,786.5747,48.001343,95.569214,0.11836684,10,-1,-1
1149.595,717.98865,27.300903,52.466125,0.1179958,3,-1,-1
1036.8508,1045.534,65.816284,31.048096,0.11794841,3,-1,-1
1241.1179,438.76816,48.02173,38.57144,0.11774722,7,-1,-1
1015.5981,898.4092,30.455261,51.86621,0.11720732,2,-1,-1
885.85333,930.1501,35.806946,34.224915,0.11712167,3,-1,-1
1062.983,603.8984,34.913452,42.56006,0.11690408,8,-1,-1
1336.7585,470.81705,43.042603,29.586395,0.11625144,7,-1,-1
1120.0948,642.3122,22.87024,49.559875,0.116117716,3,-1,-1
1044.1554,705.54614,38.09961,36.505005,0.11584753,2,-1,-1
1092.7339,479.87445,57.458496,24.219269,0.1157859,7,-1,-1
1239.6544,500.9686,39.51953,28.942535,0.11551428,8,-1,-1
1026.8489,514.3533,40.00537,38.480835,0.115232944,10,-1,-1
1285.4275,482.17072,41.288208,33.032776,0.11502743,8,-1,-1
1186.9135,888.9571,48.77661,107.784485,0.11480129,6,-1,-1
1047.6923,683.0458,33.536865,43.568726,0.11406085,1,-1,-1
1016.0069,915.09064,29.016907,46.771484,0.11349374,10,-1,-1
1111.6827,686.4443,23.222656,52.745483,0.113345236,2,-1,-1
938.28033,946.9109,39.10736,33.372925,0.11334154,10,-1,-1
1282.5591,449.23904,32.731567,37.503967,0.11279723,7,-1,-1
886.7135,258.72806,53.07843,21.052094,0.11268613,6,-1,-1
1041.5278,761.43585,42.66443,33.364563,0.11234155,1,-1,-1
960.93964,716.4115,63.19867,60.47278,0.112110436,8,-1,-1
1013.6763,853.9582,27.718262,60.388794,0.11208278,2,-1,-1
1517.5721,768.38727,40.10266,34.407227,0.111712545,10,-1,-1
1099.6593,718.1172,30.029175,39.557312,0.11166337,2,-1,-1
939.0209,945.6873,36.862305,34.36908,0.111537576,1,-1,-1
666.71844,732.6642,29.104736,44.659912,0.1114817,2,-1,-1
1251.713,481.958,54.0979,34.807312,0.11112982,7,-1,-1
1168.5814,558.97626,43.099976,47.42627,0.11106753,7,-1,-1
1080.7635,662.97784,38.248413,36.883118,0.11030704,1,-1,-1
1059.8402,753.2214,28.77185,43.833435,0.11025721,10,-1,-1
1103.4885,652.09045,35.163452,41.89911,0.11003694,3,-1,-1
405.05588,268.111,61.56607,19.535156,0.109743476,6,-1,-1
1095.6642,507.55975,33.168335,33.425415,0.109279364,10,-1,-1
1153.1124,823.9225,26.403687,50.05597,0.10873124,2,-1,-1
1275.8652,469.98846,38.71936,33.77774,0.10852292,10,-1,-1
1268.5693,485.66815,45.590332,35.105164,0.107973754,8,-1,-1
611.34955,797.17224,47.960815,30.160522,0.10790396,3,-1,-1
1258.2278,617.0832,23.13623,49.641846,0.10744822,7,-1,-1
