522.31433,354.29343,14.109314,29.461914,0.9059774,1,-1,-1
513.02655,345.77954,11.774475,29.265625,0.875199,1,-1,-1
503.09177,345.46866,11.822052,27.632568,0.8561022,1,-1,-1
956.3164,704.7347,10.1953125,12.729919,0.6508875,1,-1,-1
601.5271,600.4256,18.626465,22.77887,0.62260485,1,-1,-1
1037.6838,604.1309,30.269165,30.536682,0.5545341,1,-1,-1
571.0212,241.49341,9.118042,16.88861,0.47128433,1,-1,-1
1044.8767,575.3343,39.900635,30.019043,0.46762556,1,-1,-1
1218.7676,735.03925,28.305908,14.753967,0.4632013,1,-1,-1
1106.8094,201.79785,8.950317,8.169983,0.46143672,2,-1,-1
573.1167,317.43982,26.22461,14.814056,0.4476929,3,-1,-1
452.4607,601.66846,19.354584,26.898499,0.4415793,1,-1,-1
882.0709,753.8207,34.928528,25.89032,0.35024357,1,-1,-1
1233.332,520.0724,9.258911,6.6412964,0.34930074,1,-1,-1
547.82306,115.005295,35.22284,17.54921,0.34523636,4,-1,-1
742.359,48.479305,6.644348,10.645687,0.34038237,1,-1,-1
591.49066,99.79925,7.534668,15.231461,0.34025747,1,-1,-1
1124.5048,711.61835,13.432739,30.534485,0.33682317,1,-1,-1
867.02563,396.11765,6.2720337,9.089233,0.3327762,1,-1,-1
939.7274,773.1916,28.788818,14.352356,0.33237475,1,-1,-1
891.6834,737.29626,17.337646,15.5407715,0.32735026,1,-1,-1
1045.4426,573.1753,39.886475,32.87677,0.31932402,2,-1,-1
1140.5522,461.97827,13.929077,20.715973,0.3164749,1,-1,-1
450.0542,596.06683,20.939331,25.0318,0.3137956,2,-1,-1
1391.6284,568.51154,7.892334,9.614014,0.30851126,1,-1,-1
1107.2941,204.33424,8.051636,8.376007,0.30406743,2,-1,-1
896.2828,174.4009,4.8674316,6.2785034,0.3040136,1,-1,-1
957.5558,772.92194,9.160034,13.395874,0.29923666,1,-1,-1
537.5525,233.68816,8.508484,22.0327,0.29709703,1,-1,-1
1113.0957,415.20142,11.728638,11.971588,0.29355022,2,-1,-1
835.12805,334.89114,37.762085,26.583221,0.2931105,6,-1,-1
1023.9194,151.66637,5.8025513,7.651657,0.28640556,2,-1,-1
800.1211,598.0655,9.787781,11.192322,0.28618366,2,-1,-1
1103.5302,201.93237,9.069214,8.684448,0.28557265,2,-1,-1
986.8809,487.83624,24.91101,32.137573,0.28143436,2,-1,-1
1017.24066,151.91492,5.2510986,6.546829,0.27991134,2,-1,-1
998.70636,3.2473962,88.21234,32.574738,0.27978462,6,-1,-1
531.9065,617.4939,19.658081,36.045105,0.2795352,1,-1,-1
903.45184,185.14838,5.656494,7.08934,0.27616006,1,-1,-1
1047.9775,533.96014,39.781372,28.05017,0.27434698,10,-1,-1
837.4469,534.5414,10.964844,18.298523,0.2742886,2,-1,-1
1094.9304,414.1938,9.552734,10.019653,0.27072003,2,-1,-1
1080.136,737.5682,22.158813,16.125427,0.2705047,1,-1,-1
783.12463,484.36606,28.899414,15.101685,0.2657607,10,-1,-1
887.16986,537.6797,15.132141,31.55658,0.2645129,1,-1,-1
290.93533,204.47726,16.522736,19.003815,0.2644166,10,-1,-1
1079.0251,757.96375,23.857178,14.266907,0.25656748,1,-1,-1
1080.136,737.5682,22.158813,16.125427,0.2563966,10,-1,-1
597.32935,89.768456,7.036682,16.419952,0.25552088,1,-1,-1
859.32056,376.53397,10.014099,7.8581543,0.24932978,1,-1,-1
452.07346,603.78516,19.0112,25.654663,0.24863103,2,-1,-1
1175.8641,711.29486,30.411865,35.597473,0.24669218,1,-1,-1
1113.9844,205.30203,9.219482,8.438919,0.24423844,2,-1,-1
544.7564,235.19254,9.132263,16.494247,0.24191001,1,-1,-1
985.83704,172.79059,21.462036,10.994827,0.24103862,4,-1,-1
741.0551,537.8283,8.553345,10.538147,0.24027655,1,-1,-1
1038.144,589.44257,35.147095,40.536194,0.23858204,1,-1,-1
489.7544,635.3847,32.075867,49.265137,0.23613325,3,-1,-1
588.4006,117.72361,7.988037,15.499519,0.23523873,1,-1,-1
549.13385,105.21545,34.882446,15.809105,0.2346138,4,-1,-1
119.82376,619.6671,26.974945,30.03656,0.2342886,1,-1,-1
605.0398,264.8754,8.845337,16.056519,0.23281914,1,-1,-1
950.4462,460.99115,16.404175,25.630005,0.23159015,1,-1,-1
1140.8475,462.25055,13.47876,20.161743,0.22947317,2,-1,-1
589.9741,113.975395,8.626526,14.695671,0.22884816,1,-1,-1
448.42,592.96814,25.17746,30.55896,0.228708,1,-1,-1
114.40156,636.98914,21.98925,25.119202,0.22815096,1,-1,-1
941.38605,185.80315,36.35437,14.550171,0.22632003,4,-1,-1
1185.2888,519.75604,28.759766,29.527893,0.22589839,1,-1,-1
535.83044,143.31331,26.936035,21.922012,0.22476697,4,-1,-1
1008.81665,0.0,62.601074,18.207176,0.22448406,6,-1,-1
1030.9773,256.101,6.4536133,9.723358,0.22120431,2,-1,-1
596.96936,266.7979,10.397888,15.34314,0.22084418,1,-1,-1
1157.1913,444.47415,16.018555,26.880249,0.22029907,1,-1,-1
592.8885,326.24408,21.940979,15.207306,0.2199224,3,-1,-1
885.6837,533.5714,19.038635,34.59314,0.2196044,2,-1,-1
1079.3074,758.2191,23.751099,18.462646,0.21866578,10,-1,-1
955.42664,704.88416,6.8964233,11.181152,0.21716112,1,-1,-1
573.82697,242.012,9.401367,16.895844,0.21659273,1,-1,-1
756.4001,61.45621,7.0269165,12.442188,0.21526167,1,-1,-1
860.13257,377.7078,6.3974,6.137024,0.21269825,1,-1,-1
1041.8221,264.2651,7.893799,7.9605713,0.21245965,2,-1,-1
1102.7198,411.85135,8.551025,10.958771,0.21221605,2,-1,-1
811.7453,258.11526,8.263184,9.311035,0.21164212,1,-1,-1
168.49692,618.24243,25.324081,27.206726,0.21152246,1,-1,-1
1023.6523,151.474,6.0737915,8.109772,0.2109237,1,-1,-1
996.2176,150.16974,4.7582397,7.5105896,0.21006602,1,-1,-1
940.4857,775.69495,11.170532,9.21228,0.2071312,1,-1,-1
976.522,277.16843,7.86322,11.5980835,0.20710471,1,-1,-1
1341.9227,113.45024,7.014282,9.2719345,0.20706373,1,-1,-1
825.98596,540.3752,9.390259,12.87262,0.20664892,2,-1,-1
867.8301,115.66865,4.3276978,5.732292,0.20637265,1,-1,-1
800.12787,598.4705,9.860718,10.508728,0.20524722,1,-1,-1
859.6937,376.2438,11.630493,8.071991,0.2050825,10,-1,-1
525.05133,243.50099,9.658142,19.68312,0.20447814,1,-1,-1
1095.853,180.82051,6.2609863,13.755157,0.20415038,1,-1,-1
1059.3889,212.14206,7.8896484,10.4888,0.20322978,2,-1,-1
1099.3873,202.5772,8.683716,9.830338,0.20207593,2,-1,-1
826.51855,131.31596,20.176636,10.088516,0.20190808,4,-1,-1
568.05023,215.359,9.089966,16.589249,0.20167863,1,-1,-1
1093.6876,459.6984,6.805298,13.375275,0.2013832,2,-1,-1
809.2206,581.4261,20.401672,12.574219,0.20117497,3,-1,-1
1369.4102,99.211716,8.385254,8.478531,0.20102596,2,-1,-1
877.61334,27.574062,6.8273315,13.281872,0.20081142,1,-1,-1
1214.1378,507.07693,14.488037,12.681793,0.20080134,1,-1,-1
1028.7698,143.47195,5.6584473,8.101501,0.20051521,1,-1,-1
945.5254,103.323875,13.016113,10.311386,0.1987338,4,-1,-1
1091.6755,227.21979,9.418335,11.632141,0.19846112,2,-1,-1
1038.5116,259.8773,6.124756,9.532562,0.19665584,2,-1,-1
896.5703,757.6801,21.983215,10.340454,0.19655704,1,-1,-1
1006.2451,251.7543,6.83136,10.312134,0.19622672,2,-1,-1
602.79675,268.54,8.82489,14.552734,0.19575149,1,-1,-1
923.18066,4.498341,10.742126,13.58437,0.19526616,2,-1,-1
1044.9619,264.2543,6.931885,7.8572693,0.19478479,2,-1,-1
614.89215,262.98358,8.946411,12.139252,0.19437599,1,-1,-1
1095.3818,230.8522,6.9000244,9.022217,0.19389698,2,-1,-1
950.2184,461.00327,16.851807,25.782074,0.1936084,2,-1,-1
1020.20734,151.41635,7.3113403,7.5910797,0.193331,2,-1,-1
1093.0896,229.9713,8.32312,10.101669,0.19292703,1,-1,-1
840.0307,559.7687,7.7591553,14.950073,0.19228339,1,-1,-1
1154.4069,348.11902,8.261841,9.589111,0.19202855,2,-1,-1
811.7961,257.96823,7.927002,8.12085,0.19041473,2,-1,-1
886.3844,173.80272,4.864502,7.167053,0.1895572,1,-1,-1
940.1892,773.7768,27.178467,13.767151,0.18888655,10,-1,-1
1157.7268,348.83176,7.734253,8.966034,0.1879906,2,-1,-1
741.23364,537.8649,8.222839,10.446472,0.18761319,2,-1,-1
986.9155,473.31787,22.560791,33.00226,0.18600401,2,-1,-1
777.81915,27.752483,63.41571,19.781734,0.18574527,6,-1,-1
891.7072,741.6173,13.774048,9.718628,0.18482426,1,-1,-1
894.1554,735.0614,11.548523,14.614807,0.1845375,1,-1,-1
803.60333,144.28708,36.495056,17.932373,0.18446547,9,-1,-1
1147.7589,518.42487,16.11023,21.89978,0.18430227,2,-1,-1
1097.7189,413.21432,10.993774,9.827942,0.18404368,2,-1,-1
531.9065,617.4939,19.658081,36.045105,0.18392771,2,-1,-1
1045.7374,210.05104,6.630127,14.059723,0.18341082,1,-1,-1
888.43085,92.05254,61.752136,26.412788,0.18258563,6,-1,-1
1032.2393,151.0628,5.930664,9.38501,0.182484,1,-1,-1
580.0944,288.73065,11.420288,18.076843,0.18227175,1,-1,-1
582.1191,245.19228,8.064392,14.928421,0.18226519,1,-1,-1
938.5299,775.30035,17.70404,12.243591,0.18135858,1,-1,-1
814.83984,476.00677,61.74774,27.392609,0.18065134,6,-1,-1
986.38617,487.36636,26.164246,32.74167,0.17933592,1,-1,-1
783.3257,180.37573,5.0369873,9.817642,0.17862436,1,-1,-1
1095.528,196.96922,7.0491943,10.519882,0.17740363,1,-1,-1
1135.2681,508.04413,14.4021,28.591187,0.17685634,1,-1,-1
951.072,771.67694,16.730835,14.4646,0.17664707,1,-1,-1
1094.8553,185.35445,7.0982666,13.643829,0.1765841,1,-1,-1
1034.2032,150.69751,5.687622,9.084625,0.17656842,1,-1,-1
1034.3522,256.40897,6.086914,9.515686,0.17547667,2,-1,-1
888.9354,173.35349,4.5545044,7.262726,0.17515317,1,-1,-1
941.7195,573.4955,121.12085,64.04083,0.17414117,8,-1,-1
986.3936,476.37805,16.617737,21.222565,0.17400026,2,-1,-1
1107.5616,331.36954,7.810669,13.211731,0.17384559,2,-1,-1
595.9315,99.48221,7.9398193,15.041618,0.17373869,1,-1,-1
1106.7803,201.80644,8.915039,8.082733,0.17293811,1,-1,-1
815.87946,232.17685,5.590332,7.2767334,0.17253593,1,-1,-1
1006.2728,251.90565,6.6152954,10.000992,0.17241451,1,-1,-1
1017.2244,151.84952,5.4414673,6.731262,0.17207661,1,-1,-1
592.7071,106.16713,8.05426,15.740913,0.17187586,1,-1,-1
636.47845,91.88704,19.437683,26.471802,0.17139286,4,-1,-1
1213.8861,562.9749,23.72351,19.418701,0.17114669,2,-1,-1
886.9634,141.47874,14.7473755,12.716232,0.17080185,5,-1,-1
494.4685,306.32837,14.1223755,20.64093,0.17066014,1,-1,-1
735.22815,751.04095,8.376526,11.4574585,0.16999632,1,-1,-1
1215.9022,563.5622,21.907227,18.738953,0.16986379,1,-1,-1
1127.3888,513.3538,12.396484,23.59497,0.16969463,1,-1,-1
297.8225,172.95474,24.934296,16.388351,0.16869426,10,-1,-1
847.5225,147.04668,29.062317,11.234802,0.16838336,4,-1,-1
1380.7854,91.522285,9.495483,10.490623,0.16831627,2,-1,-1
821.7767,248.9045,121.55682,73.547104,0.16830668,6,-1,-1
591.4079,99.654175,7.7313232,15.4650345,0.16826919,2,-1,-1
290.97736,204.12798,16.52533,19.38446,0.16820878,1,-1,-1
957.5558,772.92194,9.160034,13.395874,0.16758353,2,-1,-1
866.19446,167.17833,21.925232,9.9888,0.16689849,4,-1,-1
803.02325,187.88422,71.8183,21.433136,0.1665119,6,-1,-1
1205.619,504.53308,18.493286,15.956604,0.16595584,1,-1,-1
1043.035,150.27423,5.765259,9.292633,0.16594324,1,-1,-1
533.86896,233.93286,8.259766,19.427017,0.16404286,1,-1,-1
1047.5012,207.86781,8.189209,11.304749,0.1638543,2,-1,-1
1056.3502,154.5287,5.184204,9.8567505,0.163174,1,-1,-1
885.9097,767.5466,26.677734,15.142517,0.16276976,1,-1,-1
821.3731,586.013,9.716248,11.384705,0.16262195,2,-1,-1
960.127,771.4771,8.3480835,12.316956,0.16244489,1,-1,-1
1184.5813,498.7539,16.995361,19.465332,0.16185313,2,-1,-1
601.48206,600.7849,18.633545,23.20111,0.16163293,2,-1,-1
824.9702,292.2395,7.2617188,9.712891,0.16161323,2,-1,-1
895.32837,173.228,6.8323975,9.1237335,0.1613656,1,-1,-1
862.4686,374.91345,7.3552856,8.198975,0.16122004,1,-1,-1
809.3146,579.25446,11.736145,12.684448,0.16119969,2,-1,-1
1183.3293,500.74197,35.956177,28.272736,0.16113773,1,-1,-1
808.3918,580.428,14.042786,12.928589,0.16097182,1,-1,-1
450.08646,599.9737,18.503326,20.044556,0.16080695,1,-1,-1
567.599,241.2027,8.951843,16.41269,0.1607948,1,-1,-1
506.23886,275.16992,13.144623,27.425323,0.16049683,1,-1,-1
1045.1426,149.81834,5.9483643,9.578293,0.15853295,1,-1,-1
1102.0544,204.24217,9.989014,8.759598,0.15849438,2,-1,-1
848.32806,148.68188,14.535461,7.8575897,0.15821183,4,-1,-1
838.5798,559.338,9.716309,15.381897,0.15815553,2,-1,-1
949.73737,772.37946,17.708313,15.16449,0.1581518,2,-1,-1
611.4312,263.8246,11.221252,15.443573,0.15794024,1,-1,-1
1045.3024,214.65509,5.994629,11.722488,0.15789458,1,-1,-1
946.65533,170.17064,32.064697,15.291199,0.15659595,6,-1,-1
1112.6034,229.67844,9.579712,11.698105,0.155783,2,-1,-1
886.52893,140.98029,13.190186,13.547012,0.15565836,9,-1,-1
1044.5021,264.14563,7.657837,8.179749,0.15551761,1,-1,-1
1006.4522,148.78754,4.757324,6.757187,0.15520602,1,-1,-1
1095.4786,197.32745,7.0341797,9.971802,0.15468371,2,-1,-1
809.2206,581.4261,20.401672,12.574219,0.15460688,10,-1,-1
1044.9481,218.2116,6.5285645,12.635086,0.1538051,2,-1,-1
1042.596,158.36667,5.691284,9.574722,0.15370464,1,-1,-1
920.4364,3.8518255,17.112915,17.45046,0.15354663,2,-1,-1
1093.6876,459.6984,6.805298,13.375275,0.15304264,1,-1,-1
940.3233,575.45245,125.50604,61.81305,0.1526413,7,-1,-1
580.6664,289.50403,9.235718,16.68393,0.15220898,2,-1,-1
896.9499,741.6152,12.045288,10.102661,0.15220147,1,-1,-1
841.7442,401.60843,6.456421,8.229126,0.15219396,1,-1,-1
540.6127,234.83739,8.685425,19.786423,0.15166357,1,-1,-1
1137.447,505.67886,18.616089,28.637054,0.15106282,2,-1,-1
880.5485,762.5444,34.97046,23.75055,0.15097809,1,-1,-1
884.14624,691.7689,7.974243,8.367126,0.15096456,1,-1,-1
593.787,70.87924,18.69873,21.85257,0.15075839,4,-1,-1
1113.7192,202.95087,8.581665,7.851715,0.15070382,2,-1,-1
486.56723,749.35626,15.73291,31.10846,0.1506213,10,-1,-1
1046.2942,208.11589,7.3916016,11.678894,0.15036935,1,-1,-1
1036.2969,602.7276,31.871338,32.14087,0.15023187,2,-1,-1
1147.8335,518.277,15.996826,22.45221,0.14998722,1,-1,-1
541.45166,95.68974,8.741943,12.82103,0.14979842,10,-1,-1
954.5332,107.12243,15.001648,9.706787,0.14966127,4,-1,-1
1186.1168,522.39075,15.487793,25.957092,0.14963824,1,-1,-1
1107.5616,331.36954,7.810669,13.211731,0.14946958,1,-1,-1
841.2291,531.3153,11.36145,20.020142,0.14922789,2,-1,-1
1252.799,41.139206,54.696655,21.415035,0.14914298,6,-1,-1
1034.5839,259.47855,6.779663,9.567383,0.14911926,2,-1,-1
1138.9973,503.1755,16.72937,31.346832,0.14892977,1,-1,-1
894.49097,523.1446,15.887085,22.489563,0.14817384,2,-1,-1
1045.3265,149.9942,5.7323,9.181641,0.14816579,2,-1,-1
585.6685,114.79433,7.911316,14.346161,0.14680237,1,-1,-1
568.7399,320.1504,25.530884,16.946014,0.14656907,3,-1,-1
450.0542,596.06683,20.939331,25.0318,0.14616612,3,-1,-1
812.78925,258.98456,9.696716,9.176819,0.14609903,2,-1,-1
1045.0688,218.56575,6.210083,12.0364685,0.1460666,1,-1,-1
592.8885,326.24408,21.940979,15.207306,0.14523372,10,-1,-1
729.9728,187.32643,34.041687,17.249313,0.14496225,5,-1,-1
893.97455,173.89192,5.5424194,6.582443,0.1448988,1,-1,-1
524.25507,234.4559,10.651855,22.103058,0.14459923,1,-1,-1
882.0434,736.6364,33.411438,28.444336,0.1445041,1,-1,-1
630.1833,118.204506,7.4627075,9.734314,0.14432299,1,-1,-1
871.93066,301.4187,110.96112,53.56964,0.14423627,6,-1,-1
872.8832,521.2489,14.604553,22.02008,0.1439757,2,-1,-1
939.4306,773.30133,29.151001,14.242615,0.14390111,3,-1,-1
1045.8778,210.48004,6.171997,13.313995,0.14378339,2,-1,-1
839.60944,148.10489,15.386475,7.75325,0.14367872,4,-1,-1
583.97253,318.0321,16.593262,13.05249,0.14363533,3,-1,-1
811.92505,582.0797,15.359009,11.792969,0.14348647,1,-1,-1
1045.3024,214.65509,5.994629,11.722488,0.14325145,2,-1,-1
978.78656,278.82635,6.8532104,9.075073,0.1430012,1,-1,-1
984.32416,148.46289,4.272522,6.456955,0.14260083,1,-1,-1
1056.6189,219.66093,5.8564453,10.961151,0.14249101,2,-1,-1
1175.0817,63.6343,67.43213,32.617935,0.14201534,6,-1,-1
859.9208,377.4212,7.560364,6.621582,0.14197049,2,-1,-1
572.07776,317.90784,25.746643,14.355499,0.14190772,10,-1,-1
1095.8629,199.9903,8.05896,11.099655,0.14189392,1,-1,-1
740.7054,594.6843,11.846741,11.925842,0.14152369,2,-1,-1
825.5496,392.46286,8.951477,7.363922,0.14146066,2,-1,-1
1047.1847,533.4057,40.539673,29.38556,0.14137632,2,-1,-1
736.2233,749.53986,8.166016,12.56781,0.14136529,2,-1,-1
861.91675,376.22562,7.801697,7.9848022,0.14122343,2,-1,-1
590.0343,101.068184,6.8085327,12.205025,0.14114788,1,-1,-1
357.9608,446.38956,108.45325,63.559082,0.14112249,4,-1,-1
824.1365,288.51346,6.779236,12.263275,0.14110503,2,-1,-1
595.378,106.82302,7.882202,15.456154,0.14105144,1,-1,-1
891.0101,316.07736,10.418091,16.238037,0.14102575,2,-1,-1
986.9189,473.17813,23.227966,34.06662,0.14097211,1,-1,-1
835.5512,539.637,8.205688,12.63446,0.1408433,2,-1,-1
938.62823,102.185165,14.412903,10.817963,0.14075094,4,-1,-1
835.2885,178.36218,28.471497,12.971405,0.14044073,6,-1,-1
290.97736,204.12798,16.52533,19.38446,0.14031565,2,-1,-1
1056.5189,218.73767,6.1503906,12.49028,0.13957134,1,-1,-1
1031.4403,259.4859,6.0843506,8.495819,0.1395298,2,-1,-1
535.76056,162.47894,27.544495,35.570175,0.13914627,4,-1,-1
1066.665,579.1241,20.079102,17.313477,0.13902327,1,-1,-1
585.124,323.92264,23.475647,16.575836,0.13893265,3,-1,-1
1254.9574,25.251348,66.213745,23.431826,0.13889804,6,-1,-1
827.9628,538.2678,13.621765,14.852051,0.13855636,2,-1,-1
790.70276,481.15134,29.26239,18.523651,0.13813606,10,-1,-1
869.3045,0.0,55.99231,18.275135,0.13793987,6,-1,-1
1183.71,498.24863,18.609009,20.379974,0.13674715,1,-1,-1
1009.13367,148.70619,7.340027,6.8528748,0.13651288,2,-1,-1
1017.8039,260.57034,5.2457886,7.287903,0.13650101,2,-1,-1
1188.608,509.10162,19.846436,26.004272,0.13636088,1,-1,-1
615.00165,263.07547,8.499207,11.468353,0.1363528,2,-1,-1
599.06036,91.77366,7.260742,16.13726,0.1362404,1,-1,-1
1048.4413,533.7304,40.075928,28.51355,0.13602933,1,-1,-1
1089.1621,460.60837,6.6568604,12.365692,0.1351045,2,-1,-1
774.8046,501.25812,24.348328,14.577209,0.13510075,10,-1,-1
1157.1913,444.47415,16.018555,26.880249,0.13508072,2,-1,-1
880.4232,27.725857,6.614563,12.878227,0.1350218,1,-1,-1
823.96674,291.5233,6.9509277,11.382172,0.13498262,1,-1,-1
1038.7538,150.6258,5.874878,9.462601,0.13494956,1,-1,-1
1043.5287,62.56884,8.805298,14.8962555,0.13483208,1,-1,-1
1017.67664,260.16812,5.618042,7.850006,0.13478217,1,-1,-1
995.1689,488.1005,31.721252,31.434784,0.13473198,2,-1,-1
541.53253,96.831894,8.163208,12.052765,0.13470346,1,-1,-1
775.183,501.77603,24.129272,12.944672,0.13457024,3,-1,-1
810.7116,581.6934,17.495117,12.590881,0.13433704,2,-1,-1
1010.2669,244.07619,9.582275,9.425171,0.13420695,2,-1,-1
930.5511,113.64641,12.035034,9.746353,0.13419262,6,-1,-1
1044.9182,574.5068,40.80127,31.17102,0.13389713,10,-1,-1
1209.9092,512.1801,13.727905,7.802063,0.13389647,1,-1,-1
1216.1609,726.37274,34.369995,26.932129,0.13369584,1,-1,-1
1199.6711,501.1884,18.561768,16.238434,0.13347271,1,-1,-1
1117.079,205.76695,8.640991,7.7279205,0.13343859,2,-1,-1
749.9085,532.4729,8.051392,9.31189,0.13332692,1,-1,-1
1210.4548,501.20074,19.621094,18.38855,0.1332829,1,-1,-1
499.98904,599.4021,19.588654,31.598145,0.13296297,1,-1,-1
1370.7474,88.394516,28.773315,35.96257,0.13280478,6,-1,-1
1077.6819,459.2565,7.7388916,11.871399,0.13276187,1,-1,-1
825.698,283.93973,7.920166,13.132843,0.13272238,2,-1,-1
941.2527,776.3309,9.89679,10.73053,0.13270897,2,-1,-1
1038.1935,262.74203,8.087402,8.883362,0.13204867,2,-1,-1
939.6376,776.14685,8.180725,7.0082397,0.13199505,1,-1,-1
863.94293,376.76202,4.6414185,7.4233704,0.1318945,1,-1,-1
193.89108,280.32175,9.072861,8.766968,0.13181737,2,-1,-1
958.86926,774.5435,5.8965454,9.096863,0.13164538,1,-1,-1
1231.3138,517.2547,12.650757,10.645691,0.13149726,1,-1,-1
871.7324,18.10205,5.6586304,9.907171,0.1314711,1,-1,-1
1095.8629,199.9903,8.05896,11.099655,0.13146657,2,-1,-1
599.4587,264.8051,17.368042,17.437561,0.1313788,1,-1,-1
1099.7855,202.22643,10.625366,10.263092,0.13120171,1,-1,-1
906.24817,759.3084,12.941162,8.069885,0.13106737,1,-1,-1
492.7938,655.7032,27.030792,25.211243,0.13088664,3,-1,-1
874.83417,408.98242,6.036133,11.823364,0.13075039,1,-1,-1
1042.9872,150.35156,6.040039,8.897568,0.13041112,2,-1,-1
706.8732,578.98224,126.78357,49.816833,0.13030514,6,-1,-1
1053.917,154.58716,5.947998,9.621216,0.13030002,1,-1,-1
599.2695,271.83478,9.509949,12.043793,0.13025957,1,-1,-1
894.9772,109.026726,25.658752,11.251503,0.13008171,6,-1,-1
886.53046,755.2233,31.812988,15.275574,0.12996387,2,-1,-1
1113.4843,331.7262,7.7401123,11.843964,0.12993562,2,-1,-1
1095.6106,231.435,7.0097656,7.7061005,0.12940902,1,-1,-1
1112.872,203.87698,11.677856,8.887695,0.12923974,1,-1,-1
941.9591,1.7652935,8.745911,9.358729,0.12922081,2,-1,-1
1041.7211,263.9114,7.7873535,8.698425,0.12912172,1,-1,-1
1109.9678,331.65884,8.69458,12.751312,0.12906966,2,-1,-1
604.37946,272.42328,9.56073,11.907257,0.12896869,1,-1,-1
894.49097,523.1446,15.887085,22.489563,0.12894997,1,-1,-1
985.68677,172.76779,21.634155,11.016693,0.12892663,10,-1,-1
1075.6996,584.3464,11.723022,11.453064,0.12883005,1,-1,-1
953.42566,116.15019,11.05188,9.278847,0.12873346,4,-1,-1
490.117,768.72815,9.171692,12.543335,0.12853637,1,-1,-1
1012.09296,150.96066,7.0549316,7.209854,0.12832242,2,-1,-1
537.082,233.13438,16.586304,21.740402,0.12827858,1,-1,-1
886.9634,141.47874,14.7473755,12.716232,0.12816042,4,-1,-1
589.184,103.172935,12.539612,16.421562,0.12810421,1,-1,-1
450.08496,595.57214,21.160217,26.87207,0.12772337,10,-1,-1
980.2229,46.893093,5.3172607,10.00341,0.1271328,1,-1,-1
1184.8192,519.24115,20.4375,20.855164,0.1262894,1,-1,-1
1006.47815,148.83672,4.684204,6.238266,0.12610638,2,-1,-1
782.2892,486.7216,19.074402,10.841187,0.12602875,10,-1,-1
876.34216,745.53174,36.532593,42.012207,0.12599868,1,-1,-1
593.5433,104.17365,5.6168213,12.331497,0.1257669,1,-1,-1
953.4967,702.93726,13.546082,19.415466,0.12571779,1,-1,-1
1028.6376,143.58156,5.5810547,7.777664,0.12563398,2,-1,-1
1110.8812,415.84204,10.116211,10.278229,0.12563366,2,-1,-1
728.76434,206.51627,30.610779,17.850357,0.12548682,5,-1,-1
319.31787,480.17746,27.715057,48.631622,0.12468636,1,-1,-1
589.71924,107.72201,7.2402344,14.706558,0.12456304,1,-1,-1
1132.0798,329.02274,7.673218,8.626587,0.12431142,1,-1,-1
939.288,359.1123,6.8413696,8.978943,0.12423557,1,-1,-1
799.50507,422.57724,23.88153,18.652985,0.12394062,10,-1,-1
941.7195,573.4955,121.12085,64.04083,0.12378955,6,-1,-1
799.20795,26.521366,40.48889,13.699982,0.12331581,6,-1,-1
488.06442,303.23776,21.437897,20.118652,0.12304777,1,-1,-1
825.1246,35.033417,15.629272,7.757534,0.12293348,4,-1,-1
952.62854,774.70215,10.776978,10.597717,0.12290782,1,-1,-1
1105.2511,202.44492,13.332642,10.454514,0.12284696,2,-1,-1
945.5254,103.323875,13.016113,10.311386,0.122662246,5,-1,-1
844.1434,400.3603,5.895508,6.7121887,0.12265146,1,-1,-1
1177.8087,502.88675,27.322998,25.078705,0.12244329,1,-1,-1
1104.523,413.26453,10.673218,9.658936,0.1222631,2,-1,-1
942.49304,777.5592,7.20636,8.3116455,0.122086614,1,-1,-1
820.18646,585.3554,11.484802,9.964478,0.12165442,1,-1,-1
885.9722,176.3006,5.673279,6.5287323,0.12164277,1,-1,-1
1080.2319,460.38605,8.493286,10.903381,0.1213668,2,-1,-1
1034.0658,150.8131,5.7525635,8.744263,0.12130907,2,-1,-1
568.1355,242.46056,14.866211,20.61885,0.12098935,1,-1,-1
539.2799,207.40746,9.287048,18.54924,0.12090638,1,-1,-1
886.9711,141.4065,13.974976,12.726135,0.1207467,6,-1,-1
804.0877,143.90004,36.064636,18.376358,0.12071288,6,-1,-1
1048.537,205.20003,7.41626,12.961502,0.12064555,1,-1,-1
603.60046,263.98044,8.6502075,11.329498,0.12062982,1,-1,-1
754.97675,10.797267,59.648438,23.423687,0.120565474,6,-1,-1
826.0957,289.84082,6.13385,8.973755,0.12042731,2,-1,-1
1032.3014,151.26732,5.8135986,8.707489,0.12037718,2,-1,-1
790.9712,128.18604,37.825256,16.388245,0.11997518,6,-1,-1
846.20325,122.279396,17.6557,7.500725,0.11994684,4,-1,-1
1239.5336,27.899017,76.604004,30.361122,0.11981633,6,-1,-1
1039.7668,260.55533,8.3186035,10.115234,0.11977765,2,-1,-1
1061.9266,212.5827,7.976074,10.189743,0.119152635,2,-1,-1
597.3077,95.81551,6.050293,14.961525,0.11914417,1,-1,-1
958.1413,777.7023,6.846863,8.2948,0.11909771,1,-1,-1
1103.6722,202.10449,8.685059,8.397629,0.11906183,1,-1,-1
1150.6757,348.1203,9.2438965,8.382629,0.11903936,2,-1,-1
1057.0975,210.30919,8.482056,11.557037,0.11890894,2,-1,-1
938.04254,454.75638,16.297424,20.485748,0.11868888,2,-1,-1
996.2266,150.4025,4.533142,7.236923,0.11862853,2,-1,-1
902.51465,186.68204,7.3184204,7.486191,0.1186201,1,-1,-1
707.6014,610.0671,6.86615,12.503296,0.11855173,1,-1,-1
1019.54236,260.17184,5.4417725,7.7770386,0.1183773,2,-1,-1
693.3348,247.71481,8.415649,16.888367,0.11822677,1,-1,-1
892.45654,738.68695,12.016846,12.660522,0.11797649,2,-1,-1
630.1833,118.204506,7.4627075,9.734314,0.117961854,2,-1,-1
529.7701,212.06915,11.581604,19.789047,0.117907465,1,-1,-1
1038.5116,259.8773,6.124756,9.532562,0.117884606,1,-1,-1
737.29004,753.2877,8.229187,8.390686,0.11777407,1,-1,-1
956.42444,704.7869,9.864075,12.592285,0.117628306,2,-1,-1
1175.5657,497.56778,23.0448,21.501617,0.117614895,2,-1,-1
1113.4843,331.7262,7.7401123,11.843964,0.11746225,1,-1,-1
938.62823,102.185165,14.412903,10.817963,0.117452234,5,-1,-1
824.7242,121.51716,10.620483,7.7290726,0.11741501,4,-1,-1
1137.2201,222.31871,7.184082,10.557159,0.1173884,1,-1,-1
1020.20734,151.41635,7.3113403,7.5910797,0.11722255,1,-1,-1
882.0217,184.66872,5.736389,5.6221313,0.1171619,1,-1,-1
588.7816,112.36665,7.659668,13.032494,0.11700928,1,-1,-1
871.95825,518.22314,27.794434,24.790222,0.11699596,2,-1,-1
1089.7166,506.6932,145.81812,90.19095,0.11699456,6,-1,-1
1150.3916,343.03558,7.224243,9.246765,0.11693117,2,-1,-1
758.49567,0.0,62.56726,16.872877,0.11690408,6,-1,-1
760.26385,2.9396849,68.431335,25.006935,0.116814524,6,-1,-1
1176.898,519.2564,31.367432,28.3349,0.116642386,2,-1,-1
357.33432,444.1276,108.99954,67.048615,0.11643976,6,-1,-1
903.9092,758.15356,12.465881,7.4125366,0.11631009,1,-1,-1
1115.1506,332.2584,9.294678,12.891235,0.11626586,2,-1,-1
115.83885,637.0801,17.14235,22.284729,0.11601403,2,-1,-1
1109.9788,331.30777,8.59021,13.436737,0.115869105,1,-1,-1
1008.9133,242.46585,8.222656,8.962524,0.11581102,2,-1,-1
451.51712,603.6897,20.583649,26.42627,0.1154837,3,-1,-1
1048.4916,533.3392,39.81067,29.344177,0.115339786,3,-1,-1
840.69867,400.15967,8.479492,7.3010254,0.11528507,1,-1,-1
1111.3842,229.72842,8.303223,11.646088,0.115284055,1,-1,-1
944.2375,776.51965,10.732056,11.024292,0.11514053,2,-1,-1
945.084,775.5488,10.331543,8.759338,0.11512375,1,-1,-1
881.61536,119.686165,16.108765,7.017174,0.11510861,4,-1,-1
943.1059,774.5918,19.322144,12.952148,0.11507329,2,-1,-1
901.41766,184.45947,6.1293945,7.5329895,0.115026355,1,-1,-1
1042.202,152.27858,6.326172,11.806992,0.115006745,1,-1,-1
136.73546,328.28784,19.620483,19.789581,0.114506125,4,-1,-1
950.125,775.73676,7.8585205,7.7773438,0.11450288,1,-1,-1
997.8034,150.49063,4.824524,7.7832947,0.11440113,1,-1,-1
754.4121,62.02551,7.6069946,15.347118,0.114350736,1,-1,-1
825.27136,287.78732,7.598633,13.27536,0.11431983,1,-1,-1
1039.5791,157.70427,4.8706055,9.668686,0.11423531,1,-1,-1
479.89212,335.53635,10.728241,24.619568,0.114002615,1,-1,-1
1135.2086,508.58932,13.796875,27.419952,0.1139026,2,-1,-1
1114.2701,413.80118,8.196411,10.438568,0.1136893,2,-1,-1
859.16907,372.93378,12.291992,10.29248,0.11351234,1,-1,-1
958.1478,771.80115,7.423462,9.404236,0.11348799,1,-1,-1
814.1653,257.5382,7.625,7.895111,0.113366395,2,-1,-1
1157.7268,348.83176,7.734253,8.966034,0.11335102,1,-1,-1
880.3174,521.9079,31.22882,23.680542,0.11331183,2,-1,-1
1045.6172,157.48383,5.408081,9.667145,0.113232315,1,-1,-1
980.2229,46.893093,5.3172607,10.00341,0.11315045,2,-1,-1
58.838097,214.33344,10.115501,13.262863,0.11307916,2,-1,-1
730.0949,187.6629,33.1958,16.98117,0.1130788,6,-1,-1
1057.5375,215.92769,7.767212,12.673019,0.113004446,2,-1,-1
512.885,346.06122,12.380432,29.14032,0.11295682,4,-1,-1
939.285,115.055176,13.353394,10.833832,0.112785846,6,-1,-1
825.8056,281.4905,8.773376,10.484497,0.112556756,2,-1,-1
1031.0979,256.05707,6.1640625,9.818787,0.1125468,1,-1,-1
940.38074,52.035263,5.1674805,7.635212,0.11244133,1,-1,-1
747.47754,377.83383,72.336365,26.30008,0.1124309,6,-1,-1
784.9385,478.42398,29.116638,16.720917,0.11229396,10,-1,-1
975.14844,273.62753,11.578308,15.847961,0.1122469,1,-1,-1
890.28925,116.57535,34.634827,15.48613,0.112035275,6,-1,-1
950.22864,775.581,7.4960327,8.178162,0.11196384,2,-1,-1
573.50397,772.7107,11.748657,14.833252,0.11191204,1,-1,-1
730.0244,187.77301,33.74774,16.902176,0.11185768,4,-1,-1
824.20984,293.60577,5.6551514,7.1069336,0.11180478,2,-1,-1
1077.8234,459.3968,7.4558105,11.499268,0.111725,2,-1,-1
1025.7938,573.2556,52.835815,34.9198,0.11158678,1,-1,-1
532.16736,616.9368,19.654175,37.88031,0.1114375,10,-1,-1
518.9303,353.473,8.253174,19.312958,0.111426026,1,-1,-1
921.55524,4.079852,8.591553,11.081804,0.11141366,2,-1,-1
1107.1138,204.26878,8.527344,8.498688,0.11138135,1,-1,-1
1009.892,150.44414,6.0669556,7.6956787,0.11129072,2,-1,-1
746.4727,507.5211,186.71942,81.0159,0.111195594,6,-1,-1
885.6857,754.79236,32.504517,16.272034,0.111080885,10,-1,-1
749.9085,532.4729,8.051392,9.31189,0.11107761,2,-1,-1
865.7472,167.11229,22.339355,10.322952,0.11103836,5,-1,-1
1178.6515,504.0584,24.111084,23.95459,0.11102784,2,-1,-1
1116.6329,203.04488,9.539551,7.873581,0.11084145,2,-1,-1
1089.2391,462.0012,6.6241455,12.108582,0.11072442,1,-1,-1
936.60565,197.16772,4.8953857,8.987534,0.1107018,1,-1,-1
1394.9915,570.61194,4.529297,7.0821533,0.11059776,1,-1,-1
522.5097,353.85556,13.605408,29.748901,0.11056739,4,-1,-1
579.2518,289.9562,15.127319,20.12793,0.11036971,10,-1,-1
490.42328,619.8225,32.71759,60.583862,0.11027816,7,-1,-1
1094.8733,414.32962,9.461548,9.484283,0.1102764,1,-1,-1
1112.7836,398.12933,11.200806,10.710449,0.11018354,2,-1,-1
1018.3167,151.41496,11.880432,7.4861145,0.11007175,10,-1,-1
