397.44656,637.98016,130.57437,60.375,0.88931155,6,-1,-1
400.3423,669.0376,126.43103,63.015686,0.86382514,6,-1,-1
800.4277,173.5921,30.929382,26.860321,0.7832985,4,-1,-1
741.1648,252.86287,33.38098,19.52388,0.7778474,4,-1,-1
389.31042,603.57916,111.116516,53.452087,0.76760095,4,-1,-1
828.506,435.0026,30.37616,39.81369,0.7384975,4,-1,-1
821.2239,155.62584,39.19879,29.277008,0.72614646,4,-1,-1
727.34674,696.87836,52.876465,26.820435,0.6428801,4,-1,-1
731.27576,636.7283,47.78296,21.956543,0.58620894,4,-1,-1
376.75943,389.4929,32.00052,34.406067,0.56105334,2,-1,-1
729.6034,278.5722,34.12451,17.687775,0.56104726,4,-1,-1
732.1065,673.7449,45.021667,18.1073,0.5601803,4,-1,-1
727.8008,696.985,51.879883,26.677917,0.55963427,10,-1,-1
734.60547,265.73294,35.78369,17.75412,0.5386689,4,-1,-1
394.7929,616.7811,118.64899,58.51825,0.5091178,6,-1,-1
733.951,271.1817,34.49872,18.76294,0.45872387,4,-1,-1
363.96277,546.1824,163.96448,70.40521,0.4418547,7,-1,-1
741.2418,725.1795,47.14258,21.853638,0.43811294,10,-1,-1
739.42804,259.9542,34.34967,19.665771,0.43119293,4,-1,-1
722.59393,533.2054,32.325623,18.181519,0.4197943,4,-1,-1
365.536,545.8521,162.06403,69.805176,0.4183641,6,-1,-1
705.4592,389.63016,33.453003,25.772491,0.40450126,4,-1,-1
777.3998,201.36362,25.31842,27.335571,0.39646667,6,-1,-1
731.9053,658.3812,45.049744,19.08551,0.3955246,4,-1,-1
748.8282,235.80919,29.481506,21.187515,0.36809155,4,-1,-1
732.1065,673.7449,45.021667,18.1073,0.36226168,10,-1,-1
828.91943,435.41434,30.652954,38.987427,0.35707653,7,-1,-1
704.8691,391.7959,33.588257,25.262024,0.34489638,5,-1,-1
729.8958,645.3731,48.723694,21.463074,0.34383622,4,-1,-1
330.25708,494.457,191.11005,75.04642,0.33528996,6,-1,-1
366.86835,388.83926,133.8107,52.86917,0.31716734,6,-1,-1
865.10443,125.51339,28.89801,25.498894,0.31272453,10,-1,-1
719.0534,328.19867,38.62195,19.293915,0.30649814,7,-1,-1
709.1042,371.2069,43.60901,17.803558,0.29891694,4,-1,-1
330.25708,494.457,191.11005,75.04642,0.2966289,7,-1,-1
401.13354,697.14386,123.74457,53.507812,0.29247695,6,-1,-1
910.29047,76.89288,41.28253,25.321648,0.29192203,7,-1,-1
722.1487,566.752,32.541687,17.756042,0.29142162,4,-1,-1
908.9696,76.59252,41.33246,26.056274,0.27725244,4,-1,-1
745.9756,769.4847,49.05072,17.161987,0.27346995,6,-1,-1
769.79425,210.71933,30.654602,22.443985,0.26722306,6,-1,-1
713.98145,424.47147,41.00995,19.295105,0.25934452,4,-1,-1
822.1562,155.427,38.04236,29.549927,0.25696492,7,-1,-1
717.0977,343.3793,33.17621,19.072906,0.25367516,7,-1,-1
709.1042,371.2069,43.60901,17.803558,0.25152153,7,-1,-1
726.3223,298.09286,37.683838,22.241852,0.24916139,5,-1,-1
780.2989,192.67564,27.701965,29.16513,0.24914947,4,-1,-1
879.99664,601.6768,26.344604,52.23523,0.24609527,4,-1,-1
726.3223,298.09286,37.683838,22.241852,0.24440193,4,-1,-1
839.84076,144.48062,35.25403,21.933884,0.2435967,7,-1,-1
785.15717,187.59703,28.356384,25.06076,0.24203855,4,-1,-1
726.3223,298.09286,37.683838,22.241852,0.2395148,6,-1,-1
413.54077,329.06656,144.11322,52.102905,0.23722184,8,-1,-1
829.12067,435.53885,31.200684,39.02243,0.23589063,8,-1,-1
780.2989,192.67564,27.701965,29.16513,0.2351911,6,-1,-1
808.6249,164.31178,38.389404,29.360764,0.23192355,4,-1,-1
811.0336,351.03098,19.861145,29.357025,0.22639012,7,-1,-1
962.16736,30.88071,28.003723,26.706379,0.22345266,5,-1,-1
729.6034,278.5722,34.12451,17.687775,0.22036183,7,-1,-1
398.2065,637.9151,130.5372,60.115112,0.21365908,4,-1,-1
704.9747,392.41632,33.605896,25.080292,0.20897537,6,-1,-1
972.6159,26.43816,25.67096,24.548023,0.20477253,5,-1,-1
793.1708,184.03685,31.035095,23.419525,0.20462468,4,-1,-1
725.29224,538.7625,29.841248,18.801392,0.18808773,4,-1,-1
719.01276,305.9382,41.145325,26.37735,0.18551269,4,-1,-1
780.2989,192.67564,27.701965,29.16513,0.18478349,5,-1,-1
374.42346,396.28693,26.237915,34.941986,0.18341541,2,-1,-1
715.81573,355.2223,34.310608,19.81784,0.18332541,7,-1,-1
705.8332,390.9314,33.26886,25.991516,0.17664185,7,-1,-1
719.1062,301.31653,44.88922,29.896667,0.1743182,6,-1,-1
733.951,271.1817,34.49872,18.76294,0.17341757,5,-1,-1
413.6353,329.6688,143.34875,51.64566,0.17317748,6,-1,-1
730.02075,276.98593,35.578125,18.691406,0.17241451,5,-1,-1
972.6159,26.43816,25.67096,24.548023,0.17210358,4,-1,-1
720.05426,574.1016,35.30542,16.878784,0.16717249,4,-1,-1
975.691,19.951271,26.410767,20.793747,0.16617742,5,-1,-1
722.59393,533.2054,32.325623,18.181519,0.16411382,5,-1,-1
722.2766,336.83105,34.019226,22.256195,0.16105902,7,-1,-1
741.2418,725.1795,47.14258,21.853638,0.16061115,7,-1,-1
1178.6115,329.69186,66.37598,71.40381,0.1603078,6,-1,-1
723.5438,546.88855,30.347717,20.035706,0.159186,4,-1,-1
376.75943,389.4929,32.00052,34.406067,0.15829417,1,-1,-1
716.56445,528.00586,37.231567,18.158081,0.15763834,4,-1,-1
964.14954,30.163363,27.105713,25.905989,0.15667844,4,-1,-1
708.41284,377.34656,38.792297,21.3172,0.15616834,4,-1,-1
392.07935,603.34106,111.18271,54.00055,0.15427166,5,-1,-1
718.2596,321.12497,37.508972,20.809875,0.15239322,7,-1,-1
777.3998,201.36362,25.31842,27.335571,0.15235585,5,-1,-1
809.58276,212.27278,20.812317,27.72551,0.15215242,7,-1,-1
718.6746,322.1746,40.31903,19.936584,0.15101308,4,-1,-1
703.36633,400.06802,33.140686,22.241394,0.14944717,4,-1,-1
837.7357,145.09293,35.70807,22.462952,0.14910415,4,-1,-1
514.8096,432.49606,62.651184,23.328949,0.14838597,1,-1,-1
1003.9311,5.557657,31.102478,20.163954,0.1448772,5,-1,-1
726.3223,298.09286,37.683838,22.241852,0.1446903,8,-1,-1
748.5541,245.67912,30.403564,22.192673,0.14462313,4,-1,-1
764.9126,210.13733,30.088501,23.236588,0.14399847,5,-1,-1
715.11487,424.03766,38.917236,19.883484,0.14357296,5,-1,-1
389.73035,603.66174,112.433624,53.568115,0.14335492,1,-1,-1
748.23596,234.1602,28.705688,21.553375,0.14318705,5,-1,-1
385.36972,381.34494,23.85617,34.208954,0.14302301,2,-1,-1
714.6104,513.0902,34.798218,16.3042,0.14228413,4,-1,-1
841.8293,754.7022,21.224731,28.545227,0.14200494,10,-1,-1
389.31042,603.57916,111.116516,53.452087,0.14200482,6,-1,-1
730.02075,276.98593,35.578125,18.691406,0.14180806,8,-1,-1
975.691,19.951271,26.410767,20.793747,0.14150193,4,-1,-1
326.37744,494.11746,198.80524,78.051056,0.14039731,4,-1,-1
730.7362,636.8634,48.186768,22.279114,0.13984066,10,-1,-1
1001.9311,2.5313566,34.824158,19.868488,0.13964084,4,-1,-1
368.39105,388.96732,133.80847,53.81607,0.13938272,7,-1,-1
777.3998,201.36362,25.31842,27.335571,0.13824433,4,-1,-1
709.1042,371.2069,43.60901,17.803558,0.1380989,6,-1,-1
733.951,271.1817,34.49872,18.76294,0.1357908,7,-1,-1
363.69717,543.71234,152.91177,70.141785,0.13561094,4,-1,-1
800.46106,172.85686,30.06427,27.551117,0.13544154,7,-1,-1
731.9053,658.3812,45.049744,19.08551,0.13492793,10,-1,-1
704.83685,381.56857,34.42566,24.700531,0.13426214,4,-1,-1
745.7936,769.5392,49.53766,17.107483,0.13357174,5,-1,-1
733.951,271.1817,34.49872,18.76294,0.12948084,8,-1,-1
717.0977,343.3793,33.17621,19.072906,0.12920707,8,-1,-1
363.1462,545.221,164.34915,70.17926,0.12880313,8,-1,-1
400.3423,669.0376,126.43103,63.015686,0.12843388,8,-1,-1
719.7843,458.46167,34.233032,15.825073,0.1280244,4,-1,-1
709.1042,371.2069,43.60901,17.803558,0.12794548,5,-1,-1
714.8648,345.46533,33.608643,19.89917,0.12754881,4,-1,-1
828.506,435.0026,30.37616,39.81369,0.12726113,6,-1,-1
718.9224,328.33478,36.140625,19.117096,0.12688667,8,-1,-1
904.9957,82.66625,36.847656,23.560577,0.12686932,7,-1,-1
734.60547,265.73294,35.78369,17.75412,0.12680745,5,-1,-1
714.7125,424.10587,38.95935,19.590485,0.12677747,8,-1,-1
718.2623,311.398,41.04071,24.62204,0.12670314,8,-1,-1
714.7125,424.10587,38.95935,19.590485,0.1257962,7,-1,-1
718.01514,310.7143,41.459656,25.395752,0.12566802,7,-1,-1
842.1314,143.60956,35.014282,21.839218,0.1251179,10,-1,-1
709.1042,371.2069,43.60901,17.803558,0.12421468,8,-1,-1
816.48676,569.046,17.136902,36.184082,0.12318906,10,-1,-1
816.48676,569.046,17.136902,36.184082,0.1223861,1,-1,-1
726.6754,288.99487,35.383667,20.505585,0.12147224,4,-1,-1
378.11163,398.49176,40.581482,31.124298,0.11965954,2,-1,-1
932.27325,60.378426,30.657959,25.485306,0.119431615,4,-1,-1
846.9338,137.90247,30.916626,21.637665,0.119268,7,-1,-1
709.38947,378.12213,36.68268,21.553864,0.119170755,7,-1,-1
822.1562,155.427,38.04236,29.549927,0.11896902,10,-1,-1
734.60547,265.73294,35.78369,17.75412,0.11895308,8,-1,-1
817.63257,156.46098,38.451965,28.854599,0.11855912,8,-1,-1
764.5022,205.42448,28.566223,26.372223,0.1180073,4,-1,-1
742.85815,252.79341,32.443176,19.8694,0.11800715,5,-1,-1
514.99365,432.52734,62.122986,23.395721,0.1177668,8,-1,-1
705.9984,389.6127,32.98889,25.012817,0.11728126,8,-1,-1
831.8402,151.08345,34.28546,26.269867,0.115749896,7,-1,-1
980.8344,26.282553,29.877869,23.86432,0.114274025,4,-1,-1
729.57874,647.0234,48.59198,20.697083,0.11417964,10,-1,-1
392.07935,603.34106,111.18271,54.00055,0.113636255,7,-1,-1
820.7753,155.79053,39.601013,28.95517,0.11347669,6,-1,-1
721.02576,497.074,37.370483,15.849579,0.11171889,5,-1,-1
719.0534,328.19867,38.62195,19.293915,0.11069104,10,-1,-1
392.07935,603.34106,111.18271,54.00055,0.10891262,8,-1,-1
714.8041,440.02707,37.347412,17.34729,0.10880512,7,-1,-1
401.37494,696.5883,123.617615,54.123657,0.10858029,8,-1,-1
715.3404,513.4005,34.736755,16.456116,0.10808012,5,-1,-1
745.7936,769.5392,49.53766,17.107483,0.10742077,4,-1,-1
709.38947,378.12213,36.68268,21.553864,0.10716769,5,-1,-1
709.59406,417.78635,40.851807,19.310852,0.107146084,4,-1,-1
718.9224,328.33478,36.140625,19.117096,0.10564417,4,-1,-1
741.53925,252.65567,33.447388,19.131256,0.10476819,8,-1,-1
719.7843,458.46167,34.233032,15.825073,0.10476434,7,-1,-1
713.98145,424.47147,41.00995,19.295105,0.104753226,6,-1,-1
811.0336,351.03098,19.861145,29.357025,0.10270938,1,-1,-1
394.7929,616.7811,118.64899,58.51825,0.10255757,4,-1,-1
714.8041,440.02707,37.347412,17.34729,0.10228142,4,-1,-1
374.03308,395.54645,25.3508,37.10211,0.102264434,1,-1,-1
718.01514,310.7143,41.459656,25.395752,0.10181463,5,-1,-1
978.805,40.888363,31.68274,26.040455,0.10111198,5,-1,-1
806.60236,161.07098,31.31482,29.132706,0.10097727,7,-1,-1
719.7843,458.46167,34.233032,15.825073,0.10068062,5,-1,-1
718.6746,322.1746,40.31903,19.936584,0.10061839,8,-1,-1
730.02075,276.98593,35.578125,18.691406,0.10058659,10,-1,-1
806.60236,161.07098,31.31482,29.132706,0.10036886,8,-1,-1
967.16223,19.804453,26.084839,22.332434,0.099885166,4,-1,-1
734.60547,265.73294,35.78369,17.75412,0.09949064,7,-1,-1
940.1899,53.634983,33.277527,25.264507,0.098550946,5,-1,-1
849.16064,136.14052,30.279236,22.035019,0.09808591,10,-1,-1
1003.7609,9.683715,30.42157,20.758286,0.097093344,4,-1,-1
331.8589,496.05713,190.52069,76.48041,0.09686363,1,-1,-1
731.46405,637.0008,46.95215,21.25238,0.09617931,7,-1,-1
1330.0425,261.70132,19.35205,34.001312,0.09593621,1,-1,-1
739.42804,259.9542,34.34967,19.665771,0.09558648,5,-1,-1
740.9908,253.3565,33.93817,18.899963,0.09454429,7,-1,-1
782.97003,190.03505,28.209412,28.837845,0.0938907,7,-1,-1
967.16223,19.804453,26.084839,22.332434,0.0934301,5,-1,-1
716.56445,528.00586,37.231567,18.158081,0.09289697,5,-1,-1
704.83685,381.56857,34.42566,24.700531,0.09267712,5,-1,-1
978.805,40.888363,31.68274,26.040455,0.092336625,4,-1,-1
981.8464,25.844055,27.856934,23.752338,0.0921981,5,-1,-1
888.36865,100.377754,29.70929,22.903854,0.09098035,10,-1,-1
739.42804,259.9542,34.34967,19.665771,0.09034571,8,-1,-1
1003.7609,9.683715,30.42157,20.758286,0.090180695,6,-1,-1
712.4969,358.0717,36.25287,17.759918,0.09001097,4,-1,-1
910.29047,76.89288,41.28253,25.321648,0.08998585,10,-1,-1
709.59406,417.78635,40.851807,19.310852,0.08973372,5,-1,-1
722.1487,566.752,32.541687,17.756042,0.08972636,5,-1,-1
704.83685,381.56857,34.42566,24.700531,0.0897032,7,-1,-1
719.0534,328.19867,38.62195,19.293915,0.08936623,5,-1,-1
828.506,435.0026,30.37616,39.81369,0.089054644,1,-1,-1
728.9845,278.39627,34.57025,17.739685,0.08865869,6,-1,-1
721.02576,497.074,37.370483,15.849579,0.08841029,4,-1,-1
712.02155,356.93005,35.30597,19.732635,0.08804384,8,-1,-1
932.27325,60.378426,30.657959,25.485306,0.08799356,7,-1,-1
714.8648,345.46533,33.608643,19.89917,0.08798227,5,-1,-1
1000.7288,0.0,42.675964,14.741355,0.086482555,4,-1,-1
724.661,298.96777,38.870728,25.028503,0.086245775,7,-1,-1
730.983,289.33307,35.844116,20.231293,0.08591458,7,-1,-1
824.48816,352.20963,31.685242,24.836548,0.085671216,7,-1,-1
704.9873,403.5688,37.65753,20.577637,0.08563858,5,-1,-1
981.3445,32.633293,32.75116,27.342312,0.08521336,4,-1,-1
953.75287,32.54228,27.095581,24.317852,0.08509767,5,-1,-1
883.52576,99.019936,29.650452,23.5858,0.08470672,4,-1,-1
387.63202,608.8223,136.31909,76.66235,0.084463656,8,-1,-1
781.0537,410.4037,23.994385,26.559021,0.08446261,7,-1,-1
841.9532,756.2754,20.632935,27.862183,0.08445239,7,-1,-1
1005.2297,9.019512,29.214172,22.29557,0.083916426,9,-1,-1
732.25696,637.3604,46.724182,21.133423,0.08361831,5,-1,-1
731.9012,611.2101,33.759094,20.319336,0.08301774,4,-1,-1
813.4609,348.1342,26.031189,26.37976,0.08297634,7,-1,-1
811.0336,351.03098,19.861145,29.357025,0.08265871,8,-1,-1
385.36972,381.34494,23.85617,34.208954,0.08225027,1,-1,-1
994.43225,9.902129,33.534424,20.917015,0.08224952,5,-1,-1
941.78125,53.883415,32.286865,27.460419,0.08162519,4,-1,-1
363.1462,545.221,164.34915,70.17926,0.081555516,10,-1,-1
331.8589,496.05713,190.52069,76.48041,0.08147773,2,-1,-1
701.65137,412.78525,34.957153,20.301758,0.08145955,4,-1,-1
879.5878,602.32715,23.725159,51.304077,0.081273615,10,-1,-1
369.5371,543.39307,109.30286,59.46698,0.081257194,1,-1,-1
733.951,271.1817,34.49872,18.76294,0.08038688,6,-1,-1
966.80145,31.097122,39.63739,30.173046,0.08009246,5,-1,-1
764.7459,202.30586,26.358154,30.010162,0.079746515,6,-1,-1
957.1774,40.574505,27.804626,24.596195,0.07930425,5,-1,-1
785.15717,187.59703,28.356384,25.06076,0.079271436,5,-1,-1
816.48676,569.046,17.136902,36.184082,0.07923764,7,-1,-1
1089.318,0.0,38.533447,17.439821,0.07914582,4,-1,-1
1001.9311,2.5313566,34.824158,19.868488,0.07905626,6,-1,-1
1001.9311,2.5313566,34.824158,19.868488,0.078947276,9,-1,-1
700.3546,414.06406,40.185303,18.964386,0.078816175,5,-1,-1
846.9338,137.90247,30.916626,21.637665,0.07833302,4,-1,-1
392.62643,391.6769,23.21753,36.69687,0.07826343,2,-1,-1
816.48676,569.046,17.136902,36.184082,0.0781641,2,-1,-1
337.7306,500.59143,185.1001,76.00989,0.078113794,8,-1,-1
837.7357,145.09293,35.70807,22.462952,0.07790932,5,-1,-1
719.7843,458.46167,34.233032,15.825073,0.077454805,10,-1,-1
387.63202,608.8223,136.31909,76.66235,0.07742855,7,-1,-1
953.75287,32.54228,27.095581,24.317852,0.07740596,4,-1,-1
828.91943,435.41434,30.652954,38.987427,0.076467514,3,-1,-1
928.0592,68.09113,32.151306,22.478401,0.076407254,7,-1,-1
995.5896,28.517927,27.381348,28.794107,0.07619268,4,-1,-1
735.545,264.64703,35.888794,16.651306,0.07618889,6,-1,-1
731.46405,637.0008,46.95215,21.25238,0.07618871,8,-1,-1
1089.318,0.0,38.533447,17.439821,0.07595861,5,-1,-1
715.6546,345.33093,33.85785,20.244232,0.07578948,10,-1,-1
745.9756,769.4847,49.05072,17.161987,0.0757595,7,-1,-1
871.89453,119.1767,30.368713,24.563171,0.075546026,10,-1,-1
801.55035,172.23268,29.166504,28.948425,0.075219244,8,-1,-1
984.53674,63.06043,21.79419,29.881786,0.07492438,4,-1,-1
820.62415,155.14438,39.519714,29.421051,0.07468569,5,-1,-1
718.7657,339.33334,35.857666,19.13385,0.074334174,4,-1,-1
800.46106,172.85686,30.06427,27.551117,0.07422531,5,-1,-1
780.5598,192.9519,25.919617,31.095856,0.073979944,8,-1,-1
831.8402,151.08345,34.28546,26.269867,0.07277769,4,-1,-1
809.51886,211.51701,21.625305,27.757355,0.07277617,8,-1,-1
739.42804,259.9542,34.34967,19.665771,0.07254121,7,-1,-1
393.88885,623.4782,132.95782,69.29968,0.071621805,9,-1,-1
711.4382,367.92825,41.463257,19.113953,0.07159063,10,-1,-1
712.4969,358.0717,36.25287,17.759918,0.07148725,5,-1,-1
984.53674,63.06043,21.79419,29.881786,0.07147485,5,-1,-1
928.0592,68.09113,32.151306,22.478401,0.07144788,4,-1,-1
708.41284,377.34656,38.792297,21.3172,0.07129943,8,-1,-1
879.5878,602.32715,23.725159,51.304077,0.07108408,7,-1,-1
396.69528,649.21906,127.095856,70.54828,0.07100302,9,-1,-1
811.0336,351.03098,19.861145,29.357025,0.07091549,10,-1,-1
720.05426,574.1016,35.30542,16.878784,0.070738435,5,-1,-1
861.2086,125.86897,28.636475,25.033386,0.0707103,7,-1,-1
392.07935,603.34106,111.18271,54.00055,0.07049507,10,-1,-1
704.9873,403.5688,37.65753,20.577637,0.07045922,7,-1,-1
811.0336,351.03098,19.861145,29.357025,0.07019034,2,-1,-1
718.2596,321.12497,37.508972,20.809875,0.06980702,10,-1,-1
862.07605,164.9521,20.85205,27.562973,0.06965947,7,-1,-1
730.983,289.33307,35.844116,20.231293,0.06958407,5,-1,-1
983.7312,65.73987,23.052124,27.826088,0.06958142,1,-1,-1
985.9386,19.477152,32.470215,22.34955,0.06942484,5,-1,-1
995.5896,28.517927,27.381348,28.794107,0.06938112,5,-1,-1
973.92596,12.012074,33.191223,20.112259,0.068814814,4,-1,-1
790.981,410.34192,19.916199,28.930908,0.06856048,7,-1,-1
996.734,37.727276,25.096008,28.32108,0.06844023,4,-1,-1
981.3445,32.633293,32.75116,27.342312,0.06841305,5,-1,-1
722.2766,336.83105,34.019226,22.256195,0.06828946,8,-1,-1
394.54593,600.6623,107.61917,53.213745,0.06820583,2,-1,-1
866.2779,242.165,18.575073,33.297653,0.068156034,1,-1,-1
996.734,37.727276,25.096008,28.32108,0.068080485,5,-1,-1
957.1774,40.574505,27.804626,24.596195,0.06805363,4,-1,-1
901.83093,31.772034,24.185059,27.24155,0.06752658,4,-1,-1
725.29224,538.7625,29.841248,18.801392,0.067058355,5,-1,-1
