695.0054,258.75003,16.643982,29.01715,0.88956034,1,-1,-1
843.3825,562.454,20.308105,21.08905,0.88297474,1,-1,-1
723.6257,43.338234,12.9453125,25.663567,0.87674886,1,-1,-1
739.0594,40.710575,12.105652,25.738369,0.8764181,1,-1,-1
829.3295,207.3539,15.77301,31.247452,0.8534099,1,-1,-1
816.9298,209.29869,15.106934,28.63147,0.83586943,1,-1,-1
655.42957,246.16534,16.205078,25.85254,0.7841189,1,-1,-1
825.9751,563.46735,14.183716,22.14917,0.7787866,1,-1,-1
701.0412,132.24187,13.91626,21.061523,0.7506399,1,-1,-1
701.0222,139.50558,13.132263,27.723343,0.7381327,1,-1,-1
858.2196,700.6325,18.778564,25.744995,0.7141065,1,-1,-1
685.6914,197.37929,15.774231,34.190903,0.59898436,3,-1,-1
685.5106,197.57817,16.408997,28.98288,0.48924518,2,-1,-1
665.5451,99.92631,17.023193,27.779106,0.43575907,2,-1,-1
929.4183,543.86456,79.11682,53.39508,0.39388978,7,-1,-1
666.56036,103.835915,16.20813,31.061546,0.39112315,3,-1,-1
948.92426,612.0185,77.972595,48.86963,0.37875795,7,-1,-1
929.2602,543.1653,79.712036,54.420715,0.36318094,8,-1,-1
685.6914,197.37929,15.774231,34.190903,0.35243714,1,-1,-1
665.9552,99.63735,16.51477,28.95797,0.34947062,1,-1,-1
948.268,611.3943,77.96649,49.04236,0.28945482,8,-1,-1
930.0042,543.67596,78.63019,54.152954,0.27980015,6,-1,-1
285.92264,0.0,201.3913,115.831276,0.26198447,6,-1,-1
272.79858,188.23328,29.234985,38.576813,0.22835734,4,-1,-1
726.14166,41.220226,16.041138,25.372906,0.20394823,1,-1,-1
666.8934,108.28309,16.30835,27.609474,0.18391457,2,-1,-1
1036.8679,179.85004,52.504883,23.29663,0.1837149,7,-1,-1
702.1283,147.49179,9.224976,19.513062,0.18085766,1,-1,-1
1034.9502,177.68373,56.427612,26.073883,0.17571184,10,-1,-1
1036.5775,179.84023,52.83606,23.66301,0.17558369,6,-1,-1
984.36145,21.506195,59.041626,24.437817,0.17397973,6,-1,-1
680.4219,200.54611,25.942322,38.38977,0.17204997,3,-1,-1
1358.7957,158.92694,9.140503,13.957901,0.16698322,1,-1,-1
1356.8984,157.53535,11.081177,13.932388,0.16346645,2,-1,-1
666.56036,103.835915,16.20813,31.061546,0.1573767,10,-1,-1
1205.1353,191.02737,50.261475,35.352814,0.15201941,6,-1,-1
1205.414,191.65045,48.93457,34.34053,0.15110469,4,-1,-1
1199.7095,164.98161,60.779785,57.778534,0.15055889,6,-1,-1
948.268,611.3943,77.96649,49.04236,0.14965397,6,-1,-1
948.91095,610.76544,77.57733,49.877197,0.14589876,10,-1,-1
34.572872,0.0,101.688934,44.086533,0.13970125,3,-1,-1
974.5888,352.87695,37.39807,17.060516,0.13790604,5,-1,-1
664.12415,99.59481,19.575012,23.884613,0.13672426,3,-1,-1
107.06078,128.96129,15.117325,25.422668,0.13565782,1,-1,-1
551.43286,334.05096,17.022766,41.55356,0.13529104,3,-1,-1
688.6843,198.62927,12.654114,18.71492,0.13344556,2,-1,-1
1352.786,218.85112,11.693726,22.398941,0.13306805,1,-1,-1
861.10223,702.17255,10.944092,16.031006,0.12900597,1,-1,-1
974.94806,352.7224,37.1192,17.185913,0.12803507,4,-1,-1
929.2602,543.1653,79.712036,54.420715,0.12399045,10,-1,-1
1350.8754,156.69722,8.188843,12.036255,0.122094125,1,-1,-1
821.1582,210.74072,9.158936,21.158478,0.12068847,1,-1,-1
576.4339,416.71545,9.84259,8.524902,0.11942899,1,-1,-1
928.2803,542.4649,80.189026,55.51184,0.116839826,3,-1,-1
549.6739,329.61575,21.018188,46.14261,0.11410403,10,-1,-1
666.02545,110.389244,17.725769,25.085304,0.113950014,1,-1,-1
705.34735,266.2966,8.492371,13.80484,0.11256853,1,-1,-1
832.4579,208.74875,10.000366,17.789246,0.1120739,1,-1,-1
577.8619,270.8356,66.0329,121.43811,0.110173464,4,-1,-1
948.488,609.36115,79.25079,51.242554,0.1101678,3,-1,-1
974.5437,352.91818,37.38037,16.880524,0.10815886,6,-1,-1
684.7824,207.97955,13.392822,27.024368,0.10809779,3,-1,-1
1036.5775,179.84023,52.83606,23.66301,0.10728112,8,-1,-1
659.9546,249.13052,9.452515,21.181488,0.10697895,1,-1,-1
689.0628,209.78638,12.571899,24.057098,0.106794685,3,-1,-1
1205.3593,184.07385,51.031616,34.583984,0.1062485,7,-1,-1
723.6257,43.338234,12.9453125,25.663567,0.10570222,4,-1,-1
272.3044,187.29242,29.931885,39.549515,0.10375589,10,-1,-1
38.079258,411.7468,15.017834,18.323364,0.102953255,2,-1,-1
1354.959,225.55884,8.453247,14.540329,0.10244274,1,-1,-1
686.9554,198.56673,15.72937,19.1091,0.10232589,1,-1,-1
1034.9502,177.68373,56.427612,26.073883,0.100637704,3,-1,-1
634.99536,350.0384,17.59082,30.563385,0.099945456,4,-1,-1
152.3422,0.0,120.634,35.274963,0.09861207,4,-1,-1
929.2602,543.1653,79.712036,54.420715,0.09849101,4,-1,-1
1354.2343,155.59558,14.550049,19.028854,0.09727836,1,-1,-1
1061.2413,140.92421,4.4110107,7.365448,0.09682804,1,-1,-1
669.21716,112.06835,11.661377,18.273277,0.09468666,2,-1,-1
1350.8754,156.69722,8.188843,12.036255,0.094490856,2,-1,-1
1358.7279,154.31158,9.286011,11.338196,0.09358594,1,-1,-1
634.99536,350.0384,17.59082,30.563385,0.09300488,10,-1,-1
861.10223,702.17255,10.944092,16.031006,0.092745095,2,-1,-1
1355.4602,156.01541,12.594971,18.509476,0.09264466,10,-1,-1
858.8764,700.66156,9.674011,14.370728,0.09249368,1,-1,-1
155.03755,0.0,117.16536,36.156044,0.09185439,10,-1,-1
1205.0244,190.78668,49.73535,35.325226,0.09173456,5,-1,-1
948.91095,610.76544,77.57733,49.877197,0.09138152,5,-1,-1
929.2602,543.1653,79.712036,54.420715,0.091349185,5,-1,-1
159.22101,0.0,111.89859,35.564198,0.0894911,6,-1,-1
1353.8422,156.33212,15.689453,21.344711,0.08879045,2,-1,-1
580.22974,273.93695,61.70105,117.44147,0.088656366,5,-1,-1
668.73956,98.978745,11.223328,20.797585,0.08720538,2,-1,-1
1082.7107,580.2277,8.142822,10.774841,0.087168545,1,-1,-1
1069.8094,178.429,23.388184,14.891861,0.084998876,10,-1,-1
817.419,209.66905,14.9470825,27.602966,0.08404705,4,-1,-1
1205.3593,184.07385,51.031616,34.583984,0.08320677,8,-1,-1
948.92426,612.0185,77.972595,48.86963,0.082829654,4,-1,-1
32.34203,0.0,108.03055,43.08118,0.08265558,10,-1,-1
1356.2122,160.48056,10.634277,17.619247,0.081611246,1,-1,-1
974.50464,351.90875,37.945618,18.774445,0.08159658,8,-1,-1
622.6856,350.4275,30.286316,38.194397,0.08155042,10,-1,-1
119.4797,235.6919,21.050316,13.653564,0.08062562,10,-1,-1
700.53033,132.24628,14.531677,22.474594,0.08002803,2,-1,-1
685.6914,197.37929,15.774231,34.190903,0.0795902,10,-1,-1
1082.9316,579.52106,14.718262,12.993713,0.07949853,1,-1,-1
834.3432,563.3415,21.905457,19.187134,0.079253316,1,-1,-1
705.9032,268.57803,7.689514,11.259918,0.07864937,2,-1,-1
858.2196,700.6325,18.778564,25.744995,0.078392595,4,-1,-1
1036.6177,159.04958,47.14258,22.184784,0.076868236,10,-1,-1
726.45667,43.823837,9.107605,18.786564,0.076732785,2,-1,-1
843.1791,562.29755,20.130493,20.83142,0.07625866,4,-1,-1
664.2532,95.958435,23.953552,42.199905,0.076045185,3,-1,-1
862.49634,0.0,67.90015,42.83482,0.0759761,6,-1,-1
850.3636,220.65504,15.110046,32.139603,0.075347275,1,-1,-1
285.92264,0.0,201.3913,115.831276,0.07512745,7,-1,-1
913.0326,192.37108,36.79138,28.555664,0.07499355,10,-1,-1
37.9956,0.0,50.39133,34.409485,0.07472122,3,-1,-1
633.506,354.07895,21.633545,29.621094,0.07359961,1,-1,-1
686.67584,198.43877,15.242065,32.67061,0.07330072,7,-1,-1
617.8042,357.7374,16.361084,33.764435,0.073207796,10,-1,-1
1353.1317,156.88306,10.69751,11.350006,0.07302073,1,-1,-1
34.62204,0.0,99.67407,45.350266,0.07299325,7,-1,-1
863.861,701.17865,11.182068,14.183472,0.072114676,1,-1,-1
199.53218,0.0,66.991165,28.017466,0.07210219,10,-1,-1
39.35413,413.39896,10.855209,14.662781,0.0719752,1,-1,-1
963.05676,144.74081,4.0076294,6.294586,0.071697086,1,-1,-1
623.6475,336.36856,29.019958,47.849365,0.07113373,1,-1,-1
704.5942,143.81996,8.816284,18.877838,0.070436746,1,-1,-1
1358.9275,160.20282,7.8026123,14.628525,0.0696615,2,-1,-1
1199.4187,163.96097,62.102295,61.084778,0.06922504,7,-1,-1
581.6128,329.8628,31.42273,52.94159,0.06911072,10,-1,-1
940.93317,555.5181,68.25214,62.533875,0.06879184,8,-1,-1
155.03755,0.0,117.16536,36.156044,0.06868556,7,-1,-1
669.75977,111.8557,10.421265,23.95848,0.06846228,3,-1,-1
158.45483,0.0,112.400665,38.344505,0.068386465,5,-1,-1
37.66091,425.44342,11.0096855,12.248596,0.06808373,2,-1,-1
832.4579,208.74875,10.000366,17.789246,0.067492664,2,-1,-1
1197.0411,182.50554,68.895874,56.962036,0.0674552,6,-1,-1
821.1582,210.74072,9.158936,21.158478,0.06736159,2,-1,-1
327.06772,493.283,7.05484,9.262634,0.06711766,1,-1,-1
690.85815,202.83827,9.630737,21.491821,0.06711513,2,-1,-1
1036.5775,179.84023,52.83606,23.66301,0.06681472,5,-1,-1
1037.1005,179.23022,53.905273,24.41539,0.0667178,4,-1,-1
1373.5258,236.0287,25.994995,12.201004,0.06578493,4,-1,-1
38.047466,411.09445,15.744392,20.223938,0.06564668,1,-1,-1
864.85504,707.4896,10.651428,16.895203,0.065407604,1,-1,-1
0.0,657.7647,5.9877625,11.228149,0.06539711,1,-1,-1
862.30804,0.0,68.54321,43.494377,0.06526917,7,-1,-1
1356.8984,157.53535,11.081177,13.932388,0.06522095,3,-1,-1
683.4918,189.77393,19.40216,25.936737,0.065182656,2,-1,-1
704.5811,133.8582,8.6698,16.565048,0.06428152,1,-1,-1
974.94806,352.7224,37.1192,17.185913,0.06404546,7,-1,-1
658.25507,107.04607,21.309875,30.779846,0.06377876,3,-1,-1
1360.2649,158.3731,8.484741,9.440216,0.06376153,1,-1,-1
940.93317,555.5181,68.25214,62.533875,0.063533485,7,-1,-1
1045.8352,357.98798,5.272949,9.914581,0.06337494,1,-1,-1
872.2834,0.5152195,59.243713,41.56304,0.06295779,4,-1,-1
1073.699,195.30708,19.022827,10.468857,0.062307417,10,-1,-1
36.676323,0.0,33.645172,33.74323,0.06223297,1,-1,-1
861.91943,707.01447,9.851135,16.97583,0.06208667,1,-1,-1
40.300922,422.9069,10.477295,12.602295,0.061876148,2,-1,-1
163.02496,0.0,34.30797,34.238224,0.061719894,1,-1,-1
1119.2578,0.0,57.032715,15.589158,0.061655074,4,-1,-1
39.218964,417.47476,14.692299,17.950226,0.06151843,2,-1,-1
697.2786,259.34738,9.20874,18.780579,0.061053365,1,-1,-1
857.3268,362.35617,17.181885,24.558136,0.06091234,1,-1,-1
530.6053,541.4616,6.4402466,6.6812134,0.060810685,1,-1,-1
1354.8229,159.2701,10.486572,12.925095,0.060643166,1,-1,-1
858.2196,700.6325,18.778564,25.744995,0.0605492,2,-1,-1
196.68134,0.0,69.824524,28.377726,0.060212314,4,-1,-1
701.8199,137.25429,8.773621,18.045685,0.059762657,1,-1,-1
1007.5584,629.8888,17.109802,31.819336,0.059642285,1,-1,-1
695.14,258.55463,16.35791,29.488647,0.059639722,4,-1,-1
285.92264,0.0,201.3913,115.831276,0.05963397,3,-1,-1
1205.5038,184.06735,51.09131,33.520798,0.059500724,10,-1,-1
1207.3374,202.70723,45.945312,34.24144,0.05945763,4,-1,-1
724.19916,49.91852,8.950317,18.479404,0.05943027,1,-1,-1
680.394,200.3836,26.238892,20.157166,0.058960736,2,-1,-1
864.0989,0.0,66.42963,42.152798,0.058726847,10,-1,-1
640.779,243.5952,21.474121,27.126022,0.05872464,1,-1,-1
1355.2052,217.63939,7.922241,16.04181,0.05864376,1,-1,-1
1358.9296,154.10492,8.82605,11.962799,0.05855906,2,-1,-1
739.16705,40.450405,12.139709,26.089481,0.058362573,4,-1,-1
285.92264,0.0,201.3913,115.831276,0.058095038,8,-1,-1
867.41156,703.42084,9.785522,13.969788,0.05808863,1,-1,-1
864.1156,0.0,67.23895,42.91969,0.05806446,8,-1,-1
274.8413,189.63745,23.719452,35.050827,0.05753711,5,-1,-1
41.93112,388.8583,16.437267,17.750366,0.0572671,2,-1,-1
153.78165,0.0,31.990128,36.93967,0.057265013,1,-1,-1
1083.9073,578.29504,9.053101,10.784119,0.057231873,1,-1,-1
575.9568,417.1825,6.1934814,6.9204407,0.057139307,1,-1,-1
37.97313,417.14755,9.77676,14.158997,0.057094157,2,-1,-1
632.4787,426.33386,7.249756,16.5289,0.056124866,1,-1,-1
727.44635,43.616325,7.3931885,11.378761,0.05611661,2,-1,-1
107.06637,127.65729,14.523499,26.190735,0.05586809,2,-1,-1
447.14566,396.58752,14.892975,16.523926,0.055544794,1,-1,-1
1350.555,224.68045,15.68457,20.568665,0.05554229,1,-1,-1
582.02844,333.95764,34.022278,48.951263,0.055279583,4,-1,-1
551.0947,0.0,91.100525,42.455715,0.05522114,7,-1,-1
520.1102,588.4946,6.987915,8.415527,0.055072695,1,-1,-1
575.3056,414.8444,8.358948,8.203522,0.054980278,1,-1,-1
1199.7095,164.98161,60.779785,57.778534,0.05461365,4,-1,-1
111.80888,122.459045,17.82576,26.265488,0.054579735,1,-1,-1
1197.5078,164.17908,64.369385,57.348846,0.054519743,8,-1,-1
974.2813,351.55234,37.902283,18.79126,0.05448833,10,-1,-1
829.3175,207.43028,15.835083,31.011398,0.05404058,4,-1,-1
625.13306,353.84683,23.836243,33.136566,0.054031104,1,-1,-1
1205.3593,184.07385,51.031616,34.583984,0.054005295,3,-1,-1
1354.042,154.5126,9.967041,9.844849,0.053738117,1,-1,-1
845.43115,238.50032,20.118042,38.663162,0.05361998,1,-1,-1
1186.0392,162.14085,64.18457,36.717804,0.053604543,7,-1,-1
819.2396,217.86835,8.822754,18.091522,0.05356273,1,-1,-1
272.4462,187.45395,29.93042,39.642258,0.05348009,1,-1,-1
1353.6254,219.77391,10.742065,21.02562,0.05338347,2,-1,-1
611.4698,354.25653,21.631775,36.407135,0.05336997,1,-1,-1
199.86119,279.8774,11.223145,12.1936035,0.053267747,2,-1,-1
701.0222,139.50558,13.132263,27.723343,0.053065002,2,-1,-1
1035.8927,158.99411,49.188965,23.595352,0.052877277,7,-1,-1
1061.6594,135.46954,4.272827,9.927795,0.05283761,1,-1,-1
445.91492,396.24197,15.179932,9.148895,0.05282855,1,-1,-1
846.0913,565.1522,11.329895,17.503906,0.05282259,1,-1,-1
1187.2396,166.30417,63.571167,38.97348,0.052688062,6,-1,-1
1030.2505,171.5112,10.122192,9.626297,0.052355707,1,-1,-1
842.0634,555.1512,22.229797,22.054504,0.05233082,1,-1,-1
67.04485,63.966454,6.8281555,13.933929,0.05215904,1,-1,-1
671.31067,112.90981,9.87439,18.904854,0.052141994,1,-1,-1
1360.246,156.44577,10.753906,16.558212,0.051861316,2,-1,-1
274.8413,189.63745,23.719452,35.050827,0.051677287,6,-1,-1
669.0993,101.51192,9.746826,18.447151,0.051515073,1,-1,-1
154.3324,0.0,30.293854,38.21665,0.051295877,2,-1,-1
1348.3541,155.72191,14.442139,17.097687,0.051256567,1,-1,-1
1207.2316,184.18434,45.82373,29.46138,0.051066637,6,-1,-1
102.53106,170.5529,9.731987,13.53746,0.050985247,1,-1,-1
697.66455,130.23169,19.968872,33.113327,0.050934404,1,-1,-1
1353.1317,156.88306,10.69751,11.350006,0.050876975,2,-1,-1
36.629616,0.0,35.276688,33.80483,0.05060637,10,-1,-1
984.4036,20.932178,64.40436,26.639393,0.050577164,4,-1,-1
556.5703,341.65598,14.249695,32.3584,0.050563008,3,-1,-1
632.61774,2.2778146,29.825806,47.106552,0.050523967,1,-1,-1
579.1142,293.28955,44.005493,90.553955,0.050392568,10,-1,-1
1348.3541,155.72191,14.442139,17.097687,0.050316364,2,-1,-1
913.0326,192.37108,36.79138,28.555664,0.05004275,3,-1,-1
695.1147,258.48468,17.014343,29.27005,0.05001551,2,-1,-1
