554.6162,205.82224,75.194214,83.05609,0.99999726,4,-1,-1
544.15826,405.54495,78.25525,84.23932,0.99999666,4,-1,-1
499.4352,842.4676,80.0809,84.84711,0.99999535,4,-1,-1
715.96075,610.9501,78.546326,87.87341,0.9999933,4,-1,-1
396.55585,222.71278,80.40344,87.04097,0.9999914,4,-1,-1
532.57635,7.696599,82.63806,96.82868,0.99994075,4,-1,-1
576.6775,841.2362,78.4505,80.44769,0.9999335,4,-1,-1
711.7451,236.42947,85.80829,86.5228,0.9999099,4,-1,-1
605.192,0.25771707,61.658936,54.352913,0.99960625,4,-1,-1
808.41675,177.8023,84.4527,89.791565,0.9992205,4,-1,-1
886.64404,0.0,107.23938,50.452084,0.9893719,5,-1,-1
654.0803,304.19363,65.31354,100.20773,0.9826002,4,-1,-1
612.05444,487.70874,65.108154,71.29059,0.9789494,4,-1,-1
127.74974,429.91904,87.50699,85.39084,0.977841,5,-1,-1
462.26813,303.69028,80.71832,92.1073,0.9495389,4,-1,-1
838.69525,89.69993,89.67212,47.46003,0.9460986,5,-1,-1
912.09503,261.41193,40.32672,43.365234,0.8823513,10,-1,-1
1171.769,949.5109,33.07849,30.46112,0.88091046,1,-1,-1
540.4241,839.5227,82.00842,81.55145,0.84616226,4,-1,-1
0.6319996,443.171,78.39855,91.74399,0.79020333,7,-1,-1
961.0012,915.22894,80.3551,87.701355,0.7878798,4,-1,-1
461.1747,303.05353,82.02011,93.3956,0.73570544,5,-1,-1
838.53503,89.80797,89.75067,47.492844,0.53734356,4,-1,-1
610.43884,485.97714,63.70282,67.16849,0.52071863,6,-1,-1
881.85364,176.91644,36.271606,49.26718,0.48409188,10,-1,-1
867.93164,287.81418,32.053284,32.285706,0.4135454,3,-1,-1
706.6128,420.77173,36.319397,31.083221,0.41337645,10,-1,-1
703.52704,411.41336,31.825745,33.1839,0.4065786,10,-1,-1
668.13336,552.71606,25.237122,43.96924,0.31891572,8,-1,-1
697.8816,403.6381,29.015503,35.99466,0.30490404,10,-1,-1
746.15814,564.5707,30.091736,46.574768,0.29391915,3,-1,-1
167.13603,536.71515,25.718811,43.77997,0.27604145,1,-1,-1
501.9627,97.04309,31.05127,30.143433,0.27412882,10,-1,-1
405.83902,3.2196627,29.134003,37.189972,0.2690367,10,-1,-1
923.8193,324.9077,36.537537,28.745392,0.25762123,1,-1,-1
364.37897,15.661053,34.55359,32.216022,0.23705482,7,-1,-1
969.33405,886.3074,94.6994,109.06067,0.2279473,4,-1,-1
609.9127,487.5969,64.69562,66.774994,0.22331718,5,-1,-1
395.82614,871.7251,30.694489,32.028442,0.21749076,1,-1,-1
438.5737,769.3757,41.378082,24.14569,0.21158469,10,-1,-1
668.13336,552.71606,25.237122,43.96924,0.21108228,1,-1,-1
330.5348,773.7868,31.314423,32.085876,0.20855528,1,-1,-1
703.52704,411.41336,31.825745,33.1839,0.2018404,2,-1,-1
53.24284,536.21124,163.22134,117.94733,0.19656149,8,-1,-1
1.0696539,443.04352,77.71868,91.987854,0.19553873,4,-1,-1
379.87738,778.8253,36.579285,26.865479,0.1941768,1,-1,-1
698.9027,402.20068,31.460022,32.455994,0.19326046,2,-1,-1
703.52704,411.41336,31.825745,33.1839,0.19322628,1,-1,-1
962.081,549.7388,33.87256,28.011292,0.1885184,1,-1,-1
696.9191,401.04312,30.521667,35.22989,0.18185619,1,-1,-1
1.0295237,444.309,78.37851,88.38309,0.17922154,10,-1,-1
1137.3331,972.6727,25.786377,36.38275,0.17571014,1,-1,-1
251.2149,690.62573,29.960571,35.00061,0.17344496,10,-1,-1
882.1264,176.84125,35.56665,51.249588,0.16924533,7,-1,-1
729.8687,446.13034,27.219055,40.535187,0.165914,1,-1,-1
1235.4462,865.13617,42.217285,27.275269,0.1615237,3,-1,-1
435.02853,773.2026,39.594177,27.61493,0.15937513,1,-1,-1
166.53769,537.51117,24.018692,43.70056,0.15902844,2,-1,-1
501.9627,97.04309,31.05127,30.143433,0.15653574,1,-1,-1
901.30176,177.28824,32.776184,47.669327,0.15351424,10,-1,-1
55.030983,540.74554,163.39658,117.899475,0.15202764,6,-1,-1
378.70316,771.8219,39.124084,23.616882,0.15013358,1,-1,-1
501.9627,97.04309,31.05127,30.143433,0.14712119,2,-1,-1
340.7126,776.72156,33.420288,32.697998,0.14458153,1,-1,-1
884.4269,462.97968,27.583496,31.544037,0.1441867,10,-1,-1
364.88928,16.841475,34.851074,31.58101,0.14140522,10,-1,-1
733.9129,451.3193,26.330017,36.853302,0.14105687,3,-1,-1
609.5792,486.32425,66.0235,66.97653,0.13974366,7,-1,-1
336.09308,781.5487,28.300018,34.761414,0.13882828,1,-1,-1
321.8934,576.8127,42.498657,36.0885,0.13803038,10,-1,-1
746.7582,565.4559,29.690552,45.208435,0.13541025,10,-1,-1
733.9129,451.3193,26.330017,36.853302,0.13537309,10,-1,-1
839.7491,592.4122,40.615295,31.099121,0.13335416,10,-1,-1
425.32193,777.7853,37.184082,28.282959,0.12775627,1,-1,-1
880.14923,177.41254,33.56427,49.962708,0.12703487,1,-1,-1
382.38263,786.7531,35.872437,27.713684,0.12577984,1,-1,-1
667.8707,552.9651,26.046692,43.11139,0.123723835,7,-1,-1
324.2479,768.07117,30.05957,32.642395,0.12350619,1,-1,-1
916.74335,324.3832,30.208557,34.5679,0.12097758,1,-1,-1
364.88928,16.841475,34.851074,31.58101,0.120536864,8,-1,-1
955.5521,718.2415,38.29669,24.60968,0.12053558,10,-1,-1
867.93164,287.81418,32.053284,32.285706,0.1202181,10,-1,-1
839.7491,592.4122,40.615295,31.099121,0.117829084,3,-1,-1
865.2159,173.93207,27.078918,46.21077,0.1177904,10,-1,-1
923.311,847.6899,29.66864,30.30658,0.117685854,10,-1,-1
956.8317,286.1733,34.56836,32.968994,0.11613372,10,-1,-1
132.3647,432.1863,82.11818,81.31729,0.11486393,1,-1,-1
837.30585,608.387,34.873474,29.311218,0.11404377,3,-1,-1
0.77042735,443.88226,78.75598,91.30725,0.11193654,6,-1,-1
706.6128,420.77173,36.319397,31.083221,0.11141142,3,-1,-1
837.30585,608.387,34.873474,29.311218,0.108392745,10,-1,-1
838.53503,89.80797,89.75067,47.492844,0.10771477,1,-1,-1
728.5113,440.4138,26.98523,40.02823,0.10646999,10,-1,-1
1235.4462,865.13617,42.217285,27.275269,0.10574409,10,-1,-1
956.2297,287.86795,32.54785,34.28839,0.1050182,1,-1,-1
364.88928,16.841475,34.851074,31.58101,0.104350805,4,-1,-1
612.312,341.36868,22.816223,48.228912,0.10348186,1,-1,-1
881.91064,174.4194,33.201782,50.237656,0.10289037,2,-1,-1
227.91231,98.854515,139.87086,127.91213,0.10133991,4,-1,-1
550.1402,2.4868705,81.53784,78.71871,0.10115668,4,-1,-1
462.26813,303.69028,80.71832,92.1073,0.099387735,6,-1,-1
912.0215,261.2551,40.450806,43.23117,0.09918019,2,-1,-1
438.5737,769.3757,41.378082,24.14569,0.098616034,8,-1,-1
513.6824,86.128624,24.764954,34.79869,0.09757963,1,-1,-1
609.5792,486.32425,66.0235,66.97653,0.09676215,8,-1,-1
706.6009,420.09973,34.91217,31.696106,0.096583515,1,-1,-1
867.49744,287.87155,32.229797,32.707275,0.09651521,1,-1,-1
1130.5518,967.01306,26.83899,37.09607,0.096137136,1,-1,-1
1145.2294,979.578,27.592163,39.945618,0.095659584,1,-1,-1
966.0873,286.29718,35.404053,35.795776,0.09484115,1,-1,-1
55.030983,540.74554,163.39658,117.899475,0.09462148,4,-1,-1
498.79718,100.00519,34.302124,28.052994,0.093937755,3,-1,-1
603.6984,338.5728,24.172668,50.534576,0.09372005,1,-1,-1
842.20337,588.152,40.926636,31.320862,0.091379076,8,-1,-1
532.8706,84.94452,31.375183,34.024635,0.09132975,1,-1,-1
605.11273,0.12396687,62.185608,54.261997,0.09070423,10,-1,-1
956.42786,273.7083,27.339478,34.592712,0.08919522,10,-1,-1
342.24258,790.256,33.218964,30.80896,0.08916181,1,-1,-1
829.5503,342.18823,34.95764,27.202606,0.08880666,1,-1,-1
613.1648,488.3772,63.63745,71.15411,0.08785954,1,-1,-1
667.879,555.0884,25.300476,41.521057,0.08776167,2,-1,-1
440.18405,767.2375,42.85904,25.422363,0.087551564,1,-1,-1
911.47107,260.9833,40.279724,43.489532,0.08730903,3,-1,-1
462.26813,303.69028,80.71832,92.1073,0.086377144,10,-1,-1
912.0729,260.0341,37.69403,41.799957,0.08507171,1,-1,-1
667.8496,535.2465,25.03772,48.714233,0.085013926,1,-1,-1
832.18,598.33734,36.608337,29.900635,0.08483425,3,-1,-1
407.2777,2.6704047,28.59497,38.118366,0.0842444,1,-1,-1
513.6824,86.128624,24.764954,34.79869,0.08331177,2,-1,-1
460.03204,10.911146,29.758728,44.58538,0.0827927,1,-1,-1
461.05283,302.87723,82.06802,93.28299,0.082362354,1,-1,-1
667.879,555.0884,25.300476,41.521057,0.08228129,10,-1,-1
667.8496,535.2465,25.03772,48.714233,0.08189228,7,-1,-1
164.17555,552.0553,35.37375,37.40094,0.08179811,1,-1,-1
405.83902,3.2196627,29.134003,37.189972,0.081532985,7,-1,-1
829.43604,343.53793,35.85968,25.969788,0.081150204,3,-1,-1
948.92017,523.83215,30.838135,28.839478,0.0810875,1,-1,-1
438.5737,769.3757,41.378082,24.14569,0.08044499,2,-1,-1
405.20425,2.8285298,29.40207,36.37096,0.07986203,4,-1,-1
434.5725,783.9229,36.660797,26.747864,0.07935622,1,-1,-1
322.3177,577.12006,42.70764,35.967957,0.07906079,7,-1,-1
373.1392,784.7465,33.144867,33.25946,0.079031825,1,-1,-1
653.6847,303.06467,64.66754,101.46091,0.078908384,9,-1,-1
670.1153,543.8367,25.279358,48.59552,0.0783059,3,-1,-1
948.92017,523.83215,30.838135,28.839478,0.078112066,4,-1,-1
962.85754,916.38367,79.676636,86.257996,0.0780575,3,-1,-1
923.311,847.6899,29.66864,30.30658,0.077350706,1,-1,-1
864.45123,179.6255,30.109253,47.297165,0.07717383,1,-1,-1
894.8224,178.22568,37.24109,49.14824,0.07579857,7,-1,-1
249.10173,690.07874,32.009842,31.294922,0.07574266,7,-1,-1
498.69897,88.59812,29.960815,31.3788,0.07516682,10,-1,-1
391.83075,1.4532574,30.768494,28.796242,0.0750691,10,-1,-1
888.9125,0.23213075,106.37689,49.02529,0.07494417,4,-1,-1
57.30593,538.591,163.5964,118.63104,0.07489705,7,-1,-1
956.2297,287.86795,32.54785,34.28839,0.074588835,3,-1,-1
55.030983,540.74554,163.39658,117.899475,0.07398614,5,-1,-1
321.8934,576.8127,42.498657,36.0885,0.07391381,3,-1,-1
725.8097,440.08386,30.961243,38.059418,0.07386711,3,-1,-1
672.88873,531.6199,22.83252,46.14209,0.07321003,8,-1,-1
946.45996,518.0623,32.23181,29.539978,0.07311323,10,-1,-1
405.5669,148.71782,37.40625,29.025711,0.07253075,5,-1,-1
706.6009,420.09973,34.91217,31.696106,0.07239291,2,-1,-1
936.2817,723.0278,33.8407,32.731018,0.07202524,1,-1,-1
167.21028,534.3141,26.45018,44.45581,0.07157025,10,-1,-1
729.6911,461.69937,26.012146,41.22769,0.071502775,1,-1,-1
783.58435,152.04547,43.697266,40.579056,0.07139549,1,-1,-1
881.4722,176.32869,36.570496,48.717636,0.07120472,4,-1,-1
318.17435,642.96936,36.38269,44.38147,0.070712835,7,-1,-1
405.83902,3.2196627,29.134003,37.189972,0.06918514,3,-1,-1
832.18,598.33734,36.608337,29.900635,0.068819255,10,-1,-1
936.2817,723.0278,33.8407,32.731018,0.068787605,10,-1,-1
720.18835,427.94745,32.508484,35.83127,0.0686999,10,-1,-1
462.26813,303.69028,80.71832,92.1073,0.06839949,9,-1,-1
916.39105,319.00427,40.67578,26.894257,0.068170905,1,-1,-1
923.311,847.6899,29.66864,30.30658,0.06733245,3,-1,-1
875.8383,170.91454,28.144348,47.202347,0.066229135,10,-1,-1
841.1984,89.42596,87.48151,47.6621,0.06603131,2,-1,-1
435.02853,773.2026,39.594177,27.61493,0.06589824,3,-1,-1
391.83075,1.4532574,30.768494,28.796242,0.0657863,7,-1,-1
34.066174,464.67334,39.466457,60.733887,0.06574118,1,-1,-1
726.0106,427.21637,27.116821,40.746674,0.06510332,1,-1,-1
405.5669,148.71782,37.40625,29.025711,0.06508371,4,-1,-1
696.3912,402.4233,29.98114,40.118744,0.064526886,3,-1,-1
441.21634,660.2426,38.640198,26.617432,0.06376234,1,-1,-1
407.2777,2.6704047,28.59497,38.118366,0.06370735,2,-1,-1
881.89014,177.12798,36.081055,50.079132,0.06361562,8,-1,-1
395.82614,871.7251,30.694489,32.028442,0.06324211,10,-1,-1
395.82614,871.7251,30.694489,32.028442,0.062375188,2,-1,-1
696.4276,423.26553,37.709045,32.948883,0.06166637,10,-1,-1
703.52704,411.41336,31.825745,33.1839,0.061475128,3,-1,-1
881.89014,177.12798,36.081055,50.079132,0.06141734,3,-1,-1
161.62044,559.3339,26.994644,38.124817,0.06115964,1,-1,-1
672.88873,531.6199,22.83252,46.14209,0.060738474,2,-1,-1
947.6741,278.77475,29.723938,37.096466,0.060731977,1,-1,-1
956.42786,273.7083,27.339478,34.592712,0.06070611,1,-1,-1
450.3673,671.3372,34.612366,27.32788,0.059200823,1,-1,-1
960.88,918.1405,82.828125,86.715454,0.05916232,9,-1,-1
733.9129,451.3193,26.330017,36.853302,0.059110582,2,-1,-1
904.5719,323.65652,33.59784,34.50241,0.05893725,1,-1,-1
746.5075,561.76904,28.859009,48.67688,0.058892697,1,-1,-1
251.2149,690.62573,29.960571,35.00061,0.05877331,1,-1,-1
955.5521,718.2415,38.29669,24.60968,0.058649838,3,-1,-1
894.56433,459.9032,32.187866,29.00473,0.058633536,10,-1,-1
606.57117,0.0,59.387573,55.86476,0.05799097,1,-1,-1
451.61615,675.6643,38.36258,24.330017,0.057955742,3,-1,-1
405.20425,2.8285298,29.40207,36.37096,0.057929337,8,-1,-1
842.3085,588.04034,40.535522,31.390442,0.0578427,7,-1,-1
955.6234,718.4321,36.814453,25.914917,0.05775875,1,-1,-1
791.14655,538.10034,27.888428,41.15271,0.057705015,1,-1,-1
375.859,1.3815906,31.784637,28.782913,0.05747205,5,-1,-1
370.19785,5.4886146,33.88388,29.029501,0.05723378,7,-1,-1
513.6824,86.128624,24.764954,34.79869,0.05686462,10,-1,-1
163.00795,551.3939,32.07596,38.367676,0.05661902,2,-1,-1
354.2161,648.56555,31.966644,34.47278,0.055930287,7,-1,-1
375.859,1.3815906,31.784637,28.782913,0.055915773,4,-1,-1
314.03122,643.5459,34.6998,42.271973,0.055855602,1,-1,-1
905.69385,332.19135,27.37262,35.851715,0.055834413,1,-1,-1
969.33405,886.3074,94.6994,109.06067,0.055594176,9,-1,-1
510.68857,91.14581,26.649445,35.62673,0.05531639,3,-1,-1
732.2128,460.09366,31.919373,30.324951,0.055250436,1,-1,-1
498.69897,88.59812,29.960815,31.3788,0.0551852,2,-1,-1
735.7047,459.82526,36.841248,30.50467,0.055179417,3,-1,-1
249.10173,690.07874,32.009842,31.294922,0.055160314,3,-1,-1
655.6076,309.51874,64.335144,94.91983,0.05486226,5,-1,-1
321.6237,575.4279,41.69763,35.869873,0.054778248,1,-1,-1
472.20023,10.79879,26.7081,47.309303,0.054605514,1,-1,-1
406.1752,873.1454,30.572815,38.351074,0.054558992,1,-1,-1
971.57404,284.2297,33.38092,38.400085,0.05297947,10,-1,-1
746.7582,565.4559,29.690552,45.208435,0.052505106,8,-1,-1
249.10173,690.07874,32.009842,31.294922,0.052400857,8,-1,-1
425.32193,777.7853,37.184082,28.282959,0.051586807,10,-1,-1
956.42786,273.7083,27.339478,34.592712,0.051578403,3,-1,-1
375.859,1.3815906,31.784637,28.782913,0.051474005,10,-1,-1
24.585321,473.33524,37.345932,58.85782,0.051454842,1,-1,-1
161.36061,526.8601,29.117645,38.791077,0.05137232,1,-1,-1
498.69897,88.59812,29.960815,31.3788,0.051056832,1,-1,-1
461.09534,677.9051,33.59308,23.953796,0.051030844,1,-1,-1
901.12134,176.75227,32.635376,47.846542,0.050993532,1,-1,-1
956.2347,535.40784,30.430603,31.700684,0.050658375,1,-1,-1
904.5399,346.1627,31.11145,29.278198,0.050614506,1,-1,-1
966.50555,286.3661,33.908142,36.822296,0.050590664,3,-1,-1
868.66223,286.93378,32.049316,33.986053,0.050368607,2,-1,-1
865.187,168.52559,24.872803,44.99579,0.05032736,1,-1,-1
589.0084,366.66943,28.561096,48.821014,0.0501087,1,-1,-1
