965.4244,746.07544,85.24701,156.82446,0.9993545,4,-1,-1
919.3706,232.63234,46.40808,67.78929,0.9990128,5,-1,-1
1321.9315,806.70325,206.8208,165.38898,0.99863756,4,-1,-1
966.47186,632.15497,76.32062,125.20331,0.9985806,4,-1,-1
885.15753,319.83685,49.3443,71.45471,0.99732304,4,-1,-1
899.53577,502.68347,72.58911,121.81787,0.9841932,5,-1,-1
883.2718,148.46338,40.162292,58.548935,0.9795649,5,-1,-1
904.9812,136.68602,56.351013,38.708313,0.969316,4,-1,-1
1316.859,645.86383,54.51245,49.006958,0.9629067,10,-1,-1
883.09607,89.13971,48.53247,33.52314,0.9513657,4,-1,-1
882.37537,449.86618,42.01831,58.725983,0.9245471,7,-1,-1
650.0543,770.52576,64.70172,41.414673,0.9158005,10,-1,-1
968.22766,364.0073,42.4917,65.53085,0.9099529,8,-1,-1
1307.889,698.5183,122.827515,80.08331,0.87988293,7,-1,-1
1308.1613,698.88776,116.982056,77.98578,0.8758527,8,-1,-1
1264.4017,1016.2139,52.478394,60.368225,0.85819596,2,-1,-1
996.21564,527.0111,50.941833,83.14862,0.8535279,8,-1,-1
961.8215,391.56888,45.102234,70.07941,0.83027947,8,-1,-1
893.18335,386.38586,58.941162,71.25311,0.73588413,4,-1,-1
701.148,427.3381,41.98419,38.654785,0.69470096,10,-1,-1
691.5209,363.49176,52.464233,30.652618,0.6080895,7,-1,-1
1232.4852,1022.5726,164.68774,54.009583,0.58922476,7,-1,-1
960.4464,404.77747,46.44153,69.497345,0.57826304,7,-1,-1
743.90356,865.0335,41.944458,57.05426,0.57820606,7,-1,-1
789.71545,192.87738,39.537964,44.37648,0.56644017,7,-1,-1
898.97394,506.19446,72.74902,118.80145,0.5621414,4,-1,-1
780.47614,339.67712,30.058105,50.428955,0.5567019,7,-1,-1
839.9559,44.58985,65.28723,52.67729,0.5213323,6,-1,-1
1238.8431,1024.6083,138.8208,51.973877,0.49794364,10,-1,-1
797.6502,54.107304,29.439453,49.74954,0.45926276,7,-1,-1
1149.7863,309.1458,27.237305,41.950745,0.4348802,10,-1,-1
1101.5474,291.7663,32.914673,55.314514,0.43355107,7,-1,-1
996.626,526.7184,50.564697,83.40674,0.42275724,7,-1,-1
1512.3,872.11487,53.759644,41.67389,0.41472822,10,-1,-1
892.53406,384.795,58.875244,73.57333,0.409997,8,-1,-1
1214.9396,442.94437,41.89734,28.49466,0.40051168,10,-1,-1
701.148,427.3381,41.98419,38.654785,0.3943819,7,-1,-1
789.72174,192.44193,39.455444,44.51715,0.37530416,8,-1,-1
1316.859,645.86383,54.51245,49.006958,0.34346712,7,-1,-1
868.0084,0.024515413,32.18512,32.91955,0.33787155,4,-1,-1
847.1325,0.39489973,32.71118,33.180237,0.33448428,4,-1,-1
1308.0946,699.25165,109.53967,77.83545,0.33362374,4,-1,-1
840.4252,44.722866,63.03351,51.615017,0.3232515,8,-1,-1
753.65063,858.8346,31.960205,44.029602,0.32280803,2,-1,-1
780.5807,340.4807,30.133118,49.5542,0.29711533,8,-1,-1
878.9423,0.2843421,33.03015,33.8537,0.2875924,4,-1,-1
1307.996,699.5308,115.87256,77.29297,0.26778668,1,-1,-1
1232.926,1024.4025,105.97864,52.179688,0.264486,2,-1,-1
893.1689,386.86096,59.401,70.44174,0.25940663,1,-1,-1
892.3387,387.74976,59.812195,68.947296,0.25824642,5,-1,-1
1251.2281,1019.3425,70.11182,57.239624,0.25266019,10,-1,-1
847.1325,0.39489973,32.71118,33.180237,0.2519982,5,-1,-1
878.9423,0.2843421,33.03015,33.8537,0.24929148,5,-1,-1
747.4785,865.2722,38.457886,53.831055,0.2426211,10,-1,-1
698.5992,520.4872,66.62488,26.808899,0.22746587,7,-1,-1
1409.8638,771.8667,35.957886,58.14038,0.22263038,10,-1,-1
840.5103,45.523365,65.440674,51.685207,0.22153267,7,-1,-1
1462.9729,753.54156,32.783203,54.42639,0.2160247,10,-1,-1
697.2701,520.71204,70.08533,26.55603,0.20835492,10,-1,-1
1023.6574,106.6602,45.05133,27.49562,0.20162481,7,-1,-1
1512.3,872.11487,53.759644,41.67389,0.20095855,3,-1,-1
653.0963,752.9991,59.40692,46.68524,0.19941077,10,-1,-1
697.2701,520.71204,70.08533,26.55603,0.19831863,3,-1,-1
868.0084,0.024515413,32.18512,32.91955,0.19461021,5,-1,-1
780.5976,339.6092,30.852478,49.651306,0.19182566,2,-1,-1
1464.4998,748.16895,32.3114,59.565674,0.17756167,3,-1,-1
898.97394,506.19446,72.74902,118.80145,0.17719948,9,-1,-1
885.70636,437.3547,34.881165,58.121765,0.17656314,2,-1,-1
966.75165,370.92477,43.838135,70.675446,0.17102924,7,-1,-1
889.88684,363.8788,54.335144,72.787994,0.16901574,4,-1,-1
694.01514,361.91013,51.034668,30.76059,0.16312826,3,-1,-1
694.88007,353.22635,49.786987,30.549438,0.15946138,7,-1,-1
882.5939,450.74634,41.948486,57.471283,0.15339816,8,-1,-1
797.3397,53.953815,29.779053,50.618145,0.15162623,6,-1,-1
684.1226,376.94107,45.555847,31.128143,0.15075532,7,-1,-1
1513.1858,872.0169,52.246826,41.839355,0.15015468,1,-1,-1
833.23987,34.105404,59.917114,43.385532,0.15007576,6,-1,-1
1020.10095,74.445274,35.468018,32.39347,0.14754865,7,-1,-1
881.5706,447.92715,42.518982,59.914642,0.1463449,1,-1,-1
781.1467,339.94556,29.878784,50.3049,0.14444187,1,-1,-1
1236.3608,1024.598,93.42151,51.97827,0.14404443,3,-1,-1
1101.5474,291.7663,32.914673,55.314514,0.1433391,10,-1,-1
868.0084,0.024515413,32.18512,32.91955,0.1423518,6,-1,-1
1214.4098,442.1128,42.09607,28.329956,0.14012429,7,-1,-1
1308.2778,699.10046,113.645386,78.140076,0.13641447,3,-1,-1
833.23987,34.105404,59.917114,43.385532,0.13440415,8,-1,-1
893.4655,386.60773,59.086914,70.46463,0.13353986,2,-1,-1
868.0084,0.024515413,32.18512,32.91955,0.13332781,8,-1,-1
994.4285,527.2405,53.12738,82.28583,0.13323587,6,-1,-1
847.1325,0.39489973,32.71118,33.180237,0.13308299,8,-1,-1
1023.6574,106.6602,45.05133,27.49562,0.12921411,8,-1,-1
650.0078,770.49384,65.121704,41.324768,0.1282593,4,-1,-1
1513.1296,872.1151,53.221436,41.996033,0.127175,8,-1,-1
889.88684,363.8788,54.335144,72.787994,0.12605014,8,-1,-1
839.32874,38.422768,55.828186,46.380333,0.12418035,4,-1,-1
1214.9396,442.94437,41.89734,28.49466,0.12189269,3,-1,-1
743.08276,469.3654,24.283386,58.833527,0.12126228,1,-1,-1
757.2179,855.71484,30.532654,40.797974,0.119715065,10,-1,-1
628.48566,408.16763,23.63324,49.279022,0.119446695,10,-1,-1
748.9227,860.24744,35.92285,49.213257,0.11808431,1,-1,-1
888.24835,407.26608,52.05133,77.086426,0.11629638,8,-1,-1
893.43097,386.97122,58.777405,70.30893,0.11622968,10,-1,-1
797.21356,31.877665,26.772156,57.41217,0.112754434,7,-1,-1
698.5992,520.4872,66.62488,26.808899,0.112517655,8,-1,-1
1020.10095,74.445274,35.468018,32.39347,0.11116433,10,-1,-1
1120.1504,209.70708,29.039307,37.550705,0.10964233,1,-1,-1
1241.3336,1022.08356,80.80408,54.498596,0.10953349,7,-1,-1
690.8046,363.0866,53.458435,30.645233,0.10878873,10,-1,-1
882.28827,449.5459,42.27838,59.02414,0.10608262,3,-1,-1
888.24835,407.26608,52.05133,77.086426,0.10594615,7,-1,-1
797.3397,53.953815,29.779053,50.618145,0.10541114,8,-1,-1
1409.8811,771.16766,36.515747,59.31378,0.10475752,3,-1,-1
781.1467,339.94556,29.878784,50.3049,0.10450721,10,-1,-1
1254.6158,1029.5043,41.740845,47.07788,0.104451686,2,-1,-1
840.8067,9.44334,38.442627,32.46013,0.10320988,4,-1,-1
883.7075,141.83496,39.49872,49.508255,0.10211018,4,-1,-1
1149.6431,306.31848,28.752686,43.142303,0.1016739,3,-1,-1
782.7924,154.07521,32.06653,34.6483,0.10166389,7,-1,-1
882.5939,450.74634,41.948486,57.471283,0.10063639,10,-1,-1
878.9423,0.2843421,33.03015,33.8537,0.100372046,6,-1,-1
701.148,427.3381,41.98419,38.654785,0.10021776,4,-1,-1
628.82666,384.36066,38.035522,32.284058,0.09973207,3,-1,-1
1408.5333,767.0883,33.51526,52.219666,0.098906636,2,-1,-1
1056.1166,173.20319,47.30432,25.305618,0.098894715,3,-1,-1
671.9019,778.8271,72.54932,37.246155,0.09566757,10,-1,-1
793.05084,173.51991,32.93097,48.9028,0.09566349,7,-1,-1
1308.0946,699.25165,109.53967,77.83545,0.09547177,10,-1,-1
904.3296,135.42955,53.44757,39.017258,0.09502888,7,-1,-1
687.20013,352.8512,49.80133,28.7482,0.094893545,3,-1,-1
946.9542,0.24286613,36.907288,29.042665,0.09474206,7,-1,-1
836.29553,32.310925,46.220276,36.805515,0.09447491,4,-1,-1
968.1246,364.98987,42.444824,64.865326,0.09345588,2,-1,-1
883.4758,88.71861,47.69464,34.054886,0.09314221,5,-1,-1
994.1562,526.66534,53.171326,82.911865,0.09290844,4,-1,-1
1348.2644,549.0689,25.280151,47.837708,0.0923816,1,-1,-1
768.22656,41.358902,26.813171,47.82354,0.09215626,7,-1,-1
966.8277,632.4787,76.27191,124.008484,0.09209445,9,-1,-1
633.744,369.51334,34.726257,35.932495,0.09042868,3,-1,-1
899.53577,502.68347,72.58911,121.81787,0.09032193,1,-1,-1
743.78326,467.9274,22.862305,60.05728,0.09022987,8,-1,-1
1023.4651,106.712944,44.51477,27.480202,0.089753866,10,-1,-1
968.6149,364.08746,42.00879,66.16562,0.08973199,4,-1,-1
650.07196,769.5322,65.27893,42.12091,0.08823499,7,-1,-1
898.97394,506.19446,72.74902,118.80145,0.08792189,6,-1,-1
994.1562,526.66534,53.171326,82.911865,0.08640841,5,-1,-1
1054.9009,173.12508,47.42798,24.7854,0.08444691,10,-1,-1
781.1467,339.94556,29.878784,50.3049,0.08437312,3,-1,-1
679.2519,358.43295,45.55725,31.69403,0.0835042,7,-1,-1
701.13086,783.27563,55.466064,31.174133,0.081485,3,-1,-1
833.23987,34.105404,59.917114,43.385532,0.08142415,7,-1,-1
753.65063,858.8346,31.960205,44.029602,0.08095962,7,-1,-1
757.2179,855.71484,30.532654,40.797974,0.07926622,1,-1,-1
883.9933,148.88751,39.680542,57.35666,0.078825206,1,-1,-1
991.6283,0.48800334,47.282593,22.898493,0.07862824,7,-1,-1
1254.4158,1027.0721,137.91309,49.51001,0.07858455,3,-1,-1
781.26135,164.03125,38.083313,54.499527,0.078033864,7,-1,-1
946.9542,0.24286613,36.907288,29.042665,0.07802257,8,-1,-1
1307.9282,699.0784,113.71155,77.8562,0.07791129,2,-1,-1
847.0141,0.0,32.3869,33.60778,0.07732421,7,-1,-1
751.28107,43.646004,22.925476,47.03018,0.07705459,7,-1,-1
1101.3198,291.67764,32.462402,56.276825,0.076981544,1,-1,-1
647.1581,364.95438,28.93097,38.02475,0.076848686,3,-1,-1
847.1325,0.39489973,32.71118,33.180237,0.07635367,6,-1,-1
743.08276,469.3654,24.283386,58.833527,0.07592365,10,-1,-1
784.8627,252.02136,25.533997,57.867035,0.07510167,7,-1,-1
743.78326,467.9274,22.862305,60.05728,0.0747523,7,-1,-1
1003.28986,4.3760843,45.28656,25.524921,0.07456353,7,-1,-1
1325.4624,803.3295,201.29163,166.87988,0.07446495,1,-1,-1
775.44904,250.2106,31.181274,61.03421,0.07364997,1,-1,-1
1276.105,1009.49695,36.949585,51.117065,0.07362571,2,-1,-1
991.6283,0.48800334,47.282593,22.898493,0.073257715,8,-1,-1
679.2519,358.43295,45.55725,31.69403,0.072695315,3,-1,-1
672.99677,748.765,51.128662,32.005005,0.07266277,10,-1,-1
960.75745,380.99796,48.784363,92.506714,0.07248348,6,-1,-1
1023.8706,93.51098,34.613037,37.407967,0.07234624,7,-1,-1
840.8067,9.44334,38.442627,32.46013,0.07177132,8,-1,-1
1023.4651,106.712944,44.51477,27.480202,0.071588725,3,-1,-1
788.0468,45.140526,33.14093,52.608147,0.07123312,7,-1,-1
1158.3228,306.09286,30.452148,44.30237,0.07096633,10,-1,-1
966.8277,632.4787,76.27191,124.008484,0.070890576,3,-1,-1
889.88684,363.8788,54.335144,72.787994,0.07059154,5,-1,-1
904.9812,136.68602,56.351013,38.708313,0.06989899,8,-1,-1
892.3387,387.74976,59.812195,68.947296,0.06972155,6,-1,-1
1020.10095,74.445274,35.468018,32.39347,0.06935948,8,-1,-1
792.731,19.018389,28.22705,41.51912,0.06928873,7,-1,-1
1410.014,771.64307,34.871338,55.12439,0.06927961,1,-1,-1
1003.28986,4.3760843,45.28656,25.524921,0.06915668,8,-1,-1
960.79144,406.94748,46.38269,67.483734,0.068816036,2,-1,-1
685.63257,721.4406,47.557068,30.024536,0.06881565,3,-1,-1
1054.9009,173.12508,47.42798,24.7854,0.06778401,7,-1,-1
765.3233,857.4487,27.072449,40.67151,0.06739873,2,-1,-1
882.5939,450.74634,41.948486,57.471283,0.06726855,4,-1,-1
1214.1113,631.9389,27.308105,44.476257,0.0669426,1,-1,-1
868.0084,0.024515413,32.18512,32.91955,0.06691247,7,-1,-1
1101.2013,291.4345,33.303833,55.859222,0.06679872,4,-1,-1
882.4397,88.607864,49.698853,34.7285,0.066527784,1,-1,-1
882.8106,150.69386,39.958984,54.663055,0.066348225,6,-1,-1
883.4758,88.71861,47.69464,34.054886,0.06577036,7,-1,-1
1101.6713,291.24783,32.716797,55.53302,0.06561491,2,-1,-1
684.8932,517.6924,46.056274,29.719421,0.06522459,10,-1,-1
1001.6426,73.1681,41.94043,30.858932,0.06519088,7,-1,-1
633.744,369.51334,34.726257,35.932495,0.06511995,10,-1,-1
764.407,251.36304,27.48291,62.427063,0.06504348,1,-1,-1
1150.2612,291.7859,30.566528,45.913788,0.06485617,10,-1,-1
1512.9718,872.21533,52.457764,42.03003,0.064759105,2,-1,-1
696.099,729.1762,38.882263,38.61737,0.064519286,3,-1,-1
797.3397,53.953815,29.779053,50.618145,0.06377995,4,-1,-1
1101.4141,291.5328,33.07141,56.03067,0.06357315,3,-1,-1
1325.4624,803.3295,201.29163,166.87988,0.06330836,10,-1,-1
960.3469,406.19476,45.99115,68.06152,0.06320053,1,-1,-1
640.2732,378.06476,34.22699,37.929047,0.06308696,3,-1,-1
739.03094,225.75897,23.952515,56.321777,0.06301558,1,-1,-1
743.08276,469.3654,24.283386,58.833527,0.06300005,3,-1,-1
1143.5848,283.3053,26.97937,45.647003,0.062772214,3,-1,-1
701.13086,783.27563,55.466064,31.174133,0.06259149,10,-1,-1
1166.1519,275.53683,41.489746,29.087616,0.062489837,10,-1,-1
754.08655,253.5002,23.140503,56.8882,0.062330574,1,-1,-1
628.48566,408.16763,23.63324,49.279022,0.062076718,3,-1,-1
1325.4624,803.3295,201.29163,166.87988,0.0619601,2,-1,-1
883.7075,141.83496,39.49872,49.508255,0.061957657,8,-1,-1
773.32196,49.128326,23.259888,57.22795,0.061939508,7,-1,-1
904.9943,136.97267,56.486877,38.261047,0.06161189,10,-1,-1
1119.5651,219.06075,37.303833,29.953857,0.06114939,3,-1,-1
840.8067,9.44334,38.442627,32.46013,0.061027348,5,-1,-1
1018.03326,73.82969,36.483704,32.986946,0.060821652,3,-1,-1
1459.6392,771.1063,35.21826,40.74524,0.06060168,3,-1,-1
968.7847,364.57272,42.089905,65.3631,0.06019005,1,-1,-1
647.1581,364.95438,28.93097,38.02475,0.060072184,10,-1,-1
681.43805,738.25165,46.921753,30.607178,0.05983132,3,-1,-1
1054.9009,173.12508,47.42798,24.7854,0.05970198,8,-1,-1
961.947,113.76383,36.968567,34.231834,0.05959633,7,-1,-1
1264.5286,1015.8042,50.513794,60.777954,0.059572756,1,-1,-1
1130.0508,274.5092,32.07788,32.920044,0.059474558,10,-1,-1
780.892,153.69225,35.256714,32.034286,0.05924967,10,-1,-1
893.52496,385.9528,59.47101,72.6741,0.058988333,3,-1,-1
616.194,420.3489,32.716736,42.71292,0.05885881,10,-1,-1
996.21564,527.0111,50.941833,83.14862,0.05857566,1,-1,-1
1308.0946,699.25165,109.53967,77.83545,0.058265746,5,-1,-1
628.82666,384.36066,38.035522,32.284058,0.05822593,10,-1,-1
661.5364,749.76465,52.869568,34.23352,0.058193475,3,-1,-1
904.9812,136.68602,56.351013,38.708313,0.05810091,1,-1,-1
1283.9114,1017.01166,43.43811,53.078186,0.058080345,2,-1,-1
834.73865,29.157274,50.850525,30.948454,0.05801606,5,-1,-1
1133.0513,276.25354,37.864624,29.826355,0.05788946,3,-1,-1
650.07196,769.5322,65.27893,42.12091,0.057798505,3,-1,-1
1406.6111,807.3593,41.6156,45.35791,0.057717383,10,-1,-1
1513.1296,872.1151,53.221436,41.996033,0.05746618,7,-1,-1
878.9423,0.2843421,33.03015,33.8537,0.057395816,7,-1,-1
1385.8634,606.4276,27.433228,45.549133,0.057272017,1,-1,-1
716.9872,353.51218,37.678223,36.40265,0.057198852,7,-1,-1
1229.8461,1021.2234,167.71533,55.358765,0.057031065,8,-1,-1
361.89655,821.703,94.26779,48.060974,0.0565404,8,-1,-1
738.0926,261.19113,26.331604,45.741302,0.056456894,1,-1,-1
1411.8745,789.81866,34.43921,63.620605,0.0561592,1,-1,-1
690.5539,371.50833,51.10376,32.47882,0.055838853,3,-1,-1
789.3603,192.22371,39.910706,45.141632,0.055793107,10,-1,-1
904.3296,135.42955,53.44757,39.017258,0.055611223,5,-1,-1
878.9423,0.2843421,33.03015,33.8537,0.055588365,8,-1,-1
1360.887,552.0699,57.32422,36.86084,0.055488348,4,-1,-1
887.3731,324.75946,47.242188,68.58157,0.055160403,10,-1,-1
834.73865,29.157274,50.850525,30.948454,0.05465001,8,-1,-1
1168.306,276.1412,42.29773,28.482605,0.054522008,3,-1,-1
789.72174,192.44193,39.455444,44.51715,0.05446601,1,-1,-1
1238.8431,1024.6083,138.8208,51.973877,0.054461956,4,-1,-1
882.8106,150.69386,39.958984,54.663055,0.05382508,9,-1,-1
830.7944,2.4135764,41.50122,31.520544,0.053604245,8,-1,-1
1143.5848,283.3053,26.97937,45.647003,0.05341354,10,-1,-1
1150.2544,308.22147,26.636963,43.03485,0.053206295,7,-1,-1
780.892,153.69225,35.256714,32.034286,0.05302161,3,-1,-1
724.79535,517.31696,45.60962,32.335327,0.052947164,7,-1,-1
891.74243,387.97516,59.83246,68.781555,0.052945077,7,-1,-1
961.947,113.76383,36.968567,34.231834,0.052835435,10,-1,-1
1149.0924,290.2448,33.40979,40.229797,0.05280009,3,-1,-1
681.43805,738.25165,46.921753,30.607178,0.052709907,10,-1,-1
883.16425,89.04914,48.623047,34.137726,0.052426964,10,-1,-1
784.4416,242.7686,26.20752,59.804764,0.052266,10,-1,-1
125.96723,577.38,199.6297,93.565125,0.05216384,5,-1,-1
1460.3212,775.7381,33.226807,44.39508,0.052095026,10,-1,-1
1101.5474,291.7663,32.914673,55.314514,0.052003056,8,-1,-1
687.20013,352.8512,49.80133,28.7482,0.05153826,10,-1,-1
1012.60156,55.752625,34.874634,31.414604,0.05143237,7,-1,-1
1854.5981,284.21832,27.223877,46.628662,0.050996304,1,-1,-1
961.947,113.76383,36.968567,34.231834,0.050579906,3,-1,-1
700.9612,427.5034,40.90808,39.67093,0.05010122,2,-1,-1
981.90295,77.55951,31.77179,33.56729,0.050089777,10,-1,-1
789.72174,192.44193,39.455444,44.51715,0.05008459,3,-1,-1
