847.18134,249.85101,17.430176,29.194824,0.90403104,1,-1,-1
800.1446,297.38712,15.548828,24.423615,0.88025343,1,-1,-1
820.0627,107.81577,17.759949,27.440376,0.8679243,1,-1,-1
743.54126,3.07504,14.676331,27.73219,0.83757615,1,-1,-1
824.1888,245.46869,20.034851,26.865845,0.82733715,1,-1,-1
796.34344,270.76282,16.385132,25.28888,0.8258777,1,-1,-1
835.76624,106.588036,16.955322,30.084023,0.82147706,1,-1,-1
759.0529,0.0,15.999023,26.625587,0.8114629,1,-1,-1
723.7436,548.20166,18.011902,18.952393,0.7929561,1,-1,-1
814.9878,283.76166,15.3776245,28.11554,0.7751765,1,-1,-1
925.6959,766.8999,20.191406,19.535156,0.7550411,1,-1,-1
792.49005,359.1643,16.235168,29.358337,0.7462864,1,-1,-1
802.7537,677.70013,17.272156,17.423645,0.741036,1,-1,-1
786.3133,335.47296,17.581604,29.09024,0.7216937,1,-1,-1
863.2178,752.27124,18.049988,24.834045,0.7200819,1,-1,-1
785.7027,275.7179,13.406372,20.760529,0.70610434,1,-1,-1
733.63226,609.06177,14.158508,18.18451,0.66821885,1,-1,-1
778.73267,5.28574,16.487915,34.202583,0.6541225,1,-1,-1
913.0139,659.7167,18.383667,18.684082,0.64746535,1,-1,-1
932.9507,239.7832,42.92755,27.688324,0.63042307,10,-1,-1
915.73083,693.9255,19.484741,22.73639,0.6113279,1,-1,-1
844.2226,736.2192,15.491882,23.93103,0.6057904,1,-1,-1
728.3853,573.07806,17.08319,25.0,0.5941061,1,-1,-1
705.41016,69.21091,14.9817505,24.040138,0.57141644,1,-1,-1
38.1282,73.86712,7.897999,9.562759,0.5617254,1,-1,-1
780.2362,369.47577,17.07251,22.938904,0.54332745,1,-1,-1
897.3874,691.4449,18.74347,25.69458,0.53781986,1,-1,-1
718.09344,312.549,41.04236,30.519836,0.5233675,10,-1,-1
806.0858,654.06433,17.528992,18.507263,0.52088034,1,-1,-1
295.288,180.29944,39.44638,39.47252,0.48430207,1,-1,-1
899.74646,683.5993,20.737183,25.946045,0.46921432,1,-1,-1
834.548,752.22125,18.234375,19.721558,0.46325454,1,-1,-1
714.27783,340.1502,35.876953,18.828064,0.4316283,10,-1,-1
893.2132,761.4075,20.870972,21.347778,0.4313153,1,-1,-1
703.3682,87.72656,17.027954,21.87413,0.42883795,2,-1,-1
20.379728,362.9426,31.486773,27.680176,0.4247833,10,-1,-1
893.2132,761.4075,20.870972,21.347778,0.41291225,2,-1,-1
262.6797,234.38835,43.47107,32.118484,0.4085058,1,-1,-1
905.4789,750.923,16.463196,21.302185,0.40316463,1,-1,-1
856.43536,715.4442,19.316833,18.44751,0.3711577,1,-1,-1
1104.6948,357.57553,22.511963,23.477875,0.36820024,2,-1,-1
909.019,681.85297,16.74469,19.611023,0.3680718,1,-1,-1
913.7091,683.1924,20.56311,27.011719,0.36755335,1,-1,-1
481.52792,391.95587,67.64908,36.2041,0.36481482,6,-1,-1
363.4437,533.862,20.833374,25.368225,0.3603953,2,-1,-1
1101.8926,340.8119,16.951538,26.068726,0.35565126,10,-1,-1
874.98193,673.9602,20.781433,39.4682,0.3356663,10,-1,-1
694.17303,359.14047,24.85144,26.340515,0.33090973,1,-1,-1
730.10736,620.27545,10.723633,19.696777,0.32051936,1,-1,-1
862.90186,717.7999,16.071472,15.299744,0.31675553,1,-1,-1
695.31885,101.48986,17.920105,22.649345,0.31675196,2,-1,-1
701.9849,80.17965,17.799927,24.940483,0.3089125,1,-1,-1
270.77606,684.26685,9.190247,12.637329,0.3087023,1,-1,-1
730.3812,565.8607,15.408569,17.658081,0.307685,1,-1,-1
875.5503,676.6071,19.663269,26.41565,0.30664623,2,-1,-1
987.6853,393.92157,12.225769,35.36737,0.30497268,10,-1,-1
733.5793,609.04065,14.334412,18.012512,0.30136913,2,-1,-1
709.37274,387.0359,46.857483,23.527893,0.29946384,10,-1,-1
696.94324,92.62313,17.68451,25.885605,0.29726198,2,-1,-1
736.3813,201.5146,10.486267,16.172714,0.29261452,1,-1,-1
802.7537,677.70013,17.272156,17.423645,0.29190922,2,-1,-1
1213.3989,684.57587,46.79419,102.96808,0.29008847,9,-1,-1
698.3992,79.81966,12.374512,19.311714,0.2867065,2,-1,-1
875.67255,674.83923,19.143555,29.759766,0.28331023,1,-1,-1
698.0726,80.116295,14.0997925,19.831978,0.280999,1,-1,-1
709.4769,386.81705,46.43976,23.185638,0.2779586,3,-1,-1
278.73874,571.37164,215.80731,89.65631,0.2715509,6,-1,-1
926.5513,298.75842,41.909973,31.835938,0.27138034,10,-1,-1
950.18933,213.79324,33.19397,29.802155,0.26759085,10,-1,-1
1002.8234,584.3151,20.06372,50.08551,0.2648216,10,-1,-1
933.47687,631.59515,52.1167,108.62067,0.26370496,8,-1,-1
877.44946,686.7914,16.0495,29.028442,0.26307485,1,-1,-1
736.0237,200.994,11.013794,14.74678,0.26205486,2,-1,-1
921.5331,423.43896,41.542053,21.089905,0.26143664,10,-1,-1
744.0792,712.31024,12.430054,10.989136,0.26109236,1,-1,-1
252.3143,159.5813,11.001587,10.143219,0.2584967,1,-1,-1
856.971,713.4291,21.00409,19.743164,0.25035846,2,-1,-1
731.8562,200.82907,14.966003,24.530624,0.24795762,2,-1,-1
99.27169,233.81038,123.167946,57.293625,0.24697497,10,-1,-1
733.13055,622.36694,11.710815,17.826477,0.24563825,1,-1,-1
698.0958,87.069954,14.34436,23.958336,0.24560222,2,-1,-1
1100.3022,339.13184,26.020142,39.87616,0.24438849,10,-1,-1
897.69806,750.78357,23.989746,29.063843,0.24130487,1,-1,-1
437.4064,78.929665,62.435455,42.034294,0.23523155,6,-1,-1
784.7813,274.10242,16.945496,22.886017,0.22854444,2,-1,-1
862.3449,753.5106,19.41278,23.677734,0.2284204,2,-1,-1
748.63556,707.94684,11.463928,10.660645,0.22774938,1,-1,-1
764.0461,694.10156,11.900757,18.800598,0.22715989,1,-1,-1
705.36285,68.33381,14.74054,24.738403,0.22312123,2,-1,-1
877.6407,686.3537,15.704529,29.890076,0.22288778,10,-1,-1
708.2273,92.983635,11.436401,15.272423,0.22279927,2,-1,-1
713.53595,339.67435,37.98517,23.419281,0.21990913,1,-1,-1
932.3212,236.6437,45.761536,32.26764,0.2179043,3,-1,-1
743.4994,712.8447,12.497803,11.150635,0.21756393,2,-1,-1
748.0859,707.5132,12.124634,11.926636,0.21686661,2,-1,-1
764.0461,694.10156,11.900757,18.800598,0.21624547,2,-1,-1
77.2143,457.33307,34.813225,14.78006,0.21517015,1,-1,-1
717.8396,314.39676,40.96692,28.12909,0.21504489,3,-1,-1
1104.47,357.38806,22.773071,24.140686,0.21304807,1,-1,-1
704.00555,81.256775,15.369385,21.26326,0.21178639,2,-1,-1
913.4906,672.8985,18.26471,21.789917,0.21002239,1,-1,-1
131.39687,337.90775,181.39568,89.03201,0.20678616,7,-1,-1
975.4571,394.09323,10.94043,34.879486,0.20643255,3,-1,-1
790.80096,347.768,15.4422,31.007965,0.20631695,1,-1,-1
1103.1407,341.74222,20.219238,29.608154,0.20505568,2,-1,-1
1067.5741,316.73807,19.752075,33.319244,0.2035808,4,-1,-1
438.69836,80.460625,61.09439,40.106026,0.19895926,5,-1,-1
719.5159,303.36935,37.90869,30.237793,0.19832069,10,-1,-1
878.03485,689.26154,14.999084,26.135376,0.19750077,2,-1,-1
744.94684,709.41187,16.670654,15.120728,0.1974451,2,-1,-1
886.0848,190.99174,26.787537,55.593445,0.19706291,3,-1,-1
935.4155,630.61914,49.305847,111.33984,0.19682077,6,-1,-1
697.478,86.53576,18.505005,25.057549,0.19640663,1,-1,-1
709.3415,387.43085,46.89453,23.075989,0.19421858,1,-1,-1
462.24963,41.74537,15.303589,13.944733,0.1921441,2,-1,-1
915.2059,692.8773,20.3172,23.52649,0.19078091,2,-1,-1
714.27783,340.1502,35.876953,18.828064,0.19042063,3,-1,-1
695.31885,101.48986,17.920105,22.649345,0.19016206,1,-1,-1
920.8929,423.38577,42.59247,21.558167,0.18860012,3,-1,-1
214.10214,361.87024,29.80368,40.904266,0.18797803,2,-1,-1
100.77512,236.24756,122.65084,52.389557,0.18789306,4,-1,-1
30.048792,365.8002,21.123045,24.91565,0.18766108,2,-1,-1
706.0976,206.98866,7.210327,10.953827,0.18605673,1,-1,-1
934.27155,225.71466,45.680603,35.947723,0.1837833,10,-1,-1
851.1309,87.86325,16.141235,32.692253,0.18324938,3,-1,-1
306.64233,23.377504,190.2142,92.73053,0.18316221,6,-1,-1
703.88763,89.33001,16.379944,20.022118,0.18292993,1,-1,-1
742.0608,714.26996,10.962036,10.75116,0.17955169,1,-1,-1
899.1631,8.0478115,8.690186,10.209801,0.17934051,1,-1,-1
806.36646,654.10406,17.093018,18.515137,0.17821571,2,-1,-1
278.83627,685.62634,9.43158,11.607666,0.17813313,1,-1,-1
767.5872,704.50635,13.009705,28.184326,0.1774393,1,-1,-1
744.81934,708.8753,18.075256,16.801392,0.17704716,1,-1,-1
900.0812,751.6097,21.568054,25.509705,0.1769036,2,-1,-1
77.1532,454.0957,41.50894,28.711426,0.1761806,1,-1,-1
1104.1146,356.05548,23.306763,26.543457,0.1742076,10,-1,-1
695.4872,358.95212,22.11438,27.40033,0.17393166,2,-1,-1
932.5834,565.9618,33.545593,59.315796,0.17278793,8,-1,-1
732.2108,621.64636,12.791504,19.136292,0.17123869,2,-1,-1
52.03968,321.2928,14.868927,19.872192,0.16950172,2,-1,-1
456.73172,45.167034,17.397217,18.014832,0.16897199,2,-1,-1
1016.23254,199.7808,24.785645,48.048386,0.1683465,10,-1,-1
359.21017,544.9736,22.093628,26.442749,0.16824386,2,-1,-1
731.8562,200.82907,14.966003,24.530624,0.16762179,1,-1,-1
852.8658,714.7574,15.06012,20.953003,0.1672765,1,-1,-1
698.12634,351.5021,22.994202,22.498901,0.1667563,1,-1,-1
723.7928,547.9774,17.865906,19.223145,0.16616979,2,-1,-1
1131.2106,329.00183,26.198975,55.86737,0.16572106,4,-1,-1
763.14014,696.3725,15.229797,29.808533,0.16459581,1,-1,-1
31.299133,367.41403,19.397415,24.84433,0.16381177,10,-1,-1
457.34637,58.437286,9.119568,10.397186,0.16364542,2,-1,-1
12.730015,240.03442,7.235195,6.8453217,0.16197056,1,-1,-1
698.12634,351.5021,22.994202,22.498901,0.16134709,2,-1,-1
840.2299,46.454018,33.886963,74.45693,0.16130784,8,-1,-1
805.2091,758.2378,28.579102,29.306152,0.16089842,1,-1,-1
925.7814,767.1261,21.873718,20.417847,0.16036975,2,-1,-1
327.5124,26.82145,19.733826,21.151314,0.160209,1,-1,-1
913.57385,662.0343,22.167664,28.28656,0.15971023,1,-1,-1
320.466,55.123413,34.257812,37.36593,0.15970069,2,-1,-1
728.7587,567.9216,17.806091,27.169067,0.15884596,10,-1,-1
820.5015,107.667984,16.229187,28.34314,0.15863699,2,-1,-1
914.12854,681.87366,13.858276,15.232056,0.1580208,1,-1,-1
266.0029,228.53856,55.68866,32.307083,0.15754455,1,-1,-1
134.29376,337.1164,199.36716,91.13193,0.15731639,6,-1,-1
975.4571,394.09323,10.94043,34.879486,0.15645108,10,-1,-1
763.32227,698.4514,14.413147,25.690979,0.15626055,2,-1,-1
263.47623,237.89885,33.199432,18.787338,0.15618739,1,-1,-1
345.10764,664.85986,15.28418,17.256104,0.15575135,2,-1,-1
834.548,752.22125,18.234375,19.721558,0.1552465,2,-1,-1
952.2068,747.7154,36.887207,39.828552,0.1544964,6,-1,-1
97.61251,234.10866,127.269905,55.90886,0.15419737,3,-1,-1
276.4662,497.99057,10.478973,16.064178,0.1541481,1,-1,-1
874.98193,673.9602,20.781433,39.4682,0.1540131,3,-1,-1
1101.8926,340.8119,16.951538,26.068726,0.1538654,1,-1,-1
926.12146,298.70755,43.242737,34.156433,0.1536037,3,-1,-1
332.97818,16.713114,98.84476,45.32704,0.15359381,7,-1,-1
252.77512,51.716953,21.778046,16.545757,0.15355572,1,-1,-1
696.588,366.79282,16.889282,16.765259,0.15210614,2,-1,-1
937.19995,631.19415,45.6958,108.327515,0.15133893,7,-1,-1
899.74646,683.5993,20.737183,25.946045,0.15042478,2,-1,-1
38.89107,72.34028,6.2026787,8.104851,0.15027821,1,-1,-1
694.6544,357.34222,24.109924,28.836884,0.14992532,10,-1,-1
214.22055,360.27878,25.491516,36.561584,0.14892608,1,-1,-1
840.8838,38.111534,36.669434,83.478325,0.14867985,7,-1,-1
1110.0089,339.39648,15.763916,28.715332,0.14860162,10,-1,-1
708.6735,82.532455,10.153198,15.450447,0.14848086,2,-1,-1
321.54535,65.966774,30.567688,20.091637,0.14756438,2,-1,-1
682.9121,139.54594,19.343323,25.948654,0.14746237,1,-1,-1
835.76447,108.60591,16.251648,28.908417,0.14634383,2,-1,-1
913.0708,656.9611,19.962646,19.072876,0.14617467,2,-1,-1
688.7807,145.52374,15.056213,20.731491,0.14533094,2,-1,-1
332.545,18.799824,101.53784,44.10099,0.14514378,6,-1,-1
949.7228,214.11148,33.562073,29.566666,0.144561,3,-1,-1
127.90638,382.03433,16.451622,27.442719,0.14442241,1,-1,-1
869.4178,89.21345,45.931458,143.42514,0.1440765,8,-1,-1
738.5559,623.6586,6.802002,12.079285,0.14386308,1,-1,-1
13.5060005,244.27707,7.7754536,9.751282,0.14298719,1,-1,-1
919.57886,702.3178,16.594177,14.520325,0.14281723,1,-1,-1
767.5872,704.50635,13.009705,28.184326,0.14135876,2,-1,-1
734.66943,201.04642,10.031677,11.856186,0.14132512,1,-1,-1
130.26445,337.2504,188.70503,89.86636,0.14084965,3,-1,-1
320.4378,50.94901,34.87973,39.40537,0.14069903,1,-1,-1
1087.5975,429.8985,29.585205,61.3143,0.14006957,10,-1,-1
134.29376,337.1164,199.36716,91.13193,0.14000657,8,-1,-1
697.59863,92.93453,14.55127,24.372772,0.13997605,1,-1,-1
952.5877,747.41925,36.230957,40.124695,0.1399517,4,-1,-1
696.7612,213.32549,8.950317,13.3641205,0.1389904,1,-1,-1
699.2016,79.30711,9.591675,14.7400055,0.13856485,1,-1,-1
932.5834,565.9618,33.545593,59.315796,0.13854173,7,-1,-1
748.8711,690.2822,34.33313,47.278748,0.13853297,8,-1,-1
952.9564,742.66235,39.12207,44.88159,0.13831544,5,-1,-1
0.0,361.33432,13.42713,28.469116,0.13782784,4,-1,-1
19.372149,238.75989,10.560682,7.2841034,0.13735327,1,-1,-1
21.247427,363.0478,30.434511,27.321594,0.135771,4,-1,-1
438.31473,80.14429,61.012115,40.170937,0.13572916,8,-1,-1
694.8804,107.767586,9.225769,15.63961,0.13568729,2,-1,-1
729.10565,568.0892,17.119202,26.224854,0.13533825,2,-1,-1
228.29051,547.743,8.754166,8.678589,0.13522577,2,-1,-1
836.311,246.67088,9.808044,16.19075,0.13504362,1,-1,-1
806.9673,297.81577,9.242981,16.74472,0.1331616,1,-1,-1
708.6735,82.532455,10.153198,15.450447,0.13298506,1,-1,-1
22.202261,235.46567,10.844625,7.962738,0.13269117,1,-1,-1
295.6333,50.784267,12.39151,8.924957,0.13251609,1,-1,-1
12.806993,240.38,7.8357363,11.708237,0.13223803,1,-1,-1
851.1309,87.86325,16.141235,32.692253,0.13098621,1,-1,-1
720.8616,310.98193,41.268494,33.55725,0.13092062,1,-1,-1
35.700275,72.795265,8.476063,11.607536,0.1307961,1,-1,-1
100.77512,236.24756,122.65084,52.389557,0.13076875,7,-1,-1
762.6211,690.8675,15.286926,16.593323,0.13061562,1,-1,-1
908.4641,752.449,10.751953,14.957642,0.13055903,2,-1,-1
337.36942,0.0,104.59674,28.16633,0.1301566,6,-1,-1
1242.6577,688.0768,40.49646,99.46716,0.13002443,9,-1,-1
0.0,386.7878,42.860237,39.714508,0.12982455,4,-1,-1
1084.9078,437.3226,16.145386,29.167786,0.12940556,1,-1,-1
698.6833,94.62517,11.407715,19.567543,0.12920168,2,-1,-1
893.82935,760.3493,21.717102,22.356262,0.12883556,10,-1,-1
805.2091,758.2378,28.579102,29.306152,0.12829167,10,-1,-1
762.98596,692.24286,14.16156,24.742065,0.12782964,10,-1,-1
908.4641,752.449,10.751953,14.957642,0.12749004,1,-1,-1
1326.67,636.92725,47.285156,28.817993,0.12745854,6,-1,-1
1041.3352,136.20793,7.8393555,10.037689,0.12694976,1,-1,-1
215.73099,358.5093,13.739746,29.23819,0.12693533,1,-1,-1
790.35724,274.3831,18.56836,21.30252,0.12617049,1,-1,-1
456.25296,47.19192,11.593018,11.85527,0.12567875,2,-1,-1
215.60097,359.02838,14.306946,29.551575,0.12453535,2,-1,-1
733.6124,608.6574,14.147522,20.22345,0.12444946,10,-1,-1
33.10615,240.86472,8.111496,8.636276,0.12436953,1,-1,-1
261.10495,231.61649,48.151764,32.374847,0.12417343,2,-1,-1
883.76965,185.40161,29.649292,62.573395,0.12359446,7,-1,-1
0.0,147.4688,222.47125,113.891464,0.12357491,6,-1,-1
796.93695,367.84122,9.424744,18.434021,0.12308499,1,-1,-1
842.40076,737.8762,18.621277,23.433289,0.122529775,2,-1,-1
820.648,250.79434,9.607727,10.517975,0.12245053,1,-1,-1
829.0178,249.55963,9.508118,15.10965,0.12220213,2,-1,-1
296.73325,180.396,41.19818,37.6091,0.12220189,2,-1,-1
694.6431,108.34955,9.658203,14.900917,0.12199512,1,-1,-1
829.0178,249.55963,9.508118,15.10965,0.121877104,1,-1,-1
946.5618,509.59793,43.937195,106.30588,0.121869,8,-1,-1
895.68396,692.9938,22.856934,25.342957,0.121289104,2,-1,-1
13.389669,239.31447,12.469873,7.0595093,0.12099707,1,-1,-1
334.67874,16.658884,95.07022,43.799995,0.120598584,8,-1,-1
752.76196,711.9955,25.059143,21.337708,0.12036672,2,-1,-1
263.71652,241.26218,10.77179,10.434845,0.12013832,1,-1,-1
332.545,18.799824,101.53784,44.10099,0.11991891,10,-1,-1
734.8343,200.17879,12.669373,23.685974,0.1196706,10,-1,-1
36.402702,71.608284,11.842854,8.657303,0.11964017,1,-1,-1
1039.63,17.448414,32.526978,46.562733,0.11959791,10,-1,-1
40.111668,74.66606,7.814949,7.412491,0.11919579,1,-1,-1
696.3,366.09793,17.628235,17.973114,0.11913663,1,-1,-1
916.6862,664.91736,12.308044,15.727783,0.118582696,1,-1,-1
437.35797,78.875244,62.23294,41.80945,0.11854851,4,-1,-1
100.77512,236.24756,122.65084,52.389557,0.11719951,1,-1,-1
836.9945,754.57715,13.691284,12.977173,0.11670306,1,-1,-1
727.7488,614.94403,15.544006,22.649658,0.11651111,1,-1,-1
896.4877,773.7264,21.112305,13.817566,0.11649072,1,-1,-1
329.24908,0.0,104.877106,33.1278,0.116470546,7,-1,-1
764.2995,696.32733,9.81189,11.186523,0.11604893,2,-1,-1
987.6853,393.92157,12.225769,35.36737,0.11597338,3,-1,-1
845.4528,741.9369,10.916321,20.786804,0.11441779,1,-1,-1
926.54987,546.7171,45.933533,88.24756,0.11410779,8,-1,-1
689.40826,143.15434,12.636536,14.654404,0.11404285,2,-1,-1
731.7384,567.16205,12.97699,13.38324,0.11384779,2,-1,-1
895.116,209.07442,16.01471,38.3842,0.113663584,3,-1,-1
808.5048,757.87866,24.194275,21.558594,0.113497704,2,-1,-1
704.5716,406.77734,37.969177,28.589813,0.11336875,10,-1,-1
796.9435,270.69174,16.870117,25.967041,0.113043785,2,-1,-1
30.048792,365.8002,21.123045,24.91565,0.11279574,1,-1,-1
1089.5189,430.481,25.651855,41.453796,0.11265352,2,-1,-1
748.68854,689.60223,34.2558,46.92041,0.11244482,7,-1,-1
1066.0703,306.34418,21.71582,43.45871,0.112148345,10,-1,-1
730.1682,620.6594,9.968872,18.836487,0.11211091,2,-1,-1
912.6797,682.73114,22.046875,28.733093,0.11126986,2,-1,-1
741.20886,306.44565,15.795959,23.36087,0.11103174,2,-1,-1
734.9584,201.25867,8.96991,10.552902,0.110817075,2,-1,-1
375.24554,58.315765,16.959625,28.90792,0.110227734,2,-1,-1
700.8485,80.57229,8.376343,12.314079,0.11016253,2,-1,-1
682.9121,139.54594,19.343323,25.948654,0.110022336,2,-1,-1
803.26373,294.62424,15.920532,21.30606,0.10940489,1,-1,-1
332.02597,17.65892,99.13968,43.73351,0.10927364,4,-1,-1
852.7677,41.29181,10.076538,22.089725,0.10924119,1,-1,-1
743.15155,302.9677,15.149414,27.167206,0.109127104,1,-1,-1
831.3909,246.2823,10.153748,14.040146,0.10883668,2,-1,-1
729.93066,606.39886,18.240906,28.692749,0.108673126,1,-1,-1
952.2068,747.7154,36.887207,39.828552,0.10867077,1,-1,-1
693.1866,151.57314,10.458679,14.420578,0.108260095,2,-1,-1
707.91364,69.658005,10.854309,16.241852,0.10804924,1,-1,-1
929.29004,774.7672,16.230347,12.776733,0.10741541,1,-1,-1
769.8305,713.0325,9.6297,18.488403,0.10705742,2,-1,-1
1089.5189,430.481,25.651855,41.453796,0.10704878,1,-1,-1
759.05145,0.0,16.289795,25.162374,0.107047945,4,-1,-1
807.1968,297.57434,8.713989,17.097168,0.10683328,2,-1,-1
700.71075,98.352196,16.440247,24.270004,0.106351435,2,-1,-1
418.96954,296.81366,18.9281,21.891052,0.10619372,1,-1,-1
276.44794,495.7922,20.523651,19.861237,0.10583642,1,-1,-1
906.3073,749.93396,16.206543,20.83545,0.105811805,2,-1,-1
816.5839,289.35962,9.35498,22.803314,0.10559699,1,-1,-1
0.0,357.31653,15.087302,34.24475,0.10502353,10,-1,-1
730.8507,616.38794,8.258911,13.914185,0.104491085,1,-1,-1
919.86304,431.21085,38.96228,16.46408,0.104377896,10,-1,-1
747.9596,717.3404,17.44165,14.944397,0.10427675,1,-1,-1
899.0713,762.6825,20.049683,24.86145,0.10426596,1,-1,-1
12.202249,360.93973,28.000889,26.675964,0.104239285,10,-1,-1
428.51636,551.77045,6.5174866,14.041321,0.10419914,2,-1,-1
731.5091,626.455,14.948364,18.371643,0.104145944,1,-1,-1
20.82602,186.85715,12.494495,16.304413,0.10352388,2,-1,-1
689.51105,146.51006,14.207092,19.811111,0.10342443,1,-1,-1
879.8361,694.973,11.718323,18.595276,0.103348225,1,-1,-1
717.8223,312.71295,41.1615,30.395844,0.10303733,8,-1,-1
746.8996,715.95807,20.04956,16.787598,0.10276857,2,-1,-1
947.0531,673.79987,35.375427,68.21521,0.10273078,8,-1,-1
920.60583,431.35425,36.95282,16.882355,0.10230383,3,-1,-1
1124.1324,0.0,35.45569,27.776865,0.10221702,10,-1,-1
1004.27563,584.3594,18.429321,47.171265,0.10202253,1,-1,-1
820.39417,285.21915,9.543091,17.816437,0.10183546,1,-1,-1
897.06354,695.99634,12.731934,19.005615,0.10172972,1,-1,-1
462.11664,54.635468,11.065796,10.842804,0.10147619,2,-1,-1
265.72763,627.6122,207.01953,112.617004,0.10144809,6,-1,-1
738.0019,617.8114,8.536987,16.089355,0.10135487,1,-1,-1
706.6774,95.15148,10.626892,17.20153,0.10116193,2,-1,-1
1100.0508,341.72,16.548828,24.381348,0.10111031,2,-1,-1
967.5813,305.78848,11.129822,11.235474,0.100774914,1,-1,-1
925.5483,343.15466,32.002136,23.85431,0.100678235,10,-1,-1
16.552883,245.3382,13.047947,9.2977295,0.10063109,1,-1,-1
834.7714,751.9922,18.056763,20.17517,0.10059285,10,-1,-1
39.27491,75.93922,5.3122864,8.938683,0.10029906,1,-1,-1
896.6611,680.6603,30.245056,35.790283,0.10021114,1,-1,-1
292.6464,719.80084,11.036194,10.224365,0.10015023,1,-1,-1
437.03473,79.74351,61.837524,40.58322,0.10011539,10,-1,-1
744.9758,714.1403,8.627014,7.5498657,0.10005811,1,-1,-1
324.30704,1.569166,4.9532166,7.006155,0.099773794,1,-1,-1
103.60049,233.41536,121.42707,55.636703,0.09968284,8,-1,-1
228.62256,546.3087,7.1509094,7.265869,0.099627554,2,-1,-1
246.06303,210.88763,194.10268,130.284,0.099460185,8,-1,-1
924.383,391.63522,35.046204,19.65207,0.09931299,10,-1,-1
33.03296,240.3547,8.523228,9.69162,0.09924021,2,-1,-1
691.7992,348.7288,43.738464,32.14862,0.09900147,10,-1,-1
0.0,357.31653,15.087302,34.24475,0.098949075,1,-1,-1
759.2703,0.0,15.828491,25.470964,0.09859896,2,-1,-1
863.7429,718.24023,15.018127,14.549072,0.09838122,2,-1,-1
456.67416,55.46266,14.067505,12.319557,0.09813872,2,-1,-1
836.311,246.67088,9.808044,16.19075,0.098110616,2,-1,-1
287.63538,684.1631,10.535278,12.798096,0.09804967,1,-1,-1
709.39087,386.8076,46.75464,23.781189,0.09800279,2,-1,-1
883.76965,185.40161,29.649292,62.573395,0.097990334,8,-1,-1
1118.8575,503.35046,58.363647,118.203,0.09782544,6,-1,-1
911.0331,653.7471,25.839111,26.934387,0.09767589,1,-1,-1
1092.5957,402.13855,68.32483,101.10385,0.097652644,7,-1,-1
952.5877,747.41925,36.230957,40.124695,0.09758231,10,-1,-1
1016.9698,198.82892,27.036804,52.34587,0.097254544,1,-1,-1
688.7075,142.32286,13.605103,17.147537,0.0970391,1,-1,-1
862.5944,753.104,18.62384,24.47583,0.097028255,4,-1,-1
953.523,743.8249,37.31598,43.719055,0.09700146,8,-1,-1
916.26276,676.03094,12.3567505,14.833557,0.09687221,1,-1,-1
14.497028,246.41882,9.679556,7.0937805,0.09641945,1,-1,-1
939.68536,300.80963,7.6851807,7.7076416,0.09639138,1,-1,-1
1066.8484,318.0184,20.62622,31.943176,0.096179396,5,-1,-1
804.69336,757.6696,29.911255,29.874329,0.09601921,4,-1,-1
1011.10846,615.40204,11.910461,16.842773,0.095981896,1,-1,-1
831.51526,245.92668,9.7387085,14.966934,0.09595916,1,-1,-1
459.90155,43.030308,12.121063,11.757954,0.095867306,2,-1,-1
62.82379,709.764,26.837242,16.33313,0.095820874,10,-1,-1
831.8005,244.50226,17.14801,22.295258,0.09576544,1,-1,-1
259.01404,202.07463,186.2963,140.49864,0.09575465,6,-1,-1
764.1329,702.76373,11.592407,15.720825,0.09554073,2,-1,-1
815.7926,283.88162,14.5251465,28.102875,0.09551242,2,-1,-1
1.2308848,177.32411,18.240036,20.599365,0.09541559,2,-1,-1
925.4367,407.04138,34.650696,16.998322,0.09537274,10,-1,-1
700.5835,105.636,10.197266,15.559433,0.095087826,2,-1,-1
63.876045,709.22614,26.044243,18.380676,0.09508303,1,-1,-1
437.85687,80.25496,61.223022,39.653137,0.0949544,7,-1,-1
752.3863,690.1085,29.018005,46.793518,0.09470981,10,-1,-1
342.88083,0.0,93.67963,28.349941,0.09457919,4,-1,-1
337.36942,0.0,104.59674,28.16633,0.094574034,8,-1,-1
784.65344,355.76254,15.949402,28.624481,0.09438011,1,-1,-1
993.50977,626.78235,24.095825,19.074036,0.09428498,1,-1,-1
1101.9121,340.6861,17.041748,26.07605,0.09416604,4,-1,-1
873.25244,683.6434,18.635742,23.834839,0.094162405,2,-1,-1
1092.5957,402.13855,68.32483,101.10385,0.09413996,8,-1,-1
30.295845,116.34625,8.651489,13.177612,0.093973815,1,-1,-1
808.5411,657.65576,11.418213,16.353516,0.09394601,1,-1,-1
921.25964,423.4205,41.63086,21.818542,0.093875855,7,-1,-1
784.7813,274.10242,16.945496,22.886017,0.09384653,10,-1,-1
696.215,76.054344,19.392334,19.582367,0.09360832,1,-1,-1
743.76184,705.66394,22.411316,14.754822,0.0935621,2,-1,-1
214.71278,747.54626,66.58919,39.99768,0.09334046,6,-1,-1
936.1708,635.47314,36.18091,49.630432,0.09332588,8,-1,-1
924.7808,767.3196,20.828613,18.868652,0.09331864,4,-1,-1
740.3094,310.2554,18.552002,31.854279,0.09325972,1,-1,-1
869.4178,89.21345,45.931458,143.42514,0.0931344,6,-1,-1
820.39417,285.21915,9.543091,17.816437,0.09308812,2,-1,-1
280.3641,441.55768,181.26935,106.09125,0.093086034,6,-1,-1
800.15906,297.2346,15.484253,24.604736,0.092796385,2,-1,-1
464.43262,253.29434,10.556793,10.720367,0.092640996,1,-1,-1
698.7025,89.74317,11.408325,19.70642,0.09238073,1,-1,-1
731.23645,571.33167,15.207336,17.34198,0.09236634,1,-1,-1
908.205,683.90894,10.523987,16.567688,0.092283964,1,-1,-1
363.4437,533.862,20.833374,25.368225,0.092028916,1,-1,-1
457.19327,49.48103,8.879303,14.668407,0.0920265,2,-1,-1
230.09293,545.45807,8.39946,9.69989,0.091996044,2,-1,-1
0.0,387.5373,41.885708,36.648773,0.09195912,10,-1,-1
457.34637,58.437286,9.119568,10.397186,0.091760844,1,-1,-1
965.50574,309.2038,13.409424,12.483398,0.09166905,1,-1,-1
836.09344,736.60187,19.044067,25.542786,0.09144345,1,-1,-1
788.13074,276.87598,9.849609,18.729034,0.090783685,2,-1,-1
849.34717,740.7904,10.079529,16.695068,0.090474665,1,-1,-1
926.19476,298.5656,43.967896,33.936035,0.090194464,8,-1,-1
250.36969,52.413925,22.67566,15.5607605,0.08998749,2,-1,-1
1101.915,339.9227,23.629517,38.791016,0.08979991,1,-1,-1
739.79034,306.62677,17.6203,22.695099,0.089707255,10,-1,-1
716.21655,321.4714,30.278564,18.59964,0.089646995,10,-1,-1
923.4808,335.94174,33.864807,19.497803,0.089458704,3,-1,-1
463.96237,41.204376,9.085571,11.649048,0.089431286,2,-1,-1
729.5203,299.63535,35.236084,40.277893,0.08884367,10,-1,-1
709.4769,386.81705,46.43976,23.185638,0.08882415,8,-1,-1
762.6211,690.8675,15.286926,16.593323,0.08877212,2,-1,-1
291.53577,225.79947,37.180664,32.255554,0.08871019,1,-1,-1
729.9803,202.97641,17.259521,38.032516,0.08847144,1,-1,-1
144.49136,166.67155,9.959946,10.10318,0.08844721,2,-1,-1
738.0319,622.5333,7.6672974,13.788574,0.08839491,2,-1,-1
52.70196,88.12905,8.053577,9.925957,0.088335186,1,-1,-1
743.54126,3.07504,14.676331,27.73219,0.088302135,4,-1,-1
700.2377,88.13568,10.028809,17.017914,0.08823031,2,-1,-1
835.7889,753.11707,10.826782,15.767395,0.08816743,2,-1,-1
819.69696,244.79884,20.167236,19.413681,0.08814162,1,-1,-1
821.79675,245.95401,21.45636,25.963226,0.088138014,4,-1,-1
699.63416,83.785866,17.39917,23.624641,0.087904215,10,-1,-1
29.100027,358.36987,31.190447,31.402496,0.08779046,10,-1,-1
459.75906,41.00546,20.763184,22.810814,0.0877575,2,-1,-1
847.08026,249.82024,17.521973,29.116806,0.08770421,4,-1,-1
705.34076,209.0533,8.616943,14.519592,0.08745715,1,-1,-1
1105.4578,356.19452,22.519287,23.575531,0.08739397,4,-1,-1
754.2742,719.87683,11.816589,13.367493,0.08721885,2,-1,-1
779.17926,369.90677,17.530396,22.519348,0.08689517,2,-1,-1
335.45615,0.0,110.73279,27.957644,0.08675057,10,-1,-1
821.08466,251.08698,8.715942,10.404388,0.08673555,2,-1,-1
1131.9105,329.15878,19.06482,35.10074,0.08660632,4,-1,-1
697.5641,81.13303,20.973633,33.29332,0.08656299,2,-1,-1
847.9319,712.8376,21.808716,19.797546,0.08634561,2,-1,-1
689.74615,345.8288,37.21161,35.244324,0.08629006,1,-1,-1
717.9255,313.44638,41.309387,29.493256,0.08613002,4,-1,-1
1135.1218,330.19858,31.758423,72.17584,0.086101055,4,-1,-1
749.776,715.5362,24.211304,19.176575,0.08608633,1,-1,-1
926.7559,298.46155,42.93225,34.128082,0.08604509,7,-1,-1
932.3212,236.6437,45.761536,32.26764,0.08582997,7,-1,-1
330.81308,1.0872157,5.7220764,7.579217,0.085810006,1,-1,-1
249.715,207.24536,190.10324,135.57928,0.08571568,7,-1,-1
38.177544,73.90809,7.8165627,9.424629,0.08556634,2,-1,-1
898.5086,699.2146,10.030823,13.165649,0.08542353,2,-1,-1
828.3325,752.1714,29.647888,25.142273,0.085353285,1,-1,-1
1087.1022,430.8423,30.10205,65.08255,0.08526555,3,-1,-1
701.10535,85.45881,8.855103,12.970299,0.08521512,2,-1,-1
514.1026,674.9003,8.939697,12.34137,0.08519983,1,-1,-1
926.54987,546.7171,45.933533,88.24756,0.08514893,7,-1,-1
713.4828,340.73178,37.82892,22.562134,0.085142344,2,-1,-1
285.60715,683.0842,17.99823,16.22931,0.08514038,2,-1,-1
697.85156,357.16226,40.67975,27.77301,0.08511302,1,-1,-1
12.382159,232.74309,26.929798,22.418076,0.08506927,1,-1,-1
282.16516,571.2208,209.56885,89.13141,0.084955364,7,-1,-1
757.2104,690.9556,21.710022,39.046265,0.08494413,2,-1,-1
782.9808,271.28732,23.498169,28.262817,0.08485621,1,-1,-1
293.98178,204.83894,40.239655,42.5784,0.08484846,1,-1,-1
754.2742,719.87683,11.816589,13.367493,0.08484718,1,-1,-1
896.4877,773.7264,21.112305,13.817566,0.08477497,2,-1,-1
846.318,711.1069,27.786621,23.493958,0.08459291,1,-1,-1
19.40011,362.76724,33.06185,27.912079,0.084585756,7,-1,-1
289.21503,706.48865,25.749634,27.301819,0.08451247,1,-1,-1
285.60715,683.0842,17.99823,16.22931,0.084338725,1,-1,-1
764.08936,702.63116,15.30188,29.499268,0.08421484,10,-1,-1
486.6379,487.85724,9.108643,9.06015,0.08415681,1,-1,-1
744.01324,715.9823,11.769043,12.92511,0.08409479,1,-1,-1
1016.23254,199.7808,24.785645,48.048386,0.08394411,7,-1,-1
923.4594,335.90692,34.05005,21.147034,0.08381611,10,-1,-1
1092.5957,402.13855,68.32483,101.10385,0.08376387,6,-1,-1
893.6,760.9063,21.973572,21.320923,0.08372095,3,-1,-1
751.55475,708.6468,9.201965,14.579346,0.08364591,1,-1,-1
861.24493,715.9926,10.633789,15.9401245,0.08335826,1,-1,-1
834.4243,750.6441,17.423218,20.320251,0.08331925,3,-1,-1
928.3296,338.84323,7.928467,10.11322,0.08329198,1,-1,-1
56.416267,89.320175,7.666214,7.4599075,0.083004594,1,-1,-1
901.02625,8.698574,8.86377,12.325123,0.082974434,1,-1,-1
