885.5344,501.16077,27.608582,19.295837,0.877958,4,-1,-1
1071.7015,696.3484,55.33008,43.23242,0.8517412,4,-1,-1
1060.0587,637.5205,55.013184,35.902832,0.83597076,4,-1,-1
791.36835,459.776,22.928528,16.6232,0.79198384,4,-1,-1
984.05725,581.4562,41.852905,30.22467,0.7865361,4,-1,-1
924.40686,533.01575,33.036682,23.08496,0.76074135,4,-1,-1
816.18,446.33154,21.766846,16.088135,0.7370655,4,-1,-1
884.04285,535.0358,32.389893,23.69159,0.70328236,4,-1,-1
963.5275,599.13446,46.399536,36.493225,0.6846988,4,-1,-1
787.3729,423.14197,17.843384,13.358032,0.68290734,4,-1,-1
948.8805,554.2098,33.69867,24.7417,0.68091786,4,-1,-1
630.2987,328.07523,8.189453,7.516205,0.6644621,4,-1,-1
1186.5414,679.8481,62.23828,41.09601,0.64919174,4,-1,-1
1208.288,711.5009,51.182617,46.64868,0.6339903,5,-1,-1
704.4631,408.49057,20.296082,13.000916,0.62054837,4,-1,-1
1161.9396,916.973,38.864624,24.016418,0.59930974,10,-1,-1
1197.9989,906.7978,39.911743,26.615906,0.5825336,10,-1,-1
870.82654,539.83704,40.015747,34.172302,0.5815779,4,-1,-1
1191.7256,732.3928,42.567993,37.493164,0.578355,4,-1,-1
1183.3926,936.87524,32.148926,20.992981,0.5567373,3,-1,-1
832.6529,455.6691,24.005371,20.178131,0.5539218,4,-1,-1
1015.6193,685.96906,46.474792,38.723694,0.5451314,4,-1,-1
1110.8958,670.9549,38.49939,30.930908,0.5260358,5,-1,-1
1209.6635,961.2411,33.842285,23.755798,0.5112395,10,-1,-1
610.6402,309.9104,8.999512,6.914734,0.50424397,4,-1,-1
1282.9775,974.3293,16.161377,26.047058,0.4838263,2,-1,-1
1223.387,764.569,38.043457,27.60083,0.46341804,7,-1,-1
812.808,407.37878,17.407776,12.013855,0.45067596,4,-1,-1
707.2447,368.1816,9.817139,9.017456,0.4498427,4,-1,-1
445.10562,461.31445,7.097534,13.571106,0.44869295,1,-1,-1
685.02936,395.81433,22.592834,13.44339,0.44005,4,-1,-1
773.06396,413.71463,6.1605225,14.303589,0.43391752,1,-1,-1
1170.7075,884.52734,34.173584,29.071716,0.42893022,10,-1,-1
1153.5148,724.47784,11.658936,22.466858,0.40767443,1,-1,-1
1223.387,764.569,38.043457,27.60083,0.40565923,8,-1,-1
788.18646,519.23224,9.845459,19.640991,0.38730702,1,-1,-1
441.86417,343.14838,22.559753,8.407959,0.38585842,4,-1,-1
1208.1642,715.17285,50.71167,43.9834,0.38318002,4,-1,-1
649.2908,323.37323,6.9885254,7.4003906,0.37984633,4,-1,-1
1363.722,885.80804,35.670288,47.60901,0.37508395,4,-1,-1
1198.1445,906.65314,39.64746,26.975342,0.37073666,3,-1,-1
1250.6718,575.8487,44.434326,23.382202,0.36991027,4,-1,-1
639.5464,340.2583,12.592712,14.254547,0.36793053,6,-1,-1
1265.2178,792.4201,14.059204,21.190125,0.3646049,1,-1,-1
356.5395,457.12888,8.723053,14.044678,0.36373132,1,-1,-1
1281.0471,974.65515,18.588623,38.874695,0.3586126,10,-1,-1
1208.8068,959.8217,34.407593,24.064453,0.35486865,3,-1,-1
1161.9396,916.973,38.864624,24.016418,0.34435606,3,-1,-1
871.41815,540.98584,38.7417,33.189575,0.34343052,5,-1,-1
1066.7045,647.0584,12.192749,21.08844,0.3406515,1,-1,-1
696.63324,407.0804,21.342041,12.728607,0.33728635,4,-1,-1
1111.2627,1026.8121,25.058716,22.5802,0.33550006,10,-1,-1
1183.0337,937.73175,31.653564,19.789429,0.33431146,10,-1,-1
602.16693,280.98605,6.6776123,5.389984,0.33243346,4,-1,-1
1204.0442,702.02014,56.905273,40.842224,0.33052284,4,-1,-1
867.9415,501.55588,8.398376,12.959625,0.3236047,1,-1,-1
868.0214,502.02237,8.502258,12.094208,0.32252663,2,-1,-1
1199.2662,688.10876,64.11963,43.89203,0.3176782,4,-1,-1
867.07306,502.66162,10.273621,11.464355,0.31090838,3,-1,-1
1111.1106,671.0042,39.381958,31.256836,0.3084059,4,-1,-1
1153.5148,724.47784,11.658936,22.466858,0.3083381,2,-1,-1
614.79645,309.57446,8.167297,7.2949524,0.29707134,4,-1,-1
1224.6519,908.27167,11.630127,22.93872,0.29055452,1,-1,-1
1191.4436,732.4663,42.275635,37.588257,0.28956747,8,-1,-1
706.60333,367.74106,11.012573,9.946594,0.28295153,6,-1,-1
705.5355,362.58084,11.477783,13.092712,0.27970067,6,-1,-1
1150.9115,730.1097,20.946655,20.232971,0.2740833,10,-1,-1
1202.8639,689.3556,59.072266,47.031616,0.26942265,5,-1,-1
1282.9021,973.92505,16.407837,28.496643,0.26747096,1,-1,-1
321.17255,402.3778,40.2218,24.695465,0.2671813,6,-1,-1
830.696,396.69058,14.380676,10.379822,0.26620343,4,-1,-1
834.3364,399.69238,16.161438,11.425659,0.26531756,4,-1,-1
556.58295,305.4277,10.018066,9.172913,0.26408356,4,-1,-1
898.4651,403.7929,19.003723,12.551727,0.26227665,4,-1,-1
1163.1122,917.2093,37.938354,23.205627,0.2578548,1,-1,-1
1263.8851,790.90546,15.1883545,22.219177,0.2550931,10,-1,-1
1112.9062,1026.7677,20.741455,19.379639,0.25208887,2,-1,-1
1363.965,885.95984,35.42737,47.216614,0.24950784,5,-1,-1
1206.1191,716.0916,52.901123,44.344177,0.24948296,8,-1,-1
1150.9115,730.1097,20.946655,20.232971,0.24914715,3,-1,-1
632.0192,304.65778,6.319397,6.22937,0.2472696,4,-1,-1
1186.1127,679.54175,66.423584,41.529663,0.24429014,5,-1,-1
1022.7463,576.4219,26.429504,31.055664,0.24291605,4,-1,-1
1216.2393,907.36066,22.366821,25.20343,0.24239519,1,-1,-1
477.79642,407.7818,64.25595,25.579895,0.24048978,6,-1,-1
1191.5441,732.40704,42.390137,38.046753,0.23987064,5,-1,-1
601.7186,291.32053,7.8443604,5.6593933,0.23822719,4,-1,-1
1173.1539,681.3274,12.78418,25.771118,0.23616043,1,-1,-1
1281.7242,991.93256,16.447021,24.134766,0.23586082,10,-1,-1
832.34985,455.59897,24.338379,20.755219,0.23566097,5,-1,-1
634.0804,316.13046,7.3936768,6.8331604,0.23551404,4,-1,-1
1153.4016,725.54065,12.267212,22.806763,0.23211813,10,-1,-1
1281.4011,981.19434,17.498535,28.53772,0.23154959,2,-1,-1
1224.4231,908.4839,11.982788,22.381042,0.23134163,2,-1,-1
627.5618,328.71732,7.8287964,7.427002,0.22986433,4,-1,-1
707.00226,368.15686,10.321167,9.218994,0.22768995,5,-1,-1
1265.1306,789.28644,11.894409,17.305603,0.22609755,1,-1,-1
34.5669,460.52145,10.399883,15.6536255,0.2246528,1,-1,-1
1265.1338,790.54865,13.016113,19.605103,0.22115755,2,-1,-1
1261.7091,964.5201,30.473267,42.727844,0.22082445,10,-1,-1
581.46136,281.367,7.29657,6.2738647,0.2204299,4,-1,-1
625.4222,324.52902,7.631775,7.195404,0.21943295,4,-1,-1
816.1367,405.48468,20.246887,12.118408,0.2187469,4,-1,-1
1063.3699,642.7813,20.57544,27.15924,0.21819067,1,-1,-1
866.7151,502.55374,10.802246,11.974457,0.21788073,10,-1,-1
1161.8733,916.59656,39.39441,24.451904,0.2169882,2,-1,-1
1170.63,884.5599,33.115112,29.119995,0.21412623,3,-1,-1
1066.216,647.357,13.418457,21.572266,0.2134485,2,-1,-1
596.5604,272.27618,7.5074463,5.7140503,0.21289837,4,-1,-1
1283.4679,785.71356,14.870972,17.768677,0.21269691,1,-1,-1
873.6963,538.74536,28.6026,23.60138,0.21242863,4,-1,-1
305.36426,438.72064,7.6651306,14.558228,0.21184161,1,-1,-1
865.8842,505.12698,12.816956,12.60141,0.21084577,3,-1,-1
741.5397,328.2359,9.246765,7.712982,0.21035251,4,-1,-1
293.22668,438.64258,8.130859,13.165344,0.20957729,1,-1,-1
606.271,309.747,10.617615,7.118164,0.20878273,4,-1,-1
1263.1519,963.68524,16.703125,29.705566,0.20841146,3,-1,-1
1262.7963,967.342,18.183228,34.984253,0.20803407,10,-1,-1
1248.8114,598.64825,41.40979,27.659302,0.20619133,4,-1,-1
1316.3563,820.1551,26.308594,20.30957,0.2059341,1,-1,-1
1165.7793,706.311,27.598389,19.871277,0.20572639,3,-1,-1
1111.2627,1026.8121,25.058716,22.5802,0.20472974,1,-1,-1
1192.3857,734.2049,38.04187,35.003784,0.20330718,7,-1,-1
592.6226,276.0147,6.9019775,5.43161,0.20240542,4,-1,-1
786.576,520.26764,8.730957,14.89447,0.19986871,1,-1,-1
1173.2809,883.0673,14.1501465,12.510986,0.19912574,10,-1,-1
1220.7012,907.07184,17.47644,25.730896,0.19911522,10,-1,-1
816.411,362.83588,13.565308,8.819244,0.19855973,4,-1,-1
1151.0177,727.8705,20.08191,21.835876,0.19836843,1,-1,-1
833.36597,403.82593,17.446594,12.1901245,0.19793639,4,-1,-1
1173.0261,884.2558,12.665894,12.225281,0.19682482,1,-1,-1
601.34515,271.9189,6.768799,5.9689026,0.1957396,4,-1,-1
1206.1191,716.0916,52.901123,44.344177,0.19419268,6,-1,-1
1166.9084,706.04736,25.48999,20.019836,0.19362795,10,-1,-1
870.27814,539.7267,40.562622,34.96814,0.19147363,6,-1,-1
301.71307,473.37396,27.111206,21.908691,0.19072086,7,-1,-1
1171.9727,926.18134,35.406006,23.981812,0.1902856,3,-1,-1
1224.0819,763.49506,36.947876,27.832458,0.18855971,4,-1,-1
1222.7794,764.7714,38.460693,27.290833,0.18759298,10,-1,-1
649.0483,320.49567,7.3565063,7.78537,0.18665022,4,-1,-1
1198.6217,907.4413,39.50403,25.922974,0.18636766,7,-1,-1
1192.637,731.84875,40.059937,37.119507,0.1847696,10,-1,-1
1024.7283,578.2903,21.500977,30.789368,0.1841057,10,-1,-1
1284.6497,995.601,13.015747,19.338684,0.18357435,2,-1,-1
811.33234,409.80658,5.2991943,9.276489,0.18322697,1,-1,-1
1280.4485,977.293,21.666504,38.950134,0.18298185,1,-1,-1
1030.4775,582.02826,11.305054,17.54663,0.18216613,2,-1,-1
633.74915,318.13126,7.8814697,7.6862793,0.182042,4,-1,-1
552.1235,308.40228,10.820923,8.193665,0.18202019,4,-1,-1
578.06464,276.75244,7.335022,5.905182,0.1820004,4,-1,-1
1170.6218,881.26843,22.5625,19.837036,0.18185493,10,-1,-1
1272.936,967.2351,32.359985,42.901,0.18180114,10,-1,-1
1340.5964,838.1503,19.016602,13.7439575,0.18146381,1,-1,-1
1165.4961,708.7196,16.48999,24.548279,0.18040839,1,-1,-1
1285.4441,973.4856,11.515015,18.785095,0.17993405,2,-1,-1
773.096,413.64606,5.8728027,14.28064,0.17919815,3,-1,-1
560.65875,335.13086,11.561707,6.277527,0.17888722,4,-1,-1
1196.6832,747.0149,27.168945,25.71045,0.17874199,10,-1,-1
1198.5927,907.68396,40.104492,25.739319,0.17764264,8,-1,-1
1113.6624,1030.3464,14.458618,13.860107,0.17616776,2,-1,-1
1276.8867,549.2796,29.642334,23.641296,0.17517525,4,-1,-1
1117.9272,1027.6759,15.16748,12.78833,0.17513245,2,-1,-1
1278.7648,970.0966,24.39087,35.608215,0.1734002,2,-1,-1
1267.9174,974.29224,20.399902,37.385437,0.17312342,10,-1,-1
1200.4526,909.23975,26.64978,19.579224,0.17302248,10,-1,-1
1207.6973,753.25073,12.392578,18.664978,0.17191291,2,-1,-1
1268.3186,797.4458,12.911743,18.885986,0.17186949,1,-1,-1
1222.1923,907.4544,10.945801,19.131897,0.17171615,2,-1,-1
1153.4016,725.54065,12.267212,22.806763,0.1710625,3,-1,-1
1269.3662,978.4908,12.235107,21.331116,0.17104435,2,-1,-1
555.65625,304.6614,11.4782715,11.01001,0.17057645,9,-1,-1
1071.3873,696.9139,55.524292,42.564026,0.1697532,5,-1,-1
836.3056,395.99524,17.992249,11.226959,0.1686326,4,-1,-1
684.9112,395.8142,22.898743,13.558746,0.16792107,5,-1,-1
602.3079,276.5106,5.9678345,6.5787964,0.16726953,4,-1,-1
638.4203,338.97943,13.466248,15.98822,0.16688159,9,-1,-1
1176.365,894.73987,27.518066,20.645264,0.16672856,10,-1,-1
1170.843,885.926,34.822876,27.200867,0.16617092,8,-1,-1
865.0286,499.67874,13.302124,18.447418,0.16476542,1,-1,-1
1216.2393,907.36066,22.366821,25.20343,0.164594,2,-1,-1
1197.4215,906.6978,40.7688,26.895264,0.16439122,4,-1,-1
1028.8994,580.9719,10.753784,18.479492,0.16403726,1,-1,-1
1175.812,929.3275,41.322754,30.3667,0.1639198,10,-1,-1
592.19336,272.38763,7.054077,5.429199,0.16291806,4,-1,-1
1162.2996,917.2341,38.181396,23.149963,0.16289896,7,-1,-1
1116.1324,1028.1261,16.981201,15.901733,0.16188884,10,-1,-1
1222.1923,907.4544,10.945801,19.131897,0.1615991,1,-1,-1
463.68616,363.83237,20.418701,9.194855,0.15939763,4,-1,-1
694.0343,406.181,17.090881,11.133789,0.15884548,4,-1,-1
1161.9666,917.0319,38.78357,23.792114,0.15860602,8,-1,-1
632.76495,329.06824,8.024536,7.2445984,0.15856668,4,-1,-1
458.0794,387.40543,28.081879,15.82251,0.15851316,9,-1,-1
460.71152,465.31326,7.0535583,10.1223755,0.15810299,1,-1,-1
1117.006,1027.416,16.71521,14.054565,0.15686408,1,-1,-1
470.79147,407.34055,67.94052,24.906189,0.15643501,9,-1,-1
1290.221,822.0216,20.15564,17.915283,0.15513578,3,-1,-1
684.9112,395.8142,22.898743,13.558746,0.15451202,6,-1,-1
1281.552,975.6409,20.344238,39.762146,0.15443215,3,-1,-1
1070.092,649.6338,11.348145,20.77655,0.15416798,1,-1,-1
1145.584,815.28516,12.722656,13.680908,0.15415487,1,-1,-1
706.6603,367.25195,10.773804,10.568085,0.1528287,9,-1,-1
1112.7771,1034.1617,14.595825,15.220337,0.15248525,2,-1,-1
1251.9385,577.10864,41.517822,20.01233,0.15231287,10,-1,-1
1171.4911,291.12518,20.509521,11.486755,0.15196875,9,-1,-1
1197.9445,906.7748,39.723877,26.757874,0.1519266,1,-1,-1
653.61414,348.30875,9.135864,11.387665,0.15181199,6,-1,-1
459.64337,387.56354,26.118591,14.763214,0.1515944,6,-1,-1
1173.6174,288.3623,18.474487,9.741058,0.15109187,9,-1,-1
925.7581,534.23737,9.830994,15.225342,0.15087464,1,-1,-1
82.295616,411.78897,5.482216,9.053406,0.15041202,1,-1,-1
1173.4907,883.0166,13.994141,12.268616,0.15023497,2,-1,-1
643.2137,341.49625,9.1293335,10.634277,0.14984089,4,-1,-1
1202.4202,951.7783,33.45276,26.772644,0.14949092,3,-1,-1
948.73065,554.248,33.48285,24.529053,0.14872509,5,-1,-1
1217.0742,906.2634,22.243164,28.05957,0.14817551,3,-1,-1
878.3824,535.5658,38.39447,31.13977,0.14813632,5,-1,-1
655.54645,351.58838,7.0080566,8.835236,0.14810216,4,-1,-1
447.7511,347.58017,23.71756,9.0989685,0.14785257,4,-1,-1
835.61456,397.3887,13.144348,8.256348,0.14775455,4,-1,-1
1156.6354,726.5095,13.044556,20.54358,0.14771011,2,-1,-1
824.76447,399.75378,18.57489,10.931976,0.1476812,4,-1,-1
617.8943,430.1143,40.35034,25.74878,0.14658597,6,-1,-1
966.0392,600.8986,42.331238,32.158813,0.14588493,5,-1,-1
605.08575,291.32812,7.0266724,5.3085327,0.14514711,4,-1,-1
1144.8848,815.2017,13.478149,13.458313,0.14511916,10,-1,-1
1245.5208,608.7963,47.182495,35.812134,0.14381081,4,-1,-1
819.71747,401.16458,18.697754,11.265137,0.14352223,4,-1,-1
654.5427,348.75595,7.561157,9.600616,0.14351884,4,-1,-1
788.28064,519.65216,9.509766,19.536377,0.14294532,10,-1,-1
833.61487,455.4152,25.075989,21.009521,0.14291698,6,-1,-1
819.3335,361.7984,15.859314,8.990021,0.14172173,4,-1,-1
736.8638,432.43414,17.924805,15.6571045,0.14160103,4,-1,-1
1316.444,820.5377,26.298828,19.686462,0.14132822,10,-1,-1
1258.6029,792.1273,25.64978,25.11444,0.14056781,10,-1,-1
1025.5854,577.92914,18.998657,25.53711,0.14027551,1,-1,-1
1028.6202,578.3714,10.471069,17.102905,0.13979,2,-1,-1
1205.659,753.02783,22.216187,19.903625,0.13972068,10,-1,-1
557.6761,308.23395,7.963379,7.770233,0.13967556,4,-1,-1
1178.9847,918.3609,20.110107,20.351013,0.13945013,1,-1,-1
587.40924,271.8848,6.847595,5.429657,0.13943416,4,-1,-1
809.78876,409.00574,12.460754,10.502563,0.1394076,4,-1,-1
531.10895,380.68753,21.735657,10.889191,0.13911259,4,-1,-1
438.10895,341.75082,18.348663,9.362244,0.13907102,4,-1,-1
556.5949,305.42346,9.970642,9.4841,0.13902816,5,-1,-1
705.7139,356.0078,11.129822,12.547821,0.138917,6,-1,-1
1225.7278,701.37915,39.83069,30.466492,0.13878149,4,-1,-1
610.93634,281.8165,6.36615,5.872772,0.13871372,4,-1,-1
1262.8228,965.0352,26.437988,38.39966,0.13870102,3,-1,-1
1234.857,573.674,57.15442,34.181946,0.13866964,4,-1,-1
705.5355,362.58084,11.477783,13.092712,0.1385014,4,-1,-1
773.096,413.64606,5.8728027,14.28064,0.1384454,2,-1,-1
1173.0347,882.78503,15.535645,13.652954,0.13840348,3,-1,-1
1192.637,731.84875,40.059937,37.119507,0.137968,1,-1,-1
1374.0508,862.9671,18.09668,14.479858,0.1376774,1,-1,-1
1284.2006,785.9526,14.934692,18.49878,0.137148,2,-1,-1
786.75195,423.62048,17.632202,13.6944275,0.13702166,5,-1,-1
1178.9847,918.3609,20.110107,20.351013,0.13670978,2,-1,-1
1336.5079,836.35144,20.579102,12.037598,0.13660204,1,-1,-1
1265.2236,967.8685,13.142944,20.123718,0.13612005,2,-1,-1
709.5556,410.69226,19.109985,9.953339,0.13569734,4,-1,-1
1233.6285,737.8677,13.660034,26.133057,0.13528177,1,-1,-1
1171.4911,291.12518,20.509521,11.486755,0.13489184,6,-1,-1
811.3234,407.08548,17.630127,11.544769,0.13449854,5,-1,-1
1145.584,815.28516,12.722656,13.680908,0.13423556,2,-1,-1
1059.5966,642.9074,14.687134,24.01007,0.13418663,1,-1,-1
634.26404,305.29562,6.721863,6.2986755,0.13400489,4,-1,-1
787.9607,519.297,10.157654,19.08722,0.13324738,2,-1,-1
644.4833,341.57553,7.5480957,10.49527,0.13283393,6,-1,-1
1164.6799,708.4044,20.50769,25.023804,0.1328226,10,-1,-1
456.17136,393.10522,33.07953,15.954803,0.13273358,9,-1,-1
922.3543,534.13196,8.822754,13.971436,0.13236436,1,-1,-1
581.46136,281.367,7.29657,6.2738647,0.13227183,5,-1,-1
572.83527,270.53525,7.2106323,5.9034424,0.13221386,4,-1,-1
852.59546,448.38202,7.5457153,13.111664,0.13214332,1,-1,-1
690.7133,395.43793,13.623779,10.1987,0.13199404,4,-1,-1
930.8541,534.31036,8.619324,15.1831665,0.13136834,1,-1,-1
1170.6805,884.7212,34.602783,28.939026,0.13086942,7,-1,-1
1236.2908,290.99698,12.607422,6.998108,0.1304287,4,-1,-1
868.9725,505.243,6.8064575,11.521271,0.1299687,3,-1,-1
1176.925,927.2195,39.47998,34.603394,0.1298168,3,-1,-1
705.5355,362.58084,11.477783,13.092712,0.12979972,9,-1,-1
1242.0188,743.6574,14.326416,22.981995,0.12960184,1,-1,-1
408.94217,373.27118,5.3355103,8.00116,0.1292471,1,-1,-1
1222.7794,764.7714,38.460693,27.290833,0.12903494,6,-1,-1
1172.4238,886.5733,21.586548,21.487183,0.12900576,10,-1,-1
1065.3838,640.72076,43.63037,30.194214,0.12865004,1,-1,-1
642.3762,341.21954,9.974548,11.591827,0.12849727,9,-1,-1
1324.9225,813.93823,18.846924,17.218262,0.12803888,1,-1,-1
441.86417,343.14838,22.559753,8.407959,0.12798175,5,-1,-1
1158.1276,726.0342,10.308472,20.799316,0.1278868,1,-1,-1
1281.6593,983.8675,16.313843,24.072754,0.12762943,1,-1,-1
1212.3173,297.90125,20.139038,9.379456,0.12757829,4,-1,-1
466.34607,400.27258,23.059296,10.168945,0.1273292,4,-1,-1
301.71307,473.37396,27.111206,21.908691,0.12706077,8,-1,-1
1061.9028,642.77167,25.52893,26.241821,0.12696704,2,-1,-1
1188.2006,893.42975,50.974487,37.735962,0.12693486,10,-1,-1
1015.1887,685.34827,46.703613,39.43225,0.12679142,5,-1,-1
1207.6973,753.25073,12.392578,18.664978,0.12659943,1,-1,-1
869.1654,499.96228,6.4072266,11.01944,0.12658438,2,-1,-1
1265.8898,975.48065,13.437744,19.480652,0.12647954,2,-1,-1
1285.5679,983.2763,10.858887,18.798523,0.12633371,2,-1,-1
1223.6393,763.70544,37.035156,27.881226,0.12621176,5,-1,-1
567.838,388.6663,20.02301,10.8072815,0.12592614,6,-1,-1
856.5492,711.319,23.867981,28.529358,0.12585694,10,-1,-1
1122.3605,1028.2446,13.033447,16.40747,0.12547785,2,-1,-1
461.82156,473.4042,6.810669,10.875763,0.12501496,1,-1,-1
1163.0787,730.57794,10.139282,19.152344,0.12486035,1,-1,-1
1222.0957,733.49963,13.55249,23.397827,0.12480992,1,-1,-1
1284.6497,995.601,13.015747,19.338684,0.12434372,1,-1,-1
23.635798,452.3048,25.258947,22.574524,0.12429643,10,-1,-1
1265.1823,969.51843,20.331055,31.697937,0.12370098,2,-1,-1
27.289495,458.72644,18.26452,18.52353,0.123162776,1,-1,-1
576.97107,271.79868,7.0179443,5.6914673,0.12295532,4,-1,-1
1268.8793,969.9866,12.526123,20.291687,0.12280741,2,-1,-1
1312.1301,814.2798,30.079834,20.400574,0.12278044,1,-1,-1
632.01404,315.91055,7.208435,7.6937256,0.12276861,4,-1,-1
1267.2609,794.76764,13.844238,19.748718,0.12267244,2,-1,-1
1285.5801,989.4947,10.956055,18.758606,0.12265921,2,-1,-1
1245.2397,750.5574,26.387695,20.684753,0.122517645,10,-1,-1
868.5434,505.25345,7.630005,11.455902,0.122163326,10,-1,-1
1224.1068,908.19836,12.6883545,23.243591,0.121843785,3,-1,-1
649.2973,322.68875,7.216614,8.116638,0.121827364,6,-1,-1
826.363,393.02316,16.691711,9.656342,0.12177825,4,-1,-1
1170.6218,881.26843,22.5625,19.837036,0.121673584,3,-1,-1
638.37604,338.76736,13.5494995,16.020325,0.12116146,4,-1,-1
1271.11,309.29822,10.27832,8.498566,0.12114918,4,-1,-1
413.94614,394.77603,21.940948,10.734131,0.12108025,4,-1,-1
822.7357,405.30466,19.026978,10.850891,0.12086314,4,-1,-1
1028.2166,580.1008,14.017334,18.973145,0.120851934,10,-1,-1
527.41565,379.5681,25.403015,13.120026,0.12028572,9,-1,-1
1285.1724,975.4328,12.22644,18.860107,0.12011492,1,-1,-1
428.41333,340.1299,14.0277405,7.0675354,0.11974028,4,-1,-1
581.3486,276.94992,7.157654,5.8822327,0.11939189,4,-1,-1
301.48676,473.75607,27.262512,19.619812,0.11932975,10,-1,-1
629.8485,328.27466,8.905457,7.6946716,0.119077444,5,-1,-1
0.0,344.58047,16.14432,8.823822,0.11894238,4,-1,-1
772.7195,414.01715,6.561157,13.555878,0.11878681,10,-1,-1
1148.7161,723.8679,13.389282,21.665833,0.11876908,1,-1,-1
1263.2882,964.1975,25.197876,26.284119,0.11870253,10,-1,-1
1173.6174,288.3623,18.474487,9.741058,0.11798772,4,-1,-1
526.985,379.62796,26.884888,12.751709,0.11730641,6,-1,-1
1164.6799,708.4044,20.50769,25.023804,0.11720061,3,-1,-1
610.6402,309.9104,8.999512,6.914734,0.1171276,5,-1,-1
695.27826,400.77115,21.470886,11.410736,0.11712286,4,-1,-1
1162.5819,907.5352,50.545654,38.280457,0.1169419,10,-1,-1
1210.4814,754.2819,15.31958,18.873535,0.11676881,2,-1,-1
1158.3492,731.17145,11.69165,17.667908,0.11672771,10,-1,-1
1325.6028,827.55396,16.72705,13.60199,0.11643815,1,-1,-1
1283.0662,982.9896,13.776611,26.023743,0.116113245,10,-1,-1
1297.328,820.5815,14.293457,17.997742,0.11610523,1,-1,-1
680.7085,397.73837,5.124878,8.872284,0.11607343,1,-1,-1
1190.6321,731.23285,46.140625,39.15808,0.11560544,6,-1,-1
1177.0463,684.9682,11.537109,23.082275,0.11546722,1,-1,-1
1224.0189,739.1189,11.113525,25.050049,0.115407735,1,-1,-1
1210.2151,729.44336,18.419067,27.94165,0.115339786,1,-1,-1
452.20428,343.8587,21.538757,8.179626,0.11530092,4,-1,-1
1060.3347,636.9424,53.836426,36.33899,0.11526424,5,-1,-1
831.07275,407.3497,20.850647,11.728546,0.11504388,4,-1,-1
1176.0903,895.91534,29.615479,19.393005,0.11498481,3,-1,-1
1099.786,1023.6418,45.711914,25.75055,0.11488119,10,-1,-1
1268.1581,797.5805,13.563721,18.438232,0.11480838,10,-1,-1
570.5941,338.95996,14.010803,6.8929443,0.114602864,4,-1,-1
1197.9491,957.8873,32.11023,21.856384,0.11455917,10,-1,-1
1364.3273,885.83685,35.065063,47.054565,0.114415705,6,-1,-1
1171.3405,926.9928,37.291626,22.656433,0.11398718,10,-1,-1
1165.4833,706.9154,26.425903,25.070251,0.113947004,7,-1,-1
1336.7687,837.1938,25.29541,20.812378,0.11378351,10,-1,-1
1113.0066,1029.0973,17.134155,15.9729,0.11356622,1,-1,-1
1195.3793,295.69305,16.916138,8.133728,0.113202274,4,-1,-1
920.40845,531.5027,27.794922,19.931885,0.11319509,4,-1,-1
1191.2502,932.283,32.618286,24.489136,0.113030046,3,-1,-1
1110.9647,671.07245,39.447266,31.469177,0.1129978,8,-1,-1
1281.682,992.84906,16.785645,22.728394,0.112841874,3,-1,-1
26.478006,451.0193,24.655401,24.174866,0.11282751,1,-1,-1
684.9248,395.67697,22.479065,13.84671,0.112781286,9,-1,-1
1252.111,577.0161,40.970703,20.349243,0.11271623,7,-1,-1
1364.462,886.6345,34.930298,48.83539,0.11242804,8,-1,-1
1213.3239,912.0877,27.698853,24.861023,0.11237255,10,-1,-1
1283.4094,785.54407,15.389648,18.342957,0.11221194,10,-1,-1
1332.6288,833.8222,28.472534,18.645386,0.112004966,1,-1,-1
1274.5238,979.9754,30.30249,36.871094,0.111809105,2,-1,-1
582.5244,266.5156,6.9558105,5.775543,0.11161357,4,-1,-1
408.78665,414.9645,23.661285,9.7196045,0.11157885,4,-1,-1
1217.2161,907.8693,13.461914,17.030273,0.1115239,2,-1,-1
1279.135,298.2789,16.439941,8.839386,0.11134824,4,-1,-1
460.46918,387.9501,25.61267,13.57605,0.111117214,4,-1,-1
309.30603,472.19647,8.951935,14.954926,0.11106801,1,-1,-1
792.03357,460.31326,20.875366,15.5961,0.11102682,10,-1,-1
810.0556,408.88577,10.199585,10.5295105,0.110811055,1,-1,-1
1241.3217,290.69232,9.404907,6.769989,0.110714465,4,-1,-1
556.72,300.5707,9.930603,7.6073303,0.110614955,4,-1,-1
824.85187,508.3004,13.342346,18.855225,0.11023185,1,-1,-1
983.69586,581.973,41.446716,29.669922,0.11021486,5,-1,-1
1250.6718,575.8487,44.434326,23.382202,0.10987994,5,-1,-1
690.50665,408.06702,19.154541,12.802032,0.10967654,4,-1,-1
878.2653,550.3885,35.51288,27.89563,0.109591246,4,-1,-1
809.87024,401.51294,19.63324,11.157227,0.10940948,4,-1,-1
1206.762,749.9142,12.299805,15.697144,0.10933173,2,-1,-1
1253.9532,295.72318,14.38147,7.6449585,0.1093317,4,-1,-1
932.5214,532.527,6.123535,11.942749,0.108968616,1,-1,-1
649.2973,322.68875,7.216614,8.116638,0.10847956,5,-1,-1
787.95306,520.0088,10.532227,20.640686,0.10833281,3,-1,-1
1169.4978,882.61536,42.507324,33.883667,0.1082575,4,-1,-1
1339.6438,839.5772,55.652588,41.114807,0.10825029,8,-1,-1
1232.2072,961.88165,11.315186,24.170288,0.10786939,10,-1,-1
873.50385,537.9684,29.313416,26.191711,0.107584506,5,-1,-1
471.3596,327.5222,14.456451,7.767151,0.10754138,4,-1,-1
703.03,359.00943,11.611816,15.702454,0.10743496,6,-1,-1
1263.7775,790.74493,15.730591,23.359985,0.10736501,3,-1,-1
630.1957,328.0938,8.327148,7.524658,0.10726544,6,-1,-1
703.92755,408.46738,21.015076,12.746796,0.10711312,5,-1,-1
1161.9396,916.973,38.864624,24.016418,0.10700813,4,-1,-1
414.35077,338.62943,15.462128,7.758911,0.10695186,4,-1,-1
601.8217,295.17664,7.4347534,6.4262695,0.1067411,4,-1,-1
830.5403,396.64835,14.56488,9.988312,0.10658884,5,-1,-1
1199.4366,907.32263,36.820312,26.992859,0.10645324,2,-1,-1
1367.902,862.3883,24.055542,15.727783,0.10643342,10,-1,-1
1178.4261,282.5835,16.67334,13.001617,0.10627362,9,-1,-1
1208.1642,715.17285,50.71167,43.9834,0.1062195,7,-1,-1
1372.8975,863.6002,13.182129,11.430298,0.10613531,1,-1,-1
1148.8505,724.5137,22.667358,24.206238,0.106053054,2,-1,-1
318.15305,470.24612,10.258148,16.96225,0.10597512,1,-1,-1
610.4014,309.94037,9.469727,6.8224792,0.10578364,6,-1,-1
1185.859,679.8644,67.81787,43.10968,0.10567981,6,-1,-1
308.662,470.6701,15.996674,20.30133,0.10554388,7,-1,-1
834.4624,454.70612,7.6834106,9.502563,0.10545647,1,-1,-1
829.45844,510.55472,8.770264,14.643036,0.105427295,2,-1,-1
551.59674,305.27002,12.393799,9.43219,0.10531333,4,-1,-1
625.3364,320.44403,7.1151733,7.2331543,0.10519728,4,-1,-1
621.66626,300.95642,6.8693237,6.0289,0.1050967,4,-1,-1
1240.4839,744.01263,17.635986,21.749573,0.10507673,10,-1,-1
565.5338,335.1284,10.378906,5.830414,0.105057985,4,-1,-1
553.8597,323.02228,5.706543,7.3584595,0.10483363,4,-1,-1
1157.9366,920.20984,48.872437,33.99951,0.10474995,3,-1,-1
1174.1072,886.50885,9.970581,9.475525,0.10459411,2,-1,-1
1111.2372,1031.1555,11.913574,14.375244,0.10458839,2,-1,-1
606.618,281.7971,6.451538,5.378723,0.10458583,4,-1,-1
561.0507,387.88727,18.474243,10.47702,0.10451731,6,-1,-1
1117.611,1032.4419,14.253296,16.95044,0.104513735,2,-1,-1
880.03467,536.0961,36.900085,29.604004,0.10411605,6,-1,-1
1031.0875,583.5299,11.15918,20.641296,0.10394496,1,-1,-1
1245.7028,751.3761,25.996338,19.299255,0.103922576,3,-1,-1
1211.3246,754.3697,13.844482,18.465393,0.1037786,1,-1,-1
1236.1912,290.95245,13.017212,6.958557,0.103666306,5,-1,-1
1170.1703,918.4482,23.076172,20.154358,0.1036526,2,-1,-1
1199.741,958.204,25.430908,20.228882,0.103248954,3,-1,-1
693.4182,396.4018,17.814331,15.016907,0.10317764,4,-1,-1
1341.725,839.4396,23.092407,18.454407,0.10306814,1,-1,-1
1167.5875,882.62665,53.475464,37.093506,0.1028606,8,-1,-1
610.5004,309.91592,9.2456665,6.977173,0.102858216,9,-1,-1
567.838,388.6663,20.02301,10.8072815,0.1027056,4,-1,-1
357.10913,451.77765,11.015381,20.069275,0.10257816,1,-1,-1
454.97006,388.87744,37.954956,18.221252,0.10233599,6,-1,-1
1261.5243,605.45135,29.086792,24.779968,0.10222,4,-1,-1
629.0614,325.5178,9.9644165,7.2418213,0.102004915,4,-1,-1
705.5355,362.58084,11.477783,13.092712,0.10193911,5,-1,-1
1286.5275,788.9577,24.333862,22.246887,0.1016953,10,-1,-1
868.9725,505.243,6.8064575,11.521271,0.10149127,2,-1,-1
1230.8987,594.21674,58.62317,39.401062,0.10147712,4,-1,-1
1031.3894,578.18964,10.268799,18.310974,0.10145131,1,-1,-1
1262.8271,788.3756,10.595093,15.223938,0.10137138,1,-1,-1
1115.2585,1032.6637,15.195557,16.728638,0.10128415,10,-1,-1
450.3987,352.01926,22.475647,8.719757,0.10111147,4,-1,-1
1311.1626,814.2112,31.621582,20.192993,0.101030946,10,-1,-1
1232.1522,291.1012,17.122314,10.315308,0.10093945,6,-1,-1
556.13806,305.2466,10.6640625,9.91217,0.100853086,6,-1,-1
358.34836,461.77417,6.5088196,10.965149,0.10044786,1,-1,-1
1202.5067,730.5192,30.78186,28.190857,0.100443244,4,-1,-1
1372.3708,863.37305,14.350952,12.017395,0.100389004,2,-1,-1
408.46915,411.4619,24.808624,10.122528,0.1002751,4,-1,-1
631.40576,302.11182,6.784729,6.924011,0.100218415,4,-1,-1
310.15973,470.95493,13.223511,19.065277,0.100137174,2,-1,-1
554.18494,322.47293,5.0718384,7.688019,0.10009235,1,-1,-1
497.85654,347.77765,18.909698,7.8272095,0.10004091,4,-1,-1
578.06464,276.75244,7.335022,5.905182,0.10001722,5,-1,-1
927.9663,532.4958,12.630554,12.338013,0.09994879,1,-1,-1
1110.9647,671.07245,39.447266,31.469177,0.099733025,6,-1,-1
538.1718,339.61365,74.30902,30.51355,0.09949297,9,-1,-1
1025.7687,577.6588,18.366577,26.187988,0.09935993,2,-1,-1
391.68015,488.82465,7.727417,10.943085,0.09926441,1,-1,-1
507.37994,347.09576,20.640503,8.772705,0.099226415,4,-1,-1
1176.7017,882.25745,10.340454,12.364197,0.09918502,1,-1,-1
1032.3375,579.45197,8.851074,14.66449,0.09899378,2,-1,-1
1266.7218,791.72754,8.804321,13.67627,0.098835886,2,-1,-1
1209.9946,293.3636,21.636475,11.237457,0.09869066,6,-1,-1
581.99554,281.1971,6.5820312,6.7731323,0.098647356,9,-1,-1
1315.625,818.9149,27.400146,22.03534,0.09851429,3,-1,-1
293.65472,438.85956,7.9453735,12.5755005,0.0985066,2,-1,-1
1176.4939,703.68304,14.833618,17.750488,0.098347664,10,-1,-1
290.95984,439.37137,8.543335,15.05011,0.098330855,1,-1,-1
873.5553,548.74774,8.181335,15.282532,0.09829444,1,-1,-1
980.89703,686.6051,66.957825,42.976746,0.09812054,4,-1,-1
1158.3492,731.17145,11.69165,17.667908,0.09785074,3,-1,-1
1224.4233,756.2892,27.761353,34.15747,0.09765914,1,-1,-1
640.5704,985.4676,15.374634,26.28479,0.09749502,10,-1,-1
1066.6594,271.44913,10.838867,5.8624573,0.097468704,6,-1,-1
1174.1321,288.59103,17.619019,9.44873,0.0974015,5,-1,-1
1263.1034,963.4665,16.153687,28.789124,0.09734118,1,-1,-1
998.9946,678.2419,53.756348,41.722168,0.09711927,4,-1,-1
1269.3662,978.4908,12.235107,21.331116,0.09690073,1,-1,-1
