208.84222,50.06672,31.232498,34.22329,0.94392395,1,-1,-1
165.05663,43.10643,35.54718,32.108917,0.86331093,1,-1,-1
725.65125,319.88165,22.288574,21.430664,0.8172988,1,-1,-1
476.38763,331.66214,19.926666,22.350677,0.76754636,1,-1,-1
338.74893,95.76107,21.705414,23.853523,0.76068926,1,-1,-1
710.9476,295.2402,26.341492,29.741821,0.7145228,1,-1,-1
271.13824,53.45297,25.762238,31.955143,0.6829171,1,-1,-1
338.9047,88.9353,19.918762,20.0532,0.65183604,1,-1,-1
710.9839,233.10405,24.377808,28.718002,0.6508405,1,-1,-1
493.81705,77.097176,36.73929,63.17904,0.65022165,3,-1,-1
1281.9451,500.61252,50.473877,26.94992,0.64967954,10,-1,-1
486.55682,81.94356,31.277588,53.54956,0.63994306,3,-1,-1
543.5485,120.519104,34.02295,54.342987,0.5993664,3,-1,-1
1048.4777,280.27228,22.847534,37.060883,0.5752553,1,-1,-1
848.87946,414.81717,80.39661,56.28067,0.5677309,6,-1,-1
380.01675,10.461603,33.547638,44.230278,0.56179726,3,-1,-1
76.89277,62.89928,27.802734,26.628902,0.5494128,1,-1,-1
964.3147,224.08414,33.466248,37.26239,0.5447774,3,-1,-1
773.5563,634.68134,52.981323,91.68451,0.5171475,6,-1,-1
0.0,224.68983,133.5589,213.49443,0.5111919,6,-1,-1
1041.6017,270.02234,24.288818,37.209137,0.5054966,1,-1,-1
290.5616,198.52103,40.788788,35.69632,0.49671823,10,-1,-1
291.95715,198.34943,39.42569,37.28444,0.48622635,3,-1,-1
690.0756,199.05788,27.498901,34.35405,0.47690713,3,-1,-1
264.03815,92.89254,28.907837,28.95295,0.46874467,1,-1,-1
1120.1663,299.21487,31.500366,41.497864,0.46480513,3,-1,-1
1145.2156,419.4669,21.742188,18.165771,0.46383426,1,-1,-1
268.55194,181.21011,40.61786,38.04602,0.46022847,10,-1,-1
886.04846,232.6142,22.707764,39.06601,0.4578403,1,-1,-1
979.04456,226.73373,35.422607,33.855957,0.45505872,3,-1,-1
298.98444,37.064224,27.555115,34.01935,0.45330155,1,-1,-1
310.03128,219.72188,46.185974,35.55493,0.44973907,3,-1,-1
467.86636,66.05027,34.700867,50.303764,0.4360719,3,-1,-1
1060.4153,283.26746,24.902222,40.67636,0.43443987,1,-1,-1
1100.7343,289.93292,29.702515,41.611267,0.42079902,3,-1,-1
537.15765,116.34663,28.43982,54.421135,0.41179067,3,-1,-1
839.8628,200.548,26.203247,43.43634,0.4106382,2,-1,-1
1020.4278,266.3953,21.49469,36.209686,0.4102741,1,-1,-1
987.3376,465.44308,17.57367,14.535919,0.40855926,2,-1,-1
240.56026,162.25177,38.487717,36.56215,0.40471858,10,-1,-1
1089.5022,285.54895,27.46167,43.8284,0.40108424,3,-1,-1
197.03531,137.11476,43.244354,35.89586,0.39783034,3,-1,-1
475.62735,54.519802,34.136353,56.234776,0.39744616,10,-1,-1
839.464,200.62065,26.683167,43.735367,0.3900633,1,-1,-1
590.81396,124.17148,30.480164,53.97043,0.38184518,3,-1,-1
494.23404,82.16722,37.686737,60.662186,0.37823078,10,-1,-1
1142.7428,412.22122,30.816162,26.584167,0.3770061,1,-1,-1
1185.8569,311.94296,113.82312,79.714874,0.3748589,7,-1,-1
486.61047,80.831604,32.091553,56.52736,0.37093922,10,-1,-1
467.86636,66.05027,34.700867,50.303764,0.37017682,10,-1,-1
774.13794,634.90015,52.72284,91.442444,0.36871177,8,-1,-1
58.694687,31.437923,47.755676,27.014091,0.3654787,1,-1,-1
464.28278,73.30219,25.63739,43.507095,0.36461592,3,-1,-1
1154.4995,413.18298,17.646118,14.78421,0.3633483,1,-1,-1
283.59708,31.13507,37.1557,37.320274,0.36040354,1,-1,-1
737.06683,205.69946,20.421692,24.418015,0.35984486,1,-1,-1
252.86253,168.00204,30.63881,34.321625,0.35800755,10,-1,-1
179.10402,128.16696,27.533615,47.498306,0.35530925,3,-1,-1
972.12714,253.596,27.744507,41.638016,0.35160324,2,-1,-1
849.2596,414.39188,80.17609,56.771576,0.3444869,8,-1,-1
774.11066,635.92413,52.047974,89.77161,0.33922988,7,-1,-1
969.17346,455.71295,23.842896,16.882874,0.33516955,2,-1,-1
984.9702,255.72186,25.927063,39.808655,0.3350017,2,-1,-1
324.36548,236.93793,47.589264,31.697357,0.33310747,3,-1,-1
998.5096,587.15173,15.353149,12.900879,0.33062845,1,-1,-1
612.0898,158.89297,41.44043,52.22316,0.33012998,7,-1,-1
938.2544,252.54988,34.771484,50.34041,0.32589775,1,-1,-1
590.81396,124.17148,30.480164,53.97043,0.3256417,10,-1,-1
927.1816,224.93675,17.42102,33.755173,0.32283437,1,-1,-1
158.00986,136.55493,21.74321,35.289856,0.31962186,3,-1,-1
653.35364,176.44229,20.263367,37.29326,0.3187947,1,-1,-1
61.567123,32.81997,29.842857,18.175137,0.31555596,2,-1,-1
573.9249,140.92444,30.188782,39.72682,0.3104029,3,-1,-1
863.5115,234.61684,26.486694,45.211014,0.3099616,1,-1,-1
987.3376,465.44308,17.57367,14.535919,0.30955166,1,-1,-1
268.30853,181.04987,40.753387,38.602707,0.3078695,3,-1,-1
706.45154,431.13525,26.588867,48.41623,0.30732068,10,-1,-1
964.51263,581.15765,15.680115,14.168213,0.3036389,2,-1,-1
610.94507,156.60634,46.600037,54.61879,0.30247784,8,-1,-1
61.815742,93.87924,32.80732,35.353287,0.30064794,3,-1,-1
60.028885,31.384457,44.70713,25.58604,0.29958844,3,-1,-1
849.21185,414.69974,79.72565,56.626617,0.29949802,7,-1,-1
528.58954,92.2603,31.637817,59.882812,0.2990733,3,-1,-1
1188.9493,313.18698,110.08826,78.83008,0.29782903,8,-1,-1
917.28723,221.71382,23.923462,36.840927,0.29603785,1,-1,-1
1069.9304,279.14435,30.797485,44.11798,0.29237255,3,-1,-1
903.0449,213.58354,23.32373,36.536285,0.29229635,1,-1,-1
706.45154,431.13525,26.588867,48.41623,0.2855237,3,-1,-1
157.26646,136.6123,22.632278,35.396927,0.284065,10,-1,-1
972.0696,255.03561,27.579407,39.47336,0.28330883,1,-1,-1
366.8671,4.079366,40.717163,45.93703,0.28308016,3,-1,-1
968.49243,455.83356,26.043396,16.532532,0.28231722,1,-1,-1
464.28278,73.30219,25.63739,43.507095,0.28204447,10,-1,-1
772.5635,542.7533,52.799377,74.75885,0.2818066,8,-1,-1
46.281326,90.928116,37.43937,38.147995,0.27743858,3,-1,-1
712.86993,601.38165,57.76709,87.62158,0.27635562,8,-1,-1
717.6781,233.99504,16.658691,19.947647,0.2755155,1,-1,-1
475.62735,54.519802,34.136353,56.234776,0.27215058,3,-1,-1
1055.6791,286.00262,20.440186,33.95456,0.2718529,1,-1,-1
938.96124,252.26273,33.806824,50.356354,0.2713644,7,-1,-1
384.39377,388.5121,60.071228,67.28412,0.2709772,8,-1,-1
772.5635,542.7533,52.799377,74.75885,0.26751468,6,-1,-1
375.91425,9.60718,37.572052,44.67372,0.26694363,10,-1,-1
982.0469,470.21292,9.289368,12.562378,0.2653756,2,-1,-1
68.863945,35.73682,29.749619,19.197086,0.2647106,2,-1,-1
345.86014,549.01245,18.520264,21.867432,0.26320568,1,-1,-1
963.2904,600.1199,16.414001,20.026245,0.2623091,2,-1,-1
911.0354,218.90936,18.759033,29.911942,0.2613445,1,-1,-1
1150.003,415.22012,21.062256,18.68927,0.26115185,1,-1,-1
720.5766,295.6487,20.62555,23.45346,0.2595142,1,-1,-1
917.4544,235.85052,23.056335,41.07144,0.25946772,1,-1,-1
830.2392,727.9201,62.036743,59.62384,0.25757664,6,-1,-1
250.85265,167.61943,32.367752,34.584152,0.2561259,1,-1,-1
967.1865,467.1044,19.093628,18.336365,0.2533794,1,-1,-1
283.85785,26.21802,39.44992,38.53755,0.25281298,10,-1,-1
909.7787,255.95602,18.099731,32.553986,0.25229487,1,-1,-1
197.52467,136.95073,40.64685,36.869034,0.24936828,10,-1,-1
863.29865,251.00217,20.511414,27.700195,0.24701843,1,-1,-1
955.6659,226.49861,31.031555,46.819168,0.24693811,3,-1,-1
175.64297,133.90028,30.933945,44.002518,0.2465294,10,-1,-1
283.09854,6.8750515,42.039185,32.705666,0.24634176,3,-1,-1
971.4938,250.79408,28.360046,44.93599,0.24597415,3,-1,-1
946.051,590.2829,17.430542,17.989014,0.24481744,2,-1,-1
969.2515,466.33057,26.419434,17.563843,0.24458954,2,-1,-1
1147.5168,426.3859,16.15979,9.269043,0.24428403,1,-1,-1
283.01852,26.97427,39.337006,37.09831,0.24401602,3,-1,-1
984.9702,255.72186,25.927063,39.808655,0.24266538,1,-1,-1
984.1327,252.40775,27.937927,43.700134,0.24202535,3,-1,-1
938.22955,253.62349,32.961365,48.42076,0.2384701,10,-1,-1
1183.4304,312.487,36.499634,54.223755,0.2376653,3,-1,-1
73.37786,38.763275,34.61737,22.301975,0.2369119,1,-1,-1
900.776,243.65366,24.825623,43.185028,0.23553684,1,-1,-1
70.714005,35.232227,26.08931,20.569454,0.23501527,1,-1,-1
1060.5476,283.15277,25.016968,40.604553,0.2340971,3,-1,-1
521.9853,96.41407,27.784668,48.039635,0.23310876,3,-1,-1
494.56137,98.819336,22.626007,44.538437,0.23170361,3,-1,-1
57.677044,31.184835,49.427265,27.24589,0.2293179,10,-1,-1
112.699905,118.83932,26.45514,34.7461,0.22821507,3,-1,-1
909.7142,242.63324,26.094543,46.563965,0.22811109,1,-1,-1
711.84784,599.2828,59.182495,92.29468,0.22739771,7,-1,-1
938.96124,252.26273,33.806824,50.356354,0.22679618,8,-1,-1
985.0839,257.96432,26.313782,39.44873,0.22614169,10,-1,-1
1145.635,519.5803,21.45337,13.97699,0.22372162,1,-1,-1
476.177,331.7045,20.18283,22.302307,0.22331917,2,-1,-1
275.80313,44.498764,38.366028,37.113007,0.22206122,1,-1,-1
963.2872,599.3103,12.033081,13.918945,0.221697,2,-1,-1
326.3052,7.218562,34.833557,48.340546,0.2215069,7,-1,-1
972.58093,260.30286,23.947266,35.875854,0.22088054,10,-1,-1
183.48523,140.1311,17.401978,36.1958,0.21761814,10,-1,-1
711.98035,598.5922,59.139404,93.10596,0.21662524,6,-1,-1
611.7334,159.29182,41.124695,51.52295,0.2148735,10,-1,-1
772.657,543.30646,52.84192,74.212524,0.2144754,7,-1,-1
1147.8926,294.95032,36.685425,54.501617,0.21441826,3,-1,-1
385.29172,456.57858,57.67154,36.186096,0.214356,8,-1,-1
34.86053,89.12912,37.32353,41.230103,0.21394101,3,-1,-1
384.0444,388.22815,60.254242,67.60181,0.21354795,5,-1,-1
62.795666,32.40331,27.482319,18.796291,0.21311596,1,-1,-1
962.9552,224.71346,29.545776,41.751328,0.2119734,10,-1,-1
79.52164,110.51671,31.339874,32.740158,0.20854941,3,-1,-1
326.3052,7.218562,34.833557,48.340546,0.20694816,8,-1,-1
232.19731,0.0,45.877426,35.22508,0.20608553,1,-1,-1
541.2133,134.66849,57.140015,43.844406,0.20595664,3,-1,-1
385.2399,456.77673,57.927734,35.674927,0.20495144,7,-1,-1
923.48584,228.72241,25.224243,48.670197,0.20316857,1,-1,-1
1061.2195,283.32083,23.587158,40.10031,0.20207667,2,-1,-1
621.002,128.33205,27.14978,43.4142,0.20179906,10,-1,-1
612.0898,158.89297,41.44043,52.22316,0.20159185,3,-1,-1
139.82874,129.58098,25.987823,38.74846,0.2009725,3,-1,-1
10.297709,300.30493,113.75588,185.91443,0.20009413,6,-1,-1
299.7182,37.55502,26.651886,33.238308,0.19906092,2,-1,-1
71.88305,36.220146,36.352394,25.084301,0.1986796,3,-1,-1
876.7386,225.60541,25.048096,51.799683,0.19854337,1,-1,-1
140.99294,129.2666,23.196472,37.559525,0.19802865,10,-1,-1
312.39172,532.53503,26.68576,27.647095,0.19730872,1,-1,-1
1184.0825,312.3307,35.32544,55.034576,0.19663092,10,-1,-1
962.9552,224.71346,29.545776,41.751328,0.19598323,1,-1,-1
498.796,502.8779,52.595795,73.96768,0.19531536,7,-1,-1
872.2976,625.8576,97.763855,161.68634,0.19457105,6,-1,-1
1147.5168,426.3859,16.15979,9.269043,0.1945259,2,-1,-1
953.0761,582.8223,10.626343,12.661865,0.19319704,2,-1,-1
1174.6061,305.0064,34.099854,53.5813,0.19298103,3,-1,-1
593.9819,142.33992,23.215515,40.9131,0.19250181,3,-1,-1
1282.935,499.55023,49.08972,28.299255,0.19196853,1,-1,-1
848.429,411.95798,81.710205,59.488007,0.19192213,5,-1,-1
326.31174,7.0756783,34.818573,48.51776,0.19187343,1,-1,-1
557.3373,132.42885,30.442017,44.37552,0.19183198,3,-1,-1
1282.935,499.55023,49.08972,28.299255,0.19112965,3,-1,-1
226.03719,156.95493,37.17433,42.15857,0.18915811,10,-1,-1
484.59775,52.527763,40.747528,64.59332,0.18890485,3,-1,-1
250.27127,172.28421,37.478577,35.371628,0.1887545,3,-1,-1
972.41144,229.45253,23.892212,44.170517,0.18709543,3,-1,-1
326.06918,6.3690286,34.884613,48.8621,0.18612152,10,-1,-1
1299.8486,504.68845,17.43689,17.486969,0.1849235,2,-1,-1
67.06287,103.849915,29.6531,31.716965,0.18483129,3,-1,-1
477.10333,51.249237,29.767975,36.282852,0.18402305,10,-1,-1
0.0,80.66381,40.895233,42.19645,0.18377167,10,-1,-1
874.1437,522.7106,14.346313,13.44928,0.18337205,2,-1,-1
867.5595,210.48363,18.265747,36.94969,0.18299547,1,-1,-1
485.86923,86.34207,18.984436,40.646484,0.18285868,3,-1,-1
971.642,266.43723,20.018372,28.394806,0.18167594,2,-1,-1
967.57385,467.2705,22.412903,18.195038,0.18074813,3,-1,-1
91.46953,112.63744,31.980888,34.92669,0.18056396,3,-1,-1
1048.0098,279.0375,23.815063,38.578857,0.18016464,2,-1,-1
497.29813,502.55988,53.182648,74.64288,0.18010914,10,-1,-1
0.0,222.72646,132.8435,205.70082,0.1799652,4,-1,-1
1020.30597,266.12665,21.692688,36.67215,0.17934665,3,-1,-1
938.40247,252.84839,34.419678,49.886963,0.1788635,2,-1,-1
185.24736,129.50867,16.302933,39.035736,0.17705408,1,-1,-1
982.0469,470.21292,9.289368,12.562378,0.17652875,1,-1,-1
173.6838,136.16249,22.956436,39.95883,0.17639992,3,-1,-1
971.642,266.43723,20.018372,28.394806,0.17545772,1,-1,-1
0.0,644.57935,236.8618,142.9646,0.17531621,6,-1,-1
690.236,199.17316,27.180054,33.681015,0.17451131,1,-1,-1
268.43997,181.60837,39.238556,36.830444,0.1741161,1,-1,-1
238.83449,161.23062,40.138107,39.08618,0.1733703,3,-1,-1
1145.5487,419.06635,21.549194,18.515778,0.17335367,10,-1,-1
384.80713,456.44156,56.72638,32.99887,0.17271906,10,-1,-1
1247.2435,694.20074,54.47815,38.322693,0.17162728,10,-1,-1
32.61656,99.95788,33.405228,39.37136,0.17154938,3,-1,-1
1145.2156,419.4669,21.742188,18.165771,0.17130995,2,-1,-1
287.0129,17.197392,41.9263,41.820297,0.17078274,1,-1,-1
786.67194,187.24055,86.12897,61.65912,0.17020515,8,-1,-1
35.765213,90.06138,38.20027,39.392967,0.17006868,10,-1,-1
1204.933,317.1737,28.810425,48.870667,0.16906524,3,-1,-1
971.71497,458.85205,17.683838,19.337463,0.168185,2,-1,-1
907.72675,224.673,16.843018,31.786774,0.16747889,1,-1,-1
879.8605,233.712,17.89441,34.401886,0.16746846,1,-1,-1
804.58026,739.6864,38.66339,47.857544,0.16746038,6,-1,-1
617.83734,134.93184,30.988525,56.037125,0.1672822,7,-1,-1
981.5304,464.3697,25.248535,20.318756,0.16683823,2,-1,-1
520.5133,590.299,163.93512,186.45123,0.16602075,6,-1,-1
946.25543,564.5505,17.910278,23.713257,0.16583854,2,-1,-1
963.2904,600.1199,16.414001,20.026245,0.16477403,1,-1,-1
1178.6666,373.24655,26.714355,17.095306,0.16458037,1,-1,-1
898.2998,242.57545,18.584534,37.13063,0.16172615,1,-1,-1
336.4294,545.39154,23.358887,22.376282,0.16156468,1,-1,-1
1123.1503,748.593,21.149414,15.333618,0.16140237,1,-1,-1
85.388756,112.68443,34.4282,39.67456,0.16118562,10,-1,-1
292.38147,40.60692,21.423859,26.880608,0.16023687,1,-1,-1
1123.0708,749.734,56.751953,32.7381,0.15919292,10,-1,-1
310.59674,232.61435,80.806854,79.32294,0.15901732,7,-1,-1
123.25578,123.42562,27.976776,36.872383,0.15872747,3,-1,-1
912.75977,242.11153,18.027283,34.150925,0.15749589,1,-1,-1
347.18256,533.3107,16.113342,17.416382,0.1573492,1,-1,-1
592.35425,121.174126,25.695496,36.03083,0.1563788,10,-1,-1
602.9264,133.89056,57.177612,74.49199,0.15553433,7,-1,-1
83.781204,45.217083,24.331581,16.301472,0.15491149,1,-1,-1
273.78098,34.614147,27.863892,42.413136,0.15486273,1,-1,-1
1248.4486,695.37946,53.874634,37.021423,0.15465468,4,-1,-1
721.5588,233.49399,12.987488,13.22847,0.15441537,1,-1,-1
715.16626,241.16156,18.158875,18.174988,0.15395111,1,-1,-1
67.542145,34.579388,18.057373,14.488647,0.15370539,2,-1,-1
866.87555,221.72086,25.957825,47.740784,0.15333042,1,-1,-1
622.8052,591.3308,17.521973,18.520142,0.15332079,2,-1,-1
1242.2717,691.9364,60.88745,41.678467,0.15326947,8,-1,-1
899.43884,213.9908,17.791748,32.8461,0.15303686,1,-1,-1
1020.4035,265.96112,21.745178,36.70346,0.15291056,2,-1,-1
913.26495,225.7978,17.841858,32.658066,0.1527974,1,-1,-1
829.1874,727.29736,63.776855,60.246582,0.15269658,7,-1,-1
583.4251,130.27223,34.810425,48.568146,0.15268081,1,-1,-1
1247.8235,694.23114,54.517456,38.219482,0.15257853,7,-1,-1
1090.9431,286.7821,25.450195,42.18863,0.15248263,10,-1,-1
971.09515,459.01932,19.647583,19.085083,0.15213177,1,-1,-1
757.26636,759.7415,11.58551,20.452454,0.15209392,1,-1,-1
227.28938,153.73364,29.39296,33.064026,0.15193626,1,-1,-1
313.5048,535.94116,23.713104,24.047546,0.15188321,2,-1,-1
183.45952,141.21858,17.935135,34.85823,0.15175542,3,-1,-1
66.299065,102.01604,30.464767,34.024277,0.15129185,10,-1,-1
249.14012,176.27585,45.597427,34.65851,0.15091148,10,-1,-1
973.3324,265.49796,21.169434,29.963867,0.15047646,3,-1,-1
32.538605,82.84523,33.821274,34.475464,0.1498152,3,-1,-1
337.55093,513.47046,20.49591,20.765686,0.14964524,1,-1,-1
384.50873,456.70032,56.953003,32.78003,0.14937991,6,-1,-1
334.91888,241.28879,44.216644,35.02185,0.1493141,3,-1,-1
1184.0825,312.3307,35.32544,55.034576,0.14896914,1,-1,-1
893.90826,249.71727,18.046997,31.982437,0.14889425,1,-1,-1
16.675192,88.824715,36.93206,37.02864,0.14887875,3,-1,-1
653.35364,176.44229,20.263367,37.29326,0.14847073,3,-1,-1
10.498498,87.8669,45.200584,37.192894,0.14814624,10,-1,-1
0.0,221.31926,128.46425,216.47792,0.14797348,7,-1,-1
369.59033,0.0,36.302002,30.112125,0.14785585,3,-1,-1
77.02859,63.44152,27.561226,25.986923,0.14780188,2,-1,-1
988.2102,252.37968,17.904846,33.742264,0.14663363,1,-1,-1
575.4474,132.65044,49.810486,50.563797,0.1464715,3,-1,-1
666.1567,507.9222,57.095703,92.316315,0.14628825,7,-1,-1
744.5786,208.19817,16.103943,23.55046,0.1460442,1,-1,-1
1154.8275,413.46817,16.984253,13.8594055,0.14547351,2,-1,-1
339.12845,88.8268,19.643066,19.85717,0.14543134,2,-1,-1
226.73453,153.45471,31.707184,35.201416,0.14515722,3,-1,-1
227.30057,218.40279,27.993439,24.865051,0.14495996,1,-1,-1
1255.2334,534.7785,63.223022,39.096436,0.14483386,10,-1,-1
1222.3982,677.94946,24.432861,31.158081,0.14455724,2,-1,-1
169.16026,139.08224,46.552948,37.81627,0.14425582,3,-1,-1
282.5598,31.404312,34.759644,35.314194,0.14409691,2,-1,-1
272.87183,0.0,28.802765,33.386646,0.14346772,1,-1,-1
76.89277,62.89928,27.802734,26.628902,0.14326707,3,-1,-1
307.68243,215.97873,45.686615,33.96544,0.14293423,10,-1,-1
1020.76514,266.43002,20.74353,36.40976,0.14262378,10,-1,-1
945.29236,581.43695,22.027832,24.278015,0.14256597,2,-1,-1
673.0984,142.08495,17.777588,32.514893,0.14231539,1,-1,-1
786.45184,186.49329,87.80878,63.689392,0.14225551,7,-1,-1
950.1084,587.39935,15.336548,17.196411,0.1420294,2,-1,-1
825.2736,608.7896,59.287354,93.154724,0.14169317,7,-1,-1
312.85333,224.18611,46.6644,36.7545,0.14155453,10,-1,-1
265.32596,92.68734,23.74356,27.064125,0.14150128,2,-1,-1
967.7809,468.11118,16.761353,16.64566,0.14091426,2,-1,-1
1225.5432,681.6289,20.777588,26.9505,0.14084378,1,-1,-1
1102.5321,289.03787,27.08313,42.313263,0.14070866,10,-1,-1
230.9181,0.0,47.803482,34.922802,0.14068627,10,-1,-1
157.55098,135.98566,22.3564,36.060272,0.14059198,2,-1,-1
893.28705,214.10167,17.480408,30.655518,0.14007145,1,-1,-1
1153.1406,420.87784,11.970459,10.039215,0.1400064,1,-1,-1
1079.8866,282.4238,30.412598,42.306152,0.13997498,3,-1,-1
952.2315,246.18243,32.657654,48.431915,0.13977486,1,-1,-1
905.91,223.48056,28.423523,55.155273,0.13965982,1,-1,-1
847.5786,210.9399,17.562134,37.697342,0.13884714,1,-1,-1
1202.3318,655.22925,84.27649,52.116577,0.13877228,8,-1,-1
961.6909,594.8084,23.402344,22.389832,0.13860112,2,-1,-1
285.46628,2.551928,43.516907,38.481567,0.13836601,10,-1,-1
688.07227,142.60739,17.57196,33.08217,0.1379365,1,-1,-1
945.9459,587.78644,17.761414,19.819763,0.13728613,1,-1,-1
1174.9557,303.8672,33.554565,55.050415,0.13724309,10,-1,-1
225.95001,215.92746,33.34021,31.438828,0.13716632,10,-1,-1
773.6282,634.8968,53.649353,91.10272,0.13676277,5,-1,-1
143.28891,135.07996,35.128082,43.378403,0.13657969,10,-1,-1
862.2635,237.20967,24.189026,40.74916,0.13653815,2,-1,-1
379.498,144.62993,23.263947,40.695282,0.1363244,1,-1,-1
1148.9946,412.3304,21.035889,20.25119,0.13581258,2,-1,-1
1041.0305,270.22034,24.327637,36.66971,0.1358087,2,-1,-1
488.18906,54.086964,36.979156,66.43404,0.13577858,10,-1,-1
241.80754,164.56506,34.589493,32.06447,0.13481301,1,-1,-1
992.88544,466.96744,12.613892,10.45871,0.13448405,2,-1,-1
1288.2279,261.4574,111.29285,121.610596,0.13421768,6,-1,-1
185.02106,126.90645,17.990875,31.898346,0.13352922,10,-1,-1
292.25702,35.359123,35.464355,34.759735,0.13335836,10,-1,-1
0.0,64.65391,26.29377,31.248215,0.13283068,10,-1,-1
1149.7773,413.27365,22.172974,20.08368,0.132732,10,-1,-1
984.2789,228.14357,29.937683,44.35283,0.1326108,2,-1,-1
306.41788,222.27461,62.54709,50.810654,0.13192591,3,-1,-1
61.567123,32.81997,29.842857,18.175137,0.13174716,10,-1,-1
981.5304,464.3697,25.248535,20.318756,0.13170293,1,-1,-1
158.00986,136.55493,21.74321,35.289856,0.13156447,1,-1,-1
1060.865,282.77744,24.816772,40.861053,0.13115054,10,-1,-1
184.83473,126.122406,20.604034,33.35344,0.1310691,3,-1,-1
938.1978,252.27478,34.683777,50.319427,0.13057825,3,-1,-1
498.7483,502.63425,53.806213,74.481476,0.13054127,8,-1,-1
1151.6693,294.9275,37.51709,55.22113,0.13039231,10,-1,-1
664.11456,401.16815,50.258972,80.39667,0.12993488,10,-1,-1
963.3315,604.77435,12.564575,12.925171,0.12988073,2,-1,-1
222.09239,152.39592,55.234665,57.19771,0.12987933,10,-1,-1
0.0,64.65391,26.29377,31.248215,0.12956455,3,-1,-1
988.2102,252.37968,17.904846,33.742264,0.12938514,2,-1,-1
476.80496,50.591175,31.224762,41.109806,0.12901872,2,-1,-1
53.7079,89.98898,36.939507,39.086426,0.12899742,10,-1,-1
1070.587,279.77127,30.496582,41.916992,0.12881133,10,-1,-1
859.15076,208.72424,25.228943,38.803314,0.12817538,2,-1,-1
969.8256,458.2808,22.368652,20.201172,0.12804636,3,-1,-1
575.52466,135.76927,28.296997,43.481308,0.12802464,10,-1,-1
963.31213,592.96405,11.234375,15.2526245,0.12772366,2,-1,-1
362.8906,316.71582,64.616486,37.121704,0.12765121,10,-1,-1
112.699905,118.83932,26.45514,34.7461,0.12743199,10,-1,-1
900.07184,227.21654,16.946838,33.587723,0.1273661,1,-1,-1
250.85265,167.61943,32.367752,34.584152,0.1273483,2,-1,-1
1151.6693,294.9275,37.51709,55.22113,0.12730098,1,-1,-1
773.44464,542.7348,51.970276,75.463135,0.12729093,5,-1,-1
332.1282,242.1129,46.916473,31.50499,0.12727109,10,-1,-1
971.3517,457.05875,15.028687,10.550049,0.12727052,2,-1,-1
290.30157,17.991,37.4993,39.4654,0.12715694,3,-1,-1
341.86148,536.5673,24.155945,31.86084,0.12715626,1,-1,-1
229.6555,0.0,52.715714,34.5488,0.12693352,3,-1,-1
289.98892,0.0,39.614807,30.689844,0.12685701,3,-1,-1
1202.3318,655.22925,84.27649,52.116577,0.12668827,10,-1,-1
362.61502,318.7988,64.41437,34.890503,0.1265432,3,-1,-1
621.1091,128.5036,27.421448,42.94388,0.12651053,1,-1,-1
230.9181,0.0,47.803482,34.922802,0.1263921,2,-1,-1
544.9136,118.32141,30.523376,55.99565,0.12601286,10,-1,-1
177.91763,143.81691,18.455063,34.94586,0.12588432,10,-1,-1
338.74893,95.76107,21.705414,23.853523,0.12569311,2,-1,-1
714.5296,233.34715,20.544067,26.14531,0.1242359,2,-1,-1
73.92186,94.87716,34.394913,39.55047,0.12412399,3,-1,-1
907.63306,235.63937,16.726501,33.313995,0.12395331,1,-1,-1
1217.1937,671.9323,31.581543,37.78766,0.12393257,1,-1,-1
1308.36,624.77466,30.70691,39.25775,0.12361035,1,-1,-1
285.2591,35.89914,22.642426,28.833885,0.123550475,1,-1,-1
923.25946,248.91808,15.799438,29.475693,0.123480976,1,-1,-1
946.2125,564.7752,17.94751,23.82721,0.123382,1,-1,-1
259.9072,87.44287,33.68213,36.75441,0.12294069,3,-1,-1
966.5921,460.08444,31.080261,25.68103,0.12278381,1,-1,-1
389.16092,17.93022,19.785065,36.83293,0.1224187,3,-1,-1
641.831,592.89496,16.885132,21.478394,0.1222128,2,-1,-1
60.028885,31.384457,44.70713,25.58604,0.12178287,2,-1,-1
952.8981,248.2184,32.61615,46.641098,0.12164,3,-1,-1
964.4475,581.1464,15.680969,14.127747,0.12161639,1,-1,-1
141.85939,129.43768,21.322693,37.04283,0.12091535,2,-1,-1
1.5283889,78.337746,38.392902,40.221466,0.120910585,3,-1,-1
359.68552,2.7345297,33.86801,37.792355,0.12086636,3,-1,-1
799.22394,733.98865,60.748352,53.555298,0.12080374,7,-1,-1
290.61688,197.56587,40.50827,36.39563,0.12066406,1,-1,-1
1156.3342,413.71988,12.163696,10.58905,0.1197342,1,-1,-1
544.9136,118.32141,30.523376,55.99565,0.119481355,1,-1,-1
362.8906,316.71582,64.616486,37.121704,0.11945522,7,-1,-1
665.1385,401.9018,48.784607,79.81406,0.11941117,3,-1,-1
494.26236,77.586876,35.365326,62.833626,0.11939579,1,-1,-1
825.2736,608.7896,59.287354,93.154724,0.11933124,8,-1,-1
829.1874,727.29736,63.776855,60.246582,0.11924732,8,-1,-1
985.7719,229.48012,27.312012,45.242294,0.11891955,10,-1,-1
176.34569,132.61331,28.181808,43.801224,0.11852065,1,-1,-1
271.47067,0.0,33.997955,36.89849,0.11850476,3,-1,-1
669.4759,117.57804,33.1709,39.4228,0.11813128,10,-1,-1
227.74419,154.18689,27.63742,30.981705,0.117955744,10,-1,-1
257.78406,684.7714,19.383423,27.18396,0.117716014,1,-1,-1
326.31174,7.0756783,34.818573,48.51776,0.117610365,6,-1,-1
32.61656,99.95788,33.405228,39.37136,0.117580116,10,-1,-1
1109.8856,290.65222,27.83313,46.767883,0.11753091,3,-1,-1
1249.1893,694.165,53.80896,37.890137,0.117513925,5,-1,-1
1251.1089,641.0501,38.289185,35.570557,0.11741015,1,-1,-1
76.89277,62.89928,27.802734,26.628902,0.11718339,10,-1,-1
847.5786,210.9399,17.562134,37.697342,0.11716735,2,-1,-1
868.2023,500.1886,19.558777,14.82959,0.1169835,2,-1,-1
725.7399,319.86594,22.202515,21.568237,0.11681113,2,-1,-1
989.5701,230.55003,22.07782,40.86693,0.11656296,3,-1,-1
1202.1233,653.7268,87.20203,54.77301,0.11651978,7,-1,-1
1000.78534,262.25018,23.519226,37.537598,0.11607236,3,-1,-1
141.85939,129.43768,21.322693,37.04283,0.11599326,1,-1,-1
126.34131,127.37643,28.728973,41.328285,0.11598298,10,-1,-1
668.8821,510.27267,55.704468,94.520905,0.115635544,8,-1,-1
201.21754,136.0956,22.080795,33.999176,0.115614355,3,-1,-1
657.82904,188.03114,14.791321,24.732346,0.11540452,1,-1,-1
1202.1814,655.7046,49.359863,50.56183,0.11516595,1,-1,-1
898.6517,543.2298,68.98242,87.92999,0.11483425,7,-1,-1
265.92627,170.01688,34.412323,42.567062,0.11466324,10,-1,-1
380.35187,0.0,35.401306,35.930485,0.114260584,3,-1,-1
1185.8569,311.94296,113.82312,79.714874,0.11354929,10,-1,-1
1103.7256,287.96793,178.45789,92.74368,0.11346942,7,-1,-1
956.7171,230.54387,27.071106,41.387558,0.11316675,1,-1,-1
0.0,309.0455,84.06844,139.3129,0.11310992,6,-1,-1
197.52467,136.95073,40.64685,36.869034,0.1130546,1,-1,-1
283.7947,16.870913,45.886627,36.19976,0.113028616,10,-1,-1
926.5125,224.46544,20.013123,32.974686,0.11287677,2,-1,-1
375.26514,19.694574,28.44223,33.13536,0.11272287,3,-1,-1
1122.6632,745.7117,52.850098,36.651184,0.11227304,1,-1,-1
67.92892,115.92605,29.506622,42.657097,0.11212441,3,-1,-1
959.3356,594.2821,18.185608,17.464233,0.11202675,2,-1,-1
287.0129,17.197392,41.9263,41.820297,0.111914426,2,-1,-1
756.83185,758.46277,9.245911,14.594543,0.111902446,1,-1,-1
825.2736,608.7896,59.287354,93.154724,0.11170432,6,-1,-1
360.2949,13.165425,36.233765,42.659435,0.11134225,3,-1,-1
612.0898,158.89297,41.44043,52.22316,0.11131406,6,-1,-1
780.45435,179.56589,125.06995,76.95642,0.11103508,6,-1,-1
1276.5851,579.873,33.431763,23.84613,0.11103049,2,-1,-1
967.57385,467.2705,22.412903,18.195038,0.11091226,10,-1,-1
550.38745,77.31694,53.329163,36.031555,0.11071634,3,-1,-1
962.6296,224.556,31.341248,40.85727,0.11065969,7,-1,-1
868.8296,229.14798,18.480286,31.941925,0.11064345,1,-1,-1
330.27997,536.4824,29.605896,27.544739,0.110615164,1,-1,-1
190.58075,141.39023,19.284225,32.9597,0.11049613,3,-1,-1
251.61241,0.0,42.35884,33.965084,0.11040944,3,-1,-1
287.3929,0.0,43.47348,29.788025,0.11033523,1,-1,-1
916.9322,445.05966,11.926697,20.278076,0.11031231,1,-1,-1
991.45056,228.04932,22.067566,26.026794,0.110310555,3,-1,-1
326.31174,7.0756783,34.818573,48.51776,0.110241055,3,-1,-1
959.68835,253.67357,39.729492,45.254807,0.11012176,10,-1,-1
477.10333,51.249237,29.767975,36.282852,0.109993935,3,-1,-1
1282.9908,501.3679,48.614746,25.274689,0.10989082,2,-1,-1
857.6819,214.72488,26.5708,48.536835,0.10975218,1,-1,-1
1149.5454,293.18564,42.94702,55.81378,0.10963708,2,-1,-1
366.5222,0.0,41.59439,26.468979,0.10956618,10,-1,-1
486.55682,81.94356,31.277588,53.54956,0.1095655,1,-1,-1
1254.8573,649.3798,34.79492,26.963257,0.109494716,2,-1,-1
1208.1853,665.681,45.619385,43.737244,0.109448165,2,-1,-1
272.58463,54.263023,23.86853,30.17617,0.109303325,2,-1,-1
52.26687,99.44263,26.67543,35.91667,0.10903773,3,-1,-1
721.92474,234.18376,12.551392,14.0082245,0.109018624,2,-1,-1
281.8984,4.628799,40.819,36.436195,0.10894799,1,-1,-1
681.0399,141.83453,17.938843,32.86171,0.10892111,1,-1,-1
971.69226,470.5675,16.91687,12.638519,0.108776,2,-1,-1
109.199455,116.21215,20.180458,28.751839,0.10871041,3,-1,-1
360.90134,277.45953,73.06915,77.75876,0.10868767,7,-1,-1
610.58563,155.95055,46.085205,55.40219,0.10862067,1,-1,-1
1170.187,304.22137,91.497314,69.04056,0.108620495,7,-1,-1
983.7197,229.71443,29.957092,47.66295,0.10841969,1,-1,-1
292.25702,35.359123,35.464355,34.759735,0.10833645,3,-1,-1
582.3151,132.30261,36.559998,46.957993,0.10824305,7,-1,-1
575.4474,132.65044,49.810486,50.563797,0.10821095,10,-1,-1
679.4055,521.3563,57.69281,102.20245,0.10817248,7,-1,-1
1372.5323,511.31363,21.943604,40.51352,0.107943386,1,-1,-1
150.77599,127.13727,29.410446,38.48535,0.107940555,3,-1,-1
253.34912,0.0,26.91156,37.226086,0.107886404,1,-1,-1
169.69098,144.09875,18.539154,30.049667,0.10775101,3,-1,-1
958.5836,579.66235,33.990417,37.776123,0.10768393,2,-1,-1
262.2112,170.15823,38.697845,39.026047,0.1076594,3,-1,-1
1174.6061,305.0064,34.099854,53.5813,0.10761759,1,-1,-1
952.2916,240.18121,17.290894,34.618805,0.10752961,1,-1,-1
78.449974,43.69841,28.088417,18.435051,0.107527256,2,-1,-1
151.05026,141.66864,33.909546,39.52098,0.10735038,3,-1,-1
955.989,231.71501,28.304993,39.042343,0.107295126,2,-1,-1
1307.411,621.22205,31.05664,39.54956,0.10721719,2,-1,-1
302.22647,45.464027,17.939758,25.217224,0.107177526,1,-1,-1
911.0218,246.10999,24.261597,42.477783,0.10712525,2,-1,-1
345.86014,549.01245,18.520264,21.867432,0.10710874,2,-1,-1
