861.9443,245.93578,51.090942,38.432907,0.9999994,4,-1,-1
948.36957,636.83496,108.1568,124.72308,0.9999891,4,-1,-1
1337.6105,497.886,61.339355,76.19415,0.9999655,4,-1,-1
782.6487,189.22183,37.027405,32.581375,0.99979293,4,-1,-1
694.9207,118.861855,43.334534,49.923866,0.9997539,9,-1,-1
801.7557,152.12317,36.876953,33.686386,0.99942565,4,-1,-1
758.31836,151.42136,34.402466,28.299438,0.9967492,4,-1,-1
748.0823,572.6881,20.354553,48.003967,0.99618435,1,-1,-1
712.4903,541.8434,21.582153,47.503357,0.9938624,1,-1,-1
726.0841,103.01757,25.842957,26.262062,0.5898867,4,-1,-1
679.3343,84.75129,25.23169,23.659218,0.5258452,4,-1,-1
719.2674,463.93884,17.511536,38.12738,0.41853225,1,-1,-1
353.56137,451.4163,44.65918,24.144806,0.35900646,6,-1,-1
701.12024,26.14443,23.763,24.146074,0.2577371,4,-1,-1
1382.7472,401.00003,16.100586,33.60977,0.2171933,1,-1,-1
683.1249,0.44736993,26.868774,23.441425,0.20115393,9,-1,-1
725.12427,103.23394,26.722046,26.868553,0.1878199,7,-1,-1
354.49615,450.7875,43.27591,24.670868,0.16140372,9,-1,-1
376.15326,420.53912,28.602875,22.344482,0.15377131,5,-1,-1
375.90753,420.94702,29.250427,22.262634,0.14185068,6,-1,-1
431.2781,448.4479,32.34308,18.331116,0.13812083,5,-1,-1
725.12427,103.23394,26.722046,26.868553,0.13270503,5,-1,-1
640.68115,12.84971,23.214905,24.469732,0.12932521,4,-1,-1
551.0511,15.935711,62.953064,85.15875,0.12418482,9,-1,-1
726.0841,103.01757,25.842957,26.262062,0.11084211,8,-1,-1
719.2674,463.93884,17.511536,38.12738,0.107712954,2,-1,-1
431.2781,448.4479,32.34308,18.331116,0.10748935,4,-1,-1
375.90753,420.94702,29.250427,22.262634,0.104281485,4,-1,-1
725.12427,103.23394,26.722046,26.868553,0.10363194,6,-1,-1
670.34283,15.66066,22.517395,25.854328,0.0972639,4,-1,-1
596.2183,78.241585,25.701172,22.903206,0.09683108,4,-1,-1
679.671,83.99657,24.98468,25.150787,0.09488487,5,-1,-1
681.39343,0.35854378,27.339844,22.278568,0.0940499,4,-1,-1
640.68115,12.84971,23.214905,24.469732,0.088915914,6,-1,-1
640.68115,12.84971,23.214905,24.469732,0.071467906,9,-1,-1
640.15515,14.713766,24.168762,23.495138,0.06788826,5,-1,-1
627.50543,53.5949,24.366394,25.325024,0.06774253,4,-1,-1
725.2521,101.86593,25.949524,28.282219,0.06378853,9,-1,-1
679.60004,84.19347,25.179016,24.914558,0.0623433,9,-1,-1
726.0841,103.01757,25.842957,26.262062,0.06222865,1,-1,-1
701.12024,26.14443,23.763,24.146074,0.06119907,5,-1,-1
489.0974,173.94849,23.661255,24.624908,0.06076777,5,-1,-1
628.398,55.23331,24.575867,24.47147,0.06033787,9,-1,-1
489.0974,173.94849,23.661255,24.624908,0.058298737,4,-1,-1
590.09717,81.7406,26.37439,23.581192,0.056340486,4,-1,-1
681.39343,0.35854378,27.339844,22.278568,0.054953873,6,-1,-1
656.2016,0.0,27.310974,19.052523,0.054685563,4,-1,-1
669.6057,16.022404,22.24054,25.758785,0.052254736,5,-1,-1
596.703,58.312122,22.105042,27.159473,0.052176118,4,-1,-1
717.4153,107.61035,30.487549,25.217636,0.050707012,4,-1,-1
679.1581,84.77259,25.89618,23.746742,0.050493926,6,-1,-1
580.7624,207.61566,42.399414,16.667786,0.05019635,6,-1,-1
551.0511,15.935711,62.953064,85.15875,0.05007103,6,-1,-1
