526.1889,531.10126,67.90338,40.56024,0.8753958,4,-1,-1
589.1832,501.03757,68.54144,41.813934,0.8537794,4,-1,-1
775.55817,346.9986,38.649902,26.14212,0.82322955,4,-1,-1
413.99515,531.86896,107.74094,86.75415,0.7051171,6,-1,-1
770.2844,432.77176,44.853577,29.238556,0.6460465,4,-1,-1
1004.6389,901.43866,22.115234,27.920105,0.5772025,2,-1,-1
1198.864,771.36084,25.85498,34.89502,0.5729679,10,-1,-1
1051.3049,321.45612,24.141846,17.570618,0.51554954,4,-1,-1
1200.7133,770.9915,24.794312,22.399597,0.5000645,2,-1,-1
995.70886,893.37286,37.669067,54.500793,0.49480015,10,-1,-1
1272.56,247.55486,15.034668,8.683243,0.48845986,4,-1,-1
1078.9744,308.57648,23.706055,19.317505,0.46911162,5,-1,-1
1304.913,208.27724,19.457397,8.262817,0.44812873,4,-1,-1
256.26086,584.71515,19.261505,21.513184,0.43996775,10,-1,-1
1238.4104,254.93605,16.98108,11.624893,0.42681113,4,-1,-1
996.5699,318.56723,15.243591,12.185547,0.40187016,3,-1,-1
995.4389,893.5504,37.856873,54.768433,0.39861688,7,-1,-1
780.93964,339.5555,16.632935,13.189331,0.39458877,10,-1,-1
260.83286,579.4912,13.233124,21.319214,0.3759772,2,-1,-1
1300.2842,229.60187,17.655884,10.717453,0.37508696,6,-1,-1
1273.3564,250.31746,12.32959,7.529831,0.34154546,4,-1,-1
995.65985,318.32935,15.984131,12.260193,0.32453042,10,-1,-1
1316.9229,189.15494,13.275879,6.7184296,0.29831782,4,-1,-1
1079.1501,308.71625,23.493164,18.993713,0.29467672,4,-1,-1
1304.913,208.27724,19.457397,8.262817,0.28573346,6,-1,-1
1249.6447,251.24277,13.12439,10.210266,0.2840796,4,-1,-1
1114.0634,273.52292,22.743652,9.406738,0.2790566,4,-1,-1
1366.7864,177.79845,21.351318,8.121704,0.26970646,4,-1,-1
1001.35565,897.99023,30.859802,44.37567,0.2681363,2,-1,-1
1026.3634,369.0528,6.524048,14.355896,0.25239494,1,-1,-1
1107.6661,333.36157,5.3587646,10.163055,0.25053364,1,-1,-1
1296.9928,228.00119,17.360962,9.769409,0.24566987,6,-1,-1
996.0994,892.7542,37.351257,55.080322,0.24331465,8,-1,-1
1078.5925,308.65585,24.592163,19.669647,0.23942626,6,-1,-1
1365.9303,183.15848,20.02478,8.868378,0.23883286,4,-1,-1
1264.464,265.72635,4.6359863,9.062347,0.23694596,1,-1,-1
1098.6598,336.71185,5.400879,11.509369,0.23212948,1,-1,-1
414.85562,532.22516,107.181,85.56592,0.23201397,5,-1,-1
1365.6847,174.14384,22.932129,8.605316,0.22508556,4,-1,-1
1101.8282,301.90463,21.479858,19.210724,0.22418648,4,-1,-1
1004.5183,899.70123,21.962646,32.428223,0.2224955,10,-1,-1
1156.5287,312.0093,5.4500732,10.288605,0.22023663,1,-1,-1
1304.913,208.27724,19.457397,8.262817,0.22000164,5,-1,-1
781.71643,375.27054,56.27069,31.947632,0.21668181,4,-1,-1
1196.1051,279.68274,5.2928467,9.907654,0.21455544,1,-1,-1
1058.315,354.96783,6.822876,13.572418,0.21355823,1,-1,-1
1051.1458,320.38565,25.069946,18.24939,0.20963609,5,-1,-1
783.43536,338.98856,13.406616,12.94577,0.20800927,3,-1,-1
1024.4564,326.28247,27.108643,18.992096,0.20800555,4,-1,-1
1242.1979,257.46268,16.200195,10.79483,0.20783776,4,-1,-1
1203.6385,770.0012,24.068115,24.059082,0.20648614,10,-1,-1
1298.185,229.97995,17.924194,9.67305,0.20456734,5,-1,-1
1125.511,274.6103,15.904297,9.03125,0.20297852,4,-1,-1
1141.5162,318.431,5.120117,9.774078,0.20266208,1,-1,-1
1133.0778,322.50287,5.369507,10.63681,0.19949311,1,-1,-1
1328.188,209.13095,13.779419,6.815155,0.1982168,4,-1,-1
1298.185,229.97995,17.924194,9.67305,0.1975027,4,-1,-1
1117.1699,328.78796,5.1984863,10.208191,0.19341281,1,-1,-1
259.52673,579.514,15.654327,22.763,0.18895909,1,-1,-1
1287.1104,241.6505,14.302368,7.3195953,0.18824986,4,-1,-1
257.8523,591.81323,13.952332,14.704529,0.18772611,10,-1,-1
777.0652,338.92123,15.637573,13.545593,0.18581575,3,-1,-1
1140.9026,265.23923,17.229858,9.600739,0.18531528,4,-1,-1
769.8543,429.9035,45.559875,32.50418,0.1847719,5,-1,-1
1253.7773,251.14082,11.645508,8.446548,0.18417868,4,-1,-1
1107.4609,273.96185,20.579346,8.732239,0.18233046,4,-1,-1
1237.7655,255.26413,18.071533,11.115906,0.1807599,5,-1,-1
1260.0328,250.04637,12.479736,8.996262,0.18054542,4,-1,-1
1240.1752,253.42462,17.794556,13.247955,0.17620629,6,-1,-1
1101.474,301.59216,21.847656,19.016266,0.17580453,5,-1,-1
1056.757,309.81427,41.149902,24.489258,0.17396638,6,-1,-1
1004.6389,901.43866,22.115234,27.920105,0.17375484,1,-1,-1
1312.82,183.81166,13.14563,6.429718,0.17365164,4,-1,-1
1272.6083,247.78004,14.655884,8.6671295,0.17185196,5,-1,-1
1051.1458,320.38565,25.069946,18.24939,0.17155659,6,-1,-1
258.16318,587.6526,14.097321,17.66333,0.17115182,2,-1,-1
1052.3721,315.50888,31.280273,21.890991,0.17070514,4,-1,-1
1275.5809,246.10036,15.567871,8.417358,0.1706683,4,-1,-1
779.5789,341.5695,11.279785,11.694855,0.17012763,10,-1,-1
1215.2715,284.5542,5.352539,10.302338,0.16956499,1,-1,-1
1229.3485,308.76425,9.220947,10.160248,0.16913986,10,-1,-1
755.9744,340.55728,15.299927,12.08728,0.168316,3,-1,-1
1293.5751,226.94122,16.605957,8.957779,0.16671026,6,-1,-1
261.0755,579.1553,12.706421,22.086731,0.16661385,10,-1,-1
1229.4039,279.91635,5.3876953,8.903473,0.1658234,1,-1,-1
997.7479,908.94324,22.130066,37.287964,0.16554126,10,-1,-1
1089.401,447.15872,54.52234,32.954254,0.16511554,4,-1,-1
771.2027,340.35175,8.57373,12.934113,0.16505173,3,-1,-1
1307.8936,235.31932,14.778442,8.115219,0.16349101,4,-1,-1
784.9145,340.30743,9.0789795,13.697205,0.16264716,10,-1,-1
1101.9595,301.89938,21.345947,19.693542,0.16205001,6,-1,-1
1068.31,349.01865,6.913574,15.09552,0.16165179,1,-1,-1
1224.6415,280.46176,5.4313965,8.749939,0.16135737,1,-1,-1
1088.4517,304.7877,30.504883,20.621704,0.15902829,5,-1,-1
1302.7849,231.53204,19.599487,9.166962,0.1589976,4,-1,-1
1210.4689,770.4223,14.1936035,20.122253,0.15807316,2,-1,-1
1305.0721,208.2817,19.273071,7.9877777,0.15780288,7,-1,-1
1119.5386,271.44638,19.768677,9.895447,0.15733469,4,-1,-1
1241.5266,255.83876,11.12561,8.534866,0.15649462,4,-1,-1
98.96631,598.28516,46.53557,34.33081,0.15448809,4,-1,-1
766.6987,337.75323,12.845459,13.99646,0.15360528,3,-1,-1
993.9247,318.80298,13.009949,9.199524,0.15306869,3,-1,-1
1307.0725,235.01207,15.771484,8.505569,0.15284011,6,-1,-1
1367.7737,186.7428,17.148682,8.406754,0.15259868,4,-1,-1
1038.0292,364.83444,6.23999,13.057648,0.15178698,1,-1,-1
1048.0769,359.3688,6.6922607,13.985077,0.15102857,1,-1,-1
1168.5424,350.88992,10.552246,12.190155,0.15007469,1,-1,-1
816.04144,323.87546,47.01935,30.142853,0.14894387,4,-1,-1
255.66896,578.7586,21.11055,26.976074,0.1464538,2,-1,-1
1315.0653,188.73969,13.440308,6.8651276,0.14629593,5,-1,-1
1302.3226,231.15411,19.996338,9.938293,0.14581895,5,-1,-1
1219.2068,283.48676,5.3863525,10.812897,0.14535373,1,-1,-1
1364.1886,400.7276,7.010742,9.213684,0.14518327,1,-1,-1
772.89343,341.1359,15.907471,12.391449,0.14480937,10,-1,-1
1302.6257,227.09294,19.896118,10.630905,0.14375147,6,-1,-1
1239.1576,251.9618,17.551636,10.741653,0.14359882,4,-1,-1
1302.2833,210.80183,19.958496,7.7167206,0.14180106,4,-1,-1
774.5895,341.65384,11.251953,11.486206,0.14006877,3,-1,-1
1305.2145,231.5821,16.317139,9.271484,0.13991019,6,-1,-1
1205.4131,289.95135,5.4522705,9.43158,0.13938245,1,-1,-1
1123.6832,324.3161,6.1188965,10.519867,0.13868627,1,-1,-1
1087.4374,341.33856,6.238159,14.464966,0.13853052,1,-1,-1
1373.4327,183.85529,15.815552,7.531296,0.13797894,4,-1,-1
1131.7699,275.11838,15.82605,9.1718445,0.13752303,4,-1,-1
1072.5732,654.25397,39.973022,42.92798,0.13663253,7,-1,-1
1053.4592,314.63782,31.892578,22.909668,0.13662142,6,-1,-1
1150.7749,313.76108,5.4296875,10.068787,0.13656911,1,-1,-1
1286.1683,242.76634,10.25415,6.698593,0.13592541,4,-1,-1
993.9247,318.80298,13.009949,9.199524,0.13534883,10,-1,-1
1203.0126,766.0834,17.32251,22.80597,0.13481027,2,-1,-1
1252.2767,253.76552,9.240601,10.156296,0.13382098,4,-1,-1
1273.2622,261.5272,5.090332,7.9314575,0.13226709,1,-1,-1
1246.9563,244.87901,18.701904,10.238602,0.13138935,4,-1,-1
257.5618,585.11176,17.15268,21.00531,0.13132253,3,-1,-1
589.85486,500.89627,67.549255,42.53427,0.1312997,5,-1,-1
1244.1166,274.3048,5.147827,9.54303,0.13088727,1,-1,-1
1386.7137,177.28035,12.678589,10.521149,0.1301656,5,-1,-1
999.40137,904.8038,22.618835,29.715942,0.12985846,2,-1,-1
755.602,342.24698,14.344971,11.618256,0.1298449,10,-1,-1
1312.6886,192.73624,15.332275,7.4207306,0.12975368,4,-1,-1
1272.0903,242.67873,25.479248,13.062592,0.12956414,6,-1,-1
1111.9126,271.75827,24.028198,11.266144,0.12836334,5,-1,-1
1293.7979,229.71622,17.918457,10.64389,0.12834677,6,-1,-1
819.06134,366.85297,48.185486,29.081482,0.1279817,4,-1,-1
1055.0079,308.98654,42.872437,27.125214,0.12792781,9,-1,-1
1245.6478,253.97607,10.740234,13.331451,0.12750271,4,-1,-1
971.6806,322.69327,15.444641,11.338776,0.1271438,3,-1,-1
775.7634,346.95087,38.18048,26.181427,0.12692302,10,-1,-1
770.90466,335.51346,8.220703,16.642181,0.12644702,1,-1,-1
1210.1978,288.87152,5.500244,9.762695,0.12642545,1,-1,-1
1229.3569,308.66092,9.603882,10.527435,0.12635699,1,-1,-1
732.3276,165.96364,20.040283,12.308258,0.1255854,6,-1,-1
1386.7137,177.28035,12.678589,10.521149,0.12549219,4,-1,-1
1268.232,264.39172,4.6073,9.3749695,0.12511712,1,-1,-1
1056.757,309.81427,41.149902,24.489258,0.12500513,5,-1,-1
775.7634,346.95087,38.18048,26.181427,0.12453014,1,-1,-1
1295.587,225.47446,25.58313,15.737045,0.123750806,6,-1,-1
1200.7133,770.9915,24.794312,22.399597,0.12333104,1,-1,-1
1244.1166,274.3048,5.147827,9.54303,0.12316874,3,-1,-1
1198.864,771.36084,25.85498,34.89502,0.12292582,3,-1,-1
784.4493,338.69437,12.309204,13.824005,0.12276265,1,-1,-1
263.58026,580.598,11.771454,12.932129,0.122600764,2,-1,-1
1168.605,351.09045,10.154419,12.253937,0.12236872,2,-1,-1
1073.2528,655.9112,29.040283,39.85431,0.12193039,10,-1,-1
775.6928,347.98758,38.152893,25.272522,0.12192631,5,-1,-1
1230.5267,265.50256,5.7470703,8.252563,0.12189147,1,-1,-1
770.82776,340.03513,9.534546,13.563629,0.12181488,10,-1,-1
1312.5558,207.84451,18.493408,8.292221,0.12157345,4,-1,-1
1256.4205,332.46985,8.870117,11.210846,0.121142924,1,-1,-1
1210.1234,289.0528,5.640259,9.403259,0.12099278,3,-1,-1
996.37396,893.0588,36.99054,54.701782,0.12072748,3,-1,-1
2.7355983,508.02692,101.78392,47.454956,0.12044072,6,-1,-1
1234.6421,276.82718,5.227417,9.151489,0.12008998,1,-1,-1
1107.6919,333.39297,5.2197266,9.952545,0.12007606,3,-1,-1
1227.6407,304.1185,8.254028,9.943024,0.12002733,2,-1,-1
1088.4517,304.7877,30.504883,20.621704,0.1199283,6,-1,-1
1229.0848,308.25476,9.156128,10.749908,0.11973694,2,-1,-1
1233.7483,264.87323,4.953369,9.050598,0.119369775,1,-1,-1
1256.4792,332.2009,8.917725,11.339386,0.119258136,2,-1,-1
1107.6919,333.39297,5.2197266,9.952545,0.11911109,2,-1,-1
1272.6083,247.78004,14.655884,8.6671295,0.11880934,6,-1,-1
1192.6919,777.7387,24.470947,29.18927,0.11822036,10,-1,-1
1163.3375,255.12851,9.546509,7.849762,0.11814812,4,-1,-1
1293.6758,227.10953,16.009155,8.22023,0.1181227,4,-1,-1
1365.0555,215.64394,16.559937,9.228104,0.11711252,4,-1,-1
1224.1676,283.13666,5.689087,10.5173645,0.116505474,1,-1,-1
995.65985,318.32935,15.984131,12.260193,0.11647889,7,-1,-1
1321.5668,189.02412,11.968262,6.6361237,0.116304904,4,-1,-1
810.66254,322.54437,49.552612,32.361145,0.11600271,6,-1,-1
1171.8534,304.50076,5.4647217,9.457184,0.115997165,1,-1,-1
1208.8983,237.04561,14.628906,7.5779114,0.11569035,4,-1,-1
1073.8234,655.3563,27.817139,41.015747,0.11549476,1,-1,-1
780.2739,374.87637,60.079956,32.8826,0.11498517,6,-1,-1
1165.5599,307.53552,5.2822266,10.494904,0.11496961,1,-1,-1
1304.913,208.27724,19.457397,8.262817,0.11463177,8,-1,-1
264.066,579.28424,10.360596,16.840881,0.114608765,1,-1,-1
1218.8784,280.8788,5.9681396,8.797485,0.11412528,1,-1,-1
1259.1122,266.24957,5.68042,8.759705,0.11343911,1,-1,-1
1206.5482,766.4723,21.258057,19.103088,0.113193214,2,-1,-1
1349.7643,210.78859,11.286011,14.264511,0.11304423,6,-1,-1
1357.5228,615.885,19.966919,24.497559,0.11300111,10,-1,-1
781.71643,375.27054,56.27069,31.947632,0.11243072,5,-1,-1
1365.5103,211.87802,16.518677,10.139053,0.11203691,4,-1,-1
1256.0864,328.4378,8.577881,10.475342,0.11145455,3,-1,-1
1243.115,257.01758,14.785156,10.856781,0.11114949,5,-1,-1
1290.4325,235.86269,18.326172,9.2517395,0.1109069,6,-1,-1
1312.5078,183.69865,13.668335,6.678726,0.110545486,5,-1,-1
1200.0273,770.2287,25.246216,34.024902,0.11052826,7,-1,-1
1365.015,215.29881,17.01648,9.755737,0.110494286,6,-1,-1
1349.7643,210.78859,11.286011,14.264511,0.1101183,4,-1,-1
1239.8713,275.46445,5.012329,9.207764,0.10960963,1,-1,-1
2.3712778,508.63516,37.056423,17.275116,0.10959962,10,-1,-1
1312.5558,207.84451,18.493408,8.292221,0.109357744,6,-1,-1
1299.4722,229.8389,19.247192,9.938934,0.108971566,9,-1,-1
1058.5941,309.82288,37.87915,23.959473,0.10886055,4,-1,-1
1141.5162,318.431,5.120117,9.774078,0.10876113,3,-1,-1
1296.8336,224.83379,21.065674,10.486435,0.108112216,6,-1,-1
832.9597,847.0306,14.385315,33.433716,0.10809904,1,-1,-1
414.83765,532.08264,106.87714,86.048645,0.108023584,9,-1,-1
1296.7007,227.70432,17.251831,9.236191,0.10801107,5,-1,-1
1307.1166,193.40454,15.337402,7.366852,0.10764679,4,-1,-1
1316.5045,191.72372,14.6414795,7.421936,0.1075111,4,-1,-1
1287.4996,236.77452,17.402222,9.049164,0.10706338,4,-1,-1
1307.7909,211.21265,19.130615,8.016602,0.106619716,6,-1,-1
2.3712778,508.63516,37.056423,17.275116,0.10655701,1,-1,-1
971.6806,322.69327,15.444641,11.338776,0.106395215,10,-1,-1
1248.6158,251.83942,13.676636,12.076904,0.106297195,5,-1,-1
15.46408,557.20935,124.02887,89.243286,0.10613313,6,-1,-1
1321.8553,208.4214,17.912354,8.338135,0.10608435,4,-1,-1
1072.5902,654.63605,40.115723,42.12506,0.10573304,8,-1,-1
1234.1145,258.2794,18.851074,10.100922,0.105484426,4,-1,-1
1249.3726,251.2513,13.329834,10.421707,0.10527781,6,-1,-1
1121.0629,273.95844,19.129883,9.305328,0.10508883,5,-1,-1
1110.5964,271.34738,21.347168,9.59021,0.1047726,4,-1,-1
1308.2667,188.10796,15.858643,7.0365143,0.10455328,4,-1,-1
1162.1533,294.58536,5.598877,8.94162,0.104414225,1,-1,-1
1210.1234,289.0528,5.640259,9.403259,0.10398641,10,-1,-1
1276.0105,242.27069,17.36145,9.079132,0.103880465,4,-1,-1
1321.6912,212.46681,15.241943,6.32106,0.103559196,4,-1,-1
1246.2914,251.98254,12.381714,7.8514404,0.10350147,4,-1,-1
1078.8783,308.59195,23.976685,19.275513,0.10347226,9,-1,-1
1009.6627,905.122,14.557251,20.51764,0.10341987,2,-1,-1
760.5116,341.69415,20.10913,11.4422,0.10283908,3,-1,-1
780.7025,341.19687,8.983276,12.487793,0.10253352,3,-1,-1
663.2969,105.99751,8.6154785,6.162941,0.102374524,4,-1,-1
1308.9385,211.43546,17.94934,7.614929,0.10232532,4,-1,-1
1256.1165,328.47266,8.749512,11.092255,0.10192627,2,-1,-1
1148.6107,314.5821,5.4050293,9.016052,0.10138634,1,-1,-1
952.27045,322.64337,16.241943,12.850189,0.101172,10,-1,-1
811.752,323.23114,45.42401,25.864746,0.101100355,5,-1,-1
1371.806,163.54884,21.704712,8.453918,0.101012886,4,-1,-1
1204.808,249.77243,15.973755,8.5277405,0.100951254,4,-1,-1
527.0514,530.60443,67.313416,40.731567,0.10078201,5,-1,-1
1117.1023,328.81702,5.0357666,9.845917,0.100770056,3,-1,-1
1053.4592,314.63782,31.892578,22.909668,0.100759506,5,-1,-1
1249.4924,271.23276,5.2990723,8.94339,0.10072705,1,-1,-1
1108.8175,269.48462,29.448242,14.550812,0.100565314,4,-1,-1
1327.8395,209.09175,14.331177,7.132492,0.10041779,6,-1,-1
1259.1489,245.73378,14.172852,11.618393,0.10024041,4,-1,-1
262.5117,549.92645,44.766907,49.43512,0.10014027,8,-1,-1
791.921,887.42316,16.457825,34.587097,0.09999794,1,-1,-1
907.9564,553.2594,44.06183,41.385254,0.09967372,10,-1,-1
776.4801,341.0767,7.2198486,12.270782,0.099629045,10,-1,-1
525.9581,531.2174,67.764465,40.378296,0.099598646,1,-1,-1
1012.2576,246.38188,19.313416,9.964218,0.09944424,4,-1,-1
1107.6919,333.39297,5.2197266,9.952545,0.09890315,10,-1,-1
1141.1997,265.33273,16.793701,9.28302,0.098434955,5,-1,-1
1112.8484,316.92,5.2677,9.010895,0.098404884,1,-1,-1
1320.2238,211.396,18.686157,7.7641296,0.09837708,6,-1,-1
1185.0613,298.41965,5.6464844,9.505798,0.09837243,3,-1,-1
1374.7167,186.87816,14.568237,8.138031,0.09834516,4,-1,-1
1024.1722,326.13806,27.096924,19.438446,0.09802753,5,-1,-1
1253.9696,270.3211,5.3726807,8.846832,0.097632706,3,-1,-1
1202.0889,780.4531,16.080078,23.429138,0.09687701,10,-1,-1
972.8286,325.73373,13.579651,15.323334,0.0967662,3,-1,-1
1267.5413,251.19049,7.6186523,8.261658,0.09660655,4,-1,-1
1388.8137,172.87714,10.578613,9.03035,0.096458316,4,-1,-1
588.5754,501.03253,68.633484,41.71582,0.09641141,1,-1,-1
1365.5103,211.87802,16.518677,10.139053,0.096285045,6,-1,-1
784.4493,338.69437,12.309204,13.824005,0.09625265,2,-1,-1
775.7634,346.95087,38.18048,26.181427,0.09576276,7,-1,-1
1273.0247,243.14038,23.722778,11.97699,0.09564787,4,-1,-1
1366.3488,183.24329,19.191895,9.030228,0.09558463,5,-1,-1
1302.4984,231.81969,12.759399,7.324997,0.09545031,6,-1,-1
1131.1632,275.63004,8.646606,8.327118,0.0954282,4,-1,-1
1205.4457,290.0045,5.4506836,8.976013,0.09542665,3,-1,-1
1361.4736,401.6298,7.2424316,9.24054,0.09539956,1,-1,-1
1010.64825,242.18579,17.45929,11.632141,0.095395535,4,-1,-1
1185.0613,298.41965,5.6464844,9.505798,0.09521362,10,-1,-1
1088.4517,304.7877,30.504883,20.621704,0.09443802,4,-1,-1
1185.0613,298.41965,5.6464844,9.505798,0.094412,1,-1,-1
1256.1165,328.47266,8.749512,11.092255,0.094292074,1,-1,-1
148.77219,569.2995,44.740753,61.759155,0.09374794,6,-1,-1
256.26086,584.71515,19.261505,21.513184,0.093735546,7,-1,-1
1214.4954,287.70715,5.6831055,10.131226,0.09369674,3,-1,-1
1375.7063,159.47647,16.727295,6.7710114,0.09357318,4,-1,-1
809.05206,373.47665,43.516235,24.82132,0.093419015,4,-1,-1
1117.1023,328.81702,5.0357666,9.845917,0.09330034,10,-1,-1
361.09628,684.3981,40.04074,24.942322,0.09311357,10,-1,-1
1256.0864,328.4378,8.577881,10.475342,0.09268704,10,-1,-1
994.7581,314.31757,18.734985,13.575348,0.09262562,3,-1,-1
589.39795,500.73087,66.85895,42.2081,0.09251028,10,-1,-1
813.8008,331.23074,40.51642,25.793304,0.09237149,5,-1,-1
1188.818,184.26994,17.52185,7.8299713,0.09235945,4,-1,-1
999.24524,321.4874,9.759766,10.807037,0.09205529,3,-1,-1
1312.2638,183.56299,14.268066,7.009018,0.091961116,6,-1,-1
1116.0537,331.46576,6.2617188,10.4216,0.091899544,1,-1,-1
60.899986,682.9278,10.600166,18.46875,0.09189054,1,-1,-1
1234.0422,278.69165,5.5008545,9.24585,0.09185764,3,-1,-1
1365.0883,177.87831,22.374878,8.297684,0.09170225,5,-1,-1
258.16318,587.6526,14.097321,17.66333,0.091159284,1,-1,-1
1210.9602,274.37955,5.284912,8.731323,0.09090647,1,-1,-1
1251.0787,226.81033,19.27478,8.445923,0.09089604,4,-1,-1
268.0956,577.81793,10.829712,16.372986,0.09083977,2,-1,-1
769.8543,429.9035,45.559875,32.50418,0.09074816,6,-1,-1
1199.2101,250.27748,16.108643,8.444809,0.090739906,4,-1,-1
1219.2068,283.48676,5.3863525,10.812897,0.090287864,3,-1,-1
1286.8347,242.65242,7.8341064,7.035309,0.09015554,1,-1,-1
1278.1847,260.29318,4.9696045,7.9198,0.08980873,1,-1,-1
1328.3672,209.04884,13.438232,6.784912,0.08978903,5,-1,-1
1234.4688,251.16264,17.255005,10.327316,0.08897179,4,-1,-1
1365.6847,174.14384,22.932129,8.605316,0.08895734,5,-1,-1
1001.9409,317.79794,17.325317,11.328735,0.08890924,3,-1,-1
1293.8856,227.19044,15.116211,7.735367,0.088899374,5,-1,-1
1253.7031,250.70557,11.422363,9.484253,0.08887017,6,-1,-1
757.7846,111.76253,13.802185,6.187149,0.088864416,4,-1,-1
269.8756,568.47235,38.728943,25.974548,0.08886081,8,-1,-1
1363.01,839.96515,8.778564,7.0739136,0.08857742,1,-1,-1
1254.1022,270.21243,5.1223145,9.068909,0.08846477,1,-1,-1
1195.3909,294.33554,5.4212646,9.658142,0.0884226,1,-1,-1
1135.1869,274.64676,18.748413,10.50885,0.088415,4,-1,-1
1269.1199,262.6474,4.747925,8.277924,0.0882813,1,-1,-1
997.77075,893.78156,35.18567,52.79901,0.08809185,1,-1,-1
1240.6714,253.40395,16.99585,12.880142,0.08789173,9,-1,-1
1205.4457,290.0045,5.4506836,8.976013,0.0878765,10,-1,-1
2.7355983,508.02692,101.78392,47.454956,0.08776787,4,-1,-1
1360.8691,181.87686,27.145142,13.137527,0.08774793,4,-1,-1
1227.8777,304.2113,8.142944,10.374603,0.08773306,1,-1,-1
739.33356,110.9732,12.7977295,5.597748,0.0875805,4,-1,-1
1351.0863,215.99876,7.6867676,9.086853,0.087041944,4,-1,-1
360.794,681.71246,38.39734,29.180481,0.086928666,1,-1,-1
1264.464,265.72635,4.6359863,9.062347,0.08679983,3,-1,-1
1259.9943,245.7315,12.708496,12.238342,0.08676392,6,-1,-1
770.25037,433.1857,43.977722,28.971008,0.086729795,1,-1,-1
0.0,44.70156,54.16869,18.361015,0.08636427,4,-1,-1
990.76495,317.36636,18.638733,15.629272,0.08634943,3,-1,-1
1078.1805,308.49335,25.115479,19.31659,0.08615133,8,-1,-1
1316.6165,183.63904,13.340942,7.4493713,0.085773736,4,-1,-1
1263.807,250.38562,15.276855,8.903809,0.08567873,4,-1,-1
1273.9663,245.2389,18.019531,10.250519,0.085639715,5,-1,-1
1315.0653,188.73969,13.440308,6.8651276,0.0856283,6,-1,-1
997.6986,910.107,22.820068,34.895264,0.085547,3,-1,-1
814.6321,332.5427,36.907288,23.723389,0.08543602,4,-1,-1
1175.5103,303.7383,5.4073486,9.361572,0.0853169,1,-1,-1
1316.7203,185.63249,17.242676,9.314835,0.085298955,4,-1,-1
1250.9496,244.43105,17.70459,11.241959,0.08528045,6,-1,-1
1022.35614,317.39874,27.24237,22.074615,0.085185885,4,-1,-1
1156.1093,400.8903,15.285889,12.732147,0.08515254,2,-1,-1
1147.8206,317.064,5.3552246,10.129486,0.08512673,1,-1,-1
907.8073,552.90594,45.380066,43.33484,0.08500132,7,-1,-1
1386.7137,177.28035,12.678589,10.521149,0.084937274,6,-1,-1
262.99924,585.12445,10.668823,18.560913,0.084686995,1,-1,-1
1211.8038,250.62299,9.936035,7.0289307,0.08426842,4,-1,-1
785.4887,337.99744,15.362793,12.953339,0.08425328,10,-1,-1
1296.6456,234.86632,15.742676,9.554825,0.08380753,6,-1,-1
1060.1769,290.32202,25.926025,17.51941,0.08372423,6,-1,-1
1198.3738,250.81497,10.308716,7.2142944,0.08356354,4,-1,-1
1271.4856,241.72935,19.287964,9.899979,0.08348405,6,-1,-1
1224.2401,303.06705,7.9969482,10.499237,0.08339685,1,-1,-1
998.2151,912.88776,20.95288,29.782288,0.083311826,2,-1,-1
965.701,312.25732,7.6189575,15.730591,0.08317202,1,-1,-1
1202.599,253.2569,17.245972,9.156494,0.08309233,4,-1,-1
584.5482,808.22003,11.189941,11.91394,0.08282131,1,-1,-1
1258.392,268.8346,5.1451416,9.6519165,0.082794845,3,-1,-1
762.3215,170.83188,5.7370605,12.326279,0.082770884,1,-1,-1
795.8421,368.35364,62.574585,34.955658,0.08269313,4,-1,-1
1114.2515,273.34958,22.754517,9.463409,0.08248818,6,-1,-1
1189.7023,283.88873,5.645508,9.18161,0.08243039,1,-1,-1
1282.6504,256.4805,5.5787354,7.5192566,0.082384914,1,-1,-1
1376.0588,178.12848,20.535645,9.12912,0.08231589,4,-1,-1
782.63983,339.2517,14.303711,12.499176,0.08229542,7,-1,-1
1258.5441,268.59113,5.170532,9.787415,0.08171743,1,-1,-1
1365.939,168.52065,22.895264,8.678268,0.08165315,4,-1,-1
1048.2775,313.67575,30.549438,25.11621,0.08164507,9,-1,-1
150.73027,570.9478,43.147903,58.93274,0.08160889,8,-1,-1
1313.6501,179.95616,12.546509,7.046692,0.08132443,6,-1,-1
851.3448,333.76874,10.653137,18.467438,0.080949366,1,-1,-1
1237.3103,250.06795,23.68518,17.711502,0.08089584,4,-1,-1
1200.0021,292.81335,5.430176,9.971191,0.080833465,3,-1,-1
496.2844,624.75244,10.226593,21.093811,0.08081213,1,-1,-1
1141.5162,318.431,5.120117,9.774078,0.080771536,10,-1,-1
526.17004,530.9488,67.89508,40.653564,0.08074269,10,-1,-1
1241.8862,252.45294,10.886841,7.670044,0.080459625,4,-1,-1
1215.2715,284.5542,5.352539,10.302338,0.080343276,3,-1,-1
1384.0802,164.14915,14.17981,7.658615,0.08002335,4,-1,-1
1229.4039,279.91635,5.3876953,8.903473,0.07998896,3,-1,-1
972.8286,325.73373,13.579651,15.323334,0.07998037,10,-1,-1
1123.5974,326.97864,5.4298096,10.037109,0.07995552,3,-1,-1
1251.78,250.12576,14.47998,9.885223,0.079852104,5,-1,-1
1231.8124,307.7379,8.869263,12.404175,0.07973665,2,-1,-1
1253.6042,243.92326,14.373779,12.849869,0.07963142,4,-1,-1
779.8687,344.12927,20.654236,12.32959,0.07930449,10,-1,-1
1370.9045,183.22716,21.720825,11.217545,0.07926902,4,-1,-1
998.4515,321.14963,11.057922,10.921234,0.07906434,10,-1,-1
1073.2528,655.9112,29.040283,39.85431,0.079058975,2,-1,-1
1133.2228,322.69763,5.0595703,10.285889,0.078986734,3,-1,-1
1210.6691,286.18988,5.539795,8.91272,0.078911036,1,-1,-1
1313.0795,191.88792,14.067505,8.047943,0.07886836,5,-1,-1
1304.655,194.01314,11.972534,6.4397736,0.07881042,4,-1,-1
1271.904,250.22926,12.679077,8.031631,0.078715056,5,-1,-1
1102.9346,319.00998,4.869751,8.914001,0.07867932,1,-1,-1
260.99405,589.20245,8.404877,13.48645,0.078615606,2,-1,-1
761.0618,341.62222,18.775757,11.738373,0.0785428,10,-1,-1
251.20723,577.7093,28.503616,30.969177,0.078491956,10,-1,-1
973.31586,335.04514,15.121704,14.274048,0.07847005,3,-1,-1
1384.929,168.06778,14.463379,9.094315,0.078395575,4,-1,-1
1293.304,252.43123,4.864868,7.7800446,0.07838237,1,-1,-1
786.58374,346.01468,18.014404,10.5355835,0.0783678,10,-1,-1
1195.2938,294.38458,5.4453125,9.402008,0.07832238,3,-1,-1
362.82095,681.6457,33.767303,29.08374,0.078267604,2,-1,-1
262.5117,549.92645,44.766907,49.43512,0.078161836,7,-1,-1
1360.9733,173.39467,21.619019,7.8990784,0.07812017,4,-1,-1
1326.6221,188.40817,15.86853,7.3501434,0.07806468,4,-1,-1
268.0956,577.81793,10.829712,16.372986,0.07787588,1,-1,-1
1189.5404,185.90747,19.25122,9.301041,0.077781916,4,-1,-1
1180.5945,299.5759,7.360718,8.881622,0.077739924,10,-1,-1
595.0407,774.19336,16.515259,10.013794,0.0777072,1,-1,-1
1224.3046,283.56033,5.3640137,9.987152,0.077596575,3,-1,-1
1286.508,242.90195,9.977539,6.166992,0.077522784,10,-1,-1
1298.3259,229.6707,17.243774,9.947632,0.07745132,8,-1,-1
1310.0408,185.82954,19.174683,8.726288,0.07735968,4,-1,-1
1175.5103,303.7383,5.4073486,9.361572,0.077338606,3,-1,-1
1295.7156,235.38255,17.29773,9.057007,0.0769681,4,-1,-1
1259.8589,249.50958,12.957275,9.615173,0.076817274,5,-1,-1
1236.9355,256.52057,13.232422,7.4349365,0.07674608,4,-1,-1
1304.7764,188.49113,11.144775,6.102997,0.07669279,4,-1,-1
919.91187,577.2539,34.03528,21.158325,0.076685876,10,-1,-1
1376.1157,167.57175,21.498413,8.664108,0.07667449,4,-1,-1
1248.7429,273.117,5.4420166,9.843567,0.07642308,3,-1,-1
1111.3683,274.52222,16.973389,8.331085,0.07639727,5,-1,-1
1169.0706,252.0675,10.140503,7.8792114,0.07623872,4,-1,-1
1058.0518,322.11526,22.14856,12.81015,0.075959295,4,-1,-1
1308.1705,235.21338,14.427002,8.395554,0.07594386,5,-1,-1
1072.5557,654.0717,39.87439,42.973816,0.07593304,4,-1,-1
1137.6266,318.85257,5.6500244,8.764557,0.07587507,1,-1,-1
1246.3059,248.76762,19.44165,15.174789,0.07569805,6,-1,-1
1244.1166,274.3048,5.147827,9.54303,0.07559946,10,-1,-1
1006.8757,909.37085,13.770691,20.791504,0.075595826,2,-1,-1
0.0,502.75854,105.86805,52.425415,0.07551518,5,-1,-1
1051.5728,323.00952,20.92041,15.195709,0.07541829,8,-1,-1
1060.4564,290.5097,24.167847,15.475372,0.07530984,4,-1,-1
1214.4954,287.70715,5.6831055,10.131226,0.07509622,1,-1,-1
1106.8596,335.1232,7.0458984,11.742218,0.075090945,1,-1,-1
1308.3634,187.89157,16.774902,7.7309113,0.07495156,5,-1,-1
1205.8771,255.4384,16.200073,10.450729,0.07491872,4,-1,-1
1364.3693,400.796,6.702881,9.053741,0.07490525,2,-1,-1
1306.3793,211.18973,16.715576,7.4876404,0.07489225,5,-1,-1
663.0833,106.172165,8.933472,5.943283,0.07470894,5,-1,-1
1274.695,249.64369,17.39795,9.495071,0.074361056,4,-1,-1
1294.1919,231.18533,16.232056,8.089508,0.0743126,4,-1,-1
1239.7515,275.57074,5.4014893,8.80246,0.0743112,3,-1,-1
1125.8939,323.93765,5.7702637,10.458435,0.07403356,1,-1,-1
995.7404,893.5587,37.717224,53.97174,0.0740124,4,-1,-1
1316.3916,211.59389,17.808228,8.298813,0.07380259,4,-1,-1
997.1695,317.92245,13.499878,12.017334,0.07378253,2,-1,-1
1302.1528,205.42374,20.81897,9.228729,0.07373765,6,-1,-1
770.10834,340.92084,11.960693,12.260956,0.073707014,1,-1,-1
1386.9081,177.07973,12.484253,11.058197,0.07350084,9,-1,-1
62.425198,488.0274,40.070522,20.07428,0.073394,10,-1,-1
1117.1023,328.81702,5.0357666,9.845917,0.07327238,2,-1,-1
1329.1626,196.9737,20.764404,8.415497,0.07326609,6,-1,-1
1004.33405,313.62808,17.523193,11.834198,0.07315242,3,-1,-1
957.1452,327.57947,16.631226,13.136017,0.07315168,10,-1,-1
835.66437,328.74698,26.206177,26.36673,0.07277605,4,-1,-1
1156.5287,312.0093,5.4500732,10.288605,0.072761685,3,-1,-1
1308.5225,198.50981,13.2907715,5.9172974,0.072735846,4,-1,-1
1200.0021,292.81335,5.430176,9.971191,0.072702885,1,-1,-1
1199.2588,279.86246,5.55542,9.132782,0.07263777,1,-1,-1
1071.3159,306.81448,42.04248,23.938599,0.072571605,6,-1,-1
1384.4122,180.72115,14.980103,9.833099,0.072562516,4,-1,-1
1116.0537,331.46576,6.2617188,10.4216,0.07253462,3,-1,-1
1367.4988,212.203,9.621338,7.993088,0.0724324,4,-1,-1
777.0515,340.87238,6.1862793,12.634338,0.07231933,1,-1,-1
98.895546,600.0134,45.093117,28.301453,0.072214276,5,-1,-1
1202.2756,773.9965,13.238525,20.369019,0.07204032,2,-1,-1
490.8798,579.8044,17.983276,15.940369,0.07202467,10,-1,-1
1146.4329,266.2128,12.970215,6.9900208,0.071789324,4,-1,-1
1102.2972,302.20538,20.983887,19.674591,0.07163766,8,-1,-1
1244.5612,271.89117,5.4882812,8.881317,0.07156262,1,-1,-1
1322.503,227.53862,12.646362,6.2640533,0.07154554,4,-1,-1
971.70056,336.65637,16.18451,14.082489,0.07153481,10,-1,-1
1224.2401,303.06705,7.9969482,10.499237,0.071519375,2,-1,-1
1107.378,335.7775,6.3103027,10.772003,0.07150236,3,-1,-1
1005.6198,915.6896,13.778809,19.673279,0.071501225,2,-1,-1
1208.597,250.66048,8.867065,7.614731,0.07120982,4,-1,-1
1306.677,193.06998,16.265503,8.072205,0.071095765,5,-1,-1
265.74792,576.44745,35.591125,26.365417,0.07108408,10,-1,-1
732.3251,166.62422,19.089966,11.569275,0.07107377,7,-1,-1
1047.0059,324.28766,22.996704,17.749664,0.07106167,4,-1,-1
1162.5304,401.3322,10.26709,10.877716,0.0710322,2,-1,-1
