122.11872,990.0654,96.4403,58.62207,0.99999905,4,-1,-1
54.666008,653.4208,93.41485,123.586426,0.9999988,4,-1,-1
183.64313,735.68164,129.02002,197.117,0.9999897,6,-1,-1
0.0,526.72455,93.488144,51.68335,0.999974,4,-1,-1
1184.688,597.6204,85.56946,101.868225,0.9999294,4,-1,-1
909.27057,346.09128,39.896606,52.324158,0.9997351,4,-1,-1
918.00964,407.5313,38.154175,47.633636,0.9995884,4,-1,-1
102.300644,400.89624,95.40895,38.810394,0.9984062,4,-1,-1
0.15238717,388.02255,48.710926,69.78378,0.9983666,4,-1,-1
267.2446,397.8854,79.29364,40.63846,0.993786,4,-1,-1
1028.0059,913.207,66.2074,126.86664,0.9917698,4,-1,-1
1320.3865,845.8466,78.738525,155.50922,0.9874843,5,-1,-1
385.8867,187.91449,57.79831,32.663696,0.9775377,5,-1,-1
258.548,128.27338,57.756287,24.927353,0.9744453,4,-1,-1
1049.0656,261.61932,36.643066,46.722565,0.958511,4,-1,-1
487.6615,207.06604,54.10016,61.20343,0.94314516,5,-1,-1
249.98186,141.06943,63.310074,22.384888,0.92691684,4,-1,-1
429.67847,116.58559,50.290283,23.23349,0.90298164,4,-1,-1
360.60324,222.90295,65.34537,34.37216,0.86294043,5,-1,-1
1149.0587,475.3298,39.880615,27.748413,0.8413719,4,-1,-1
421.36075,138.36998,59.856293,23.596191,0.8105318,4,-1,-1
1028.7985,222.5851,25.743286,42.64653,0.81041574,4,-1,-1
410.56158,152.4828,59.104675,25.300476,0.8069779,4,-1,-1
387.5291,164.69833,81.59793,38.24608,0.6998593,6,-1,-1
444.98633,99.373474,50.220367,21.903336,0.6777055,4,-1,-1
388.26505,176.57446,68.43973,37.857468,0.60499847,5,-1,-1
446.47446,92.05481,48.54016,19.791634,0.6043131,4,-1,-1
1313.2474,785.3211,38.396362,38.44812,0.57387316,10,-1,-1
1179.3185,746.34467,34.333496,40.30951,0.5660151,10,-1,-1
269.31375,121.856575,53.56436,22.522331,0.56398976,4,-1,-1
368.54428,70.786255,37.15265,26.194748,0.5236588,4,-1,-1
439.68558,108.27273,50.123077,21.539574,0.4945868,4,-1,-1
973.7477,96.77395,29.296692,31.9076,0.49275985,4,-1,-1
387.5291,164.69833,81.59793,38.24608,0.4904475,5,-1,-1
406.02908,155.87737,65.13757,29.502762,0.48157322,6,-1,-1
245.09665,146.86154,66.30371,24.788773,0.47483093,4,-1,-1
340.54877,518.0011,52.64508,77.05829,0.4730133,6,-1,-1
423.04535,146.57558,55.331482,25.006165,0.43696693,4,-1,-1
217.42795,396.78464,53.25302,32.587677,0.4177793,8,-1,-1
365.86987,215.63583,62.756287,28.664963,0.41332048,5,-1,-1
410.70926,153.54633,59.96698,28.86995,0.40515143,5,-1,-1
398.35898,40.499218,30.396515,29.839977,0.3593245,5,-1,-1
1203.797,549.40765,43.658203,28.16394,0.31481892,3,-1,-1
267.3703,559.2158,27.750244,40.17517,0.29537433,10,-1,-1
1099.3658,347.93338,38.857788,29.445374,0.2952262,7,-1,-1
424.31448,13.149138,44.70331,22.322376,0.28846723,4,-1,-1
491.318,31.85449,48.985657,22.532503,0.28492147,5,-1,-1
1313.1677,785.4242,38.405396,38.680725,0.28472883,2,-1,-1
387.16306,183.70346,62.651733,32.67787,0.2824006,4,-1,-1
1091.8224,333.13632,40.196533,29.921967,0.273296,7,-1,-1
973.7477,96.77395,29.296692,31.9076,0.2714957,5,-1,-1
368.54428,70.786255,37.15265,26.194748,0.26999894,5,-1,-1
444.98633,99.373474,50.220367,21.903336,0.24304992,5,-1,-1
398.35898,40.499218,30.396515,29.839977,0.24174118,4,-1,-1
346.55408,545.0151,43.09082,46.4635,0.24061313,6,-1,-1
217.57188,397.2411,53.02861,32.437958,0.23358935,7,-1,-1
1099.3507,348.94147,37.47412,28.51175,0.23261064,10,-1,-1
424.31448,13.149138,44.70331,22.322376,0.22899246,5,-1,-1
1180.1396,766.204,27.796875,44.543396,0.2229355,10,-1,-1
490.39978,31.116327,48.765625,22.17172,0.22202116,4,-1,-1
417.8531,9.516917,56.014557,20.797672,0.22072452,6,-1,-1
417.4222,148.75702,59.066193,23.864883,0.21673897,5,-1,-1
1094.1915,336.5663,39.70923,31.490753,0.21595761,10,-1,-1
367.91202,215.28854,61.93167,28.848831,0.2127043,4,-1,-1
488.74078,205.87038,55.602173,63.34108,0.21177828,6,-1,-1
231.0293,119.76817,40.935303,27.624283,0.20638365,4,-1,-1
530.25714,179.68765,41.542786,26.85698,0.2039606,8,-1,-1
446.47446,92.05481,48.54016,19.791634,0.1950573,5,-1,-1
454.27524,68.73078,40.3313,22.444046,0.1944749,4,-1,-1
251.7557,122.241554,52.75641,25.168495,0.19381502,4,-1,-1
348.66928,332.05136,36.052917,33.08664,0.19279012,4,-1,-1
235.73706,127.72289,48.976654,25.493752,0.19006169,4,-1,-1
429.66867,115.55416,49.97632,22.15139,0.1878581,5,-1,-1
1094.1915,336.5663,39.70923,31.490753,0.1865575,4,-1,-1
270.13284,113.89073,52.07718,22.720337,0.17896456,4,-1,-1
455.393,81.116905,46.69925,21.656525,0.17789626,4,-1,-1
1124.4423,253.42056,35.63806,45.60446,0.17696303,4,-1,-1
1203.6492,549.6981,43.273193,27.919006,0.17681062,10,-1,-1
973.7477,96.77395,29.296692,31.9076,0.16666308,8,-1,-1
434.12967,347.01147,38.411255,45.057373,0.16171157,5,-1,-1
1251.9626,549.4971,34.37854,45.43457,0.15840015,1,-1,-1
228.97379,152.06444,52.05661,26.471283,0.15697628,4,-1,-1
187.48904,185.65222,38.005264,28.29927,0.15677997,4,-1,-1
879.07587,24.583115,44.888855,21.72894,0.15305495,4,-1,-1
1099.0989,348.89905,38.012085,28.06427,0.15250361,4,-1,-1
1313.2921,784.5277,38.31421,38.52722,0.14759174,1,-1,-1
523.4948,190.05884,42.614746,28.944962,0.14676103,8,-1,-1
193.92812,154.41885,29.00064,30.537704,0.14644837,4,-1,-1
341.9037,550.47766,36.247467,43.88922,0.14360663,8,-1,-1
348.66928,332.05136,36.052917,33.08664,0.14345604,5,-1,-1
422.38806,137.72646,56.045624,25.497498,0.14212072,5,-1,-1
1096.0453,344.5929,38.843872,31.434113,0.14055786,8,-1,-1
417.4222,148.75702,59.066193,23.864883,0.14045674,6,-1,-1
218.62798,397.2285,50.85286,33.07599,0.13611701,4,-1,-1
1251.9626,549.4971,34.37854,45.43457,0.13584131,10,-1,-1
454.27524,68.73078,40.3313,22.444046,0.13448599,5,-1,-1
531.062,177.42384,40.94574,27.14122,0.13287964,4,-1,-1
554.1826,179.31067,41.833313,27.344284,0.1325702,8,-1,-1
529.59894,180.81963,40.526306,27.182419,0.13173515,5,-1,-1
79.24196,641.66534,39.705063,23.942383,0.13072762,10,-1,-1
427.20453,22.692104,42.699738,21.547516,0.13032141,4,-1,-1
520.93756,191.61565,39.132996,32.239624,0.13029629,4,-1,-1
394.35254,163.431,74.75717,38.25644,0.12998998,4,-1,-1
1313.5424,785.174,38.531006,39.152893,0.12837234,3,-1,-1
445.2327,99.26954,51.11194,22.236504,0.12745625,6,-1,-1
317.47702,151.08232,32.047302,27.79889,0.12669459,4,-1,-1
526.37335,183.20477,39.075073,29.773361,0.1259954,7,-1,-1
341.9037,550.47766,36.247467,43.88922,0.12383568,7,-1,-1
368.15164,2.5947008,44.401398,24.719769,0.12382677,4,-1,-1
360.83395,222.6063,65.0755,34.626495,0.12380865,6,-1,-1
296.79028,157.61888,31.529877,29.80339,0.12264177,4,-1,-1
439.68558,108.27273,50.123077,21.539574,0.12262675,5,-1,-1
1124.3677,250.71945,38.990234,47.487152,0.12193802,9,-1,-1
485.35995,131.94707,31.478241,30.448624,0.121557206,5,-1,-1
222.24767,151.7013,38.09694,30.350494,0.12137875,4,-1,-1
196.11499,174.66772,34.799805,30.062057,0.120539665,4,-1,-1
1179.3185,746.34467,34.333496,40.30951,0.118614346,2,-1,-1
1251.9626,549.4971,34.37854,45.43457,0.11786562,8,-1,-1
895.2441,16.95807,45.338318,21.247602,0.11755788,4,-1,-1
305.44873,152.81313,31.778564,28.44168,0.117367834,4,-1,-1
1124.4423,253.42056,35.63806,45.60446,0.11708915,5,-1,-1
879.1856,24.531431,45.40735,20.638247,0.1155636,5,-1,-1
403.79105,3.8901308,58.574768,21.191668,0.11524612,6,-1,-1
1091.0469,332.37164,41.269653,29.291382,0.11468771,8,-1,-1
531.0858,175.54636,42.514404,26.586807,0.11308959,7,-1,-1
455.393,81.116905,46.69925,21.656525,0.11156002,5,-1,-1
216.3935,395.8818,53.82071,33.54962,0.11130184,5,-1,-1
1131.8938,433.4512,38.958374,34.631287,0.1067777,4,-1,-1
520.93756,191.61565,39.132996,32.239624,0.106045306,5,-1,-1
388.26505,176.57446,68.43973,37.857468,0.105207026,6,-1,-1
409.97156,6.4013805,58.60736,20.84361,0.10483909,4,-1,-1
435.5652,7.406802,61.154205,19.611763,0.10418284,6,-1,-1
1134.273,433.3373,49.362305,49.982513,0.103969604,4,-1,-1
1176.8218,741.19476,36.48291,39.534973,0.10268164,3,-1,-1
398.35898,40.499218,30.396515,29.839977,0.10266578,6,-1,-1
522.8896,191.06055,38.931763,30.645645,0.10260379,7,-1,-1
434.12967,347.01147,38.411255,45.057373,0.09990215,4,-1,-1
360.46408,221.97157,66.03543,34.43489,0.09976518,4,-1,-1
493.2257,32.403847,50.667603,24.190987,0.09947857,6,-1,-1
409.97156,6.4013805,58.60736,20.84361,0.09868866,5,-1,-1
303.73978,171.9872,46.633545,21.367157,0.098324776,4,-1,-1
987.7388,35.031937,41.999023,22.07529,0.0979318,4,-1,-1
449.70615,90.06718,48.686676,18.799782,0.09705591,6,-1,-1
193.92812,154.41885,29.00064,30.537704,0.09592897,5,-1,-1
267.63477,546.6263,29.637054,33.81787,0.095508605,10,-1,-1
1324.8147,840.75397,52.610718,22.247375,0.09456435,10,-1,-1
488.62262,207.25395,52.10736,59.01677,0.09419042,4,-1,-1
332.56506,50.68279,37.806335,30.32317,0.09251699,5,-1,-1
364.35327,348.73694,33.180145,29.083801,0.092485815,5,-1,-1
332.56506,50.68279,37.806335,30.32317,0.09218824,4,-1,-1
339.61392,328.14594,37.605133,31.492828,0.091863066,4,-1,-1
1029.5394,223.33905,25.928467,42.115387,0.091492355,5,-1,-1
372.89935,196.73198,63.161102,34.60013,0.09097013,5,-1,-1
991.08093,121.15689,31.751709,28.37973,0.09032771,4,-1,-1
417.8531,9.516917,56.014557,20.797672,0.09009129,9,-1,-1
487.3768,129.18382,29.276764,30.943146,0.08942905,4,-1,-1
1177.252,732.92474,31.693237,41.14746,0.08891189,10,-1,-1
368.15164,2.5947008,44.401398,24.719769,0.08877957,5,-1,-1
554.1826,179.31067,41.833313,27.344284,0.088155836,5,-1,-1
258.25104,111.25323,43.647095,26.635277,0.08814317,4,-1,-1
308.5261,162.07477,41.805145,22.75029,0.08803254,4,-1,-1
522.58905,256.42953,22.76532,49.513428,0.08746314,1,-1,-1
526.37335,183.20477,39.075073,29.773361,0.08718422,4,-1,-1
79.26189,639.84155,39.13965,25.150024,0.08663198,1,-1,-1
344.4824,167.91673,36.655853,26.41269,0.08629894,4,-1,-1
357.54248,339.09854,31.291534,35.996674,0.08565441,5,-1,-1
267.3051,555.41693,28.287415,42.918762,0.08442494,7,-1,-1
554.1826,179.31067,41.833313,27.344284,0.08435267,7,-1,-1
518.63367,69.58332,24.106812,36.580246,0.084228724,5,-1,-1
232.99324,120.94652,43.048447,25.899277,0.083310366,5,-1,-1
208.69711,150.2879,38.97545,27.378983,0.08270165,4,-1,-1
973.31433,96.9515,28.686218,32.280983,0.08191693,7,-1,-1
569.60126,178.50558,31.212952,30.652573,0.081846,4,-1,-1
357.34274,346.28903,35.999573,28.859528,0.081730664,4,-1,-1
499.64047,200.78198,40.240143,42.329834,0.08149549,4,-1,-1
296.79028,157.61888,31.529877,29.80339,0.08127859,5,-1,-1
816.3168,12.621934,52.166626,21.701344,0.08114451,4,-1,-1
1179.6232,756.4628,32.611572,38.716125,0.08033347,3,-1,-1
1048.8287,259.31613,36.34253,49.868225,0.08007109,6,-1,-1
518.5445,69.74394,24.496704,37.154266,0.07826513,4,-1,-1
1048.8287,259.31613,36.34253,49.868225,0.07817045,5,-1,-1
406.02908,155.87737,65.13757,29.502762,0.07814312,1,-1,-1
1320.1727,841.23004,78.95227,173.56348,0.07761666,4,-1,-1
523.6564,190.8141,35.080933,35.15097,0.07681373,1,-1,-1
244.20372,155.00612,58.05226,25.057938,0.07665819,4,-1,-1
429.66867,115.55416,49.97632,22.15139,0.07626408,6,-1,-1
427.20453,22.692104,42.699738,21.547516,0.0760155,5,-1,-1
871.9436,16.05761,47.240967,25.687202,0.07572216,4,-1,-1
1123.1941,434.00177,31.00122,32.73694,0.07568166,4,-1,-1
317.47702,151.08232,32.047302,27.79889,0.075653076,5,-1,-1
386.90775,162.9243,78.80975,40.688766,0.074359685,9,-1,-1
1180.1396,766.204,27.796875,44.543396,0.07408413,3,-1,-1
496.932,38.47674,44.007812,23.509598,0.074068904,5,-1,-1
914.529,16.13454,43.36554,19.84127,0.07302445,4,-1,-1
1099.9939,349.22107,37.66162,28.651031,0.07240665,3,-1,-1
476.2869,13.286933,44.398712,20.771801,0.07187265,5,-1,-1
1133.3079,270.6047,42.440308,30.976135,0.07169512,4,-1,-1
984.40247,26.503218,47.845337,24.63162,0.07162255,4,-1,-1
40.232243,291.2825,26.589733,33.27539,0.071109384,10,-1,-1
991.08093,121.15689,31.751709,28.37973,0.07095787,5,-1,-1
0.8999512,289.98816,24.576916,41.675934,0.070715606,1,-1,-1
396.6042,2.7688842,49.08441,22.390493,0.070706785,4,-1,-1
34.659973,295.3913,32.10103,28.340698,0.06991261,3,-1,-1
893.95325,23.510212,38.25128,26.964401,0.06933379,4,-1,-1
509.0748,262.50632,22.37613,48.101532,0.06915516,1,-1,-1
871.9436,16.05761,47.240967,25.687202,0.068823606,5,-1,-1
1325.324,841.07855,48.232666,21.41156,0.06868172,3,-1,-1
79.77117,640.5828,37.043503,25.925049,0.068666935,3,-1,-1
368.54428,70.786255,37.15265,26.194748,0.06823781,6,-1,-1
895.2441,16.95807,45.338318,21.247602,0.06784275,5,-1,-1
268.13995,546.50446,29.33731,34.19861,0.06651285,2,-1,-1
1320.1727,841.23004,78.95227,173.56348,0.06646189,1,-1,-1
305.44873,152.81313,31.778564,28.44168,0.06623089,5,-1,-1
385.27045,212.25984,57.91324,28.056702,0.066144824,5,-1,-1
46.43918,295.1608,34.85048,28.023163,0.066143066,3,-1,-1
32.545197,297.96997,27.251907,32.478058,0.066122234,1,-1,-1
1024.6019,912.16473,69.39673,123.79303,0.06611171,5,-1,-1
217.24785,396.2289,53.832535,32.883636,0.06585342,1,-1,-1
286.79333,117.41904,46.985992,25.26271,0.065515995,4,-1,-1
476.2869,13.286933,44.398712,20.771801,0.06550932,4,-1,-1
461.0677,106.899956,52.063416,22.426918,0.06525114,4,-1,-1
330.29965,75.59894,42.54007,24.847145,0.065234005,4,-1,-1
25.178123,304.20416,32.54602,27.589813,0.06512043,10,-1,-1
429.67847,116.58559,50.290283,23.23349,0.064926356,1,-1,-1
218.62798,397.2285,50.85286,33.07599,0.06458536,3,-1,-1
194.26099,181.88895,35.66031,28.393356,0.06440258,5,-1,-1
1029.5664,222.99872,25.539062,42.102295,0.06377846,8,-1,-1
339.61392,328.14594,37.605133,31.492828,0.06348464,5,-1,-1
259.591,124.82859,56.44034,24.964455,0.06347653,5,-1,-1
843.2647,210.89243,36.400024,31.668686,0.063215524,5,-1,-1
973.31433,96.9515,28.686218,32.280983,0.06286916,6,-1,-1
827.15955,12.553233,44.69574,23.40709,0.06286523,5,-1,-1
324.47363,336.22974,47.767273,26.808563,0.06272647,4,-1,-1
454.20157,256.26498,60.515045,85.103455,0.06270611,6,-1,-1
438.43704,13.282596,50.509003,22.158989,0.062424242,4,-1,-1
491.83774,14.542931,49.27353,22.830353,0.062209785,5,-1,-1
385.27045,212.25984,57.91324,28.056702,0.06215933,4,-1,-1
1131.8726,437.17648,38.05957,32.881287,0.061804086,5,-1,-1
434.41742,347.45416,38.28714,44.43799,0.061534166,6,-1,-1
1029.5664,222.99872,25.539062,42.102295,0.061437845,7,-1,-1
1179.3185,746.34467,34.333496,40.30951,0.06117624,1,-1,-1
987.7388,35.031937,41.999023,22.07529,0.06103635,5,-1,-1
1124.4423,253.42056,35.63806,45.60446,0.060982645,6,-1,-1
1149.479,269.89734,35.63965,33.226715,0.060941845,4,-1,-1
330.29965,75.59894,42.54007,24.847145,0.060711175,5,-1,-1
349.95828,328.72604,35.127228,32.23889,0.060525537,8,-1,-1
1029.5664,222.99872,25.539062,42.102295,0.060412973,10,-1,-1
377.66342,2.817344,45.303284,23.85752,0.05982402,6,-1,-1
426.73016,17.5624,41.461548,23.914158,0.05964601,6,-1,-1
519.32904,190.92589,36.400696,32.905563,0.059522837,10,-1,-1
137.24884,274.28125,29.627533,29.981476,0.059282005,7,-1,-1
930.54285,15.817288,45.16516,19.592869,0.05907032,4,-1,-1
342.5415,171.31625,38.809723,23.230362,0.058951646,5,-1,-1
396.6042,2.7688842,49.08441,22.390493,0.05883354,5,-1,-1
879.1856,24.531431,45.40735,20.638247,0.058790028,6,-1,-1
507.15396,13.454488,46.71872,21.785542,0.05873221,5,-1,-1
530.5393,180.38768,42.874878,26.085327,0.058210045,1,-1,-1
1197.8152,543.36676,39.79297,29.61084,0.05785668,3,-1,-1
219.32753,400.71332,49.055374,30.78186,0.05761969,10,-1,-1
438.43704,13.282596,50.509003,22.158989,0.05747059,5,-1,-1
349.95828,328.72604,35.127228,32.23889,0.057338953,7,-1,-1
410.6659,0.0,69.83087,19.265287,0.057288766,6,-1,-1
348.66928,332.05136,36.052917,33.08664,0.056854367,6,-1,-1
19.108704,306.7989,34.352287,26.28244,0.056625426,3,-1,-1
338.29706,45.05679,38.562897,28.28201,0.056580722,5,-1,-1
458.28333,59.725048,37.743744,26.167896,0.05651009,4,-1,-1
435.5652,7.406802,61.154205,19.611763,0.05625969,5,-1,-1
471.6229,80.38554,44.60617,23.22277,0.056036383,5,-1,-1
1027.5468,912.44604,67.17505,128.25073,0.056019843,1,-1,-1
491.83774,14.542931,49.27353,22.830353,0.055833995,4,-1,-1
877.6431,34.746952,45.64203,24.278473,0.055778444,4,-1,-1
335.4995,60.970543,34.534485,31.026642,0.055538476,4,-1,-1
40.232243,291.2825,26.589733,33.27539,0.055429876,1,-1,-1
884.8848,31.725939,41.2511,24.487738,0.055219382,5,-1,-1
1174.0063,729.8003,36.23877,38.462708,0.055118084,3,-1,-1
439.68558,108.27273,50.123077,21.539574,0.055020362,6,-1,-1
330.95834,151.69406,40.51709,24.951706,0.054926783,4,-1,-1
442.1482,25.341354,40.624237,21.988567,0.05475676,4,-1,-1
12.791881,307.9878,34.585266,26.950073,0.054530174,10,-1,-1
1251.9626,549.4971,34.37854,45.43457,0.054410994,5,-1,-1
507.15396,13.454488,46.71872,21.785542,0.054390103,4,-1,-1
191.37157,172.31421,35.033524,29.80252,0.05430776,5,-1,-1
1259.7885,540.01294,29.461548,42.88495,0.05417314,1,-1,-1
386.75928,164.2755,81.94562,39.875732,0.053568482,1,-1,-1
434.41742,347.45416,38.28714,44.43799,0.05355969,8,-1,-1
877.66956,45.955963,44.663696,22.577309,0.053373635,4,-1,-1
1203.6439,549.402,43.71411,28.197754,0.052938968,1,-1,-1
417.4222,148.75702,59.066193,23.864883,0.052838773,1,-1,-1
457.6267,12.834728,48.561035,20.42675,0.052665293,4,-1,-1
471.6229,80.38554,44.60617,23.22277,0.05252233,4,-1,-1
137.24884,274.28125,29.627533,29.981476,0.051890254,10,-1,-1
877.66956,45.955963,44.663696,22.577309,0.051679373,5,-1,-1
457.6267,12.834728,48.561035,20.42675,0.05155018,5,-1,-1
517.3497,181.84674,35.539246,33.60411,0.051385403,8,-1,-1
1313.1041,785.657,38.25049,38.546936,0.05118519,8,-1,-1
461.91705,10.31287,50.719543,19.753565,0.05112958,6,-1,-1
399.4059,39.334385,29.015259,31.639088,0.050988853,9,-1,-1
230.50647,396.06595,66.81799,35.506653,0.050971955,8,-1,-1
32.346516,305.37997,36.378345,26.591522,0.0508824,3,-1,-1
435.5652,7.406802,61.154205,19.611763,0.050819784,9,-1,-1
