605.2457,449.4907,30.306824,25.033966,0.890201,1,-1,-1
505.48935,148.07246,32.982574,20.913162,0.8184175,1,-1,-1
767.35187,110.4405,39.553772,21.661293,0.66850775,1,-1,-1
748.4952,19.209272,34.31067,37.054276,0.44428527,4,-1,-1
848.7623,242.63065,34.88568,18.966858,0.3841661,1,-1,-1
455.4371,643.42084,55.340057,58.54193,0.33608505,4,-1,-1
909.7495,46.90976,44.44568,57.818947,0.29411635,4,-1,-1
1034.1603,0.0,46.573486,20.607998,0.2810021,3,-1,-1
775.64185,115.175446,43.36609,23.447876,0.27457297,1,-1,-1
617.29614,450.57672,24.60907,27.14029,0.15543738,1,-1,-1
604.8321,450.1442,31.00647,24.939087,0.14494449,2,-1,-1
1173.0369,2.2996109,210.46521,70.023544,0.14102316,9,-1,-1
523.21875,575.24945,26.409302,26.503479,0.13763967,1,-1,-1
329.784,462.37302,25.094788,23.54718,0.13240865,1,-1,-1
523.21875,575.24945,26.409302,26.503479,0.123980075,2,-1,-1
251.1056,583.9139,24.728897,21.68335,0.1195426,1,-1,-1
641.37506,522.3003,22.441101,30.68872,0.09844017,1,-1,-1
845.7473,9.683428,21.847107,25.097586,0.09795135,6,-1,-1
580.78265,0.20385988,37.97815,15.137788,0.09310001,4,-1,-1
544.38385,37.73473,25.78717,24.256443,0.09150484,5,-1,-1
454.90552,644.26215,56.5755,57.618347,0.090348154,10,-1,-1
455.25168,643.8031,55.6662,58.3089,0.08373284,1,-1,-1
909.7495,46.90976,44.44568,57.818947,0.0784674,5,-1,-1
641.0612,451.143,19.969666,28.717865,0.07145828,1,-1,-1
454.90552,644.26215,56.5755,57.618347,0.07105696,5,-1,-1
1275.7649,171.14896,30.000977,19.376816,0.06505418,4,-1,-1
544.22363,36.846306,25.91803,23.140987,0.06440535,6,-1,-1
912.98145,41.522213,41.269043,57.114017,0.059752405,9,-1,-1
580.3853,501.49936,21.737793,33.953583,0.05910012,1,-1,-1
1113.157,116.279236,37.998413,33.12314,0.058129728,4,-1,-1
323.7954,600.6529,27.958069,22.142273,0.057157516,1,-1,-1
633.08124,452.08246,18.938538,26.980072,0.05277577,1,-1,-1
660.5157,622.773,80.70331,149.66614,0.052631408,3,-1,-1
