617.4623,907.06885,36.585205,93.862,0.9979927,4,-1,-1
1271.6401,303.16794,57.25122,31.559692,0.9971454,4,-1,-1
1344.6274,293.99692,54.49756,29.352417,0.9959995,4,-1,-1
1153.9464,293.48242,99.98401,55.479706,0.99510884,6,-1,-1
1126.2144,649.8805,80.78479,92.91351,0.9899775,5,-1,-1
876.9926,365.72174,46.878235,28.096252,0.9876653,4,-1,-1
0.47703546,531.97974,33.061737,48.170044,0.98626935,4,-1,-1
1321.6432,413.4564,56.396606,55.877655,0.9812387,4,-1,-1
678.19006,511.36493,60.07025,46.67639,0.96693695,4,-1,-1
991.9381,342.7276,59.07361,30.387726,0.9559114,4,-1,-1
1032.5598,679.774,66.17468,74.56183,0.85301,5,-1,-1
660.8778,413.2099,56.895935,32.075714,0.84924483,5,-1,-1
806.18646,367.6127,55.478027,29.417114,0.83610857,5,-1,-1
1336.3651,391.35,58.883057,57.81314,0.7808259,4,-1,-1
1282.4894,415.19568,49.631714,47.056244,0.76863974,4,-1,-1
1336.8301,390.29343,62.29492,56.95175,0.7589413,5,-1,-1
738.6025,417.23663,59.58368,30.48114,0.6648519,4,-1,-1
661.9576,422.81265,55.62433,51.802643,0.5274808,5,-1,-1
1261.9683,416.45297,44.73828,41.282562,0.45059016,4,-1,-1
900.4532,466.2295,32.465942,27.930786,0.44575843,5,-1,-1
1011.0128,626.09064,41.38159,54.13257,0.39990127,4,-1,-1
0.9064199,585.13525,28.356606,34.69934,0.3509482,4,-1,-1
806.18646,367.6127,55.478027,29.417114,0.33603647,4,-1,-1
1013.18085,634.6384,38.902527,45.60681,0.3285964,5,-1,-1
738.6427,417.31458,59.388184,30.284271,0.2918257,5,-1,-1
1018.707,669.1926,32.748962,31.212097,0.2904743,5,-1,-1
633.04266,410.4561,23.362427,40.72043,0.25963926,8,-1,-1
617.41547,906.43097,36.555298,93.825134,0.22721207,10,-1,-1
662.67236,424.88754,54.495117,47.32614,0.21834174,8,-1,-1
1322.7561,408.16525,56.49292,60.835266,0.21506438,5,-1,-1
1054.6741,679.9791,39.3562,52.636658,0.20861208,5,-1,-1
99.26499,529.737,39.693382,25.936768,0.19986805,4,-1,-1
671.9522,457.79776,39.564636,32.59961,0.1950478,8,-1,-1
633.04266,410.4561,23.362427,40.72043,0.18706533,5,-1,-1
1234.4564,288.88834,39.18225,31.050568,0.18411535,7,-1,-1
661.3111,413.18878,57.76416,34.436584,0.1764631,8,-1,-1
1250.9702,422.1459,42.7937,33.698547,0.17614976,4,-1,-1
671.9522,457.79776,39.564636,32.59961,0.17590514,10,-1,-1
663.1947,426.02917,55.302734,42.205963,0.17469993,4,-1,-1
724.93,340.98398,40.45166,26.632935,0.16972747,4,-1,-1
387.46835,86.709946,56.297516,21.03151,0.16779172,6,-1,-1
1026.7817,679.53357,35.0094,38.174805,0.16653022,5,-1,-1
1017.0111,653.7138,35.14087,37.802917,0.16258079,5,-1,-1
678.1392,510.91306,60.414246,47.313446,0.16104954,10,-1,-1
660.82336,413.4125,57.314392,33.683594,0.14859405,4,-1,-1
1276.8176,425.77084,44.367798,42.89508,0.14771858,4,-1,-1
677.60913,511.348,60.887817,47.574493,0.1431742,8,-1,-1
633.227,444.95084,21.68872,45.979584,0.14140862,1,-1,-1
632.01013,410.98773,26.01062,36.52826,0.1399582,4,-1,-1
1026.7817,679.53357,35.0094,38.174805,0.13828021,4,-1,-1
1362.3788,346.0332,35.215332,34.05426,0.13674158,5,-1,-1
378.14734,128.7753,30.074066,29.801788,0.13494709,6,-1,-1
1018.707,669.1926,32.748962,31.212097,0.13458237,4,-1,-1
1264.5604,417.77057,39.306274,40.597565,0.13440952,5,-1,-1
1014.6711,638.4664,37.993835,39.052917,0.1323176,1,-1,-1
738.6427,417.31458,59.388184,30.284271,0.12670332,6,-1,-1
1017.6493,647.5411,32.840332,41.343567,0.1221489,4,-1,-1
387.46835,86.709946,56.297516,21.03151,0.11889884,9,-1,-1
1038.4261,679.51,41.140625,51.409546,0.1180422,4,-1,-1
632.94556,410.212,23.13385,41.77652,0.11313331,1,-1,-1
1362.2689,346.20065,36.654053,38.40085,0.111709,8,-1,-1
517.41846,484.84238,21.130554,44.80606,0.111379534,1,-1,-1
1281.8693,414.8636,49.329956,47.316162,0.10956612,5,-1,-1
1240.8077,286.97714,39.182495,30.817535,0.10926467,5,-1,-1
1240.8077,286.97714,39.182495,30.817535,0.108173996,4,-1,-1
1204.9534,453.6232,37.792603,29.118042,0.10606149,10,-1,-1
1239.3778,289.6664,38.36548,30.669495,0.10390073,8,-1,-1
1036.0037,322.4776,50.352173,24.169434,0.10340476,4,-1,-1
1362.3788,346.0332,35.215332,34.05426,0.102894604,1,-1,-1
1021.0656,676.98193,28.606995,37.706726,0.101916164,5,-1,-1
671.9522,457.79776,39.564636,32.59961,0.09952152,7,-1,-1
1154.3177,295.45065,95.415405,52.421387,0.09944481,7,-1,-1
517.41846,484.84238,21.130554,44.80606,0.09832436,10,-1,-1
900.4532,466.2295,32.465942,27.930786,0.0942238,6,-1,-1
728.353,343.80173,39.300415,29.406982,0.09407899,5,-1,-1
1324.7407,414.33194,52.898193,55.64917,0.09235352,1,-1,-1
1038.4261,679.51,41.140625,51.409546,0.09054321,5,-1,-1
671.8806,453.97238,39.01837,35.867096,0.090245366,3,-1,-1
388.54608,298.91684,41.337677,21.821655,0.08968052,4,-1,-1
1250.9702,422.1459,42.7937,33.698547,0.087762624,5,-1,-1
1125.1171,649.4157,79.83374,91.760315,0.08657381,9,-1,-1
1293.5995,427.46957,41.8136,40.862915,0.08640227,4,-1,-1
641.7208,446.56537,25.691711,45.535553,0.08515802,1,-1,-1
1364.5508,344.847,34.150146,37.12448,0.08487606,7,-1,-1
991.9664,342.71582,59.147644,30.2854,0.084352255,1,-1,-1
1266.9933,416.96002,54.716064,64.80878,0.08332926,5,-1,-1
502.77203,677.8979,35.3114,28.689026,0.08005056,4,-1,-1
1362.3788,346.0332,35.215332,34.05426,0.079251766,4,-1,-1
1037.0779,680.7525,60.362793,73.44971,0.075960785,4,-1,-1
92.09736,536.02515,39.02427,23.616821,0.07571638,4,-1,-1
717.16895,351.55634,42.934875,24.114502,0.07522529,4,-1,-1
1011.5307,627.20795,40.38922,52.788025,0.07505739,10,-1,-1
639.86884,409.34415,27.356384,43.17383,0.074234486,8,-1,-1
1036.0037,322.4776,50.352173,24.169434,0.07399091,7,-1,-1
806.18646,367.6127,55.478027,29.417114,0.07381314,6,-1,-1
1023.04926,660.385,34.17462,34.481445,0.073741585,4,-1,-1
672.2834,459.88315,38.497437,30.506775,0.07339266,1,-1,-1
633.8598,450.95505,24.803406,42.881165,0.073378175,10,-1,-1
633.04266,410.4561,23.362427,40.72043,0.07300192,7,-1,-1
983.3184,684.9756,37.360046,28.038452,0.07288715,5,-1,-1
1035.5298,672.25024,38.06494,37.802795,0.07215035,4,-1,-1
650.58685,444.02502,27.183044,46.669647,0.071579605,1,-1,-1
663.79175,432.9393,49.29138,44.097565,0.070968926,10,-1,-1
1119.9326,296.4547,56.876953,29.495178,0.070382744,4,-1,-1
1336.4596,389.92902,62.665405,57.53299,0.06983453,1,-1,-1
1032.6774,678.55963,65.82471,75.632385,0.06977141,6,-1,-1
738.5454,417.18893,59.495422,30.276276,0.06949347,1,-1,-1
991.71735,342.7795,59.809753,30.32196,0.068998486,10,-1,-1
1349.4219,370.8037,49.703125,61.731598,0.06846893,5,-1,-1
660.80164,412.74643,56.946533,33.191498,0.068333894,1,-1,-1
632.94556,410.212,23.13385,41.77652,0.06827122,10,-1,-1
1029.9681,673.6057,46.205322,31.029602,0.06710699,5,-1,-1
500.7769,680.1811,38.20816,29.72992,0.06657544,7,-1,-1
677.60913,511.348,60.887817,47.574493,0.066116184,5,-1,-1
515.68335,488.0667,22.874817,41.388733,0.06600523,3,-1,-1
617.3326,906.6171,36.466187,94.063354,0.06545243,6,-1,-1
1239.2432,424.9075,41.491455,32.57785,0.06542954,4,-1,-1
1247.0741,286.67108,45.61731,27.343536,0.06509629,7,-1,-1
1257.9917,419.16574,43.23828,35.455017,0.064525664,1,-1,-1
1021.0656,676.98193,28.606995,37.706726,0.064314276,4,-1,-1
1014.6711,638.4664,37.993835,39.052917,0.06411219,8,-1,-1
805.98535,367.5338,55.48456,29.349426,0.06338397,1,-1,-1
825.2056,504.50656,40.26819,23.193634,0.06322524,10,-1,-1
1033.3796,589.1515,41.980225,24.641418,0.062842935,4,-1,-1
662.81085,425.51062,56.148193,43.715057,0.06238687,1,-1,-1
510.52637,491.8031,22.04657,41.395935,0.06223902,1,-1,-1
1204.9994,453.1627,38.9469,28.733978,0.061847746,7,-1,-1
1037.7166,322.05475,44.254517,25.991394,0.0617882,10,-1,-1
1014.6711,638.4664,37.993835,39.052917,0.06122744,2,-1,-1
500.7769,680.1811,38.20816,29.72992,0.060503155,10,-1,-1
1341.9462,384.03278,57.080933,56.207214,0.06035334,2,-1,-1
1020.4424,690.7888,31.13379,37.81244,0.059942722,4,-1,-1
617.75397,906.30365,35.610962,94.1911,0.05974433,1,-1,-1
626.7463,448.2645,23.795105,44.00125,0.059328854,10,-1,-1
1219.8844,289.1921,56.066772,34.442444,0.058301657,4,-1,-1
678.14343,510.97745,60.371704,47.345673,0.056899488,7,-1,-1
1032.6774,678.55963,65.82471,75.632385,0.056836426,9,-1,-1
1263.4983,413.42184,60.98889,64.124176,0.056186438,4,-1,-1
1216.9789,286.76965,49.8302,29.115509,0.055922776,7,-1,-1
0.4979212,588.9978,29.571215,30.676758,0.05556053,5,-1,-1
964.0555,336.31485,53.195374,26.582855,0.055046678,4,-1,-1
602.6437,411.18793,37.604126,37.799683,0.0546045,5,-1,-1
1122.7489,296.15775,58.056763,30.074066,0.05415365,7,-1,-1
715.71124,333.7872,47.853638,23.031952,0.053845882,4,-1,-1
369.92087,289.27844,37.734985,24.645874,0.05381766,4,-1,-1
517.41846,484.84238,21.130554,44.80606,0.053344607,2,-1,-1
1096.779,304.71866,43.720337,27.945099,0.05295664,4,-1,-1
1082.5767,316.4622,50.061646,22.17453,0.05252585,7,-1,-1
677.7641,511.2711,60.376526,46.971832,0.052459806,1,-1,-1
594.77563,411.7477,42.214294,35.871704,0.052449107,4,-1,-1
1283.0515,415.1203,49.894165,47.584595,0.05231026,1,-1,-1
1202.5411,252.35507,60.065674,22.666504,0.052303284,7,-1,-1
1027.2634,695.0206,39.114624,46.822693,0.052284688,4,-1,-1
1074.2828,962.9118,307.79724,79.7464,0.05212781,9,-1,-1
384.85672,297.32547,39.74893,22.506165,0.052046984,5,-1,-1
1003.5348,683.4964,35.93982,28.658691,0.051925153,5,-1,-1
738.6427,417.31458,59.388184,30.284271,0.051832974,8,-1,-1
639.4477,453.5379,26.585815,41.267273,0.05170542,3,-1,-1
1252.9476,419.1936,44.32666,35.388977,0.051588356,8,-1,-1
1082.5767,316.4622,50.061646,22.17453,0.051410973,10,-1,-1
1252.9476,419.1936,44.32666,35.388977,0.05133736,10,-1,-1
724.966,348.36188,41.27594,26.489258,0.051293254,7,-1,-1
633.04266,410.4561,23.362427,40.72043,0.05095619,6,-1,-1
991.71735,342.7795,59.809753,30.32196,0.050595433,5,-1,-1
510.52637,491.8031,22.04657,41.395935,0.050489902,10,-1,-1
1119.9326,296.4547,56.876953,29.495178,0.050354183,5,-1,-1
1234.7279,421.30463,70.786255,66.40643,0.050343215,4,-1,-1
646.05334,417.6147,53.810852,32.44931,0.05022025,8,-1,-1
784.34406,339.1187,46.872192,25.736694,0.05014023,4,-1,-1
