279.90582,239.9705,39.22464,40.792038,0.91005945,6,-1,-1
167.8305,250.42685,26.838623,24.707458,0.6224911,1,-1,-1
193.43982,330.39096,26.381134,29.43164,0.5791136,10,-1,-1
180.10295,296.48434,30.431656,25.206116,0.5761764,1,-1,-1
78.06991,248.05089,23.229706,31.531082,0.43673968,1,-1,-1
1231.376,674.6927,29.06604,21.33722,0.42025602,1,-1,-1
292.00693,446.1709,24.659302,25.437134,0.36496508,1,-1,-1
719.906,257.2594,40.119385,43.91043,0.35492474,8,-1,-1
330.3765,265.4338,28.122406,29.108215,0.33751056,5,-1,-1
809.8042,670.5616,23.742249,27.934082,0.26175374,1,-1,-1
387.90283,195.41656,23.28891,26.358597,0.2561627,10,-1,-1
378.08185,200.56972,23.179138,27.086136,0.234451,10,-1,-1
1075.8827,369.1098,24.126343,25.35498,0.22586888,1,-1,-1
690.44696,195.31337,19.636719,30.150726,0.20794362,1,-1,-1
316.46625,443.45004,22.023987,27.529938,0.19514215,1,-1,-1
404.11368,308.81375,22.603058,27.05774,0.18629703,10,-1,-1
842.14166,669.7822,22.667664,27.204773,0.18389878,1,-1,-1
281.05112,239.20851,38.2847,40.642136,0.17707795,4,-1,-1
179.92906,296.35986,30.507507,25.139404,0.15545034,2,-1,-1
193.43982,330.39096,26.381134,29.43164,0.15173906,1,-1,-1
1168.8984,399.62137,26.180176,24.846985,0.14783677,4,-1,-1
289.74683,410.4972,21.911407,26.303223,0.14662918,1,-1,-1
431.27515,239.79102,20.100098,29.609192,0.14090043,1,-1,-1
458.1726,258.91742,28.726135,33.798553,0.13978758,8,-1,-1
400.88547,133.81726,25.75116,24.182983,0.1383881,1,-1,-1
175.05992,255.37822,25.650665,25.83165,0.13313654,1,-1,-1
1088.7928,749.7694,27.065552,31.226135,0.13282612,10,-1,-1
848.45703,664.4934,23.994202,26.457703,0.13209578,1,-1,-1
452.98367,239.86842,28.110596,27.560074,0.13046116,10,-1,-1
191.8941,249.21376,26.992844,24.331223,0.12829217,1,-1,-1
336.26135,245.1854,23.14618,25.46341,0.12792706,7,-1,-1
389.1763,195.33083,21.94458,29.278137,0.122547984,1,-1,-1
458.685,259.1245,28.27185,36.013336,0.11955243,1,-1,-1
818.15546,671.8605,25.71637,28.886475,0.11941826,1,-1,-1
193.79805,328.61813,25.640457,28.534332,0.118778676,2,-1,-1
181.07977,251.86334,27.92978,26.391052,0.11681387,1,-1,-1
404.11368,308.81375,22.603058,27.05774,0.11644974,1,-1,-1
422.00122,297.05243,24.657562,24.098083,0.11556348,10,-1,-1
164.14696,255.53003,26.662567,27.010162,0.115383774,1,-1,-1
279.1276,240.32823,39.51007,40.484695,0.112264246,9,-1,-1
335.2982,250.46594,23.566101,33.859436,0.11089921,5,-1,-1
422.13098,295.76175,22.941498,25.792938,0.10947454,1,-1,-1
809.84265,670.49554,23.590393,27.956604,0.10884464,2,-1,-1
372.54996,18.829609,17.577026,33.13474,0.10734117,1,-1,-1
685.57275,199.6485,19.859802,31.42073,0.10651314,1,-1,-1
378.08185,200.56972,23.179138,27.086136,0.104729444,3,-1,-1
452.66876,232.11676,29.056763,22.561096,0.103153795,10,-1,-1
336.26135,245.1854,23.14618,25.46341,0.10314959,8,-1,-1
388.74765,307.55447,22.475739,27.186737,0.10189557,10,-1,-1
387.90283,195.41656,23.28891,26.358597,0.10116953,7,-1,-1
398.33096,559.1345,23.898163,24.22107,0.09776464,1,-1,-1
388.4145,196.71509,23.171844,28.220917,0.09756109,3,-1,-1
420.92783,284.97043,23.59906,24.6857,0.09749535,10,-1,-1
863.96484,661.1511,23.898071,29.479065,0.0972068,10,-1,-1
563.5587,32.935596,21.627625,27.538578,0.09595072,10,-1,-1
859.47815,662.3825,23.993896,29.177551,0.095730156,1,-1,-1
167.8305,250.42685,26.838623,24.707458,0.094807774,2,-1,-1
452.98367,239.86842,28.110596,27.560074,0.09406659,3,-1,-1
834.66864,670.6247,22.640076,31.172668,0.09381056,1,-1,-1
313.21082,417.15735,19.286774,28.869293,0.09229478,1,-1,-1
554.27716,31.386456,25.21112,25.57927,0.092199385,10,-1,-1
422.00397,284.66986,21.99588,26.179932,0.0900538,1,-1,-1
378.08185,200.56972,23.179138,27.086136,0.08986303,7,-1,-1
480.57462,185.67752,19.584381,29.496292,0.08923137,1,-1,-1
498.03027,190.95747,21.164062,30.294754,0.08894223,1,-1,-1
336.26135,245.1854,23.14618,25.46341,0.08774021,4,-1,-1
836.3028,663.74115,26.056213,27.88617,0.08753753,1,-1,-1
79.333015,247.57936,21.971977,32.063065,0.08736521,2,-1,-1
823.53796,678.46,22.419678,28.380005,0.08682993,1,-1,-1
401.1846,308.55942,22.038422,28.20575,0.08535984,3,-1,-1
1178.8959,387.83505,24.460693,25.223816,0.084295034,4,-1,-1
330.68854,264.51355,27.601013,29.976746,0.084052354,4,-1,-1
275.87888,438.76038,23.441162,25.785797,0.08396831,1,-1,-1
449.2231,239.8556,22.293793,31.393814,0.083075374,1,-1,-1
422.00122,297.05243,24.657562,24.098083,0.082154155,3,-1,-1
866.17365,646.3719,21.834045,29.430847,0.08201566,10,-1,-1
374.1777,203.25493,20.063019,29.48906,0.08184621,10,-1,-1
842.5181,659.5742,25.837524,25.494751,0.08127904,1,-1,-1
378.08185,200.56972,23.179138,27.086136,0.08099821,1,-1,-1
848.45703,664.4934,23.994202,26.457703,0.08082235,10,-1,-1
498.45905,187.20532,20.461487,31.43628,0.08077985,10,-1,-1
447.5759,235.47244,25.276947,28.350952,0.08030981,10,-1,-1
333.54703,243.51633,23.034882,27.821686,0.079951555,5,-1,-1
442.32486,230.85321,31.02121,19.764542,0.079187125,10,-1,-1
1075.8827,369.1098,24.126343,25.35498,0.078977644,3,-1,-1
303.3515,409.9055,20.715302,28.087708,0.07862669,1,-1,-1
396.55524,314.20288,25.795898,25.190338,0.077736914,10,-1,-1
330.68854,264.51355,27.601013,29.976746,0.077700615,8,-1,-1
720.2549,261.8412,40.28784,39.83966,0.077318996,2,-1,-1
318.24387,422.85355,23.081207,25.05066,0.07614103,1,-1,-1
437.32034,232.95143,21.547516,30.572433,0.07607594,1,-1,-1
312.43347,226.29205,25.33194,26.822311,0.0760676,7,-1,-1
843.39844,664.5889,24.135742,25.127258,0.07513979,2,-1,-1
452.66876,232.11676,29.056763,22.561096,0.074760854,3,-1,-1
431.12683,237.77913,20.483704,29.739792,0.074450344,10,-1,-1
1168.4619,399.39804,26.013306,25.283691,0.07413861,5,-1,-1
713.89355,256.1841,47.278442,46.933807,0.07225028,7,-1,-1
401.1846,308.55942,22.038422,28.20575,0.071493655,2,-1,-1
295.0509,407.7284,23.396362,26.921875,0.071477264,1,-1,-1
331.4341,243.63106,21.880524,35.41136,0.07091585,7,-1,-1
426.3236,240.78862,18.79831,32.42894,0.07060012,1,-1,-1
378.2084,271.65753,24.886047,25.242798,0.07050243,10,-1,-1
280.29776,238.01855,39.286743,38.227753,0.070069164,5,-1,-1
352.29733,240.05348,26.167908,20.64293,0.069939464,7,-1,-1
431.88443,255.69643,18.871246,32.22505,0.06954253,1,-1,-1
420.92783,284.97043,23.59906,24.6857,0.06909418,3,-1,-1
581.6936,265.20215,22.095642,26.413177,0.068526685,1,-1,-1
447.5759,235.47244,25.276947,28.350952,0.06814158,3,-1,-1
1088.8036,747.53656,27.441406,29.02533,0.06805506,2,-1,-1
462.344,140.392,24.627869,28.538406,0.06762537,1,-1,-1
335.2982,250.46594,23.566101,33.859436,0.06695068,8,-1,-1
1175.0493,394.42877,24.980225,24.699585,0.06658882,4,-1,-1
387.90283,195.41656,23.28891,26.358597,0.065972865,8,-1,-1
866.17365,646.3719,21.834045,29.430847,0.06571692,1,-1,-1
841.9765,679.6719,25.104004,24.527588,0.06532365,1,-1,-1
409.16135,191.43825,26.133148,29.856262,0.064600915,1,-1,-1
389.1763,195.33083,21.94458,29.278137,0.06449291,2,-1,-1
331.4341,243.63106,21.880524,35.41136,0.063958526,8,-1,-1
780.70764,657.9197,26.258179,23.961243,0.06392941,1,-1,-1
310.9383,228.26819,28.272095,24.37265,0.06392878,8,-1,-1
442.32486,230.85321,31.02121,19.764542,0.06390014,3,-1,-1
554.27716,31.386456,25.21112,25.57927,0.06360811,7,-1,-1
374.1777,203.25493,20.063019,29.48906,0.0628072,1,-1,-1
435.12286,232.99783,22.415527,28.302917,0.06272718,10,-1,-1
498.44714,186.05084,21.88086,28.922394,0.06269881,2,-1,-1
455.87463,238.4753,27.5253,27.289536,0.062495917,1,-1,-1
388.74765,307.55447,22.475739,27.186737,0.06236741,1,-1,-1
842.14166,669.7822,22.667664,27.204773,0.061247855,10,-1,-1
430.38815,240.43127,21.083038,29.31192,0.061237633,2,-1,-1
422.60294,269.73013,20.772583,29.427063,0.061153263,1,-1,-1
458.60553,255.41264,27.551392,31.409195,0.06096235,3,-1,-1
787.11676,663.4932,25.807617,25.701233,0.060473055,1,-1,-1
378.58112,10.253864,20.122467,30.016403,0.06038207,1,-1,-1
867.51306,633.7738,21.776978,30.7276,0.060192734,1,-1,-1
372.33508,194.78957,30.034027,22.625458,0.058832556,10,-1,-1
79.332756,247.95547,21.939667,31.83551,0.05880353,3,-1,-1
397.44794,308.61908,22.01175,29.161102,0.058624506,1,-1,-1
300.10828,449.86786,24.423676,27.491913,0.05861354,1,-1,-1
565.494,32.943073,19.989258,29.521725,0.058536977,1,-1,-1
331.5978,251.71967,25.286957,34.1604,0.058416545,4,-1,-1
437.55988,264.3723,20.96762,30.35263,0.05824718,1,-1,-1
455.87463,238.4753,27.5253,27.289536,0.05810672,2,-1,-1
401.1846,308.55942,22.038422,28.20575,0.05795324,8,-1,-1
722.72815,257.74908,38.991577,43.453613,0.05785927,1,-1,-1
453.6916,244.76045,26.634705,30.088058,0.057747185,1,-1,-1
850.5339,650.13586,23.065125,29.671997,0.057311177,1,-1,-1
431.04562,158.32294,25.605469,31.477219,0.057210088,1,-1,-1
867.51306,633.7738,21.776978,30.7276,0.05624175,10,-1,-1
498.40927,179.42603,19.612396,31.383713,0.056081712,1,-1,-1
489.1144,177.43138,20.80194,25.473663,0.055891097,1,-1,-1
415.56464,267.82697,19.66858,30.24704,0.055855274,1,-1,-1
179.61546,251.5148,28.229584,25.291077,0.055802763,2,-1,-1
1105.9785,721.9727,22.052979,25.479797,0.055697054,10,-1,-1
373.58875,256.89206,18.187195,29.671356,0.05540219,1,-1,-1
426.00153,277.91806,22.81668,27.866333,0.055321127,1,-1,-1
344.2384,243.475,23.572632,21.22403,0.05506313,7,-1,-1
554.27716,31.386456,25.21112,25.57927,0.054877847,4,-1,-1
480.74673,179.12044,23.10022,25.861313,0.054799408,1,-1,-1
448.52725,261.1555,25.020996,36.530457,0.054772884,1,-1,-1
1195.1813,760.3112,49.56775,26.33545,0.05456519,7,-1,-1
348.45578,239.21936,29.670288,19.186981,0.054525554,8,-1,-1
388.74765,307.55447,22.475739,27.186737,0.054452807,3,-1,-1
335.2982,250.46594,23.566101,33.859436,0.054442972,7,-1,-1
270.446,428.85745,21.953552,24.945038,0.054365188,1,-1,-1
847.9274,659.59143,26.448181,25.673584,0.053713053,2,-1,-1
438.92105,159.35747,25.93283,28.572311,0.05361134,1,-1,-1
1231.9432,674.4418,28.375732,21.68811,0.05356154,2,-1,-1
354.80478,239.39738,22.321716,25.266586,0.052440703,1,-1,-1
420.92783,284.97043,23.59906,24.6857,0.052390188,2,-1,-1
193.30836,329.90775,26.000473,29.481201,0.052351624,3,-1,-1
312.71198,449.72562,23.104004,27.209198,0.051957726,1,-1,-1
531.46674,159.59377,25.934753,26.42421,0.051926166,1,-1,-1
422.00122,297.05243,24.657562,24.098083,0.05164656,8,-1,-1
860.84515,662.4107,22.593567,28.799866,0.051418036,2,-1,-1
563.5587,32.935596,21.627625,27.538578,0.05137381,4,-1,-1
333.54703,243.51633,23.034882,27.821686,0.05120793,1,-1,-1
435.12286,232.99783,22.415527,28.302917,0.050896466,3,-1,-1
459.54367,256.97162,26.873627,32.342834,0.05067292,10,-1,-1
378.2084,271.65753,24.886047,25.242798,0.050558865,3,-1,-1
498.45905,187.20532,20.461487,31.43628,0.050224632,3,-1,-1
