603.1306,465.703,156.48181,121.82123,0.99998224,9,-1,-1
788.9408,501.66888,73.01929,71.19403,0.99175346,4,-1,-1
539.78046,436.77884,38.389404,34.254517,0.9782901,4,-1,-1
718.6695,275.23407,52.280212,20.487213,0.70969826,4,-1,-1
661.97296,274.67783,44.191833,22.8927,0.660063,4,-1,-1
99.54986,469.2205,73.052055,44.330597,0.6383252,7,-1,-1
649.79236,300.90338,44.385864,22.11914,0.61958784,4,-1,-1
460.005,759.4062,31.330322,49.799133,0.38272595,2,-1,-1
606.80115,459.6154,43.98285,29.907257,0.25902355,4,-1,-1
90.74745,455.90854,34.109978,28.534332,0.2039926,7,-1,-1
98.74182,469.37192,73.75156,44.470917,0.18515429,6,-1,-1
563.48865,725.64215,20.008728,51.977295,0.1659036,1,-1,-1
92.308044,460.56958,66.36224,39.71646,0.15843499,7,-1,-1
458.926,760.16547,30.652557,49.75934,0.15397996,1,-1,-1
487.30157,726.80383,26.51294,59.824036,0.15171275,1,-1,-1
151.089,275.78815,29.398682,36.422546,0.15024585,5,-1,-1
151.34462,277.4434,30.165161,34.612427,0.14615831,4,-1,-1
1202.9258,258.31317,31.777588,32.262085,0.14402175,4,-1,-1
515.077,731.1592,21.695068,55.417236,0.13290861,1,-1,-1
508.74588,733.9091,24.610016,51.44452,0.132007,2,-1,-1
563.48865,725.64215,20.008728,51.977295,0.1312472,10,-1,-1
99.05408,469.55844,73.98816,44.790314,0.12499794,8,-1,-1
490.57742,729.6516,28.434235,58.144592,0.12381393,2,-1,-1
468.95975,752.9531,31.642242,54.288025,0.123762995,2,-1,-1
436.12466,777.7532,23.434723,49.89972,0.11887875,1,-1,-1
501.1126,730.54425,31.638062,56.302673,0.106666714,1,-1,-1
90.19256,454.7473,35.444397,30.016785,0.10514787,8,-1,-1
709.19305,324.19223,50.391174,32.79654,0.10099122,5,-1,-1
444.56223,768.2204,28.572113,45.57495,0.098385364,1,-1,-1
444.56223,768.2204,28.572113,45.57495,0.09754509,2,-1,-1
684.5052,495.5477,49.168945,24.214996,0.094344616,4,-1,-1
485.7383,739.39966,25.455627,63.299072,0.0917061,2,-1,-1
717.0551,523.2259,44.172363,55.079285,0.0859642,4,-1,-1
443.37625,783.24805,22.43103,51.734985,0.0847711,1,-1,-1
661.97296,274.67783,44.191833,22.8927,0.084460765,5,-1,-1
649.79236,300.90338,44.385864,22.11914,0.082576066,5,-1,-1
655.7023,288.94278,42.888123,23.741333,0.08151978,4,-1,-1
822.50104,228.64476,43.737244,22.785767,0.08076733,4,-1,-1
666.2716,280.7325,42.133728,25.022827,0.07551676,4,-1,-1
563.48865,725.64215,20.008728,51.977295,0.07186833,3,-1,-1
812.7587,528.3293,52.161987,40.803772,0.071160346,10,-1,-1
569.11316,743.2129,21.388,47.05182,0.07098162,1,-1,-1
567.8771,721.4356,23.533142,47.044495,0.07093835,1,-1,-1
194.62138,237.54181,32.57141,31.839783,0.07089272,5,-1,-1
708.5588,323.2472,52.48163,34.69629,0.07043475,4,-1,-1
789.752,508.3214,77.56323,63.14795,0.06920716,10,-1,-1
716.05945,612.4858,40.574768,34.6344,0.06804496,3,-1,-1
604.61,287.8064,37.79016,28.397491,0.06792185,5,-1,-1
605.59784,288.62054,37.13275,26.979462,0.06701338,4,-1,-1
440.6755,776.57275,25.513153,45.63629,0.066799134,2,-1,-1
1167.1283,276.73663,30.066406,32.297607,0.06458029,4,-1,-1
457.638,761.3685,30.27301,50.986755,0.064525396,3,-1,-1
567.8771,721.4356,23.533142,47.044495,0.06444955,10,-1,-1
471.65176,762.8183,43.540558,35.381775,0.06378317,2,-1,-1
771.3896,341.37598,51.49225,23.599915,0.06353271,4,-1,-1
194.14177,237.52731,29.739227,32.244507,0.06351289,4,-1,-1
194.14177,237.52731,29.739227,32.244507,0.0631679,6,-1,-1
72.19413,294.29623,30.478073,30.128937,0.063011914,4,-1,-1
606.93964,458.96048,44.19037,28.076752,0.061305374,5,-1,-1
455.73917,779.4915,43.599304,36.863342,0.061172336,2,-1,-1
151.089,275.78815,29.398682,36.422546,0.061118126,9,-1,-1
816.6898,537.11176,48.574097,36.355347,0.0610241,1,-1,-1
480.0971,750.58105,31.691193,51.468323,0.060400456,1,-1,-1
697.5263,502.93503,37.372437,27.032318,0.060317874,4,-1,-1
563.48865,725.64215,20.008728,51.977295,0.059593767,2,-1,-1
67.01313,291.11954,28.623718,33.679474,0.05883515,5,-1,-1
718.5439,275.04767,52.55896,20.29596,0.05593416,5,-1,-1
477.50507,851.8741,23.979279,43.93518,0.055890918,1,-1,-1
811.2391,550.4348,42.957825,36.886353,0.055316806,1,-1,-1
445.92487,764.79755,39.185455,36.718384,0.05502677,2,-1,-1
1202.9258,258.31317,31.777588,32.262085,0.054964393,5,-1,-1
601.47595,716.67944,21.421387,49.078003,0.053460598,1,-1,-1
606.7557,459.8226,43.91461,28.437714,0.052799076,10,-1,-1
707.79047,323.92325,51.521545,33.073547,0.05243817,8,-1,-1
721.0071,806.3968,37.206055,29.455078,0.051396906,3,-1,-1
434.60388,793.01733,23.350769,49.09778,0.05134368,1,-1,-1
66.228485,284.96304,26.527435,34.37564,0.05123961,4,-1,-1
787.3965,503.31485,79.967224,68.447235,0.05114925,9,-1,-1
495.00018,737.0805,25.44696,62.864502,0.050822735,1,-1,-1
834.3919,528.67804,33.828186,41.605347,0.05077228,1,-1,-1
463.963,747.65674,27.14096,45.62506,0.050644457,2,-1,-1
820.02924,519.9158,41.818604,46.8891,0.050131857,1,-1,-1
