732.5824,625.9041,28.100159,44.853516,0.9452786,1,-1,-1
677.66327,200.32097,19.48523,47.216034,0.79646945,1,-1,-1
625.651,669.54767,107.95825,68.36926,0.6954511,7,-1,-1
598.6462,892.6834,118.64197,66.336,0.6650896,7,-1,-1
926.8908,679.5802,25.406372,40.468384,0.64544535,1,-1,-1
938.88654,638.30255,80.260254,85.92981,0.6452869,7,-1,-1
950.29083,764.93274,108.048035,106.22894,0.634976,7,-1,-1
948.82666,764.8586,110.665405,110.99988,0.6119422,8,-1,-1
948.90625,959.49475,64.92676,117.88147,0.59995854,7,-1,-1
531.5112,842.4347,74.21692,52.820984,0.5635831,10,-1,-1
546.6905,815.847,146.63959,89.49652,0.55566424,7,-1,-1
736.5936,210.60844,66.34454,79.69902,0.5446857,7,-1,-1
833.536,568.03143,44.131836,80.51599,0.54436356,10,-1,-1
834.1239,568.33417,44.086,80.20795,0.5434549,7,-1,-1
657.2682,790.87506,30.790527,47.925415,0.52641326,2,-1,-1
887.3684,0.0,48.18506,61.333054,0.5261219,7,-1,-1
658.2443,790.8246,28.195923,47.27466,0.52575177,1,-1,-1
598.8426,891.4145,119.41791,66.41577,0.50864303,8,-1,-1
686.28345,192.93535,46.474365,95.89867,0.5030622,7,-1,-1
693.71045,875.7538,32.503845,37.260437,0.48588997,2,-1,-1
948.9311,959.97156,65.58533,117.40466,0.48002842,8,-1,-1
686.11475,193.35802,46.916992,95.90843,0.47492856,8,-1,-1
649.4875,824.94806,35.331482,37.867676,0.47491536,2,-1,-1
677.66327,200.32097,19.48523,47.216034,0.46360102,2,-1,-1
717.6493,184.71309,22.383362,48.78215,0.45055026,1,-1,-1
736.38544,899.51544,26.528564,45.56421,0.44902736,10,-1,-1
709.72003,166.28052,30.961914,53.424835,0.44380853,1,-1,-1
939.7418,639.77374,79.489746,85.88666,0.43558967,8,-1,-1
693.62164,875.2602,30.965271,37.98651,0.41740403,10,-1,-1
736.5936,210.60844,66.34454,79.69902,0.41370916,8,-1,-1
708.23785,756.01337,49.20227,89.01404,0.4132904,7,-1,-1
710.627,166.78224,30.252014,54.87509,0.4084102,2,-1,-1
1368.4766,500.60953,25.683838,38.606354,0.400406,2,-1,-1
688.06744,9.955882,39.904846,71.740486,0.3980931,7,-1,-1
763.191,0.0,16.785034,15.483223,0.39264065,10,-1,-1
688.1476,9.476371,39.759094,71.78432,0.39149716,8,-1,-1
833.8321,568.4129,44.997925,79.93579,0.38828963,8,-1,-1
625.0628,669.30444,108.64325,68.70056,0.3810133,8,-1,-1
547.0876,819.4751,145.78229,84.60687,0.3733201,8,-1,-1
959.3724,961.80615,50.45288,106.59912,0.3452009,10,-1,-1
714.7196,935.80084,31.413635,77.788086,0.33741915,7,-1,-1
709.54614,754.45135,48.74707,89.60327,0.33503178,8,-1,-1
846.53766,575.54065,25.562378,33.66455,0.33288842,2,-1,-1
609.03955,879.6082,95.2536,58.108887,0.33264446,7,-1,-1
716.47266,182.88979,23.89508,51.31253,0.32001227,2,-1,-1
887.6253,0.0,48.50299,61.269375,0.31681708,8,-1,-1
532.16876,830.3688,128.00073,68.85547,0.31098306,10,-1,-1
716.0573,181.72565,24.286133,52.151352,0.31082237,10,-1,-1
650.0773,824.9704,35.03601,38.055725,0.3075054,1,-1,-1
1355.2622,505.14694,38.17395,46.60446,0.3059527,2,-1,-1
926.80646,679.19196,26.276367,40.816467,0.2999163,2,-1,-1
949.2461,766.7127,108.48157,104.816284,0.29277074,10,-1,-1
714.7196,935.80084,31.413635,77.788086,0.27239037,8,-1,-1
717.48114,928.81726,31.201721,85.77429,0.2661136,10,-1,-1
1219.2286,4.311096,15.574219,27.374943,0.2654299,10,-1,-1
736.17535,900.0947,26.67096,45.6875,0.26510724,7,-1,-1
762.69836,0.0,18.012451,15.636354,0.26046222,3,-1,-1
630.18756,672.12946,32.156067,35.989624,0.25895765,2,-1,-1
1412.6163,449.7125,25.958252,53.43106,0.2556939,1,-1,-1
1004.77856,760.856,55.933838,57.951294,0.25106007,10,-1,-1
1355.9299,504.1486,37.70044,47.8378,0.24223742,1,-1,-1
974.9457,979.9008,30.975708,23.686218,0.23600358,2,-1,-1
1368.4766,500.60953,25.683838,38.606354,0.23520294,1,-1,-1
710.627,166.78224,30.252014,54.87509,0.23001987,10,-1,-1
763.191,0.0,16.785034,15.483223,0.22867659,7,-1,-1
693.3206,875.66327,32.06604,37.373413,0.22114804,1,-1,-1
1355.9299,504.1486,37.70044,47.8378,0.22058713,10,-1,-1
887.6253,0.0,48.50299,61.269375,0.21999186,6,-1,-1
743.13416,0.071148746,12.219543,15.964202,0.2190586,2,-1,-1
710.5363,755.2005,47.032043,89.395996,0.21834883,10,-1,-1
743.01855,29.767702,19.033325,24.621595,0.21316746,10,-1,-1
1023.20795,763.0525,38.400085,43.082214,0.21068832,10,-1,-1
1220.2943,6.2869477,13.351807,22.978413,0.20911354,2,-1,-1
739.208,9.836796,19.3479,38.284664,0.20637172,10,-1,-1
948.34155,959.3502,65.68445,118.026,0.20583478,6,-1,-1
950.29083,764.93274,108.048035,106.22894,0.20568523,3,-1,-1
939.72186,638.98047,78.5177,86.3136,0.2042104,10,-1,-1
743.1633,1.5501993,13.107361,19.400381,0.20301229,10,-1,-1
886.94336,0.0,48.576294,59.270283,0.19829163,10,-1,-1
741.6808,8.776925,16.1167,18.092018,0.1974167,10,-1,-1
677.2403,200.91962,19.684082,46.326736,0.19728884,10,-1,-1
743.5017,30.50764,18.467407,23.836239,0.19488218,3,-1,-1
1221.4326,6.5891795,12.950317,24.039698,0.19441757,1,-1,-1
741.1311,14.347807,17.654358,16.788355,0.19187117,3,-1,-1
833.536,568.03143,44.131836,80.51599,0.1898849,3,-1,-1
740.42285,13.109279,15.215881,18.77335,0.18895453,10,-1,-1
534.6987,834.812,104.88916,60.233215,0.18398112,7,-1,-1
740.04755,11.900527,19.029907,24.74918,0.18346137,7,-1,-1
1370.4313,480.92285,24.531616,47.60321,0.18259358,2,-1,-1
741.87213,7.602599,15.320007,19.538704,0.1791467,3,-1,-1
720.3574,904.16394,34.22931,83.36505,0.17889437,7,-1,-1
742.0244,24.159239,20.085571,28.656633,0.17601639,7,-1,-1
736.0696,899.6127,26.741333,45.61139,0.17410168,8,-1,-1
1351.3938,523.7763,23.87439,33.864807,0.17390797,2,-1,-1
723.13354,856.29724,25.487976,45.368896,0.17363963,3,-1,-1
717.6419,9.068662,7.4907837,19.0638,0.17349103,1,-1,-1
605.3365,880.3829,105.636475,61.897034,0.17310086,10,-1,-1
763.0833,0.0,14.059021,15.0217905,0.17205164,2,-1,-1
584.5628,865.15247,106.214905,62.30768,0.17108324,7,-1,-1
1374.0596,273.90628,23.116089,36.237793,0.16675383,10,-1,-1
729.4944,47.273834,10.016052,14.500408,0.16656178,3,-1,-1
710.8274,168.4341,31.95868,64.4657,0.16650146,7,-1,-1
739.1958,0.0,19.597534,30.30338,0.1658228,10,-1,-1
630.8611,671.6823,31.343079,37.542786,0.16445932,1,-1,-1
200.4508,1053.1837,21.583038,23.361084,0.16397595,3,-1,-1
743.1633,1.5501993,13.107361,19.400381,0.16305071,3,-1,-1
688.14044,194.4,41.722595,92.463165,0.15872368,3,-1,-1
947.27295,954.0051,72.909424,123.37109,0.15816435,3,-1,-1
198.60326,1051.956,23.548523,25.420166,0.15809196,1,-1,-1
608.3037,880.2854,83.19617,45.67096,0.1576412,3,-1,-1
687.2982,185.31183,49.84558,62.449768,0.15751407,7,-1,-1
736.3478,898.82947,26.918762,46.479004,0.15632364,2,-1,-1
948.7477,765.8076,112.8905,109.70386,0.15263629,6,-1,-1
531.7736,842.9964,72.22528,51.57312,0.15127686,3,-1,-1
1370.4313,480.92285,24.531616,47.60321,0.15084654,1,-1,-1
685.62744,201.66849,44.10724,87.79755,0.1505098,10,-1,-1
845.12036,576.3274,26.168945,32.65216,0.15012577,1,-1,-1
747.057,43.682537,15.615845,22.738636,0.14813608,10,-1,-1
1224.0227,13.175014,9.994629,17.425522,0.1479623,2,-1,-1
763.191,0.0,16.785034,15.483223,0.14775461,8,-1,-1
969.0742,964.0758,40.40222,62.989746,0.14658692,10,-1,-1
743.18585,0.0,12.347778,16.522327,0.14639571,1,-1,-1
974.9457,979.9008,30.975708,23.686218,0.14575899,1,-1,-1
893.50885,0.0,35.076843,47.106747,0.1456047,2,-1,-1
709.54614,754.45135,48.74707,89.60327,0.14440876,3,-1,-1
746.5686,42.551304,16.178284,25.395267,0.14146826,3,-1,-1
693.62164,875.2602,30.965271,37.98651,0.14073488,7,-1,-1
739.16473,3.4159417,17.019592,26.072908,0.1401456,7,-1,-1
686.28345,192.93535,46.474365,95.89867,0.13989115,6,-1,-1
685.39484,182.32733,52.80841,73.01149,0.13917747,10,-1,-1
717.48114,928.81726,31.201721,85.77429,0.13877049,3,-1,-1
938.4853,632.8571,82.02789,92.821594,0.13756746,3,-1,-1
736.4651,7.592261,26.235352,45.809887,0.1374076,7,-1,-1
728.92834,45.868652,11.182556,16.835262,0.13735732,1,-1,-1
608.3037,880.2854,83.19617,45.67096,0.1373224,8,-1,-1
1351.3938,523.7763,23.87439,33.864807,0.13671368,3,-1,-1
734.8958,209.53116,67.76062,80.8038,0.1365192,6,-1,-1
686.3564,185.5449,43.980164,90.799545,0.13425145,2,-1,-1
1351.1875,519.3743,25.06665,36.24463,0.13417852,1,-1,-1
720.3574,904.16394,34.22931,83.36505,0.13305128,10,-1,-1
201.98277,1057.3043,12.9813385,16.67627,0.13290331,2,-1,-1
1141.4294,132.09705,36.513428,76.75067,0.1324183,10,-1,-1
761.90985,0.0,10.618469,14.736455,0.13226241,10,-1,-1
606.8031,882.86957,69.208496,42.98407,0.13176388,10,-1,-1
722.601,855.003,26.561523,45.556946,0.13091955,10,-1,-1
737.0021,899.31213,26.160217,45.70703,0.13081709,1,-1,-1
688.2214,6.904376,39.31012,72.96113,0.12956432,6,-1,-1
694.6725,875.06604,29.442444,38.47888,0.12951064,3,-1,-1
718.4081,903.0093,38.394775,89.5614,0.12889782,8,-1,-1
714.6578,180.14146,26.427856,53.80107,0.12876669,3,-1,-1
1004.77856,760.856,55.933838,57.951294,0.1280629,7,-1,-1
846.8097,574.5164,25.588379,36.740295,0.1278641,10,-1,-1
360.47748,0.0,59.236694,30.42067,0.126751,4,-1,-1
1219.9701,6.440179,13.415405,22.182476,0.12670535,3,-1,-1
736.17535,900.0947,26.67096,45.6875,0.12649691,3,-1,-1
622.42145,663.74615,111.44501,80.31915,0.1256308,10,-1,-1
947.7604,765.4173,115.466675,110.416504,0.1253511,5,-1,-1
677.32214,200.8255,19.149536,46.74263,0.12487775,3,-1,-1
953.6612,971.8287,51.317566,105.54755,0.12351012,2,-1,-1
740.73694,19.726334,19.305298,13.986233,0.12314767,10,-1,-1
743.781,0.0,11.595947,12.839683,0.12219277,10,-1,-1
1351.5264,523.44995,23.756104,34.253662,0.122051954,10,-1,-1
201.503,1056.802,15.163986,17.956543,0.121222526,1,-1,-1
685.7234,8.6835,42.349426,75.90299,0.120865375,10,-1,-1
1369.1451,490.65564,29.498169,48.746155,0.120649785,10,-1,-1
693.8446,228.33675,29.283447,62.24266,0.12046701,7,-1,-1
1019.1046,760.7641,43.993286,53.86969,0.12024817,3,-1,-1
886.58795,0.0,48.973022,59.68954,0.12008211,3,-1,-1
599.4824,887.26483,116.73041,74.604065,0.119488,3,-1,-1
1372.6068,243.1634,33.793457,67.491104,0.11930916,4,-1,-1
1364.1809,487.5333,36.74048,55.228912,0.11910951,1,-1,-1
728.6129,45.671764,11.8359375,17.504417,0.11866313,10,-1,-1
891.0145,0.0,39.290344,36.639904,0.11860877,7,-1,-1
737.7152,9.111652,22.684082,40.191246,0.118379444,3,-1,-1
414.3597,72.86781,25.45932,36.528526,0.118254036,1,-1,-1
887.8727,0.0,48.07422,61.216244,0.11629167,4,-1,-1
722.51654,855.9982,26.589172,45.102478,0.11602968,1,-1,-1
201.5156,1056.0154,16.257507,18.79248,0.11561012,10,-1,-1
622.42145,663.74615,111.44501,80.31915,0.11523169,3,-1,-1
672.8909,197.00784,31.44043,58.911835,0.11496833,1,-1,-1
710.82526,917.5477,46.533447,105.50934,0.114545554,7,-1,-1
737.09595,0.0,23.042603,30.364174,0.1136885,3,-1,-1
488.33014,0.0,48.39917,62.116196,0.11192745,4,-1,-1
649.6203,824.619,35.585754,38.21167,0.11086354,10,-1,-1
912.4572,662.6439,20.750977,40.984802,0.11043492,1,-1,-1
1360.2218,514.6717,23.181763,36.65216,0.11035049,2,-1,-1
1371.4814,467.9626,24.442017,43.851288,0.10894227,2,-1,-1
591.77637,830.4183,101.907715,59.519897,0.10857794,7,-1,-1
1364.1809,487.5333,36.74048,55.228912,0.10778171,2,-1,-1
659.0557,790.01184,27.648132,47.730103,0.10767573,10,-1,-1
677.2403,200.91962,19.684082,46.326736,0.10742459,7,-1,-1
700.8932,879.1728,21.457825,27.60968,0.107323736,2,-1,-1
692.09357,202.61617,34.05609,63.21196,0.10705954,7,-1,-1
733.5029,626.0377,26.140625,44.300964,0.10690573,4,-1,-1
738.76843,9.955696,20.185364,37.200653,0.10648638,8,-1,-1
741.47394,1.2486978,13.071533,20.202248,0.105988026,7,-1,-1
1411.5156,449.3821,28.102783,57.14032,0.10588765,10,-1,-1
765.2694,0.0,9.654785,12.797819,0.10545522,10,-1,-1
317.0829,0.0,202.59094,122.85016,0.10483217,4,-1,-1
1220.3627,5.287104,11.528931,18.001917,0.10454881,10,-1,-1
694.4108,32.45556,10.921875,20.83332,0.104182065,2,-1,-1
759.41986,0.0,12.7901,15.069546,0.10395381,3,-1,-1
762.8844,0.0,18.535645,15.417316,0.10394743,4,-1,-1
841.6085,574.556,39.03174,67.91882,0.10354465,2,-1,-1
726.95374,43.553852,15.074036,21.58263,0.10326177,3,-1,-1
701.8438,32.023453,10.075439,18.750664,0.10251653,2,-1,-1
571.7466,854.41815,131.9563,77.684875,0.10144743,8,-1,-1
948.7477,765.8076,112.8905,109.70386,0.10140413,4,-1,-1
531.646,835.1728,119.84296,60.155273,0.101324946,8,-1,-1
723.3476,195.77376,17.090881,36.045868,0.100993365,2,-1,-1
713.4322,173.19435,28.08783,60.230957,0.10069847,8,-1,-1
723.80554,196.48393,17.15802,34.544342,0.09955308,1,-1,-1
1372.5414,470.47803,26.842285,46.060852,0.09954327,1,-1,-1
687.2982,185.31183,49.84558,62.449768,0.09922445,3,-1,-1
1360.2218,514.6717,23.181763,36.65216,0.098069966,1,-1,-1
1355.9299,504.1486,37.70044,47.8378,0.09795573,3,-1,-1
606.00037,820.5065,81.10742,74.43573,0.09790796,8,-1,-1
693.6958,218.2833,30.440002,74.104034,0.097706586,8,-1,-1
742.13983,24.520834,18.697876,14.92156,0.09763086,3,-1,-1
318.41415,0.0,208.57169,127.59924,0.09746066,6,-1,-1
628.52496,820.7617,56.473877,49.07318,0.09729278,2,-1,-1
677.2403,200.91962,19.684082,46.326736,0.096550524,4,-1,-1
1147.6924,164.26582,28.820557,46.264282,0.09595382,10,-1,-1
738.76843,9.955696,20.185364,37.200653,0.095668614,2,-1,-1
740.3744,0.0,19.510986,15.278152,0.09551495,10,-1,-1
765.9005,0.0,8.807983,9.00717,0.0950228,2,-1,-1
596.2611,905.85956,107.13489,47.703186,0.09500486,10,-1,-1
597.61005,905.15875,114.44025,51.28369,0.09472406,6,-1,-1
761.9647,0.0,9.83551,11.383558,0.09453845,2,-1,-1
544.7262,811.2265,146.01306,89.57709,0.094028026,3,-1,-1
710.708,18.550455,8.824951,15.63011,0.093960404,1,-1,-1
948.34155,959.3502,65.68445,118.026,0.09349516,5,-1,-1
693.8446,228.33675,29.283447,62.24266,0.09320286,10,-1,-1
1148.9053,167.00362,25.433838,41.92308,0.09310028,3,-1,-1
740.1601,19.229694,15.165649,13.978901,0.09294817,3,-1,-1
1354.4149,532.68427,17.613892,22.231812,0.09256339,2,-1,-1
740.5433,25.124895,19.470642,42.625107,0.09254238,10,-1,-1
746.0071,46.679802,16.889587,34.93947,0.09216496,10,-1,-1
694.0632,30.754559,19.3396,25.079372,0.09202555,2,-1,-1
702.9419,189.92807,41.74878,68.17578,0.091733396,7,-1,-1
1364.5698,507.88773,21.416992,33.388947,0.091560364,2,-1,-1
505.63547,223.81856,33.949066,20.544083,0.09149286,3,-1,-1
705.18097,185.12424,37.704773,70.54912,0.09134066,8,-1,-1
745.8495,40.081238,17.005615,30.667824,0.09112865,7,-1,-1
763.25494,0.0,17.353943,15.337801,0.090815544,1,-1,-1
834.2299,569.8712,46.00421,79.739075,0.09068903,1,-1,-1
684.8916,8.222076,42.342346,75.86658,0.09066871,3,-1,-1
740.39685,14.543123,14.437256,15.951153,0.09021267,7,-1,-1
688.14044,194.4,41.722595,92.463165,0.090048164,1,-1,-1
1355.9299,504.1486,37.70044,47.8378,0.08968687,7,-1,-1
1373.8228,259.36514,27.492065,50.99289,0.08939278,7,-1,-1
838.20764,583.30035,27.907837,48.444214,0.08925158,2,-1,-1
630.5425,671.3263,28.3125,36.280273,0.0890162,10,-1,-1
1216.8196,0.35333645,19.562134,32.08882,0.08867824,1,-1,-1
738.2385,19.359045,26.077454,52.233543,0.08849698,7,-1,-1
1141.4294,132.09705,36.513428,76.75067,0.08835927,3,-1,-1
728.92834,45.868652,11.182556,16.835262,0.088103175,2,-1,-1
678.3538,215.11293,20.727295,49.291763,0.088074416,1,-1,-1
702.9604,888.0724,21.966614,24.674683,0.087813646,2,-1,-1
717.48114,928.81726,31.201721,85.77429,0.08746767,1,-1,-1
567.097,86.759315,47.917236,39.78813,0.087328464,3,-1,-1
318.41415,0.0,208.57169,127.59924,0.08646366,5,-1,-1
715.0639,896.95087,41.76294,55.582275,0.08612156,7,-1,-1
714.4098,174.06021,20.21521,36.100327,0.08601794,2,-1,-1
582.5519,821.7287,108.945496,76.10419,0.08599341,10,-1,-1
738.05756,0.0,21.841187,31.980028,0.08587247,8,-1,-1
698.4357,25.394623,27.411804,35.923714,0.085746706,7,-1,-1
899.8452,0.0,27.373108,28.498672,0.08525136,2,-1,-1
948.3791,958.9174,64.32886,118.4588,0.08524108,4,-1,-1
344.70612,162.57538,23.098969,26.824402,0.085187465,10,-1,-1
734.8958,209.53116,67.76062,80.8038,0.08518055,10,-1,-1
700.10736,31.281387,23.316162,50.020744,0.08505356,7,-1,-1
1297.1124,199.3715,12.546753,16.179718,0.08504978,3,-1,-1
710.627,166.78224,30.252014,54.87509,0.08500555,4,-1,-1
694.54016,218.03906,27.891174,62.789215,0.08499417,2,-1,-1
1224.963,14.702219,8.699463,15.654053,0.084762335,1,-1,-1
628.52496,820.7617,56.473877,49.07318,0.084427774,10,-1,-1
198.40977,1052.4077,24.475723,24.968506,0.0843516,10,-1,-1
833.8321,568.4129,44.997925,79.93579,0.0842177,6,-1,-1
1357.9604,526.9304,20.868652,32.400085,0.08404681,1,-1,-1
344.7419,162.754,23.07724,26.331253,0.083972275,2,-1,-1
315.08273,177.5205,26.45752,24.430328,0.083716154,3,-1,-1
362.28357,949.1099,48.485474,37.2558,0.08331156,10,-1,-1
739.1958,0.0,19.597534,30.30338,0.082945704,1,-1,-1
1373.1968,250.91486,30.7229,59.468323,0.08214533,10,-1,-1
736.0696,899.6127,26.741333,45.61139,0.082120895,4,-1,-1
673.4548,196.54575,30.187683,59.844757,0.08168158,8,-1,-1
316.04126,177.01256,24.45758,24.976181,0.081600666,1,-1,-1
693.6523,19.35443,29.776733,58.43779,0.08132124,2,-1,-1
1221.7933,8.983676,7.9466553,14.998427,0.08112696,2,-1,-1
1224.2115,8.79569,9.459717,19.518547,0.08067754,10,-1,-1
717.9344,9.030924,6.79718,18.581133,0.08063489,2,-1,-1
624.79944,27.056423,30.021973,24.59481,0.08008072,3,-1,-1
601.7351,868.3985,75.02649,47.376465,0.080064476,3,-1,-1
738.10205,11.375209,16.731628,25.271496,0.08002001,3,-1,-1
738.2385,19.359045,26.077454,52.233543,0.07992953,8,-1,-1
1349.483,514.8369,37.632324,45.354736,0.079868674,10,-1,-1
722.2047,863.903,33.47998,73.40253,0.07976553,10,-1,-1
701.07275,35.50598,21.940735,46.513794,0.07962939,3,-1,-1
1141.4294,132.09705,36.513428,76.75067,0.07953662,7,-1,-1
630.0984,821.793,55.782043,46.001953,0.07953474,3,-1,-1
1296.1707,197.54082,13.288818,17.470978,0.07899803,10,-1,-1
624.5478,693.725,110.07977,95.51245,0.07866779,7,-1,-1
1374.9751,285.7392,18.112427,22.763641,0.07863122,10,-1,-1
628.52496,820.7617,56.473877,49.07318,0.07840672,7,-1,-1
715.10236,936.32874,31.076538,77.34125,0.07806516,6,-1,-1
716.35864,817.9694,43.193787,86.691284,0.07805264,7,-1,-1
1354.7042,532.12897,17.341919,23.384949,0.07794711,1,-1,-1
910.8483,663.3533,34.766968,48.81012,0.07792789,1,-1,-1
745.44104,2.0940185,9.154907,10.295023,0.07787871,2,-1,-1
531.78656,843.5212,55.811584,49.003235,0.07785818,1,-1,-1
361.17786,948.3119,55.675293,37.79315,0.07785416,3,-1,-1
628.52496,820.7617,56.473877,49.07318,0.07777673,1,-1,-1
344.20935,162.16812,24.042389,27.428818,0.077488005,3,-1,-1
588.6305,93.82549,31.05365,32.606964,0.07731724,3,-1,-1
693.13885,875.22815,31.737854,38.52649,0.07704753,8,-1,-1
709.47955,166.93494,29.531433,45.17079,0.07703248,3,-1,-1
747.8641,37.23376,14.321106,19.776848,0.07692647,10,-1,-1
742.13983,24.520834,18.697876,14.92156,0.076855004,10,-1,-1
700.3062,38.336433,11.768616,16.816975,0.07673183,2,-1,-1
694.0938,874.9418,30.274231,37.248352,0.07651305,4,-1,-1
886.94336,0.0,48.576294,59.270283,0.07645711,5,-1,-1
1373.1814,256.18106,29.747437,54.5856,0.07624754,8,-1,-1
1220.9166,7.853005,9.744995,16.499691,0.07589412,1,-1,-1
1375.1768,496.7001,27.17688,37.18863,0.075724155,2,-1,-1
318.41415,0.0,208.57169,127.59924,0.075665236,9,-1,-1
315.08273,177.5205,26.45752,24.430328,0.075654805,10,-1,-1
715.2223,190.64352,19.208008,32.347,0.075573444,2,-1,-1
945.02856,635.7844,69.22247,85.85199,0.07554433,2,-1,-1
598.56885,921.3418,121.61194,96.316956,0.07542002,7,-1,-1
722.601,855.003,26.561523,45.556946,0.07527101,7,-1,-1
1391.7505,484.1828,19.28064,37.68817,0.07515982,2,-1,-1
891.012,0.0,40.889893,55.28668,0.07513639,1,-1,-1
850.47156,584.4533,28.157593,44.552124,0.074722946,2,-1,-1
732.5332,0.0,31.845154,35.19586,0.0745838,7,-1,-1
695.2391,31.694458,16.737488,23.488838,0.07440692,1,-1,-1
745.7202,47.505962,17.309814,33.656612,0.074394554,3,-1,-1
743.0959,20.724947,19.722717,14.15188,0.074325204,3,-1,-1
1376.0485,474.5973,28.348145,41.140137,0.0743033,2,-1,-1
1370.8636,470.20035,30.138306,52.391327,0.074300945,10,-1,-1
198.60326,1051.956,23.548523,25.420166,0.07426646,2,-1,-1
743.781,0.0,11.595947,12.839683,0.074148774,3,-1,-1
718.4181,8.31491,5.8548584,12.776862,0.07400143,1,-1,-1
653.3085,834.95483,30.464233,49.34552,0.07391083,2,-1,-1
704.7962,28.293453,17.821106,29.102665,0.07385534,2,-1,-1
762.0933,0.0,11.0998535,14.174102,0.073705375,1,-1,-1
979.88165,971.6117,23.099365,27.725586,0.07347569,2,-1,-1
416.70105,79.203804,16.745087,27.766312,0.073465556,1,-1,-1
1374.7463,503.52026,16.036133,26.297913,0.07336098,2,-1,-1
597.6441,798.9557,122.981384,108.26868,0.07316598,7,-1,-1
1360.2218,514.6717,23.181763,36.65216,0.07310021,10,-1,-1
627.3621,785.8299,67.56494,71.411255,0.07305941,7,-1,-1
733.1599,625.9797,26.225342,43.786194,0.07290998,2,-1,-1
959.28644,658.4293,24.895996,26.196045,0.07290208,2,-1,-1
742.16565,0.0,10.645996,10.4258,0.07261142,2,-1,-1
710.5363,755.2005,47.032043,89.395996,0.07257807,2,-1,-1
1218.931,4.004977,16.816772,28.091393,0.072462946,7,-1,-1
742.42596,0.0,10.4823,10.847139,0.07236689,1,-1,-1
722.2047,863.903,33.47998,73.40253,0.07218829,7,-1,-1
531.9446,841.7936,70.3056,54.276123,0.072128266,4,-1,-1
835.2427,569.6659,44.867554,79.82654,0.07195607,4,-1,-1
529.5753,835.97266,125.720764,59.312805,0.07191706,3,-1,-1
695.13855,204.61601,29.368958,52.99614,0.07168415,2,-1,-1
1374.3927,277.76373,21.471436,32.022827,0.07159701,7,-1,-1
745.1417,1.860359,9.24823,10.839016,0.07122186,1,-1,-1
710.5363,755.2005,47.032043,89.395996,0.071195126,1,-1,-1
1215.9554,0.0,16.907349,24.775896,0.0711205,10,-1,-1
709.44617,165.82755,28.067139,32.429092,0.07101601,2,-1,-1
972.9398,966.8129,33.066162,46.793518,0.07094547,2,-1,-1
1377.2859,289.55865,15.297852,18.459656,0.070877224,2,-1,-1
608.288,885.15656,60.710938,39.471985,0.07068643,2,-1,-1
1222.9766,8.747032,14.168335,25.04353,0.070525825,2,-1,-1
1359.1403,530.1235,18.800537,26.721558,0.07040292,2,-1,-1
558.6699,112.10064,21.829895,42.685112,0.0702458,3,-1,-1
395.4607,0.0,60.491333,37.932808,0.070140034,4,-1,-1
677.32214,200.8255,19.149536,46.74263,0.069616675,8,-1,-1
743.3455,0.0,15.529724,16.291145,0.069489986,7,-1,-1
686.4293,187.34865,51.47516,53.01863,0.06943205,8,-1,-1
632.5458,666.4941,69.94513,53.604553,0.069277614,7,-1,-1
734.8958,209.53116,67.76062,80.8038,0.06912398,4,-1,-1
558.8704,111.43626,21.49469,43.579704,0.06908065,1,-1,-1
202.79977,1058.1017,8.176056,13.811768,0.06885764,1,-1,-1
710.83417,196.27287,34.31305,29.824814,0.06884158,2,-1,-1
686.28345,192.93535,46.474365,95.89867,0.06873074,5,-1,-1
711.5365,18.26783,7.9577026,14.082436,0.06872663,2,-1,-1
893.548,0.0,22.670288,26.092337,0.06866214,2,-1,-1
608.288,885.15656,60.710938,39.471985,0.06852093,1,-1,-1
506.20053,224.02055,33.43692,20.318192,0.06847364,1,-1,-1
950.0755,832.3824,94.876526,158.90143,0.06833097,7,-1,-1
463.15747,6.0046053,64.459595,55.577633,0.06827626,4,-1,-1
708.1261,753.86676,49.254395,89.86365,0.06822306,6,-1,-1
715.22107,36.28629,9.947144,19.69735,0.06807548,1,-1,-1
603.7448,884.97687,76.80615,39.300293,0.06796688,7,-1,-1
720.3574,904.16394,34.22931,83.36505,0.067891,2,-1,-1
733.1324,214.00766,30.81128,30.755463,0.0678668,2,-1,-1
598.8426,891.4145,119.41791,66.41577,0.06759471,4,-1,-1
1411.125,449.71692,28.5354,53.963287,0.06755713,2,-1,-1
741.1542,29.723864,15.155457,18.662119,0.06752497,10,-1,-1
345.69305,150.98721,21.58606,36.346558,0.06733069,1,-1,-1
687.2982,185.31183,49.84558,62.449768,0.06727043,1,-1,-1
891.0145,0.0,39.290344,36.639904,0.06721628,8,-1,-1
335.806,0.0,153.77026,68.916916,0.06720185,4,-1,-1
1303.4379,523.6039,30.936768,24.490906,0.06715372,3,-1,-1
1368.2257,491.61096,29.966187,45.936523,0.06714627,3,-1,-1
712.7649,37.09525,9.90564,19.46558,0.06667775,2,-1,-1
739.21967,4.2467475,16.458008,23.173662,0.06640193,2,-1,-1
909.8118,649.5381,91.586975,81.733154,0.06624398,7,-1,-1
1391.2274,477.73767,20.09314,42.3219,0.06623167,1,-1,-1
914.0711,665.5802,27.902283,41.829712,0.06615904,2,-1,-1
761.75684,0.0,11.083374,13.089691,0.066121876,7,-1,-1
745.2056,52.469208,19.07428,36.61448,0.06600061,7,-1,-1
319.20987,182.03233,15.214203,19.549332,0.06594163,1,-1,-1
716.35864,817.9694,43.193787,86.691284,0.065822095,8,-1,-1
939.7418,639.77374,79.489746,85.88666,0.065790266,4,-1,-1
987.7198,638.2306,30.470154,30.975769,0.06555188,1,-1,-1
642.6012,872.9855,86.49689,59.40979,0.0655095,7,-1,-1
924.6334,666.8605,40.511536,55.53473,0.065441966,1,-1,-1
1886.0608,527.2143,29.135986,47.135742,0.065301746,1,-1,-1
742.4403,0.02199425,12.066711,15.871323,0.06490946,8,-1,-1
1372.6068,243.1634,33.793457,67.491104,0.06478754,5,-1,-1
349.44174,80.13814,63.809113,54.195786,0.06478205,4,-1,-1
695.65204,227.74352,26.751465,63.15117,0.06476247,3,-1,-1
738.47687,15.33948,17.890259,18.09087,0.06473774,2,-1,-1
738.76843,9.955696,20.185364,37.200653,0.06467235,1,-1,-1
686.28345,192.93535,46.474365,95.89867,0.06460065,4,-1,-1
691.8754,694.0059,26.969116,30.8703,0.06431395,2,-1,-1
604.9762,869.93616,62.69745,44.114075,0.06424457,10,-1,-1
328.15393,4.968986,123.63312,98.42473,0.06423685,4,-1,-1
707.5472,922.2238,50.80011,99.45087,0.06421548,8,-1,-1
739.16547,12.845846,15.794617,11.65884,0.0641807,3,-1,-1
639.3117,793.5323,52.75354,51.52466,0.06379849,10,-1,-1
717.48114,928.81726,31.201721,85.77429,0.063607484,2,-1,-1
696.26886,26.209997,25.435059,58.727158,0.06330934,8,-1,-1
959.28644,658.4293,24.895996,26.196045,0.06329441,1,-1,-1
649.9089,809.0653,40.675842,31.803406,0.06326002,2,-1,-1
1055.9524,193.72421,96.73596,47.515884,0.063204706,7,-1,-1
598.8426,891.4145,119.41791,66.41577,0.06308377,5,-1,-1
1374.3927,277.76373,21.471436,32.022827,0.06305799,3,-1,-1
1366.764,511.4225,29.324707,32.897522,0.06303069,10,-1,-1
1076.2776,1053.6554,38.63855,22.414917,0.06287786,3,-1,-1
987.7198,638.2306,30.470154,30.975769,0.062770516,2,-1,-1
366.29617,958.5985,34.03592,26.737183,0.06242618,3,-1,-1
625.7959,670.0694,107.76575,67.7688,0.06223777,6,-1,-1
1411.3978,494.6937,22.689941,37.97873,0.06210497,10,-1,-1
939.6756,948.97516,88.31598,128.40106,0.062081486,10,-1,-1
1027.0483,763.2734,34.476562,39.277832,0.062020212,2,-1,-1
558.6699,112.10064,21.829895,42.685112,0.0615443,10,-1,-1
207.7204,1057.9523,8.119217,13.380493,0.061479747,2,-1,-1
706.08,29.927584,15.641357,25.926428,0.06142664,1,-1,-1
763.5482,0.0,15.950012,15.276712,0.061350763,6,-1,-1
339.88272,32.742317,63.872528,60.89332,0.061324775,4,-1,-1
738.3953,22.491564,15.920227,26.585218,0.06107253,3,-1,-1
658.7027,811.7499,27.027344,45.850708,0.060994744,2,-1,-1
1004.77856,760.856,55.933838,57.951294,0.06097561,8,-1,-1
694.4108,33.013195,11.088196,19.638863,0.06082791,1,-1,-1
745.81805,60.44875,16.723816,27.524433,0.060371727,10,-1,-1
315.5305,179.25772,20.073761,23.542282,0.06025192,2,-1,-1
1554.4027,0.0,41.217163,32.00426,0.060195833,6,-1,-1
1214.031,0.0,25.287598,34.518234,0.06013906,10,-1,-1
765.0412,0.0,28.368835,16.078545,0.060081035,10,-1,-1
993.8689,780.74677,23.674438,29.252808,0.060071826,1,-1,-1
739.88184,28.56476,22.612,36.95581,0.060041398,2,-1,-1
673.95917,202.30162,39.424194,74.00685,0.060029656,7,-1,-1
450.724,919.43774,30.90741,67.17316,0.05977717,10,-1,-1
653.4385,681.264,69.218506,51.359924,0.05969423,7,-1,-1
1885.4269,526.4445,29.769897,48.803833,0.059598,4,-1,-1
1376.3563,265.8722,26.014404,43.28543,0.059556037,4,-1,-1
715.34924,34.12664,10.327637,20.388676,0.05951026,2,-1,-1
648.9062,795.50006,43.503723,52.742798,0.059503913,1,-1,-1
717.1913,207.99727,58.754272,89.275955,0.059434623,7,-1,-1
698.4357,25.394623,27.411804,35.923714,0.059341878,8,-1,-1
979.88165,971.6117,23.099365,27.725586,0.059336573,1,-1,-1
1159.6508,178.33331,52.32312,54.339203,0.05897802,7,-1,-1
450.724,919.43774,30.90741,67.17316,0.05880457,3,-1,-1
531.78656,843.5212,55.811584,49.003235,0.05880341,2,-1,-1
629.3768,672.1427,73.2655,41.324097,0.0588018,2,-1,-1
717.303,965.2068,26.975647,46.503845,0.05879897,10,-1,-1
714.4098,174.06021,20.21521,36.100327,0.058662593,1,-1,-1
360.47748,0.0,59.236694,30.42067,0.05853048,5,-1,-1
667.8931,870.924,59.442505,42.985596,0.058529377,10,-1,-1
740.3744,0.0,19.510986,15.278152,0.05852291,3,-1,-1
681.9653,0.0,53.41754,59.97082,0.058418393,7,-1,-1
965.4736,964.3434,76.79486,110.89087,0.058282197,7,-1,-1
645.6186,829.9858,42.616455,56.826416,0.058272958,1,-1,-1
947.8428,653.4239,49.360474,69.594604,0.058243543,7,-1,-1
1375.3687,286.75388,11.455811,19.254974,0.05815178,1,-1,-1
711.88403,751.42505,35.150085,69.07434,0.058103383,7,-1,-1
743.01855,29.767702,19.033325,24.621595,0.058054,8,-1,-1
382.18997,69.12921,58.69992,42.465355,0.05799973,4,-1,-1
692.47784,170.83054,72.65485,94.32843,0.05791667,7,-1,-1
614.45514,856.0392,88.06891,113.921265,0.057837576,7,-1,-1
359.42957,70.67149,56.266907,44.903694,0.057820678,4,-1,-1
199.53804,1059.8838,13.1098175,17.492432,0.057597756,1,-1,-1
965.44934,959.9716,44.53247,90.46747,0.057483763,3,-1,-1
765.1271,0.0,10.146179,12.291555,0.057451874,3,-1,-1
320.83713,174.18268,22.039764,24.751907,0.057422638,2,-1,-1
1355.8704,504.43445,38.84326,46.513184,0.05737725,4,-1,-1
899.8452,0.0,27.373108,28.498672,0.05736205,1,-1,-1
562.896,83.91388,52.828125,43.460495,0.057359397,10,-1,-1
403.7927,68.28148,42.355286,45.656464,0.0573256,1,-1,-1
