513.40314,508.4095,32.9151,43.97943,0.97152936,4,-1,-1
17.248714,663.6358,46.22287,26.488586,0.78531396,5,-1,-1
146.91524,139.37836,24.268524,32.90538,0.2538681,4,-1,-1
146.91524,139.37836,24.268524,32.90538,0.22883585,5,-1,-1
513.4326,507.6269,36.82257,69.16675,0.22178659,6,-1,-1
726.2115,667.5632,19.633118,30.893433,0.1897563,1,-1,-1
1040.8129,591.459,42.026245,19.283325,0.16931194,10,-1,-1
1299.2545,276.76755,28.273926,26.488617,0.15070206,4,-1,-1
1040.6902,591.28357,42.165527,19.20166,0.12869048,3,-1,-1
652.54254,552.4601,20.73883,27.942871,0.11375448,1,-1,-1
167.35268,182.39543,58.122345,29.885727,0.10749069,4,-1,-1
1308.9122,275.72574,32.086548,25.703308,0.10141623,4,-1,-1
158.19208,216.0205,26.144394,22.916443,0.098869145,4,-1,-1
1303.7173,282.73657,33.460938,23.163696,0.09611139,4,-1,-1
1040.649,591.22815,41.95166,19.286194,0.0865272,1,-1,-1
146.15784,136.2464,24.773346,36.17282,0.08388904,9,-1,-1
167.35268,182.39543,58.122345,29.885727,0.08359024,5,-1,-1
158.19208,216.0205,26.144394,22.916443,0.07548511,5,-1,-1
124.38673,139.11935,17.829643,32.65213,0.06618309,4,-1,-1
1299.2545,276.76755,28.273926,26.488617,0.06570521,5,-1,-1
146.15784,136.2464,24.773346,36.17282,0.065434426,6,-1,-1
1308.9122,275.72574,32.086548,25.703308,0.06308541,5,-1,-1
177.74171,159.20912,33.22307,26.034729,0.060861826,5,-1,-1
138.12782,132.00082,22.197083,38.056244,0.05704117,4,-1,-1
172.771,253.27162,61.36093,23.241653,0.05663538,4,-1,-1
512.816,509.3183,33.46106,44.084656,0.05539003,5,-1,-1
269.50104,414.0481,26.446747,25.798248,0.05183491,4,-1,-1
1305.1611,270.79916,31.317871,22.62909,0.051514894,4,-1,-1
