632.3952,734.78534,33.85327,29.41388,0.8824892,4,-1,-1
688.9147,820.5388,51.1485,51.320007,0.8641839,4,-1,-1
670.4735,728.0576,38.435364,29.823181,0.8616557,4,-1,-1
763.8033,797.27264,62.53351,45.771667,0.8388027,4,-1,-1
605.9578,701.23,28.591248,24.390015,0.8248576,4,-1,-1
640.6034,672.92596,23.293884,21.69342,0.8226061,4,-1,-1
693.9085,705.5643,40.23871,28.376648,0.81574035,4,-1,-1
617.886,711.8916,29.93982,30.401245,0.8086475,4,-1,-1
657.451,783.1018,43.64203,42.088196,0.80080366,4,-1,-1
761.24274,918.1074,76.166016,77.71991,0.7915138,4,-1,-1
681.38434,916.3382,71.62079,92.74597,0.78066933,4,-1,-1
647.4979,758.97174,36.08484,32.42169,0.7768175,4,-1,-1
591.4873,616.04865,15.03302,10.896851,0.71919584,4,-1,-1
727.23413,860.625,61.953003,67.04834,0.7071752,4,-1,-1
591.687,679.9193,23.952148,24.447815,0.67706656,4,-1,-1
565.8457,594.60406,10.613403,8.401123,0.6679417,4,-1,-1
575.4864,660.6298,21.304993,18.830322,0.6246441,4,-1,-1
596.37787,637.5642,17.422058,14.586182,0.58073044,4,-1,-1
574.6745,622.1176,15.551941,10.919128,0.5783299,4,-1,-1
555.69464,603.93585,12.836548,9.592041,0.57052356,4,-1,-1
827.4817,1007.7963,89.50043,41.59601,0.55182266,4,-1,-1
610.5599,609.2455,15.121338,12.181763,0.51297766,4,-1,-1
558.8661,627.69794,24.13739,16.745605,0.36553866,4,-1,-1
551.6655,590.93414,11.182617,8.678833,0.3609671,4,-1,-1
535.799,582.1795,10.787842,9.204773,0.36067742,4,-1,-1
728.26874,861.61664,60.878906,65.51495,0.33893526,5,-1,-1
551.2777,585.94763,11.622559,9.3758545,0.33196357,4,-1,-1
551.59985,581.5053,11.243103,9.017334,0.3282798,4,-1,-1
409.19394,903.1237,11.5078125,26.340088,0.31754515,1,-1,-1
551.8493,576.5754,11.328491,9.321045,0.29593316,4,-1,-1
560.31177,605.4638,9.639404,7.6672363,0.29367995,4,-1,-1
537.0648,575.7031,11.526001,8.935364,0.28552216,4,-1,-1
551.12506,595.24396,10.599976,8.363586,0.27511048,4,-1,-1
323.99927,892.931,37.260956,84.10834,0.27403593,4,-1,-1
921.93054,574.90753,10.166016,24.09436,0.26377854,1,-1,-1
536.73865,585.4625,9.39801,8.040955,0.2612005,4,-1,-1
1340.8434,797.08887,56.857666,58.342285,0.24449733,2,-1,-1
854.71515,739.5388,13.941284,33.324158,0.23263738,1,-1,-1
765.2712,722.0322,13.28241,25.809265,0.22993287,1,-1,-1
526.19135,594.3727,11.948975,11.538879,0.22171724,4,-1,-1
535.90186,646.8329,28.78601,18.571594,0.21892798,4,-1,-1
286.58276,880.7276,36.85611,96.95398,0.21534312,4,-1,-1
650.37524,732.9838,44.412476,28.919312,0.20604071,4,-1,-1
526.99774,591.17926,10.619812,10.135071,0.20572332,4,-1,-1
618.0773,712.16486,29.85028,30.208557,0.20223966,5,-1,-1
1342.2369,797.61395,55.258423,57.168335,0.1964213,1,-1,-1
556.6953,602.24554,9.814209,8.755066,0.1952202,4,-1,-1
286.37692,882.2078,36.840576,94.68634,0.19325492,5,-1,-1
555.64984,576.9552,9.022644,7.320984,0.19254267,4,-1,-1
566.34894,632.49396,17.283752,11.147766,0.191746,4,-1,-1
925.2582,570.1412,10.369019,23.957336,0.18612555,1,-1,-1
530.3918,565.5211,10.690308,10.105957,0.18591076,4,-1,-1
563.4264,591.24207,14.040955,12.843811,0.18405354,4,-1,-1
640.7441,673.1894,23.028076,21.40564,0.1831665,5,-1,-1
539.8121,573.0532,11.985596,9.629456,0.17697391,4,-1,-1
555.0435,591.7608,9.3723755,6.7979736,0.17537734,4,-1,-1
551.0188,584.9589,11.77832,11.298523,0.1747975,9,-1,-1
551.22314,580.81824,11.467834,11.271545,0.16705069,9,-1,-1
765.82886,722.7001,11.725037,21.00592,0.16387764,2,-1,-1
683.7464,645.2321,7.199524,14.94519,0.16374317,1,-1,-1
595.1515,637.099,17.350647,14.124512,0.16303158,10,-1,-1
921.7689,570.56775,13.660217,31.008118,0.16294193,10,-1,-1
656.07043,780.5924,46.211426,44.452576,0.16260916,5,-1,-1
945.28864,580.1989,10.05603,20.981018,0.16231343,1,-1,-1
533.087,585.9766,10.623474,8.023499,0.15932402,4,-1,-1
1302.6638,796.2395,94.33057,73.8916,0.15806705,1,-1,-1
575.70355,660.9522,20.64032,18.37262,0.15800944,5,-1,-1
765.5396,724.47327,12.110657,23.654053,0.15672752,10,-1,-1
533.31744,574.3568,14.93988,14.357422,0.15482217,4,-1,-1
920.6698,570.6014,16.030273,31.519043,0.15468854,1,-1,-1
930.995,568.26794,7.7929688,16.294312,0.15334359,1,-1,-1
286.39883,880.76416,36.938293,96.199524,0.15257186,9,-1,-1
555.3415,596.51935,9.384888,7.6601562,0.1522407,4,-1,-1
682.77997,915.55554,68.94287,94.833496,0.14932221,5,-1,-1
551.16437,585.878,12.011169,9.617554,0.14669919,5,-1,-1
324.32257,893.91876,35.447174,82.944214,0.14581242,5,-1,-1
323.99927,892.931,37.260956,84.10834,0.14567599,6,-1,-1
693.9085,705.5643,40.23871,28.376648,0.14567485,5,-1,-1
545.9257,576.14545,12.548157,8.700439,0.14519939,4,-1,-1
535.596,581.985,11.180725,9.648804,0.14475292,5,-1,-1
647.1556,756.6032,36.836,34.82849,0.1435177,5,-1,-1
574.9073,622.28986,15.280762,10.706299,0.14333978,10,-1,-1
553.66394,622.2425,38.21942,22.107971,0.14325133,4,-1,-1
728.26874,861.61664,60.878906,65.51495,0.14299488,6,-1,-1
687.9171,820.6013,53.34955,50.0448,0.1425736,5,-1,-1
503.41614,768.90955,61.04669,31.023438,0.14248624,4,-1,-1
559.6147,601.8608,13.145081,11.149109,0.14240158,4,-1,-1
591.6317,615.87604,14.724243,10.957581,0.14204359,5,-1,-1
1384.5718,295.82355,14.820557,24.913483,0.14145938,1,-1,-1
609.6541,609.09485,15.510193,12.2769165,0.14134833,5,-1,-1
549.042,620.85095,14.542603,12.297852,0.14101458,4,-1,-1
538.71326,619.1502,23.77069,14.864319,0.14001447,4,-1,-1
550.80304,582.59406,12.525696,12.775818,0.13937536,6,-1,-1
597.07495,638.83636,7.6344604,10.07959,0.13769192,2,-1,-1
149.5722,859.5825,77.70007,45.580444,0.13489169,4,-1,-1
125.46404,864.4915,75.19303,48.279114,0.13449243,4,-1,-1
323.45584,887.7735,37.93164,89.24774,0.13409135,7,-1,-1
548.26465,591.3324,11.236084,9.168396,0.13375401,4,-1,-1
595.61334,637.2352,14.557678,13.777222,0.1330187,1,-1,-1
557.26337,616.98737,7.2008667,7.3705444,0.13256979,2,-1,-1
557.26337,616.98737,7.2008667,7.3705444,0.13209084,10,-1,-1
547.70917,595.03265,10.069641,8.720947,0.12985179,4,-1,-1
632.60376,734.55835,32.473633,29.276917,0.12896231,1,-1,-1
952.5641,615.96027,12.270569,24.191772,0.12893209,1,-1,-1
595.7594,638.0508,13.248169,11.938782,0.1284909,2,-1,-1
927.77405,568.47363,7.4990234,16.54596,0.12706283,1,-1,-1
579.80743,624.2971,9.773682,8.897461,0.12667382,4,-1,-1
570.9221,634.2836,11.099243,8.577148,0.12571532,4,-1,-1
555.0114,603.0921,13.785156,9.96167,0.12567714,5,-1,-1
545.72,647.4714,18.43805,12.537964,0.12523812,4,-1,-1
557.85046,625.0299,7.4399414,7.996399,0.124623865,10,-1,-1
222.65477,916.8173,14.443985,27.338684,0.1236721,1,-1,-1
563.5663,596.72095,10.335266,6.9728394,0.12226185,4,-1,-1
113.820946,878.0365,69.556114,37.61023,0.12074232,4,-1,-1
794.76843,715.8784,59.523865,34.35254,0.12006715,4,-1,-1
531.46405,562.30334,9.77655,10.519836,0.11926794,4,-1,-1
960.43805,618.52856,8.679016,19.593933,0.11819431,1,-1,-1
286.37692,882.2078,36.840576,94.68634,0.11807299,6,-1,-1
551.22314,580.81824,11.467834,11.271545,0.117803246,5,-1,-1
558.6157,620.392,6.369751,8.351013,0.117159605,10,-1,-1
596.3639,635.58374,7.8291626,8.963562,0.116842866,2,-1,-1
599.11304,639.15045,11.98938,10.568481,0.11664745,4,-1,-1
763.1632,795.494,62.250977,47.331116,0.11489496,5,-1,-1
551.0062,572.76685,12.048767,10.559998,0.11426121,4,-1,-1
660.7371,638.0127,6.8394165,12.124268,0.11342874,1,-1,-1
564.0754,586.2273,13.481995,11.979736,0.11223763,4,-1,-1
542.41205,573.06165,12.459656,12.680481,0.11158043,4,-1,-1
639.7915,672.8678,24.08142,22.001343,0.1111435,1,-1,-1
536.5602,573.38837,11.86145,7.850708,0.1107232,4,-1,-1
552.8322,605.2219,11.293274,8.121399,0.10959685,4,-1,-1
592.9441,611.3207,14.367615,13.396851,0.109445244,4,-1,-1
565.9025,594.1641,10.53595,8.717285,0.10899058,5,-1,-1
536.35126,574.73206,12.331299,11.384888,0.1089268,5,-1,-1
949.04614,578.17426,9.406067,17.248596,0.10887888,1,-1,-1
551.8887,601.1585,12.573608,9.4713745,0.108878314,4,-1,-1
941.67395,580.7667,9.902222,21.20166,0.10831985,1,-1,-1
947.12024,579.6302,7.262512,13.639587,0.10791844,1,-1,-1
546.3303,572.8508,10.752869,9.263977,0.10741931,4,-1,-1
597.1891,638.0065,7.805908,11.721863,0.107142836,1,-1,-1
922.99994,580.511,10.311218,26.26947,0.10699794,1,-1,-1
596.3698,636.77075,17.273804,14.834595,0.10695681,7,-1,-1
407.70654,898.76654,17.370117,35.006897,0.106868505,1,-1,-1
323.79138,888.8903,37.26941,86.545105,0.10647783,8,-1,-1
596.3698,636.77075,17.273804,14.834595,0.10570592,5,-1,-1
573.73474,627.8213,13.595642,12.91217,0.105597466,4,-1,-1
529.4077,589.573,12.530212,12.016907,0.10487655,4,-1,-1
596.0869,636.9626,17.456177,14.4453125,0.10471919,8,-1,-1
496.70642,743.5984,57.701904,55.16095,0.10430205,4,-1,-1
560.66534,602.2687,9.539307,7.215515,0.10403952,4,-1,-1
576.5501,621.03723,10.494385,9.382324,0.10394445,4,-1,-1
575.4864,660.6298,21.304993,18.830322,0.10381034,6,-1,-1
779.72833,677.24023,8.860535,21.17456,0.10333577,1,-1,-1
1385.4944,302.82397,13.897949,11.841339,0.10298571,1,-1,-1
491.63943,678.7262,87.74991,121.30231,0.10298222,9,-1,-1
1388.0438,296.37158,11.348511,15.389252,0.10291764,1,-1,-1
762.105,918.60114,76.04193,76.429504,0.10278174,5,-1,-1
951.91156,616.629,8.994629,17.3266,0.1023078,1,-1,-1
827.1671,1007.90454,90.04779,41.487793,0.10211715,5,-1,-1
551.109,589.3535,11.747131,11.180603,0.102105975,9,-1,-1
600.6443,643.72034,7.982483,8.955627,0.10140869,2,-1,-1
550.0102,623.9373,13.391541,10.829468,0.10117093,10,-1,-1
526.85754,598.9335,11.637939,9.985962,0.10070038,4,-1,-1
596.44006,632.5239,18.37677,14.895996,0.10067952,4,-1,-1
591.555,615.7387,14.9557495,11.136658,0.10046625,1,-1,-1
717.6476,913.1456,88.21503,85.52667,0.09967491,4,-1,-1
567.5442,592.4681,7.5044556,8.935852,0.09954098,4,-1,-1
526.7158,586.3838,11.789551,10.579163,0.099368125,4,-1,-1
533.2948,562.6629,13.249634,13.00061,0.09934321,4,-1,-1
327.48172,949.4241,15.019104,27.042114,0.09914008,10,-1,-1
594.7284,635.21466,13.361389,12.972351,0.09897891,4,-1,-1
571.7775,328.85773,6.8916626,8.399109,0.09874886,1,-1,-1
578.8016,623.36725,16.24121,11.065369,0.098481774,4,-1,-1
608.60815,606.4948,13.632996,12.3654175,0.098317355,4,-1,-1
592.10706,680.38837,23.448853,23.813904,0.09819853,5,-1,-1
610.85986,609.10486,14.866516,12.436829,0.09791303,9,-1,-1
721.44855,664.0281,8.007446,18.48108,0.09764129,1,-1,-1
540.9998,590.31476,11.017151,10.83313,0.09707135,4,-1,-1
563.4161,605.9551,11.695679,7.916626,0.09653506,4,-1,-1
515.7317,550.16614,16.918884,13.255737,0.09649846,4,-1,-1
560.292,575.364,10.635193,9.191101,0.096380085,4,-1,-1
532.45,580.31903,12.491577,12.7265625,0.09634021,4,-1,-1
1302.6638,796.2395,94.33057,73.8916,0.095921814,2,-1,-1
786.2514,723.8283,11.710205,20.942505,0.09591505,1,-1,-1
563.9865,591.816,13.092529,11.369934,0.09582782,6,-1,-1
555.72644,572.6293,10.925354,9.356323,0.095510155,4,-1,-1
922.6215,581.07947,7.121155,16.637146,0.09542182,1,-1,-1
554.71844,574.6835,11.552063,12.120728,0.094406515,4,-1,-1
533.3627,582.90204,10.770447,6.918274,0.094225675,4,-1,-1
933.3773,795.5208,30.318848,24.761108,0.0940713,3,-1,-1
647.08044,757.35504,36.384644,33.867615,0.09264159,1,-1,-1
610.5599,609.2455,15.121338,12.181763,0.09235725,6,-1,-1
955.0997,616.3486,8.521057,16.938354,0.09229213,1,-1,-1
567.64496,591.5026,13.433472,11.175171,0.09215081,4,-1,-1
525.41504,617.9723,32.46765,16.332092,0.09142956,4,-1,-1
550.1147,580.6718,15.014465,16.649963,0.091305286,4,-1,-1
933.44806,793.31024,28.095703,22.348694,0.091273755,10,-1,-1
605.5347,701.2525,28.841064,24.41565,0.09103277,5,-1,-1
618.317,712.1086,29.411865,30.492737,0.09076518,6,-1,-1
536.5876,622.6928,41.548523,20.463196,0.09074816,4,-1,-1
860.05255,740.2191,15.557434,33.547424,0.09070325,1,-1,-1
565.6732,575.51227,10.393494,9.768311,0.09039956,4,-1,-1
523.2123,590.2154,17.213501,15.176331,0.089619726,4,-1,-1
537.3319,652.9924,26.639893,20.10498,0.08960667,4,-1,-1
598.50275,640.46497,13.182678,12.661255,0.08945316,2,-1,-1
561.2028,572.7696,9.141846,8.93335,0.08935207,4,-1,-1
610.9877,608.7859,23.457825,15.057922,0.08895224,4,-1,-1
563.1515,591.6389,10.343872,8.348572,0.08882365,4,-1,-1
575.701,661.87854,20.04364,17.094604,0.0888069,1,-1,-1
925.2852,578.3757,9.253174,20.523254,0.08822656,1,-1,-1
553.8908,588.5981,11.783936,11.94873,0.08784592,4,-1,-1
557.6188,627.27026,25.920898,17.215271,0.08784342,5,-1,-1
596.06476,661.0366,10.7960205,13.182251,0.087819785,10,-1,-1
942.8557,578.14557,12.394104,25.175781,0.08774057,10,-1,-1
658.053,783.79626,43.298035,42.06665,0.087578624,1,-1,-1
933.9067,792.0512,24.455261,21.723389,0.08699608,2,-1,-1
156.84874,843.43744,85.37196,54.535645,0.08684763,4,-1,-1
582.8013,599.53217,5.7685547,9.396484,0.08679551,1,-1,-1
576.39996,634.3181,8.289368,8.094299,0.08676541,10,-1,-1
697.89935,660.64984,9.948486,16.698792,0.08667302,1,-1,-1
589.8481,619.18085,16.60437,12.1345215,0.08622953,4,-1,-1
523.36804,681.275,33.512817,24.528687,0.085914314,4,-1,-1
578.92633,624.3954,11.017822,8.571777,0.085899085,2,-1,-1
596.027,611.5734,18.884583,12.716736,0.085887164,4,-1,-1
559.95776,631.96826,15.520752,14.2908325,0.08583784,4,-1,-1
670.5198,727.99084,38.31366,30.067749,0.08577564,1,-1,-1
605.1057,639.7954,8.750977,8.758545,0.085593194,2,-1,-1
551.4523,590.562,11.449158,9.355408,0.085507244,5,-1,-1
923.6338,733.18365,32.349426,27.043274,0.08550444,4,-1,-1
766.70905,728.527,11.162415,23.31189,0.08507326,2,-1,-1
929.194,714.589,27.862854,27.139526,0.08443892,4,-1,-1
541.33136,586.80273,9.292664,7.1884155,0.08443242,4,-1,-1
767.2898,720.73004,8.859131,14.403503,0.084403485,2,-1,-1
591.28937,614.9344,15.951416,12.0355835,0.08430478,6,-1,-1
550.1483,628.72253,25.79187,15.151733,0.084175944,4,-1,-1
728.60693,663.07904,7.7576294,21.036743,0.08409342,1,-1,-1
528.2393,567.1753,10.371338,7.2349243,0.08401507,4,-1,-1
570.12054,620.7942,19.763916,18.288513,0.083645076,4,-1,-1
544.0934,590.4536,13.008057,12.469238,0.083607614,4,-1,-1
595.2647,641.64984,13.2595215,11.505493,0.083506435,4,-1,-1
535.6927,580.9878,11.413025,11.406616,0.08332762,9,-1,-1
945.57635,574.426,10.141113,17.065918,0.083305985,1,-1,-1
595.2647,641.64984,13.2595215,11.505493,0.08315456,10,-1,-1
555.0114,603.0921,13.785156,9.96167,0.082968235,9,-1,-1
565.8457,594.60406,10.613403,8.401123,0.08274609,10,-1,-1
527.48755,561.7341,11.926575,12.909119,0.08267519,4,-1,-1
565.782,594.82764,10.747131,8.311768,0.08253348,1,-1,-1
605.7798,609.0283,13.731934,11.4348755,0.08244589,4,-1,-1
515.9741,640.6138,47.269836,24.180908,0.08234984,4,-1,-1
765.72534,731.3635,10.485962,21.77832,0.08231583,1,-1,-1
657.4679,783.8126,44.085205,41.588806,0.081168056,6,-1,-1
576.39996,634.3181,8.289368,8.094299,0.08111495,2,-1,-1
563.9865,591.816,13.092529,11.369934,0.08075309,9,-1,-1
323.99927,892.931,37.260956,84.10834,0.0807032,9,-1,-1
550.9307,624.9233,11.200623,9.150696,0.08068183,4,-1,-1
575.701,661.87854,20.04364,17.094604,0.08065447,8,-1,-1
566.34894,632.49396,17.283752,11.147766,0.08059293,10,-1,-1
551.109,589.3535,11.747131,11.180603,0.08044264,6,-1,-1
987.24,677.6007,57.853516,35.839844,0.08038175,4,-1,-1
323.76868,891.8414,37.20685,85.053345,0.080305606,10,-1,-1
607.56696,603.1027,20.551575,19.219055,0.080118924,4,-1,-1
961.8533,618.5485,6.053589,13.861206,0.080055594,1,-1,-1
640.6034,672.92596,23.293884,21.69342,0.08001253,6,-1,-1
763.2524,797.0497,62.58905,46.172363,0.07994202,1,-1,-1
930.53894,571.4694,9.349365,21.909546,0.07980031,1,-1,-1
546.6028,581.53723,12.7453,12.563721,0.0796096,4,-1,-1
554.4776,582.1686,9.992737,6.6063843,0.07916826,4,-1,-1
931.81757,793.5571,31.252197,26.3443,0.07898444,1,-1,-1
565.8996,599.38727,9.826355,9.829346,0.07877162,4,-1,-1
558.6157,620.392,6.369751,8.351013,0.07872206,2,-1,-1
597.0466,643.8265,8.284424,8.859924,0.07864159,2,-1,-1
942.65137,587.0187,6.7005005,15.429871,0.07838738,1,-1,-1
555.9304,604.1366,12.347717,9.253296,0.07821345,10,-1,-1
591.5209,615.93646,14.906799,11.200867,0.078192145,9,-1,-1
536.35126,574.73206,12.331299,11.384888,0.0781039,9,-1,-1
610.00696,608.9453,15.019226,12.728027,0.07807064,1,-1,-1
591.83167,623.92206,15.325989,11.139526,0.07803774,4,-1,-1
572.6649,658.9605,17.420166,17.955078,0.07795948,4,-1,-1
575.17804,634.3006,9.682312,8.289246,0.07776439,4,-1,-1
596.6954,638.4147,9.492859,11.012878,0.07744551,10,-1,-1
566.71155,634.18616,10.5286255,10.391174,0.07693425,4,-1,-1
640.75507,674.9796,8.002319,15.17627,0.076544195,1,-1,-1
632.36035,735.0404,33.91394,29.00476,0.07634953,5,-1,-1
531.4517,571.09796,12.296204,9.653442,0.076212764,4,-1,-1
599.84375,660.9007,8.371643,13.091492,0.076039106,1,-1,-1
763.1632,795.494,62.250977,47.331116,0.075951666,6,-1,-1
515.1581,621.1027,40.102234,22.225098,0.07586831,4,-1,-1
555.42633,603.26685,12.881775,10.049133,0.075814456,6,-1,-1
609.37103,699.6001,34.632874,33.6792,0.075633764,4,-1,-1
327.19952,884.3949,33.142944,59.64984,0.07551551,4,-1,-1
940.6715,574.86774,15.928772,31.155518,0.07541141,1,-1,-1
663.7152,637.8454,6.5967407,12.986755,0.07534039,1,-1,-1
551.3467,576.4786,11.543518,11.515198,0.07491776,9,-1,-1
574.32043,621.7603,15.909241,10.982544,0.074897945,5,-1,-1
1385.7637,296.51862,13.628662,22.064209,0.07485375,2,-1,-1
668.8713,728.1601,39.848755,29.458923,0.074615866,5,-1,-1
506.24426,772.5317,57.42694,26.874634,0.07450861,10,-1,-1
557.57336,627.33844,25.932861,17.189453,0.074448645,9,-1,-1
687.9171,820.6013,53.34955,50.0448,0.074403524,1,-1,-1
562.8182,623.5597,18.520935,12.041809,0.07422125,4,-1,-1
596.3151,635.3044,8.087097,10.009705,0.07377246,1,-1,-1
596.54694,643.0828,9.679138,9.940735,0.07366291,1,-1,-1
596.3698,636.77075,17.273804,14.834595,0.07336196,6,-1,-1
922.9253,573.2934,10.922424,26.579407,0.07333791,2,-1,-1
500.62048,750.06854,32.744812,44.883118,0.073102325,4,-1,-1
922.1507,571.2535,12.953735,29.569519,0.07280481,3,-1,-1
494.1621,696.3257,79.75781,102.94733,0.072725594,6,-1,-1
569.2028,605.3875,11.205566,9.07019,0.072616905,4,-1,-1
564.1731,629.0697,14.29248,13.27887,0.07256457,4,-1,-1
564.26733,579.7767,12.798157,11.881653,0.07188329,4,-1,-1
600.5019,639.9913,9.146545,8.988525,0.071704805,2,-1,-1
327.6709,948.9848,14.673584,27.211792,0.07135135,1,-1,-1
570.9221,634.2836,11.099243,8.577148,0.07129371,10,-1,-1
694.0992,705.4729,39.83795,28.658264,0.07107279,1,-1,-1
522.6281,598.71954,18.204956,15.082825,0.07106575,4,-1,-1
923.3252,574.3909,6.5510254,17.13501,0.070828766,1,-1,-1
679.74384,642.24866,6.656372,15.157654,0.070771396,1,-1,-1
575.4864,660.6298,21.304993,18.830322,0.07075146,9,-1,-1
572.6338,659.51184,7.598999,8.793152,0.070724666,2,-1,-1
553.18915,616.59973,10.070862,7.4973755,0.07040158,10,-1,-1
949.6592,616.5531,17.64502,35.232117,0.07035178,1,-1,-1
575.701,661.87854,20.04364,17.094604,0.07025245,10,-1,-1
1197.7113,701.3924,42.141235,26.69873,0.07019615,4,-1,-1
551.7246,595.3969,9.708191,8.138916,0.06990665,10,-1,-1
557.1175,625.272,8.418823,7.5567017,0.069723725,2,-1,-1
166.84628,862.34503,97.90784,44.464355,0.06960684,4,-1,-1
946.5217,586.0783,6.8217163,16.06189,0.06933707,1,-1,-1
546.9033,655.66626,18.177185,14.920471,0.0683642,4,-1,-1
559.4709,605.136,10.626404,8.158997,0.06812376,5,-1,-1
530.1415,595.36664,10.717041,11.085632,0.06808135,4,-1,-1
546.15155,639.0587,22.783691,17.460388,0.068023235,4,-1,-1
576.39996,634.3181,8.289368,8.094299,0.06796512,1,-1,-1
582.80975,596.4427,6.1671753,9.250549,0.06789154,1,-1,-1
534.0403,641.39294,31.241028,18.212524,0.06776953,4,-1,-1
242.17462,886.7296,13.395813,28.92389,0.06773925,1,-1,-1
572.3291,661.2131,7.6331787,13.028381,0.06772345,1,-1,-1
556.13983,619.2836,9.832153,11.0271,0.067703456,10,-1,-1
553.578,578.5008,12.43689,12.637024,0.06765571,4,-1,-1
526.70856,590.982,11.03656,11.670288,0.0674766,5,-1,-1
951.1865,607.3163,15.499084,27.599365,0.067468226,1,-1,-1
600.2589,638.51624,14.465637,11.614441,0.06745425,2,-1,-1
766.89923,729.19366,8.265137,15.405273,0.06740281,2,-1,-1
617.67145,712.04785,30.021362,30.247864,0.06738618,9,-1,-1
591.4873,614.9043,15.593994,11.797546,0.06738439,10,-1,-1
601.78357,638.1013,12.538208,12.417725,0.0672715,10,-1,-1
932.37317,566.3196,5.9258423,13.155029,0.067058,1,-1,-1
932.16565,567.8183,10.100708,21.297546,0.06692585,1,-1,-1
518.67004,683.91547,41.94098,44.74182,0.06687266,4,-1,-1
641.3419,673.4139,7.0736694,10.704529,0.06657866,1,-1,-1
531.5692,571.52527,17.806274,19.078491,0.0663687,9,-1,-1
575.5669,660.83954,20.963379,18.149902,0.06634855,7,-1,-1
574.7455,622.3144,15.596924,12.073425,0.06621009,1,-1,-1
545.5017,647.41907,18.497192,12.867737,0.06619176,10,-1,-1
942.21954,577.80676,14.020203,25.670654,0.066096336,3,-1,-1
572.731,659.52405,6.9906616,8.725342,0.06604794,1,-1,-1
917.7022,579.2693,9.731628,21.963379,0.06600875,1,-1,-1
949.6281,582.68176,9.556824,20.552368,0.06592712,1,-1,-1
555.4951,604.32623,13.34906,8.883057,0.06550631,2,-1,-1
554.814,624.4635,10.85968,9.213013,0.06546226,4,-1,-1
503.41614,768.90955,61.04669,31.023438,0.065423846,5,-1,-1
697.3322,664.79706,11.615906,13.794128,0.065316886,3,-1,-1
499.1456,714.6295,62.371674,82.82764,0.065119565,9,-1,-1
508.73206,299.7867,10.177063,6.929413,0.065004736,1,-1,-1
1014.48376,687.2985,27.266968,31.302917,0.06499913,1,-1,-1
571.0972,622.0045,37.235046,20.343872,0.0649842,4,-1,-1
945.6381,578.65045,10.168152,18.548035,0.06495646,2,-1,-1
527.7438,570.0519,11.964539,10.2127075,0.06491539,4,-1,-1
560.471,627.9838,13.591553,13.452209,0.06464234,4,-1,-1
595.957,635.3645,9.062744,9.78479,0.064543635,10,-1,-1
537.17114,588.9515,10.031677,11.257019,0.06446338,4,-1,-1
163.92062,864.3546,45.613297,37.496704,0.06432733,4,-1,-1
926.8626,564.84406,10.144165,16.3443,0.06426352,1,-1,-1
538.11804,579.5436,12.703125,11.702209,0.06407699,4,-1,-1
525.8393,594.7467,12.451294,11.242493,0.0639393,5,-1,-1
640.6034,672.92596,23.293884,21.69342,0.0639292,7,-1,-1
594.9383,634.8628,12.573303,11.873962,0.06388757,2,-1,-1
951.1455,580.1537,6.8235474,11.700073,0.063813746,1,-1,-1
865.1515,732.03375,90.98596,60.549744,0.06362951,6,-1,-1
630.55084,619.4227,16.876648,13.180298,0.06360382,4,-1,-1
577.10315,624.57074,9.494324,8.991028,0.06348288,10,-1,-1
944.46875,797.6153,20.452393,24.921997,0.06320611,1,-1,-1
551.3467,576.4786,11.543518,11.515198,0.06314099,5,-1,-1
565.35486,587.38654,10.535278,6.793457,0.06299314,4,-1,-1
844.6824,735.25635,15.1727295,31.133423,0.062912226,1,-1,-1
936.4126,797.55383,23.519226,24.922913,0.062829584,2,-1,-1
928.3967,566.17725,5.9508667,12.607544,0.06252432,1,-1,-1
579.08154,622.06525,12.053284,7.848694,0.062511146,4,-1,-1
564.7059,658.99976,34.638123,23.366028,0.0624305,4,-1,-1
550.77814,600.13165,20.30774,15.528687,0.06239769,4,-1,-1
541.21655,593.3813,12.422302,12.187195,0.06221071,4,-1,-1
618.15546,712.0735,29.357117,30.058472,0.062157243,1,-1,-1
409.91287,903.87775,11.278015,25.14746,0.062155545,10,-1,-1
682.77997,915.55554,68.94287,94.833496,0.06201133,6,-1,-1
766.2329,727.2745,12.017273,24.762268,0.06200555,3,-1,-1
983.49774,769.9625,10.403442,21.730896,0.06200543,1,-1,-1
495.95688,708.5002,72.68002,90.01758,0.0619182,4,-1,-1
600.19946,661.6466,8.019409,11.558289,0.061778218,10,-1,-1
530.05273,598.8196,12.284607,11.410706,0.06175354,4,-1,-1
586.6304,657.35114,22.332886,19.139648,0.061613202,4,-1,-1
990.10974,679.96075,34.946533,28.275818,0.061209977,10,-1,-1
927.7766,566.4323,16.187561,28.018799,0.06102997,1,-1,-1
547.9767,586.5264,9.838989,7.302063,0.060887486,4,-1,-1
565.8257,594.6238,10.732666,8.614258,0.06085232,2,-1,-1
539.2757,584.6092,12.514648,11.247803,0.060780942,4,-1,-1
557.6188,627.27026,25.920898,17.215271,0.060032874,6,-1,-1
525.9567,593.18005,12.208435,12.820374,0.05983299,9,-1,-1
827.5239,1008.82556,81.347046,40.566772,0.059811264,10,-1,-1
684.06335,645.5327,6.7367554,14.397095,0.059758276,2,-1,-1
826.9222,1009.24646,83.39966,40.145874,0.05957812,1,-1,-1
925.6524,588.3031,9.47583,22.427856,0.059567243,1,-1,-1
958.6286,616.3179,14.158691,26.021484,0.059558064,1,-1,-1
549.1063,579.0765,16.845032,19.25647,0.05937904,9,-1,-1
688.09064,645.8303,7.0891724,15.561829,0.059361964,1,-1,-1
596.96136,556.84393,18.468018,11.534485,0.05913478,4,-1,-1
542.4309,575.2248,7.527588,9.656921,0.059041172,4,-1,-1
766.40814,719.9054,10.720886,19.045898,0.05900836,1,-1,-1
591.86957,680.1087,23.807922,24.260193,0.0589602,1,-1,-1
750.51605,692.93353,8.216919,20.39093,0.058658034,1,-1,-1
413.18182,905.16595,10.78656,22.523743,0.05858946,1,-1,-1
305.7066,876.8615,64.07956,99.547,0.058436096,4,-1,-1
716.60657,998.9759,19.348877,35.602356,0.05839005,1,-1,-1
557.26337,616.98737,7.2008667,7.3705444,0.058332384,1,-1,-1
585.2982,662.7285,9.62677,12.885132,0.058258265,1,-1,-1
561.53564,625.2033,7.3010254,7.857483,0.058202654,10,-1,-1
719.1684,669.16547,8.276611,17.163696,0.058177024,1,-1,-1
679.79126,636.18964,9.491272,22.198364,0.05814588,1,-1,-1
618.61084,712.1607,29.079407,30.330078,0.058002204,7,-1,-1
940.99756,587.91364,10.044189,19.723267,0.057962358,1,-1,-1
555.45856,591.16864,9.001099,7.783081,0.05789244,10,-1,-1
762.3799,726.2849,19.177856,28.563599,0.057887882,1,-1,-1
767.4312,722.53143,12.05365,18.036377,0.057817847,10,-1,-1
535.2472,679.8799,30.346863,24.72644,0.057266146,4,-1,-1
539.10535,565.8062,13.8064575,13.291016,0.057105124,4,-1,-1
560.31177,605.4638,9.639404,7.6672363,0.05696556,10,-1,-1
698.46466,655.6763,7.731079,17.359314,0.056961805,1,-1,-1
326.38135,916.4811,29.558197,52.09613,0.05665785,4,-1,-1
844.18854,733.7165,10.383606,23.276794,0.056648165,1,-1,-1
1305.0378,797.7637,91.47803,67.83063,0.056639194,3,-1,-1
582.46625,599.8298,6.327942,9.112976,0.056503385,10,-1,-1
591.5585,629.2283,16.219482,10.161438,0.056450725,4,-1,-1
545.7386,622.35077,15.074341,13.700073,0.056432456,4,-1,-1
571.4368,660.45355,13.069031,15.43811,0.056420565,1,-1,-1
697.83246,661.7302,10.144043,15.2439575,0.05641398,2,-1,-1
889.2091,728.25275,70.546814,43.98822,0.056323647,4,-1,-1
570.7937,624.3298,15.242676,8.727356,0.0563035,4,-1,-1
547.99524,595.4193,9.332397,8.128113,0.056207627,10,-1,-1
533.2115,577.2448,11.49115,7.0235596,0.05608657,4,-1,-1
925.5522,571.3587,21.372864,30.583252,0.056030095,10,-1,-1
327.48172,949.4241,15.019104,27.042114,0.055979013,4,-1,-1
699.02484,665.34064,7.463745,13.862122,0.055829108,1,-1,-1
539.9487,575.5523,10.96698,8.729065,0.055717975,5,-1,-1
558.3719,601.92334,12.359863,8.983215,0.055419773,5,-1,-1
591.4393,661.20844,7.2977905,14.1119995,0.05540344,1,-1,-1
554.3474,587.5541,10.33374,6.6466675,0.055377364,4,-1,-1
571.9955,621.26843,10.926025,8.388306,0.055341333,4,-1,-1
598.8653,643.0364,12.466064,8.979004,0.0552229,10,-1,-1
548.8522,648.7694,14.055481,18.470337,0.05508551,4,-1,-1
1391.1656,293.6623,8.226685,14.521606,0.055045336,1,-1,-1
1384.9629,296.65002,14.429443,22.652374,0.05495739,10,-1,-1
597.32355,661.3442,8.0338745,11.810059,0.054864466,1,-1,-1
576.5501,621.03723,10.494385,9.382324,0.054794192,10,-1,-1
286.37692,882.2078,36.840576,94.68634,0.054772258,1,-1,-1
575.7999,621.1928,12.222595,9.674316,0.05472544,2,-1,-1
534.57825,646.52936,30.14801,19.353271,0.054722577,5,-1,-1
530.68414,591.8803,10.184204,6.6348267,0.05457604,4,-1,-1
925.1942,570.71875,10.63678,23.010864,0.05450496,2,-1,-1
565.5528,572.40405,9.655762,9.945496,0.05443719,4,-1,-1
555.70514,604.4893,12.73468,8.577515,0.054413795,1,-1,-1
549.8696,572.9788,15.556335,16.921265,0.054407984,4,-1,-1
600.19946,661.6466,8.019409,11.558289,0.054406255,2,-1,-1
647.8282,758.8552,35.664734,33.38446,0.054344893,6,-1,-1
576.5073,630.263,8.802551,9.734497,0.054318845,4,-1,-1
548.96747,727.93695,37.86566,49.42871,0.05430287,4,-1,-1
591.73364,678.0948,25.166016,25.491943,0.054168433,6,-1,-1
555.45856,591.16864,9.001099,7.783081,0.054167688,1,-1,-1
640.7441,673.1894,23.028076,21.40564,0.05416125,9,-1,-1
679.4384,645.73016,9.616577,14.932434,0.054033577,1,-1,-1
768.6733,723.5975,10.222168,14.842346,0.05399573,2,-1,-1
561.81995,634.67126,10.081177,10.738037,0.053967893,4,-1,-1
606.8694,638.91693,6.0997925,10.270996,0.05392462,1,-1,-1
721.2895,670.4145,9.198608,21.109009,0.053916097,1,-1,-1
935.7838,570.3162,9.037903,18.786743,0.053884298,1,-1,-1
599.2988,641.8824,11.063293,11.216553,0.05383718,1,-1,-1
576.8837,630.71985,7.88385,8.83136,0.05382186,10,-1,-1
701.2049,664.68665,9.904175,14.535278,0.05363947,1,-1,-1
545.62024,1037.9336,10.3186035,11.45874,0.05360505,1,-1,-1
527.5326,594.87726,10.118469,10.507629,0.05353397,10,-1,-1
190.86418,1011.53894,27.702454,25.641113,0.053464025,1,-1,-1
766.6817,729.6254,8.3585205,14.51886,0.05344966,10,-1,-1
514.5444,651.85156,48.92389,31.072754,0.053382546,4,-1,-1
550.3275,594.6477,12.194885,9.294556,0.053372562,5,-1,-1
546.27386,598.4277,13.308899,12.039185,0.053352207,4,-1,-1
727.63855,670.59894,9.166077,22.22644,0.053299963,1,-1,-1
551.4297,619.38367,12.390198,12.413635,0.053292066,10,-1,-1
604.1851,638.8734,9.673706,10.7421875,0.053058684,4,-1,-1
609.7316,608.8875,15.469055,12.610962,0.053034246,10,-1,-1
930.5396,567.9221,8.419739,17.520752,0.05297649,2,-1,-1
540.5818,582.17645,9.596191,7.303711,0.052934468,4,-1,-1
996.09357,682.134,32.94171,27.192749,0.05290115,1,-1,-1
551.7246,595.3969,9.708191,8.138916,0.052886784,2,-1,-1
951.779,615.4755,14.889282,27.153503,0.052882552,10,-1,-1
