838.21545,383.84134,23.975403,28.368988,0.980042,1,-1,-1
1290.7672,130.88638,26.396729,28.84111,0.97067404,1,-1,-1
1106.3766,132.56693,21.523071,34.06511,0.9348378,1,-1,-1
188.8105,359.44843,22.52324,28.855621,0.8592423,1,-1,-1
466.67825,582.26605,23.345856,28.800842,0.7007153,1,-1,-1
938.215,52.305138,18.656555,30.926094,0.6919692,1,-1,-1
461.30988,146.12515,22.218353,31.87053,0.64099795,1,-1,-1
200.1768,326.34564,25.55931,29.649078,0.5410857,1,-1,-1
436.58896,142.25494,19.463318,32.205368,0.50567746,1,-1,-1
442.00925,118.375595,19.626556,29.36325,0.487151,1,-1,-1
1346.8643,572.1746,33.377197,18.979004,0.4777181,2,-1,-1
1175.2883,81.18727,21.556152,29.70095,0.46534598,1,-1,-1
1101.6643,647.7809,19.397339,30.712402,0.4602504,1,-1,-1
1346.8643,572.1746,33.377197,18.979004,0.34160054,1,-1,-1
208.19705,321.84244,24.071579,28.901184,0.30759025,1,-1,-1
439.1172,130.7041,19.53946,29.562439,0.30061173,1,-1,-1
1.7710491,713.68646,56.769344,51.055786,0.29747558,8,-1,-1
221.98616,279.05222,21.158981,30.78592,0.2821345,1,-1,-1
332.40964,217.63649,21.250519,30.813843,0.26619,2,-1,-1
208.32146,290.37823,20.832092,30.464722,0.2503211,1,-1,-1
1296.789,584.0956,27.91565,20.973816,0.23878846,1,-1,-1
305.2737,217.11848,26.401611,32.891144,0.23783264,1,-1,-1
308.8079,214.93503,27.893677,35.02571,0.2254807,2,-1,-1
212.01093,314.48672,22.702454,27.674011,0.21552268,1,-1,-1
1303.2095,597.7517,44.79187,20.934875,0.20772329,10,-1,-1
1352.0123,587.1783,31.062378,22.964417,0.20721763,2,-1,-1
329.9377,216.84184,23.847046,31.138428,0.2046786,1,-1,-1
1295.934,584.44617,28.85205,19.136597,0.19410095,2,-1,-1
492.5156,16.862167,55.896454,48.714676,0.19387189,9,-1,-1
1303.5262,597.85114,44.755737,21.052917,0.19242215,3,-1,-1
487.20993,98.36967,21.129608,31.50962,0.18826014,1,-1,-1
792.79474,258.62976,19.635864,31.722748,0.17772579,1,-1,-1
1042.8771,701.6783,19.76416,29.307312,0.1702536,1,-1,-1
239.97357,269.6264,17.214813,29.72116,0.1683976,1,-1,-1
1303.1893,597.65094,44.65808,21.60675,0.15954405,1,-1,-1
1352.0123,587.1783,31.062378,22.964417,0.15130332,1,-1,-1
217.70464,290.19254,22.33879,29.869476,0.14770925,1,-1,-1
1035.2373,728.8613,17.562744,31.62262,0.14769936,1,-1,-1
1101.7006,647.6943,19.127075,30.656372,0.12950224,2,-1,-1
19.980722,315.41962,28.247862,28.035889,0.1283037,2,-1,-1
211.01999,297.83786,23.961655,28.242767,0.12807873,1,-1,-1
204.30513,312.23422,22.22728,29.075653,0.12794125,1,-1,-1
1303.1893,597.65094,44.65808,21.60675,0.119571745,2,-1,-1
194.40639,335.90918,24.229507,32.58368,0.11908725,1,-1,-1
220.04979,300.6884,20.824509,29.118256,0.116414696,1,-1,-1
486.8881,99.00976,20.460175,30.814476,0.11526954,2,-1,-1
562.83325,46.466217,24.176147,25.591545,0.11453238,1,-1,-1
19.980722,315.41962,28.247862,28.035889,0.11328539,1,-1,-1
19.707968,315.41727,29.588621,27.970123,0.113033414,10,-1,-1
209.89557,180.81467,26.57254,26.28389,0.11036372,10,-1,-1
1297.2594,590.603,38.120483,20.70221,0.10993901,1,-1,-1
1354.0276,132.2321,19.483643,30.29483,0.1032778,1,-1,-1
312.63672,212.81897,29.613373,36.402206,0.10216102,1,-1,-1
506.53693,81.752396,17.971436,30.333519,0.1021156,1,-1,-1
208.59225,165.52406,27.019745,25.233475,0.099270105,10,-1,-1
205.92691,162.77919,27.447357,24.083893,0.09910816,4,-1,-1
53.393867,638.81177,29.980423,28.213257,0.09845832,1,-1,-1
216.74414,317.93982,21.613419,32.010193,0.09737992,1,-1,-1
1346.8643,572.1746,33.377197,18.979004,0.096726894,10,-1,-1
27.569813,313.04742,31.55019,26.143158,0.09492034,2,-1,-1
205.92691,162.77919,27.447357,24.083893,0.09055868,5,-1,-1
488.06964,96.716324,22.135223,31.733032,0.088486224,10,-1,-1
1352.4813,589.29095,28.712402,23.355835,0.08848503,3,-1,-1
1297.2594,590.603,38.120483,20.70221,0.08520588,2,-1,-1
1044.5022,698.1602,19.750244,30.892029,0.08354211,10,-1,-1
25.761604,312.52762,32.70427,26.21048,0.08248952,10,-1,-1
0.20066975,461.31427,22.042551,25.959442,0.0816423,6,-1,-1
204.07707,177.59087,27.629105,23.991333,0.07628694,10,-1,-1
23.25936,315.65952,30.338957,26.636261,0.07611799,3,-1,-1
312.681,212.08969,31.307251,28.794968,0.07535249,2,-1,-1
226.92978,284.72162,19.324142,34.4115,0.075072646,1,-1,-1
488.06964,96.716324,22.135223,31.733032,0.07424775,7,-1,-1
25.761604,312.52762,32.70427,26.21048,0.07318312,1,-1,-1
1345.7396,580.08136,29.023193,25.397034,0.07299307,2,-1,-1
324.91257,211.52148,28.72461,27.335983,0.07197207,2,-1,-1
443.66284,113.17118,24.855072,25.867058,0.07088998,1,-1,-1
1051.982,680.7215,19.661133,34.225403,0.070041955,1,-1,-1
1.2861667,720.74396,30.79419,43.514526,0.070029795,1,-1,-1
1335.7156,151.0353,22.071655,26.511215,0.06951305,1,-1,-1
212.53854,281.6182,22.207443,31.910217,0.06800473,1,-1,-1
21.695316,719.72485,34.875534,44.47296,0.066443056,1,-1,-1
1048.3258,690.61957,19.183228,34.68457,0.06519529,1,-1,-1
487.1917,98.396805,20.62973,31.833084,0.06492826,3,-1,-1
221.15211,280.0169,21.538818,30.705383,0.064777255,2,-1,-1
1101.7006,647.6943,19.127075,30.656372,0.06315088,10,-1,-1
239.97357,269.6264,17.214813,29.72116,0.06265965,2,-1,-1
562.83325,46.466217,24.176147,25.591545,0.06244272,2,-1,-1
961.1349,133.6236,17.18219,31.846146,0.062134743,1,-1,-1
491.9873,19.349977,40.856323,33.57271,0.061347872,9,-1,-1
119.67356,241.28181,27.056221,24.42778,0.06132108,4,-1,-1
1037.1492,706.48004,20.32312,31.957458,0.060998708,1,-1,-1
215.02916,174.23317,26.592072,26.135132,0.06086588,10,-1,-1
456.2825,114.917496,21.382019,30.738205,0.06062123,1,-1,-1
510.9358,78.97035,19.924194,29.480057,0.06054926,1,-1,-1
205.92691,162.77919,27.447357,24.083893,0.05940765,7,-1,-1
41.712402,311.9744,28.1277,22.732605,0.059227467,10,-1,-1
503.04648,83.82224,20.243256,28.419662,0.0586724,10,-1,-1
1051.982,680.7215,19.661133,34.225403,0.057817042,10,-1,-1
506.53693,81.752396,17.971436,30.333519,0.057798445,2,-1,-1
126.59624,234.74854,24.419846,26.182983,0.057055056,5,-1,-1
1352.0123,587.1783,31.062378,22.964417,0.05705473,10,-1,-1
35.509464,315.87384,29.28912,24.883392,0.05670482,10,-1,-1
1352.9209,599.45764,23.118652,28.6745,0.056391537,1,-1,-1
126.59624,234.74854,24.419846,26.182983,0.05618924,4,-1,-1
211.42305,179.10486,27.24356,24.001907,0.055273324,4,-1,-1
231.02277,269.9637,22.442795,25.703888,0.054802537,1,-1,-1
31.938128,312.64926,30.872355,24.414398,0.05399522,3,-1,-1
1044.0988,700.68115,19.186646,30.334045,0.05390075,2,-1,-1
1347.1466,572.21326,33.710327,19.569702,0.053391904,3,-1,-1
200.1768,326.34564,25.55931,29.649078,0.05337742,2,-1,-1
500.1465,88.21491,21.570953,28.042198,0.05246973,1,-1,-1
1356.5732,572.98596,34.98181,21.334534,0.052268952,2,-1,-1
506.53693,81.752396,17.971436,30.333519,0.05133456,3,-1,-1
1303.5262,597.85114,44.755737,21.052917,0.05127248,7,-1,-1
1298.2476,577.2259,29.518677,20.914001,0.050915867,1,-1,-1
