491.14957,991.6359,103.51883,57.051575,0.99992406,4,-1,-1
426.26645,559.0271,80.96472,60.398804,0.99986494,4,-1,-1
593.6484,396.78372,65.153015,37.68805,0.9998436,4,-1,-1
395.66037,471.70496,186.34341,126.53467,0.99979067,9,-1,-1
329.15204,967.6988,33.563538,59.875183,0.9990305,1,-1,-1
1089.4379,387.81317,70.57678,31.265564,0.9983287,4,-1,-1
712.61316,433.77875,66.47101,31.921051,0.9980568,4,-1,-1
235.96898,396.03406,53.15538,32.049683,0.99755913,4,-1,-1
163.17159,635.62305,75.72504,63.006165,0.99744177,4,-1,-1
211.80156,976.0803,32.974075,53.012695,0.99523395,1,-1,-1
59.32088,947.6383,157.31746,101.049194,0.99315655,5,-1,-1
994.3149,447.5041,80.21185,38.08084,0.9895114,4,-1,-1
387.6413,584.54126,87.76019,69.8244,0.98771036,4,-1,-1
1.6912017,767.4514,137.52428,100.78601,0.9876288,5,-1,-1
34.9901,806.18726,165.472,108.96478,0.9868369,5,-1,-1
330.8478,774.8165,117.92413,99.81616,0.9757992,4,-1,-1
1184.0621,344.04855,74.92334,64.10162,0.97246,6,-1,-1
265.42316,593.96906,94.52872,68.30432,0.9589259,4,-1,-1
0.0,722.4513,88.14548,73.93176,0.9475881,4,-1,-1
59.48838,568.0228,79.35415,44.49884,0.94737685,4,-1,-1
35.08386,868.9009,180.43735,120.95599,0.944309,5,-1,-1
365.53195,640.9514,98.98297,106.95831,0.93570375,5,-1,-1
1281.1051,348.67438,39.683838,33.710327,0.8240907,4,-1,-1
2.3392434,749.18756,110.95576,87.649414,0.7503825,5,-1,-1
74.42735,687.2115,25.689003,39.774292,0.7411112,1,-1,-1
543.1134,768.8628,23.416687,52.6933,0.7356814,1,-1,-1
813.10846,994.36597,140.07452,54.321533,0.72768515,6,-1,-1
0.22038388,722.9192,87.50946,74.052734,0.70893395,5,-1,-1
1331.5867,408.71646,39.296997,37.919067,0.7029072,5,-1,-1
739.7342,891.21,35.04718,43.33673,0.67366993,3,-1,-1
909.4784,733.14886,21.818176,44.546997,0.6575659,1,-1,-1
565.96265,770.261,22.383362,47.806152,0.63541573,1,-1,-1
442.07596,694.5017,28.963684,64.583984,0.6217353,1,-1,-1
31.760843,865.2069,189.2938,125.874146,0.62055546,4,-1,-1
935.7476,536.4893,27.892334,37.168396,0.5690863,1,-1,-1
168.49664,670.68304,24.672363,45.824768,0.5587939,1,-1,-1
1185.9724,344.02362,72.68555,63.37079,0.5531405,5,-1,-1
811.93823,994.22644,142.58435,54.46106,0.53393763,4,-1,-1
1258.1127,316.40073,38.199707,27.31012,0.5045613,4,-1,-1
150.13649,678.85785,21.625305,43.288452,0.47911727,1,-1,-1
1316.2916,412.71194,54.311523,76.59595,0.44835988,6,-1,-1
1292.3883,246.14616,74.02515,29.356674,0.4312132,6,-1,-1
105.447914,645.1341,24.64901,40.76764,0.4181439,1,-1,-1
742.09955,885.12805,32.1792,40.600586,0.3879763,1,-1,-1
372.95743,628.7821,94.28372,103.513794,0.33443257,4,-1,-1
1331.3488,408.6812,39.30591,38.025482,0.30936527,4,-1,-1
656.4049,319.9025,48.709656,26.25708,0.30878532,4,-1,-1
1372.8602,215.70204,26.26477,35.563095,0.29548144,5,-1,-1
935.7476,536.4893,27.892334,37.168396,0.27747253,2,-1,-1
1363.801,394.65952,33.42981,80.808075,0.26952487,6,-1,-1
742.09955,885.12805,32.1792,40.600586,0.2512855,2,-1,-1
167.6488,658.7465,36.854736,47.641968,0.23967114,1,-1,-1
1372.8602,215.70204,26.26477,35.563095,0.23855823,9,-1,-1
908.97314,438.1005,22.61792,47.5661,0.23694718,1,-1,-1
938.78345,447.06244,34.523743,29.532074,0.23627892,10,-1,-1
0.78688127,633.1505,27.709835,40.8891,0.21446294,2,-1,-1
441.9856,692.7188,29.272339,63.823242,0.20578742,2,-1,-1
1185.5182,344.52078,72.627075,62.999603,0.20044142,9,-1,-1
940.34656,444.22296,31.696045,31.80185,0.18749568,1,-1,-1
0.6867078,637.2162,28.159206,39.33484,0.18307295,8,-1,-1
267.222,593.9723,89.34042,67.964355,0.1803242,1,-1,-1
1328.09,288.02673,58.220825,22.196106,0.17810106,4,-1,-1
3.1805272,877.2909,54.4653,77.0614,0.17624152,5,-1,-1
811.7531,993.6902,143.0274,54.997314,0.17095828,9,-1,-1
844.66846,448.56326,38.65863,26.306427,0.16844517,10,-1,-1
0.6867078,637.2162,28.159206,39.33484,0.16541392,1,-1,-1
0.30647564,722.4429,86.99057,74.328674,0.16255927,1,-1,-1
1260.3876,309.778,40.57422,29.726685,0.1591802,5,-1,-1
1325.284,417.35135,44.002075,49.613007,0.15838313,5,-1,-1
656.6082,319.47076,47.989807,27.350616,0.1567441,5,-1,-1
844.08594,446.43854,39.651184,27.195587,0.1545426,8,-1,-1
1204.717,275.8743,47.820923,21.514404,0.15427387,5,-1,-1
366.41068,641.19293,97.54761,106.046875,0.14933568,1,-1,-1
988.34674,491.08817,22.471436,41.270844,0.14813066,1,-1,-1
937.53864,446.60355,34.27838,30.33255,0.14716524,3,-1,-1
1250.2269,280.2367,42.788086,20.241638,0.14613941,4,-1,-1
1313.6289,428.64172,51.721313,57.05789,0.14460796,5,-1,-1
405.6939,760.4431,25.568787,48.408386,0.143904,10,-1,-1
933.3016,546.5304,34.43451,29.421387,0.14130318,10,-1,-1
1204.717,275.8743,47.820923,21.514404,0.14048809,4,-1,-1
55.064686,525.7609,24.71577,34.953125,0.14044389,1,-1,-1
933.3016,546.5304,34.43451,29.421387,0.1374692,3,-1,-1
168.49664,670.68304,24.672363,45.824768,0.13711312,2,-1,-1
0.6867078,637.2162,28.159206,39.33484,0.13601118,10,-1,-1
1331.3488,408.6812,39.30591,38.025482,0.13272753,6,-1,-1
1373.4015,215.48308,25.72351,35.7966,0.12886488,6,-1,-1
58.963375,568.2122,78.44736,43.900208,0.12818626,5,-1,-1
945.6089,438.08127,26.050903,37.70514,0.12788522,2,-1,-1
0.49275827,637.69104,28.132763,38.897156,0.12704003,7,-1,-1
854.91254,442.04706,34.898376,31.466064,0.125417,1,-1,-1
65.69738,944.95825,155.76373,102.910645,0.12201807,4,-1,-1
3.7351756,859.80206,52.660286,80.78436,0.12173033,4,-1,-1
59.408157,567.76196,78.69838,44.23883,0.11757475,1,-1,-1
29.945587,820.4803,176.39886,118.51514,0.11684534,4,-1,-1
489.37527,731.7482,20.950043,44.850647,0.116818756,1,-1,-1
1297.8419,240.45892,63.04541,25.236176,0.11233729,6,-1,-1
3.0583682,754.2322,104.324684,79.9762,0.1117194,4,-1,-1
2.4524114,510.6188,20.690794,42.868744,0.110884815,1,-1,-1
906.6141,451.58755,33.131714,36.20703,0.11039284,10,-1,-1
1331.4072,408.72943,39.60608,37.765747,0.11024323,1,-1,-1
946.86426,427.3717,25.773193,41.13559,0.108222574,1,-1,-1
901.26465,459.06665,40.18982,29.493195,0.10779226,3,-1,-1
1342.5726,406.11945,48.203613,81.91385,0.10734078,6,-1,-1
176.04152,671.57135,25.860382,47.098083,0.10731998,1,-1,-1
1314.2416,444.0375,44.744995,41.82901,0.10712832,4,-1,-1
163.13899,635.41754,76.13869,63.265686,0.1055876,10,-1,-1
942.1205,528.10126,28.296997,42.73004,0.10525051,1,-1,-1
908.97314,438.1005,22.61792,47.5661,0.1052216,8,-1,-1
1325.284,417.35135,44.002075,49.613007,0.10463175,4,-1,-1
1329.0181,345.3385,33.320557,31.214996,0.10389152,4,-1,-1
408.374,755.4406,25.631195,51.51654,0.102234334,3,-1,-1
1322.9951,209.08972,45.564697,24.358353,0.10174635,5,-1,-1
900.6865,440.72113,24.253113,47.75995,0.09914547,1,-1,-1
1210.0793,299.90533,42.987183,22.052063,0.098501384,4,-1,-1
12.573247,832.26135,177.78873,133.1947,0.0984793,5,-1,-1
844.66846,448.56326,38.65863,26.306427,0.09673789,3,-1,-1
1204.2313,288.66763,44.491943,23.42984,0.0957942,4,-1,-1
1266.2853,300.62564,37.03003,27.007538,0.09558979,4,-1,-1
842.1666,445.84155,38.678894,27.520416,0.09491271,1,-1,-1
435.17453,683.2086,27.812683,51.516663,0.09428424,1,-1,-1
4.612363,779.9613,148.58138,125.75842,0.09419462,4,-1,-1
30.763409,544.4391,25.96151,31.997803,0.09354696,1,-1,-1
406.00302,572.5332,85.44281,69.91809,0.092962384,4,-1,-1
1373.4015,215.48308,25.72351,35.7966,0.091052085,4,-1,-1
664.25543,343.87708,35.858948,29.182861,0.08997518,4,-1,-1
920.81323,454.01727,44.271362,25.66217,0.08764207,10,-1,-1
592.2179,306.73175,42.416748,23.853607,0.08743295,4,-1,-1
0.49275827,637.69104,28.132763,38.897156,0.08735329,5,-1,-1
1320.9127,209.5974,47.164673,24.152084,0.08710545,6,-1,-1
1363.7659,396.20663,33.76477,64.43985,0.08528867,4,-1,-1
488.8591,693.8291,21.26184,48.538208,0.08519,1,-1,-1
1331.4072,408.72943,39.60608,37.765747,0.084561884,8,-1,-1
0.8096055,637.06116,27.17429,39.96234,0.08440134,4,-1,-1
1346.299,405.42502,41.126343,40.235016,0.08326253,5,-1,-1
594.3699,307.64642,45.78119,22.622711,0.08317906,5,-1,-1
105.47304,644.64087,24.85582,41.105225,0.08278793,2,-1,-1
400.12936,709.4625,25.108765,48.44214,0.08250043,1,-1,-1
903.4472,449.30637,38.503906,39.705444,0.08230761,1,-1,-1
1185.5182,344.52078,72.627075,62.999603,0.08180186,4,-1,-1
425.22284,559.9371,82.03558,60.920776,0.08135319,1,-1,-1
914.9889,431.31158,22.97937,45.314056,0.08113366,1,-1,-1
164.11996,636.0609,69.00659,62.71057,0.080611944,1,-1,-1
1266.2853,300.62564,37.03003,27.007538,0.0801664,5,-1,-1
492.7339,334.412,34.42456,28.03003,0.0801658,4,-1,-1
841.8616,446.22925,43.421326,25.940826,0.077842414,7,-1,-1
1265.1167,308.17715,40.545166,29.40866,0.077299714,4,-1,-1
908.68475,439.4375,22.285645,48.2424,0.07721168,2,-1,-1
1204.2313,288.66763,44.491943,23.42984,0.077186584,5,-1,-1
491.3279,324.6881,37.59268,26.687225,0.076161474,4,-1,-1
167.6488,658.7465,36.854736,47.641968,0.07597956,2,-1,-1
74.42735,687.2115,25.689003,39.774292,0.07560894,2,-1,-1
59.904877,948.0687,156.20998,100.618774,0.07560021,2,-1,-1
920.81323,454.01727,44.271362,25.66217,0.075146735,3,-1,-1
739.65356,891.4741,35.12616,43.203796,0.07465142,8,-1,-1
762.6358,15.046848,45.70764,19.646374,0.07451153,4,-1,-1
1328.09,288.02673,58.220825,22.196106,0.07443982,5,-1,-1
909.1362,438.143,28.149048,41.424683,0.07437909,10,-1,-1
852.22675,443.9361,27.092712,32.959442,0.074137956,2,-1,-1
58.963375,568.2122,78.44736,43.900208,0.07386118,8,-1,-1
908.6936,435.19943,23.371155,45.21942,0.073568285,7,-1,-1
1250.2269,280.2367,42.788086,20.241638,0.07348198,5,-1,-1
59.190197,567.9924,78.283646,44.20172,0.07272798,2,-1,-1
1320.9127,209.5974,47.164673,24.152084,0.07191154,4,-1,-1
901.4299,448.5606,39.45691,40.75464,0.0717479,8,-1,-1
435.17453,683.2086,27.812683,51.516663,0.07146186,2,-1,-1
330.2423,775.031,117.82864,99.32947,0.07127184,5,-1,-1
1279.8977,348.35126,40.717407,33.486572,0.071035504,10,-1,-1
359.0268,349.72656,42.35031,24.773071,0.07099679,8,-1,-1
423.38898,693.34357,29.925842,52.86035,0.07079902,1,-1,-1
407.5778,756.51306,25.663269,50.99054,0.07059422,1,-1,-1
742.09955,885.12805,32.1792,40.600586,0.0701496,10,-1,-1
1106.2839,447.54205,22.38147,37.53833,0.0698905,1,-1,-1
53.653477,527.30194,26.671566,32.421204,0.06987062,10,-1,-1
906.6141,451.58755,33.131714,36.20703,0.06967503,7,-1,-1
165.29895,635.4293,76.4904,64.27319,0.06942639,9,-1,-1
1210.0793,299.90533,42.987183,22.052063,0.069221884,5,-1,-1
983.11487,504.08502,29.556885,30.826477,0.06900403,10,-1,-1
982.1044,505.08902,28.947815,29.65738,0.06895366,3,-1,-1
266.63834,593.64734,88.63959,67.85083,0.06867996,3,-1,-1
400.04462,778.9442,31.071259,39.36194,0.068477124,10,-1,-1
30.763409,544.4391,25.96151,31.997803,0.068313986,10,-1,-1
403.10672,681.0161,42.397705,66.8551,0.067973524,1,-1,-1
330.20743,774.78845,118.09476,100.21539,0.06771776,10,-1,-1
1363.7659,396.20663,33.76477,64.43985,0.067599386,5,-1,-1
105.47304,644.64087,24.85582,41.105225,0.06737718,10,-1,-1
166.06844,670.7469,26.902481,42.761658,0.06706214,10,-1,-1
0.5891346,631.4381,28.036713,38.810608,0.06677401,3,-1,-1
1330.439,347.06287,33.29895,29.49649,0.06619829,8,-1,-1
577.3821,306.2179,43.195496,23.458405,0.06611183,4,-1,-1
428.955,289.43622,46.582855,21.600128,0.06580788,4,-1,-1
1330.439,347.06287,33.29895,29.49649,0.06574944,7,-1,-1
0.53409183,621.2266,28.049746,39.689514,0.06556702,1,-1,-1
423.48993,677.7775,27.090454,50.60669,0.065528125,1,-1,-1
926.9263,442.94556,33.733032,33.676544,0.065485954,1,-1,-1
572.82935,300.0902,44.25714,22.09137,0.06532496,4,-1,-1
2.928001,765.37396,135.44875,102.89502,0.06511733,9,-1,-1
874.6211,425.481,22.823303,40.489136,0.06494254,1,-1,-1
985.8399,492.3015,24.57373,38.478577,0.064931035,2,-1,-1
59.190197,567.9924,78.283646,44.20172,0.06478953,10,-1,-1
909.1362,438.143,28.149048,41.424683,0.06412172,3,-1,-1
946.29944,433.10428,25.607422,38.837463,0.06386998,10,-1,-1
1314.0214,440.7073,47.77942,44.972443,0.06343448,6,-1,-1
909.47125,733.0301,22.013977,44.746155,0.06318089,3,-1,-1
412.84332,705.41223,27.22049,46.3963,0.06279343,1,-1,-1
365.84723,640.1357,98.589874,109.78833,0.062701106,8,-1,-1
608.3686,320.90985,42.30713,28.981262,0.062216222,4,-1,-1
412.77786,680.55975,56.431305,72.147766,0.062009096,1,-1,-1
104.456955,645.1636,25.31897,40.777405,0.061838478,3,-1,-1
4.090414,878.97675,72.90653,76.016174,0.061446637,4,-1,-1
1281.1051,348.67438,39.683838,33.710327,0.061173588,1,-1,-1
909.47125,733.0301,22.013977,44.746155,0.060999393,2,-1,-1
485.92828,316.55386,35.208923,29.878876,0.060815692,4,-1,-1
661.408,353.02792,38.580505,29.332947,0.060365587,4,-1,-1
199.8153,649.29224,39.18892,51.917053,0.060185492,1,-1,-1
640.6653,317.43408,45.78534,26.410828,0.059972852,4,-1,-1
1316.5576,434.087,45.779175,37.585907,0.059935093,4,-1,-1
64.356026,738.4758,27.090172,43.684814,0.059752613,1,-1,-1
871.834,418.18933,31.637695,29.297546,0.05972594,1,-1,-1
328.34616,771.015,122.29303,107.844604,0.059521765,8,-1,-1
936.17584,450.30005,38.117065,27.470001,0.05951798,7,-1,-1
1304.6821,277.62527,48.68091,21.459595,0.0594742,4,-1,-1
920.81323,454.01727,44.271362,25.66217,0.05924961,8,-1,-1
395.698,693.10114,38.783142,48.5354,0.058904022,1,-1,-1
360.42688,348.78687,43.694366,24.022156,0.058674723,5,-1,-1
342.2062,715.9998,22.225067,43.906433,0.058568507,1,-1,-1
491.3279,324.6881,37.59268,26.687225,0.058387995,5,-1,-1
993.906,447.35672,76.786255,38.181488,0.058320522,1,-1,-1
1202.3652,306.21957,43.865723,25.84848,0.058005333,4,-1,-1
50.391846,746.5126,32.74775,47.208252,0.057833433,1,-1,-1
599.3517,320.15228,45.513245,29.63794,0.057736307,5,-1,-1
1336.1367,410.7446,41.000366,62.46817,0.057667375,6,-1,-1
0.0,723.5089,88.19362,71.45166,0.05754471,10,-1,-1
1331.4072,408.72943,39.60608,37.765747,0.057441056,2,-1,-1
0.0,780.24945,81.46487,82.77985,0.057109803,5,-1,-1
620.5606,352.46194,35.481873,26.964386,0.056973875,4,-1,-1
30.763409,544.4391,25.96151,31.997803,0.05669558,3,-1,-1
905.5368,463.9351,49.300903,24.21521,0.056546003,10,-1,-1
1330.439,347.06287,33.29895,29.49649,0.056229323,10,-1,-1
666.5963,344.2493,38.26178,29.581482,0.056207508,5,-1,-1
1256.0092,372.69028,24.038452,37.947296,0.056195855,1,-1,-1
42.75354,811.01746,149.93011,102.284424,0.055823416,1,-1,-1
1258.9987,315.27896,39.133545,28.344757,0.05581698,6,-1,-1
0.0,773.9607,140.51549,121.530334,0.05541545,1,-1,-1
516.0223,320.04657,41.891846,24.83844,0.055196464,4,-1,-1
0.0,722.0193,87.78251,75.16437,0.05511573,8,-1,-1
0.0,619.31274,25.39152,39.907288,0.05507183,2,-1,-1
520.4692,296.50616,34.78656,26.39563,0.054788113,4,-1,-1
9.431333,514.97424,30.409435,30.792847,0.054738194,1,-1,-1
1204.717,275.8743,47.820923,21.514404,0.053646535,9,-1,-1
937.53864,446.60355,34.27838,30.33255,0.053566486,8,-1,-1
1258.1127,316.40073,38.199707,27.31012,0.053426623,8,-1,-1
360.42688,348.78687,43.694366,24.022156,0.05334866,4,-1,-1
93.19097,646.19604,29.337227,40.74109,0.053287685,1,-1,-1
164.5833,635.0557,76.756424,63.005737,0.053132236,8,-1,-1
45.76743,532.84064,28.98122,31.657349,0.05307111,1,-1,-1
330.2423,775.031,117.82864,99.32947,0.052896887,1,-1,-1
82.47393,683.4847,26.856812,41.911133,0.05275035,1,-1,-1
391.52417,695.4974,28.05246,54.166016,0.052690953,1,-1,-1
40.721485,831.86206,129.12236,91.174194,0.052516103,10,-1,-1
567.3371,770.1091,23.308228,44.89862,0.052476436,2,-1,-1
430.37222,299.36856,47.16992,19.711212,0.052383155,4,-1,-1
519.4519,306.30777,46.556885,24.766296,0.052165657,4,-1,-1
387.3608,585.18787,88.851776,69.9834,0.051977754,10,-1,-1
867.36774,418.63,24.45227,37.583466,0.05191341,1,-1,-1
813.56323,993.8042,141.42651,54.8833,0.05188909,7,-1,-1
1296.6451,260.39267,70.1615,29.188385,0.05186537,6,-1,-1
1257.932,317.46564,38.24048,26.647766,0.051859707,7,-1,-1
1352.7902,401.24084,37.847412,51.75586,0.051751077,6,-1,-1
1202.3652,306.21957,43.865723,25.84848,0.051746845,5,-1,-1
0.0,722.0193,87.78251,75.16437,0.051728725,2,-1,-1
0.0,722.6514,87.83316,73.17609,0.051640213,9,-1,-1
62.841084,526.7659,26.473583,36.77954,0.05113116,1,-1,-1
844.2204,444.87958,44.788635,26.163666,0.05096841,5,-1,-1
1204.717,275.8743,47.820923,21.514404,0.05088538,6,-1,-1
927.0205,444.4952,40.253113,29.415588,0.05079782,7,-1,-1
405.68304,739.9622,24.280853,49.039185,0.05033526,1,-1,-1
