616.3301,367.71167,14.335205,22.96106,0.8208883,1,-1,-1
610.0242,361.46167,14.252991,23.738373,0.7621299,1,-1,-1
346.65512,204.10898,20.680145,25.980103,0.71293396,1,-1,-1
336.59183,218.91208,18.393341,26.154724,0.7049481,1,-1,-1
583.6022,438.13565,25.930725,41.671356,0.62424296,1,-1,-1
593.3991,439.9443,23.52362,37.612152,0.5488359,1,-1,-1
230.51656,106.9814,23.14,31.856598,0.54102176,1,-1,-1
960.1427,93.03406,16.88971,27.920685,0.47000024,1,-1,-1
601.69934,442.80457,17.273987,29.574982,0.46413073,1,-1,-1
651.3317,268.36777,46.32141,36.135315,0.45579633,3,-1,-1
977.3789,107.456856,21.245178,29.427711,0.42727956,1,-1,-1
1141.7781,0.0,26.24292,30.32929,0.39539257,1,-1,-1
329.36377,204.75937,17.748749,26.167618,0.38688752,1,-1,-1
435.1731,484.18845,17.620636,29.868195,0.2836502,2,-1,-1
1296.9879,199.37407,15.080322,15.924881,0.26051548,2,-1,-1
717.7263,224.08975,37.681152,39.149445,0.24408746,1,-1,-1
866.9957,476.76434,209.41345,165.58698,0.240058,6,-1,-1
894.7864,540.2438,8.290955,11.495972,0.2382899,1,-1,-1
592.2195,437.6857,17.070984,31.74292,0.21372545,1,-1,-1
1075.5756,0.0,29.256104,14.530235,0.21044177,10,-1,-1
1291.1166,186.4866,69.46167,79.65378,0.20959345,10,-1,-1
1084.8666,139.47786,16.126831,18.198166,0.20878059,1,-1,-1
21.240244,710.3706,28.909025,19.09137,0.20562008,1,-1,-1
1046.8613,15.752089,19.749512,21.5996,0.20145264,1,-1,-1
1275.9501,343.35742,28.055542,30.08554,0.20067811,1,-1,-1
1100.8937,361.26913,149.60168,123.83057,0.1995588,4,-1,-1
601.69934,442.80457,17.273987,29.574982,0.19668594,2,-1,-1
435.1731,484.18845,17.620636,29.868195,0.19562784,1,-1,-1
720.6602,238.0392,25.33966,23.860184,0.19337705,10,-1,-1
641.96936,165.0497,142.1654,145.96404,0.19252625,6,-1,-1
944.50574,697.2219,100.56238,52.51068,0.19230607,7,-1,-1
1155.6428,355.64508,44.919678,42.55832,0.19161993,1,-1,-1
1147.0427,0.0,18.151367,19.447224,0.19019184,1,-1,-1
1025.9956,184.51234,18.295044,21.500153,0.18676618,1,-1,-1
1275.9501,343.35742,28.055542,30.08554,0.18462962,2,-1,-1
1290.1895,185.46037,71.38098,81.380875,0.18379667,7,-1,-1
529.8444,596.3642,15.634949,25.265503,0.18087178,1,-1,-1
494.58347,277.00784,166.58798,121.378204,0.17838016,6,-1,-1
1069.0796,155.78769,29.611572,20.559387,0.1779271,1,-1,-1
1046.8613,15.752089,19.749512,21.5996,0.17570305,2,-1,-1
1084.8445,139.47705,16.471191,17.98906,0.17520532,2,-1,-1
1071.5735,143.64601,12.707764,13.62384,0.17319414,1,-1,-1
1279.3695,706.0629,16.697144,10.185181,0.17283499,1,-1,-1
1313.5084,518.35596,86.01233,112.630554,0.17018664,4,-1,-1
1071.5735,143.64601,12.707764,13.62384,0.1663315,2,-1,-1
717.9604,223.96658,37.309265,39.427185,0.16488454,10,-1,-1
1074.5642,0.0,31.187378,15.235309,0.16028354,1,-1,-1
588.02234,446.33087,15.226318,31.517548,0.15876266,1,-1,-1
1017.24414,149.58414,15.883545,18.242691,0.15659052,1,-1,-1
1256.3723,340.347,47.423584,37.013214,0.15496457,1,-1,-1
1296.3645,198.97964,16.224121,16.768204,0.15379605,1,-1,-1
1070.5231,683.26306,32.648438,39.10376,0.153252,1,-1,-1
855.5273,64.215836,27.073853,40.08117,0.15205836,1,-1,-1
1265.3909,613.3129,71.77869,125.025635,0.1519506,1,-1,-1
1056.3702,174.1708,29.929688,25.811646,0.15042782,1,-1,-1
23.732883,718.301,15.78075,14.399963,0.14770502,1,-1,-1
1292.4314,198.28923,9.951416,10.786148,0.1476464,2,-1,-1
1055.2803,595.0216,17.079102,18.627014,0.14536795,1,-1,-1
1352.0581,380.2116,32.402588,41.77414,0.14263949,1,-1,-1
582.9433,437.66998,29.20636,41.551025,0.14233798,10,-1,-1
1290.1895,185.46037,71.38098,81.380875,0.14173892,8,-1,-1
530.92377,596.2794,12.517639,15.277954,0.1415627,1,-1,-1
593.1238,447.04898,14.907349,31.181488,0.13887501,1,-1,-1
883.34235,471.01434,9.965576,15.836548,0.13859454,1,-1,-1
943.9681,697.0253,99.30536,51.66693,0.13847399,10,-1,-1
1076.6641,0.0,28.267212,14.315694,0.13811809,2,-1,-1
1074.5973,0.0,30.42517,14.551684,0.13796791,3,-1,-1
590.3684,438.28784,18.34851,35.939484,0.13771743,2,-1,-1
1256.3723,340.347,47.423584,37.013214,0.13628009,2,-1,-1
944.9455,697.41486,100.21698,52.74353,0.13616255,8,-1,-1
642.201,173.77739,133.49799,134.86919,0.13584143,8,-1,-1
342.22763,215.8644,17.965698,27.753738,0.13480186,1,-1,-1
21.240244,710.3706,28.909025,19.09137,0.13395658,10,-1,-1
1087.2137,139.42233,10.421265,13.862503,0.13298675,2,-1,-1
1292.4314,198.28923,9.951416,10.786148,0.13248566,1,-1,-1
1159.1652,349.14218,45.433716,46.582336,0.13223895,2,-1,-1
976.4104,107.92067,22.839478,28.830185,0.12927654,10,-1,-1
854.9723,142.67595,18.047974,17.641144,0.12850955,1,-1,-1
1336.439,271.82996,63.081787,65.671326,0.12839362,10,-1,-1
1095.8604,104.97302,29.86377,19.753952,0.12802827,3,-1,-1
1076.4427,141.06035,25.380249,21.647034,0.1278925,1,-1,-1
448.8095,492.36826,18.344696,22.388702,0.12677184,2,-1,-1
1289.7837,185.88939,71.88342,80.8528,0.12572971,4,-1,-1
330.51312,211.19765,27.700897,35.6176,0.12430638,1,-1,-1
1069.0796,155.78769,29.611572,20.559387,0.12387663,2,-1,-1
1047.8538,174.99873,38.004395,32.398132,0.12212947,10,-1,-1
1284.3058,181.17477,79.5802,83.71866,0.119906634,1,-1,-1
1030.411,22.07671,18.160034,21.027527,0.11974117,2,-1,-1
1072.9675,52.62642,37.869263,47.95881,0.11696637,1,-1,-1
1087.2137,139.42233,10.421265,13.862503,0.11686787,1,-1,-1
977.42145,107.6808,21.329407,29.371017,0.11633542,2,-1,-1
535.26306,595.875,21.304321,23.862305,0.1163201,2,-1,-1
983.04016,108.83656,13.306824,23.09494,0.115436584,1,-1,-1
1164.9465,165.48665,16.170288,32.414307,0.11313018,1,-1,-1
68.83588,576.16437,14.75647,29.69574,0.11174628,1,-1,-1
270.70572,67.66492,19.425018,28.176384,0.11038998,1,-1,-1
1076.8315,142.60934,24.611816,18.255905,0.10849956,2,-1,-1
755.08777,151.19264,79.84625,84.41322,0.107405424,7,-1,-1
876.9573,472.09354,197.62036,174.28226,0.10726383,4,-1,-1
346.30872,204.54053,20.65213,25.033203,0.10697153,2,-1,-1
21.178047,709.35693,28.339062,18.37439,0.10674971,4,-1,-1
429.83774,484.55148,28.871033,37.000275,0.10618195,2,-1,-1
960.1427,93.03406,16.88971,27.920685,0.10616213,2,-1,-1
18.594213,706.82654,50.166634,25.710388,0.10547757,10,-1,-1
717.9604,223.96658,37.309265,39.427185,0.10531598,2,-1,-1
1290.2599,186.76218,70.415405,79.92575,0.105308086,6,-1,-1
844.1157,140.38458,28.21582,23.519485,0.10476163,1,-1,-1
943.90186,697.07587,99.60596,53.741882,0.10405269,3,-1,-1
1163.8242,259.28345,95.27893,113.067444,0.103783876,8,-1,-1
1142.0388,0.0,26.056763,29.86998,0.10345307,2,-1,-1
861.61957,143.41196,10.592407,14.195496,0.10260001,1,-1,-1
752.9305,148.51018,83.043945,87.86496,0.10206312,8,-1,-1
281.1799,263.9712,94.25159,101.09827,0.10193673,6,-1,-1
1071.4614,155.51538,12.448364,12.840668,0.10121435,2,-1,-1
644.2486,174.03856,130.34906,137.1371,0.10029638,7,-1,-1
534.3967,595.62134,23.624695,24.724304,0.10011256,1,-1,-1
1263.6174,613.04,75.08081,126.56976,0.09990668,3,-1,-1
887.61,467.17432,13.426453,19.256042,0.09983984,1,-1,-1
1109.2124,706.0095,167.30933,81.534424,0.099509984,4,-1,-1
912.39734,178.21661,27.703918,41.07631,0.098831534,1,-1,-1
949.8363,94.18908,21.671814,27.276337,0.09842616,1,-1,-1
651.7105,267.6587,25.468018,32.49231,0.09790599,3,-1,-1
1377.0927,343.33005,22.4281,28.335754,0.09782031,1,-1,-1
1048.3373,181.00958,21.48523,25.878677,0.09682819,1,-1,-1
335.61868,204.5436,21.292694,23.663239,0.09606093,1,-1,-1
1263.1045,298.37497,17.17871,24.659454,0.0959011,2,-1,-1
68.69743,578.068,23.631271,26.611328,0.095808655,2,-1,-1
1294.1891,198.17603,25.07251,20.51036,0.09541312,2,-1,-1
1294.4806,199.2396,11.835571,12.940109,0.094524354,2,-1,-1
1152.3214,0.0,18.381958,15.102478,0.09394026,1,-1,-1
454.88928,339.67728,31.259766,32.005035,0.09336671,1,-1,-1
1025.7874,202.36848,17.26123,22.885452,0.09314993,1,-1,-1
904.0177,746.616,127.42517,40.927917,0.09299567,10,-1,-1
1070.5231,683.26306,32.648438,39.10376,0.09260264,2,-1,-1
1378.6125,354.42477,20.908203,34.918823,0.09252274,1,-1,-1
1147.2867,3.8063579,15.166016,25.036314,0.09184989,1,-1,-1
1298.7472,193.18861,20.163452,20.188416,0.09182516,2,-1,-1
894.6698,540.1336,8.510986,11.87677,0.09105882,2,-1,-1
1029.9628,12.701684,25.083252,22.411583,0.091031075,2,-1,-1
672.5316,272.79297,29.582153,27.507019,0.09083745,3,-1,-1
776.1134,207.03351,19.621338,30.887985,0.09008244,1,-1,-1
78.1729,743.1809,9.249443,13.649658,0.0900653,1,-1,-1
1049.1708,671.73486,32.794556,52.02484,0.08969775,1,-1,-1
1028.6844,11.448742,27.994263,25.666992,0.08932355,1,-1,-1
527.4547,595.14575,16.598572,23.662842,0.08926988,2,-1,-1
893.618,466.51996,11.739258,18.343475,0.088632494,1,-1,-1
1265.3909,613.3129,71.77869,125.025635,0.08781335,10,-1,-1
1077.9753,0.0,14.831055,11.416501,0.08760691,2,-1,-1
1202.97,392.20215,40.34839,37.690918,0.087519854,1,-1,-1
1230.6854,101.7597,10.409058,22.772125,0.087385535,1,-1,-1
1336.5989,271.3711,62.921875,69.230194,0.08729574,7,-1,-1
644.5598,256.30518,43.75641,44.467224,0.08688021,3,-1,-1
1341.9586,401.29092,21.602295,24.18872,0.086794764,1,-1,-1
1294.4806,199.2396,11.835571,12.940109,0.08604625,1,-1,-1
1336.8099,272.59702,62.710815,62.740906,0.085624814,3,-1,-1
648.82806,266.0928,46.58612,39.25052,0.08560434,7,-1,-1
533.60944,595.00116,16.014465,19.025146,0.08545932,1,-1,-1
281.1799,263.9712,94.25159,101.09827,0.085425586,8,-1,-1
346.9725,204.1405,20.74533,25.914658,0.08523038,4,-1,-1
128.49911,696.9654,74.69824,25.59613,0.08512905,6,-1,-1
1030.411,22.07671,18.160034,21.027527,0.084881246,1,-1,-1
1104.904,135.31859,18.72754,14.326218,0.084679395,1,-1,-1
1110.1986,324.37576,146.96326,158.49884,0.08450633,7,-1,-1
1072.4697,52.577682,38.663452,47.352875,0.08440414,10,-1,-1
915.1482,558.4956,12.807312,10.15155,0.08423123,1,-1,-1
1177.0487,255.49709,20.372437,27.495743,0.084162086,1,-1,-1
1081.5634,157.26807,17.539795,16.591187,0.083907366,2,-1,-1
1279.5975,705.5152,16.304321,11.070862,0.08389068,2,-1,-1
1314.2776,513.7664,85.243164,116.0744,0.08370721,5,-1,-1
318.7218,206.55672,29.73761,35.366135,0.083681345,1,-1,-1
281.98636,263.6785,91.825134,101.98981,0.08357957,4,-1,-1
1069.1627,154.65959,18.103027,18.434021,0.08356878,1,-1,-1
339.4509,214.49442,13.389252,23.943634,0.08286631,1,-1,-1
587.6526,447.5698,15.557251,29.904663,0.082740575,2,-1,-1
604.83826,445.01587,11.374329,20.813324,0.082607836,1,-1,-1
604.35364,445.1671,11.922913,19.773651,0.08231586,2,-1,-1
543.3188,372.62457,18.033386,21.06369,0.08223122,1,-1,-1
1335.5645,383.20386,25.630127,39.64801,0.082185715,1,-1,-1
1102.9432,97.64642,22.469727,16.785507,0.08209553,3,-1,-1
1179.0918,255.71677,7.945923,12.1441345,0.08205333,1,-1,-1
1235.3849,129.42207,13.083862,23.059189,0.082012415,1,-1,-1
1260.0942,310.49567,30.955078,32.698395,0.08194119,2,-1,-1
866.9957,476.76434,209.41345,165.58698,0.081866115,9,-1,-1
601.0326,442.5801,17.964417,33.04651,0.08161649,10,-1,-1
1379.7811,367.5233,19.1167,19.327454,0.08115241,2,-1,-1
42.54108,691.32654,8.6143,12.834961,0.08115026,1,-1,-1
1298.2806,198.04823,12.340942,12.050858,0.0807789,1,-1,-1
606.15576,360.29694,22.989807,29.513947,0.080744505,1,-1,-1
903.21686,745.88403,130.88995,41.659912,0.08067489,3,-1,-1
281.1799,263.9712,94.25159,101.09827,0.08062777,7,-1,-1
1164.3636,259.1091,91.30322,105.93796,0.08057481,1,-1,-1
1379.315,324.56204,20.20581,37.04135,0.079856336,1,-1,-1
876.9573,472.09354,197.62036,174.28226,0.07981953,5,-1,-1
1336.7947,274.41138,62.726074,55.697235,0.079766124,1,-1,-1
772.0891,194.9599,28.561707,43.335144,0.07948899,1,-1,-1
447.09988,491.72232,20.217651,24.239899,0.07921809,1,-1,-1
1164.2544,258.5268,91.56848,107.64722,0.07921171,7,-1,-1
429.83774,484.55148,28.871033,37.000275,0.079190314,1,-1,-1
1379.7849,368.84872,18.749146,17.002808,0.079084665,1,-1,-1
1109.7249,675.5959,183.51196,111.94806,0.07892528,7,-1,-1
610.17944,361.46295,14.493591,23.865753,0.078852564,4,-1,-1
1155.013,494.68777,17.325317,12.212341,0.078772664,1,-1,-1
1077.429,0.0,18.303345,12.300955,0.07872024,1,-1,-1
24.177517,718.7359,15.414146,13.803589,0.07854143,2,-1,-1
1103.0312,364.05972,144.0918,118.878845,0.07848528,6,-1,-1
1279.3341,698.09796,18.407837,17.471802,0.07831642,1,-1,-1
1087.5363,95.374535,39.62561,30.506653,0.07830593,3,-1,-1
1204.8264,412.7775,33.25122,34.06891,0.07793975,1,-1,-1
682.3723,83.65274,47.896545,46.852844,0.07783449,4,-1,-1
1269.5814,272.92444,70.03308,101.00787,0.07776734,1,-1,-1
77.2925,516.99585,40.84246,32.459534,0.077750206,10,-1,-1
1061.2567,598.77747,10.160034,14.814087,0.07755381,1,-1,-1
1313.5084,518.35596,86.01233,112.630554,0.07755092,7,-1,-1
1030.0217,180.70964,17.162231,19.367981,0.07743165,1,-1,-1
1276.743,342.7683,37.512573,44.279907,0.077192366,2,-1,-1
595.6445,436.64786,18.113342,28.416382,0.07690409,2,-1,-1
1092.0792,385.24518,119.087524,95.65445,0.076841235,1,-1,-1
1104.7115,135.44542,18.742676,13.956451,0.076577276,2,-1,-1
1049.2518,185.85905,14.482544,18.759018,0.076503664,1,-1,-1
616.2712,368.11703,14.571472,22.646515,0.07644662,4,-1,-1
720.6602,238.0392,25.33966,23.860184,0.07619181,1,-1,-1
1112.3372,607.60486,196.64172,133.68024,0.0760082,6,-1,-1
1072.4697,52.577682,38.663452,47.352875,0.07600379,2,-1,-1
1255.8662,317.328,39.993164,55.161102,0.07588816,1,-1,-1
1100.8937,361.26913,149.60168,123.83057,0.07564917,5,-1,-1
960.4588,92.51507,16.643127,28.583641,0.07539022,10,-1,-1
1108.5112,736.7665,136.88293,50.777466,0.0753271,10,-1,-1
1313.9447,520.8993,85.57605,109.20972,0.07530832,6,-1,-1
1109.2124,706.0095,167.30933,81.534424,0.075193584,6,-1,-1
1210.0929,149.40614,11.591309,15.469391,0.07515979,1,-1,-1
1099.5598,365.29843,147.27917,117.23416,0.075069666,8,-1,-1
230.60881,106.920654,22.720535,31.90747,0.0746395,2,-1,-1
613.842,360.94696,16.042847,22.601227,0.07459715,1,-1,-1
1019.8604,25.239464,23.631409,26.468918,0.07447031,1,-1,-1
1354.2175,238.15694,45.303223,78.66704,0.074454844,10,-1,-1
1298.0455,192.7927,22.645752,19.111053,0.07440418,1,-1,-1
618.25104,367.48807,9.439636,17.626862,0.07440022,1,-1,-1
895.87964,538.6535,6.192993,9.7872925,0.07438898,1,-1,-1
500.99115,277.43484,166.99286,119.65808,0.07422289,8,-1,-1
1092.2811,392.76205,84.105225,74.983154,0.074065745,10,-1,-1
842.6571,136.62605,13.766785,22.88086,0.07405302,1,-1,-1
1023.7436,22.123331,20.610046,25.071516,0.073960066,2,-1,-1
21.240244,710.3706,28.909025,19.09137,0.07381213,2,-1,-1
1377.0927,343.33005,22.4281,28.335754,0.07369205,2,-1,-1
1376.6277,353.63818,22.893066,36.641235,0.07369125,2,-1,-1
1086.1693,288.0711,10.8585205,16.722748,0.07366407,1,-1,-1
1082.984,72.416466,16.261963,19.276627,0.07363999,2,-1,-1
1249.9974,343.58188,34.01123,31.50531,0.073595524,1,-1,-1
721.78345,239.68546,21.349487,22.072174,0.0733518,2,-1,-1
594.58484,438.85483,12.440491,21.73764,0.07332471,1,-1,-1
1069.1627,154.65959,18.103027,18.434021,0.0732114,2,-1,-1
1311.0428,509.6754,88.477905,121.1416,0.07284674,1,-1,-1
1097.715,110.830055,35.71216,19.351372,0.072770536,3,-1,-1
1163.8108,28.471209,17.560425,21.41606,0.07276711,1,-1,-1
892.2529,468.44955,9.195496,15.006531,0.072526544,1,-1,-1
714.1997,208.84149,45.765015,46.663864,0.072452664,1,-1,-1
1046.9213,676.28125,32.2146,49.57892,0.072440565,10,-1,-1
1272.0614,342.2349,43.74597,47.441284,0.07242328,1,-1,-1
1176.4502,255.3481,21.60852,28.718277,0.07205486,10,-1,-1
1169.8755,336.80426,40.631836,44.980316,0.07192761,1,-1,-1
1265.5516,301.59525,21.01831,26.034271,0.0718323,2,-1,-1
1294.4281,194.2426,18.398804,16.87001,0.071487695,2,-1,-1
594.71796,457.12146,9.989319,17.136444,0.071324795,2,-1,-1
1110.1141,610.4898,205.40588,123.32361,0.07128841,8,-1,-1
322.82858,200.29231,18.89389,25.974442,0.071228355,1,-1,-1
1180.4574,334.1689,50.211792,42.850555,0.071223825,1,-1,-1
1251.666,305.0335,44.42212,63.85727,0.07120317,2,-1,-1
1313.6877,519.9888,85.83301,109.99933,0.07114926,10,-1,-1
1075.444,156.9795,11.704956,12.164307,0.07098293,2,-1,-1
1237.6177,254.48587,14.884766,11.599701,0.07073742,1,-1,-1
1164.2544,258.5268,91.56848,107.64722,0.07059413,5,-1,-1
1177.8359,255.75723,14.928955,17.059937,0.070581675,1,-1,-1
336.76443,218.77246,18.18158,26.508148,0.070578486,4,-1,-1
1273.9316,276.17087,48.365967,67.21872,0.07043606,1,-1,-1
1337.1415,272.46158,62.379272,65.24524,0.0704298,2,-1,-1
1163.8796,257.42184,92.07507,97.083954,0.069992006,10,-1,-1
1076.4598,0.0,28.856567,14.112519,0.06996682,7,-1,-1
614.4481,366.64697,8.553467,18.06662,0.069889516,1,-1,-1
1105.4974,134.7312,21.20044,15.827606,0.069886565,3,-1,-1
1077.9885,52.43368,25.796875,32.448887,0.06965953,1,-1,-1
1249.9974,343.58188,34.01123,31.50531,0.06949183,2,-1,-1
1069.7125,140.08522,35.279297,31.365494,0.06934947,1,-1,-1
1075.3612,0.0,29.706055,14.547001,0.06934783,8,-1,-1
720.14374,243.25774,17.904358,17.27974,0.06914356,10,-1,-1
733.35626,196.1574,33.667664,34.780807,0.06907642,1,-1,-1
1112.3372,607.60486,196.64172,133.68024,0.06898728,7,-1,-1
648.2251,264.73596,45.26007,40.696655,0.068737626,10,-1,-1
1036.2433,24.083822,16.739258,17.178747,0.06863788,2,-1,-1
346.9725,204.1405,20.74533,25.914658,0.06851134,10,-1,-1
1147.0427,0.0,18.151367,19.447224,0.06848109,2,-1,-1
616.66797,367.8962,14.125732,22.848541,0.06846753,2,-1,-1
1282.0128,179.20213,83.57922,85.72356,0.068375826,3,-1,-1
1081.6266,157.61076,17.500366,15.443573,0.06833926,1,-1,-1
635.09875,139.65533,203.01074,148.59375,0.06833884,8,-1,-1
610.56726,360.89548,10.07019,17.369537,0.068265945,1,-1,-1
961.4003,96.722916,12.026123,18.4404,0.068163455,1,-1,-1
1336.5989,271.3711,62.921875,69.230194,0.06804529,4,-1,-1
408.7872,632.9121,64.56708,67.59918,0.06792793,2,-1,-1
21.956944,716.7726,20.172504,15.58136,0.06788671,10,-1,-1
1290.0532,197.39035,13.650391,17.268433,0.06778869,2,-1,-1
1259.4255,308.37054,32.076904,38.651123,0.06773469,1,-1,-1
1082.0797,147.13174,18.335083,17.424835,0.06772998,1,-1,-1
1111.6494,682.8125,170.47461,104.731445,0.067652166,8,-1,-1
1070.5553,680.01733,33.03186,41.78833,0.06752303,10,-1,-1
1075.3612,0.0,29.706055,14.547001,0.06748974,4,-1,-1
349.17703,205.7957,11.603149,18.923126,0.06706217,1,-1,-1
1034.5497,24.00036,11.758179,15.704447,0.06696865,2,-1,-1
1289.5204,185.36201,71.54004,81.07555,0.06692648,5,-1,-1
1067.0503,74.67986,35.857056,30.831123,0.066909224,3,-1,-1
67.01335,576.25653,30.472778,29.14917,0.06688011,1,-1,-1
1071.8993,141.103,17.88269,19.44281,0.06681013,1,-1,-1
1162.8014,259.4545,94.98132,110.5853,0.066681236,4,-1,-1
1260.3467,293.12323,28.74646,38.445892,0.0665406,2,-1,-1
1200.9556,386.94537,39.799194,37.688873,0.06649396,2,-1,-1
794.9191,465.17618,10.854065,15.560059,0.066476464,1,-1,-1
1236.6763,132.17429,8.918945,16.501846,0.06632677,1,-1,-1
1070.0725,146.57448,10.332275,13.887726,0.06622589,1,-1,-1
1082.0797,147.13174,18.335083,17.424835,0.06589228,2,-1,-1
331.80203,206.10419,10.61792,16.43039,0.06587443,1,-1,-1
1364.0775,214.40555,35.443237,66.98105,0.06585494,10,-1,-1
1087.2188,161.88475,12.020142,11.602386,0.06580296,2,-1,-1
525.623,596.0963,17.104431,35.397522,0.065782815,1,-1,-1
947.02026,632.81525,158.81909,98.12329,0.065698445,6,-1,-1
441.36752,489.37692,26.707367,31.324371,0.065523624,2,-1,-1
1265.3909,613.3129,71.77869,125.025635,0.0654622,2,-1,-1
1082.2593,0.0,15.904907,9.614051,0.06541842,2,-1,-1
977.46875,107.58261,20.877563,29.092407,0.06530878,3,-1,-1
854.8852,110.75823,14.193298,28.457207,0.06524831,1,-1,-1
1078.939,93.088745,24.028076,21.240845,0.0652363,3,-1,-1
955.1105,641.9232,118.02612,81.24078,0.06516367,7,-1,-1
591.0032,439.69293,25.696472,38.755463,0.06503573,3,-1,-1
1070.0725,146.57448,10.332275,13.887726,0.06494206,2,-1,-1
648.82806,266.0928,46.58612,39.25052,0.06493929,8,-1,-1
436.379,483.9367,12.167999,21.289154,0.0649187,2,-1,-1
1150.4839,0.0,12.721069,11.207555,0.06485093,1,-1,-1
407.0922,272.55383,180.70285,135.10498,0.0647383,6,-1,-1
718.1652,199.36917,47.100586,56.974365,0.06455636,10,-1,-1
1354.2175,238.15694,45.303223,78.66704,0.064477414,7,-1,-1
961.29156,99.86434,19.00055,33.24357,0.06440839,1,-1,-1
531.1536,596.10144,11.919128,15.509094,0.06412929,2,-1,-1
654.11176,618.5479,15.390503,31.611023,0.06397018,1,-1,-1
19.926867,708.60034,46.013496,24.413574,0.06396702,1,-1,-1
914.91565,558.65344,13.265381,9.927551,0.063880205,2,-1,-1
1052.5138,19.567383,15.16272,14.246342,0.06383842,1,-1,-1
641.96936,165.0497,142.1654,145.96404,0.063752085,5,-1,-1
1261.5011,297.98297,26.045044,31.726562,0.06373656,1,-1,-1
591.0715,446.62927,19.01947,31.235413,0.063714236,10,-1,-1
1133.7571,316.0288,17.931763,16.5065,0.06340048,1,-1,-1
1261.4578,616.6147,74.14197,118.11542,0.063373566,7,-1,-1
1352.5283,378.87003,32.519287,44.174225,0.06336421,2,-1,-1
1299.058,197.6606,11.182251,12.702225,0.06330326,2,-1,-1
1337.1415,272.46158,62.379272,65.24524,0.0632481,8,-1,-1
841.5103,121.758415,28.664307,40.493416,0.06310338,1,-1,-1
1109.2124,706.0095,167.30933,81.534424,0.06295553,5,-1,-1
347.16013,168.02547,16.672638,22.088913,0.06278935,1,-1,-1
1096.1521,99.19408,31.578735,25.769356,0.06250182,1,-1,-1
1048.2811,670.33484,35.210205,52.71399,0.062146038,2,-1,-1
1301.2191,194.7095,15.3758545,12.381393,0.062085927,2,-1,-1
1140.5724,0.0,27.802246,30.162539,0.061846644,10,-1,-1
546.5257,377.13928,17.18805,24.806671,0.061741233,1,-1,-1
1313.6877,519.9888,85.83301,109.99933,0.061722726,8,-1,-1
1052.5138,19.567383,15.16272,14.246342,0.06157902,2,-1,-1
1095.8604,104.97302,29.86377,19.753952,0.061510324,10,-1,-1
1338.7101,365.13467,45.564453,59.452637,0.061411917,1,-1,-1
535.00415,371.9406,28.3891,29.512909,0.061399132,1,-1,-1
1039.0991,11.168028,31.84961,29.860373,0.061355263,1,-1,-1
1161.5006,143.99162,25.209106,55.3618,0.061344117,1,-1,-1
1293.9261,196.27571,26.003296,23.079895,0.06123218,1,-1,-1
18.745491,707.9872,48.373245,24.204834,0.061223,4,-1,-1
1090.8535,380.6509,129.78723,103.64285,0.061184406,2,-1,-1
13.55726,699.43866,79.89847,35.573364,0.061107934,10,-1,-1
1216.9478,417.05707,21.395996,22.748474,0.060831815,2,-1,-1
1076.4663,142.4538,8.843994,12.308182,0.06078756,2,-1,-1
1127.3019,387.86374,15.11438,19.967651,0.060656577,1,-1,-1
1036.7202,17.192423,22.45752,19.707975,0.06063834,2,-1,-1
1164.6122,260.20642,135.60742,124.12186,0.060611814,6,-1,-1
830.86847,0.0,169.25836,111.635086,0.06053859,9,-1,-1
407.5636,642.38666,49.641815,44.47473,0.06053239,2,-1,-1
1086.0857,153.53847,11.979248,9.871933,0.060480475,2,-1,-1
1359.2607,392.1904,22.442383,28.394531,0.06022808,1,-1,-1
871.2578,0.0,124.38422,55.89729,0.060215354,5,-1,-1
1067.0503,74.67986,35.857056,30.831123,0.060205013,10,-1,-1
686.24524,130.72112,160.29535,130.81389,0.060166895,6,-1,-1
1301.3446,202.46555,10.47522,12.643555,0.059951782,1,-1,-1
717.9604,223.96658,37.309265,39.427185,0.059913903,4,-1,-1
1027.6876,18.859865,27.226807,29.910318,0.059913427,1,-1,-1
1280.5656,708.7559,11.235718,7.531006,0.059819996,1,-1,-1
1055.0585,594.792,17.74414,19.132019,0.059571862,10,-1,-1
738.0787,150.81119,96.9173,85.30748,0.059563935,6,-1,-1
955.1105,641.9232,118.02612,81.24078,0.059561342,8,-1,-1
1100.0729,544.2588,8.682007,14.127258,0.059549183,1,-1,-1
1070.9794,142.75925,8.5147705,12.551712,0.059457928,1,-1,-1
1067.0143,76.95233,34.696167,27.784859,0.059454113,1,-1,-1
1124.454,112.80227,10.442017,12.408806,0.05937922,1,-1,-1
1076.4663,142.4538,8.843994,12.308182,0.059363484,1,-1,-1
494.58347,277.00784,166.58798,121.378204,0.059328496,5,-1,-1
620.9749,371.76877,8.096252,19.256622,0.058992714,1,-1,-1
650.34235,266.48145,31.556946,35.176483,0.05888647,1,-1,-1
1237.1298,253.64763,22.887695,13.864822,0.058882266,10,-1,-1
1344.35,394.1659,38.593872,33.641327,0.05886519,1,-1,-1
1177.4084,255.67215,16.674194,18.368713,0.058806002,10,-1,-1
1146.3171,341.3861,69.538574,59.996826,0.058744013,1,-1,-1
500.99115,277.43484,166.99286,119.65808,0.058451086,7,-1,-1
1075.2733,146.63315,10.987915,13.85994,0.058446765,2,-1,-1
1283.2666,360.39078,45.301025,47.426483,0.058407485,1,-1,-1
1290.1185,196.56673,9.365601,13.157059,0.05838108,1,-1,-1
1074.0834,80.43816,43.017212,36.866333,0.058291644,3,-1,-1
1168.2092,663.88184,21.406006,26.873474,0.05806166,1,-1,-1
1100.8937,361.26913,149.60168,123.83057,0.058040887,10,-1,-1
904.0177,746.616,127.42517,40.927917,0.057949036,7,-1,-1
65.83993,576.01996,37.95687,28.947937,0.057914644,10,-1,-1
1271.1323,311.86203,20.155762,24.500122,0.057893276,2,-1,-1
1071.0514,146.10324,21.206543,20.529526,0.05784765,1,-1,-1
171.06294,168.586,73.755646,74.40022,0.057771444,5,-1,-1
1331.3585,612.2846,68.16223,97.806274,0.057655126,10,-1,-1
1272.4819,275.6171,51.277466,72.269806,0.0576396,2,-1,-1
1106.4619,738.7243,123.2439,48.81964,0.057630748,4,-1,-1
0.0,697.7707,12.627219,25.727844,0.05752325,4,-1,-1
982.2849,106.20326,14.12207,24.033585,0.057421118,2,-1,-1
1121.4794,112.175,14.709595,18.447327,0.057349235,1,-1,-1
0.0,696.76556,14.287699,24.726868,0.057286263,1,-1,-1
1168.5231,335.02982,72.60474,57.93628,0.05719906,2,-1,-1
1071.4614,155.51538,12.448364,12.840668,0.057133287,1,-1,-1
1056.3702,174.1708,29.929688,25.811646,0.05705309,2,-1,-1
1072.9675,52.62642,37.869263,47.95881,0.05701801,3,-1,-1
1090.4829,143.70953,11.437744,13.194916,0.057011068,2,-1,-1
335.04922,219.96992,12.651947,21.53061,0.05685368,1,-1,-1
1070.1296,153.06718,10.71167,13.088882,0.05680555,2,-1,-1
1047.8538,174.99873,38.004395,32.398132,0.056762367,3,-1,-1
1289.7902,197.58177,16.79834,18.255081,0.05663857,1,-1,-1
1290.1185,199.71765,9.856567,11.339752,0.056503683,2,-1,-1
534.5553,597.61096,11.435608,11.422913,0.056331128,1,-1,-1
903.4183,746.59875,112.084045,40.94519,0.05620438,1,-1,-1
772.5721,470.51923,9.33429,13.423828,0.056145698,1,-1,-1
1279.3341,698.09796,18.407837,17.471802,0.05612603,2,-1,-1
579.412,0.0,19.047485,11.059433,0.056064814,1,-1,-1
1150.2582,380.16196,16.632446,19.592834,0.056017816,1,-1,-1
720.0542,221.73938,38.8631,40.1669,0.055806875,7,-1,-1
1068.4839,154.02936,31.136475,22.81546,0.05577928,10,-1,-1
281.98636,263.6785,91.825134,101.98981,0.05564615,5,-1,-1
1072.2963,140.43271,31.428833,27.616272,0.0555667,10,-1,-1
1301.5367,197.47255,25.811401,18.227036,0.055548042,2,-1,-1
1315.9122,607.6819,83.60852,113.07971,0.05553782,3,-1,-1
1136.6516,365.14655,51.33374,38.499115,0.055529445,1,-1,-1
432.57468,484.22046,22.217804,34.333496,0.05550024,10,-1,-1
868.96063,0.0,130.29181,54.322327,0.055126816,4,-1,-1
1266.7789,272.2342,61.704712,85.007355,0.055066913,10,-1,-1
24.137712,711.10236,16.429457,16.553772,0.054847956,1,-1,-1
702.47046,139.28903,138.68561,110.94905,0.054713845,7,-1,-1
1337.0709,615.6915,62.44983,90.80896,0.054668635,1,-1,-1
1077.9885,52.43368,25.796875,32.448887,0.054656178,2,-1,-1
974.9899,112.77021,16.894958,25.846565,0.054622382,1,-1,-1
542.39136,598.08215,17.131897,31.074097,0.054590136,1,-1,-1
1069.0496,157.33871,11.558594,14.5950775,0.054531157,2,-1,-1
579.5636,436.01147,35.22351,42.15564,0.054510653,2,-1,-1
1066.8706,142.08241,16.401733,20.937347,0.054488868,1,-1,-1
709.3698,232.67688,36.74237,35.03296,0.054405898,1,-1,-1
965.4917,97.87812,13.429016,24.915878,0.054362833,1,-1,-1
904.0177,746.616,127.42517,40.927917,0.05433026,4,-1,-1
1250.0182,290.93628,20.62976,20.447357,0.054270744,2,-1,-1
1045.9985,176.46877,34.88391,32.68242,0.05426526,1,-1,-1
1163.6172,28.582973,18.37146,21.595531,0.05426368,2,-1,-1
1160.7816,259.28043,146.05981,136.16232,0.054107696,7,-1,-1
950.2997,635.149,150.09436,96.10901,0.05408123,3,-1,-1
1255.2843,291.91528,20.769897,27.047272,0.054006517,2,-1,-1
600.8377,450.2039,15.362427,29.648926,0.053990453,1,-1,-1
1085.3341,139.24612,18.462402,18.614288,0.053952247,10,-1,-1
1115.4669,611.7911,192.13367,113.341064,0.053896666,3,-1,-1
0.0,757.2212,8.363988,14.695923,0.053853363,1,-1,-1
392.78934,648.7719,68.39856,58.243958,0.053640217,3,-1,-1
1380.7124,350.83295,16.543335,17.04123,0.05357468,1,-1,-1
591.06287,458.94406,10.328247,17.014282,0.053545237,2,-1,-1
1301.3566,201.89572,14.444702,20.55066,0.053456783,2,-1,-1
956.5273,85.12915,24.827087,32.675156,0.053435326,1,-1,-1
1049.9114,17.04801,11.912231,17.634584,0.0534032,1,-1,-1
1209.3353,394.91727,38.135864,35.187378,0.05336675,2,-1,-1
1072.838,140.0936,29.707275,30.802246,0.05330068,2,-1,-1
435.2492,495.94412,20.388428,30.089752,0.0532676,2,-1,-1
1031.3253,185.1779,12.50354,13.219452,0.053243518,1,-1,-1
1142.758,0.0,21.828003,30.135683,0.053217143,4,-1,-1
1357.5823,371.7006,35.719116,31.409485,0.0531663,1,-1,-1
1378.127,323.0396,21.393799,40.82556,0.053124815,2,-1,-1
1180.5671,0.0,49.537964,32.213722,0.053025812,10,-1,-1
1124.2856,707.8194,139.61926,66.968445,0.05301982,10,-1,-1
943.81757,697.3488,100.4483,52.315674,0.052893877,6,-1,-1
1036.2433,24.083822,16.739258,17.178747,0.052857906,1,-1,-1
1027.7043,184.7632,17.007446,18.580338,0.052758336,2,-1,-1
1195.643,319.4218,47.605835,46.500793,0.052731395,1,-1,-1
611.5344,361.58093,10.511108,18.700928,0.052643508,2,-1,-1
1150.4839,0.0,12.721069,11.207555,0.052573353,2,-1,-1
1052.2604,177.61333,22.2948,23.022629,0.05252433,1,-1,-1
1021.7922,150.46695,9.512756,14.0720215,0.05248806,1,-1,-1
720.97626,244.77141,14.641663,15.043137,0.05244139,2,-1,-1
1152.2439,41.737804,11.915161,14.315254,0.05239764,1,-1,-1
1305.7239,193.18678,13.030273,10.949295,0.05234009,1,-1,-1
226.26654,103.92618,37.667786,41.64943,0.052297354,1,-1,-1
1324.3297,525.10596,75.19104,125.31262,0.05229509,2,-1,-1
435.2492,495.94412,20.388428,30.089752,0.052266568,1,-1,-1
1165.2102,258.91043,87.41211,109.69275,0.052216202,2,-1,-1
1374.7292,372.53845,21.019897,17.6232,0.052158296,1,-1,-1
