621.8195,666.2231,43.56732,84.26672,0.9999982,4,-1,-1
667.23486,559.00995,45.338135,68.21417,0.9996961,4,-1,-1
808.7439,939.4717,58.564087,101.4292,0.996181,4,-1,-1
707.6911,548.14276,40.00482,66.1864,0.99551564,4,-1,-1
322.83328,41.8347,26.21109,47.44671,0.99337685,4,-1,-1
382.65887,761.89417,70.305176,41.23999,0.91587394,4,-1,-1
691.20526,550.95734,44.816345,69.77637,0.78110814,4,-1,-1
486.21356,532.3134,29.499573,54.569458,0.7564857,4,-1,-1
524.1359,726.3255,27.286987,52.424683,0.5406148,10,-1,-1
232.11246,35.355408,28.441223,40.62509,0.13458726,4,-1,-1
311.9818,38.34622,30.857544,45.17523,0.13301674,4,-1,-1
815.8559,580.7416,21.027466,45.372803,0.100198686,1,-1,-1
381.28745,761.90857,71.539185,41.232605,0.09848875,5,-1,-1
534.0197,722.1399,24.647156,50.693665,0.09743366,10,-1,-1
486.21356,532.3134,29.499573,54.569458,0.09120798,10,-1,-1
382.75272,761.813,70.311005,41.2099,0.07582098,1,-1,-1
524.89496,724.24335,26.916687,53.92212,0.0738028,7,-1,-1
1081.6725,443.36096,29.528564,32.187805,0.070678025,4,-1,-1
686.0684,512.65906,22.68158,38.63965,0.068696916,4,-1,-1
518.07166,722.7977,32.096863,56.42816,0.06559858,1,-1,-1
381.28745,761.90857,71.539185,41.232605,0.06448412,10,-1,-1
667.3173,559.4308,45.116272,68.88403,0.060549706,1,-1,-1
656.1628,215.47061,21.45282,41.277374,0.060015827,1,-1,-1
1012.00836,725.8989,91.33258,36.26941,0.059431523,4,-1,-1
523.71826,723.3549,29.037354,52.762085,0.05769372,2,-1,-1
516.97736,722.17346,33.834106,57.85608,0.057465225,4,-1,-1
486.39825,524.99384,29.16388,61.655884,0.056383997,5,-1,-1
806.64636,938.84845,59.070496,99.685,0.051526815,1,-1,-1
