706.87494,512.5791,104.17218,49.987915,0.99999815,4,-1,-1
339.18506,513.0255,61.176147,61.921143,0.99987054,4,-1,-1
297.48315,463.88538,74.79074,55.75293,0.9994907,4,-1,-1
0.0,924.65955,239.54222,123.75574,0.99939877,4,-1,-1
259.19687,558.88965,84.07663,76.93787,0.9992734,4,-1,-1
196.68556,480.13803,95.68782,52.758575,0.9989497,4,-1,-1
137.17233,446.4827,78.17934,46.839844,0.99888784,4,-1,-1
0.034615695,859.25433,219.80377,115.265625,0.99848855,4,-1,-1
928.9374,589.3713,127.46484,70.47101,0.9977325,4,-1,-1
683.7397,468.35992,78.30475,49.163574,0.99766076,4,-1,-1
757.512,469.48703,79.01947,48.7507,0.99714804,4,-1,-1
2.6759303,604.0368,164.35237,92.01221,0.99395925,5,-1,-1
218.14476,424.0456,59.033676,41.01651,0.9930725,4,-1,-1
577.8238,452.05542,69.50311,43.32846,0.98791754,4,-1,-1
1288.9316,708.7478,110.19336,83.46747,0.9864299,4,-1,-1
197.9948,407.86417,51.398407,31.201172,0.984275,4,-1,-1
522.38043,384.7257,56.50824,33.968384,0.98098415,4,-1,-1
190.89168,362.6353,38.172806,37.19925,0.96048987,4,-1,-1
674.8162,442.9475,54.625977,39.014038,0.95797646,4,-1,-1
22.092012,498.9704,120.76079,53.468323,0.9431741,5,-1,-1
448.88516,358.45676,49.56137,31.867401,0.9404286,4,-1,-1
127.326706,369.85468,37.504333,35.0972,0.9345243,4,-1,-1
808.3965,716.5543,117.26575,93.73193,0.9112015,4,-1,-1
790.99426,399.70712,65.127075,31.79715,0.8866894,4,-1,-1
840.6029,402.99966,77.515076,49.919098,0.88343173,5,-1,-1
230.32954,358.37277,37.187973,37.587585,0.8705724,4,-1,-1
622.0285,423.95773,63.058594,32.447083,0.86954087,4,-1,-1
652.04004,404.41574,61.771362,33.18747,0.85355914,4,-1,-1
573.1672,405.80307,55.349854,32.611908,0.84732985,4,-1,-1
973.1463,442.74033,51.733826,33.45172,0.8358896,4,-1,-1
883.2174,435.80435,84.39606,70.55731,0.83500916,6,-1,-1
383.00613,791.6339,222.11014,213.84265,0.8274716,9,-1,-1
1009.5897,441.1681,69.2229,47.91272,0.80198693,4,-1,-1
661.9802,373.65466,61.929504,37.69452,0.7887923,5,-1,-1
120.39828,340.85822,36.799126,30.233124,0.7718365,4,-1,-1
760.8893,390.0903,63.01837,32.736176,0.742921,4,-1,-1
925.49097,553.5717,54.36743,39.068787,0.7372068,4,-1,-1
0.8210585,342.7289,59.670155,23.427765,0.7306103,4,-1,-1
390.54208,532.5679,144.38126,134.76257,0.7267691,5,-1,-1
85.40744,308.38217,36.948967,30.747711,0.708621,4,-1,-1
885.341,423.7061,60.608215,33.22107,0.69280845,4,-1,-1
422.6284,351.70364,50.882324,27.107483,0.6854889,4,-1,-1
0.0,575.2057,171.22098,66.19025,0.67157817,4,-1,-1
0.0,365.8024,68.70158,31.674744,0.6703954,4,-1,-1
932.7771,422.9106,66.39209,42.364014,0.6458007,5,-1,-1
1.7682718,580.4657,166.72034,68.52002,0.6226666,5,-1,-1
435.28574,355.3479,49.67679,28.777771,0.6225075,4,-1,-1
921.5729,520.1976,63.266846,44.675354,0.6029278,8,-1,-1
902.57367,508.40558,79.70105,48.543457,0.5918527,4,-1,-1
0.9449919,329.4877,54.47293,25.150574,0.569279,4,-1,-1
641.8316,360.75064,63.82483,31.298645,0.5664556,5,-1,-1
1010.87964,440.97888,68.37537,48.292206,0.5574088,5,-1,-1
652.69775,383.59506,58.99817,36.4769,0.5552514,5,-1,-1
125.26926,359.03827,35.42328,34.365417,0.5506929,4,-1,-1
733.5747,386.7356,63.61908,29.372833,0.5409933,4,-1,-1
717.20953,373.37683,49.43689,29.192566,0.51945704,5,-1,-1
603.1259,388.5089,48.977783,28.198029,0.49678618,4,-1,-1
177.36105,336.09555,32.832565,29.52185,0.48003116,4,-1,-1
0.0,555.56476,154.5888,55.48651,0.47774988,4,-1,-1
597.0724,353.18182,34.10852,24.746124,0.47723615,4,-1,-1
650.686,359.96738,60.469604,31.16504,0.46154562,4,-1,-1
734.60834,418.62814,44.50995,33.627502,0.4608438,4,-1,-1
1.4807601,553.30396,158.55327,75.66858,0.4529628,5,-1,-1
783.51544,392.00528,54.954956,31.630798,0.4520913,4,-1,-1
660.3963,374.13522,63.235046,39.79245,0.45201242,9,-1,-1
1172.9493,611.4609,41.051025,34.451538,0.4445682,10,-1,-1
1024.0468,550.2334,20.90564,49.06012,0.442431,1,-1,-1
381.73697,790.70844,222.65689,215.12158,0.44082057,5,-1,-1
1025.838,476.55005,65.64844,52.66919,0.43568006,4,-1,-1
675.4931,368.27728,47.110413,30.392273,0.42957133,5,-1,-1
383.9559,523.7346,153.16159,147.05695,0.42953885,6,-1,-1
600.8813,379.831,44.518738,28.193207,0.42813033,4,-1,-1
1075.5826,601.47974,49.92212,42.638916,0.42642003,10,-1,-1
187.08719,346.2447,35.134247,29.13507,0.4132238,4,-1,-1
732.22107,398.84198,55.119873,30.993225,0.4105623,4,-1,-1
644.5581,415.81424,61.531067,34.947083,0.4105345,4,-1,-1
0.50423914,318.8119,51.08858,25.891113,0.40943524,5,-1,-1
1.0044497,328.17505,53.106785,26.50119,0.40847263,5,-1,-1
1275.6575,631.3131,25.96875,45.717957,0.40558955,2,-1,-1
843.75354,408.03113,82.35425,53.015625,0.40215638,4,-1,-1
910.6315,420.70584,83.47046,53.290955,0.39938024,6,-1,-1
1.753791,500.7817,142.21071,64.99307,0.3942693,6,-1,-1
0.9966316,318.30005,52.01797,25.468689,0.39408803,4,-1,-1
646.46344,368.15054,59.3537,40.462738,0.3927289,5,-1,-1
1.3293178,511.08154,141.29453,67.34021,0.38093537,5,-1,-1
643.85913,363.35248,67.38312,37.008392,0.3789006,9,-1,-1
1128.7743,434.75888,27.698975,39.97116,0.37687966,1,-1,-1
843.4834,418.74902,84.90094,46.43814,0.36411917,5,-1,-1
1253.3862,641.4309,92.9281,48.769043,0.36314696,3,-1,-1
1256.0991,637.61304,114.408325,64.02881,0.35312158,7,-1,-1
905.5095,508.04086,71.61499,51.00821,0.33780617,8,-1,-1
353.11426,330.77313,39.64801,22.701569,0.33473516,4,-1,-1
904.1257,423.13245,73.934814,42.097565,0.32963395,4,-1,-1
599.1959,360.13092,30.682434,31.772766,0.3290539,4,-1,-1
603.56683,388.74573,48.34967,28.219421,0.3249194,5,-1,-1
660.6401,374.51035,62.858948,36.600555,0.3227652,6,-1,-1
0.80903983,557.2623,116.79734,51.70459,0.32253093,5,-1,-1
1321.952,358.7278,49.405884,31.55835,0.32162297,7,-1,-1
734.54626,409.85306,43.89044,37.87738,0.3211571,5,-1,-1
344.86133,314.9055,36.363556,25.76184,0.31724536,4,-1,-1
732.6735,384.6003,61.130188,29.934418,0.31542203,5,-1,-1
941.06665,431.69537,61.540405,39.57318,0.31434852,4,-1,-1
733.2896,395.9581,54.891968,35.16217,0.31141794,5,-1,-1
920.59875,517.6459,66.71216,47.921997,0.30947053,5,-1,-1
598.76917,371.73633,37.09137,30.654694,0.30849338,4,-1,-1
1078.1694,603.08765,48.06006,42.302002,0.30827743,7,-1,-1
666.81616,361.8377,49.646057,28.56137,0.30619806,5,-1,-1
591.2714,409.1855,50.619385,28.753326,0.3060109,4,-1,-1
0.12953442,341.7799,60.48662,24.881989,0.3046059,5,-1,-1
843.8594,407.87708,80.88995,51.61203,0.30363852,6,-1,-1
904.1257,423.13245,73.934814,42.097565,0.30362776,5,-1,-1
586.69745,371.25113,35.704956,30.341766,0.29989088,4,-1,-1
49.121143,362.8438,55.867878,28.206085,0.29848215,4,-1,-1
0.09048396,505.22208,45.218506,29.820099,0.29416955,4,-1,-1
408.92746,331.10428,51.164703,26.528412,0.28822544,4,-1,-1
681.096,457.78738,65.20221,42.144318,0.27647525,4,-1,-1
366.4427,331.8576,38.312347,24.319122,0.27224526,4,-1,-1
650.75995,387.3135,54.882324,31.400085,0.2708894,4,-1,-1
928.4028,527.4393,53.54718,39.17987,0.27005088,7,-1,-1
4.251388,535.53986,135.39719,47.327087,0.2698792,4,-1,-1
716.7142,373.613,53.54413,29.728271,0.26940686,4,-1,-1
125.048775,311.3761,34.33262,31.582642,0.2694037,4,-1,-1
927.923,524.5129,56.738586,41.590027,0.26748997,4,-1,-1
1023.49963,478.39978,67.68738,52.0484,0.26640353,7,-1,-1
676.98773,361.4084,43.260254,27.737335,0.2633611,4,-1,-1
1362.1599,633.3035,32.866333,57.78961,0.2595257,1,-1,-1
1275.6575,631.3131,25.96875,45.717957,0.25664586,1,-1,-1
889.31,439.05328,79.57068,47.951233,0.25336877,4,-1,-1
1032.7241,559.03345,20.890015,50.5943,0.25253063,1,-1,-1
719.6354,384.02216,49.615356,31.827393,0.24984428,5,-1,-1
670.95667,369.525,51.921265,31.122406,0.24835977,4,-1,-1
629.2207,414.57504,59.50531,30.607513,0.24640921,4,-1,-1
651.6358,403.08105,66.65216,37.785553,0.24628517,5,-1,-1
375.2968,338.7136,38.430298,22.941528,0.24623692,4,-1,-1
419.60654,340.7364,46.44702,27.263031,0.24458605,4,-1,-1
1071.3452,588.60596,47.27002,45.344177,0.24451289,10,-1,-1
1173.7429,623.62946,38.85913,31.480957,0.24236807,10,-1,-1
0.0,482.00922,38.094376,28.557373,0.24225166,7,-1,-1
0.0,365.4458,68.55058,33.55255,0.23827976,5,-1,-1
134.35875,314.3229,36.203537,31.664124,0.23758721,4,-1,-1
1010.87964,440.97888,68.37537,48.292206,0.23685443,8,-1,-1
906.44196,508.30875,73.00708,51.545197,0.23644727,7,-1,-1
1175.1765,607.89526,33.024292,38.10315,0.23528665,2,-1,-1
1187.0558,609.5693,30.233154,38.56897,0.23482102,2,-1,-1
54.0395,275.41837,43.75855,28.57721,0.23301005,4,-1,-1
0.0,482.00922,38.094376,28.557373,0.232184,8,-1,-1
733.88055,418.90158,45.041626,33.28531,0.23176435,6,-1,-1
32.47759,266.5146,44.72948,23.155579,0.23086488,4,-1,-1
719.6354,384.02216,49.615356,31.827393,0.23026535,4,-1,-1
387.73663,345.46912,35.55194,26.865753,0.22873473,4,-1,-1
569.81964,369.4385,36.624573,32.245514,0.22799006,4,-1,-1
600.8026,378.91937,46.187195,31.109924,0.22697231,5,-1,-1
640.354,349.46677,48.765015,28.801788,0.22650892,4,-1,-1
616.0399,394.18423,39.17926,29.646301,0.22556269,5,-1,-1
0.99395984,498.7318,39.073456,28.715027,0.22529519,7,-1,-1
1018.2448,554.1753,21.150574,50.399902,0.22455272,1,-1,-1
597.0724,353.18182,34.10852,24.746124,0.22340158,5,-1,-1
1025.5968,476.38638,67.10657,53.751312,0.21796006,8,-1,-1
0.99395984,498.7318,39.073456,28.715027,0.21779871,8,-1,-1
45.03192,268.38138,44.49903,26.121368,0.21573776,4,-1,-1
904.1318,506.23126,65.71448,49.725586,0.21527138,5,-1,-1
658.729,379.28992,59.434326,34.92807,0.21160585,4,-1,-1
761.0325,389.54004,62.59546,34.346466,0.21052253,5,-1,-1
23.785091,260.01785,46.229282,22.460083,0.20592946,4,-1,-1
592.4796,340.77826,42.9386,27.505554,0.20556685,4,-1,-1
1266.1721,643.9711,49.397827,40.41797,0.20386225,2,-1,-1
408.92746,331.10428,51.164703,26.528412,0.20276964,5,-1,-1
124.04712,329.25104,36.020782,27.722412,0.2026785,4,-1,-1
637.48096,393.28156,48.87848,27.573029,0.20108402,4,-1,-1
1078.0688,602.2173,47.99048,43.175842,0.200268,8,-1,-1
1021.37805,512.13477,27.47998,41.740967,0.19985846,1,-1,-1
925.2582,553.8274,55.256287,39.4834,0.19848818,10,-1,-1
925.646,554.12823,53.319275,39.146545,0.1961255,8,-1,-1
62.464657,282.3232,44.68613,26.729218,0.19611579,4,-1,-1
103.12059,293.52612,34.575684,26.709473,0.193964,4,-1,-1
0.0,365.87332,67.83519,32.05905,0.19191992,6,-1,-1
926.2337,438.99832,58.66754,32.416107,0.19046322,4,-1,-1
599.1959,360.13092,30.682434,31.772766,0.18951327,5,-1,-1
298.7891,311.06934,42.3627,21.077179,0.18831483,4,-1,-1
2.5462875,502.0591,143.46301,54.415863,0.18800911,4,-1,-1
780.5855,679.1907,27.80072,39.192078,0.1871846,10,-1,-1
641.8316,360.75064,63.82483,31.298645,0.1843248,6,-1,-1
260.715,298.53815,43.94919,21.40393,0.18386602,4,-1,-1
160.34756,327.37646,34.96483,26.96164,0.1834757,4,-1,-1
646.46344,368.15054,59.3537,40.462738,0.18126243,6,-1,-1
640.354,349.46677,48.765015,28.801788,0.17886975,5,-1,-1
79.87976,285.47174,39.882187,25.348053,0.17842874,4,-1,-1
616.0399,394.18423,39.17926,29.646301,0.1776689,4,-1,-1
579.7004,405.0079,51.48352,31.722809,0.17764264,5,-1,-1
737.3454,406.58493,46.515564,33.99173,0.17702356,4,-1,-1
652.69775,383.59506,58.99817,36.4769,0.17664793,6,-1,-1
249.5717,290.29233,37.469193,23.892303,0.17659011,4,-1,-1
54.0395,275.41837,43.75855,28.57721,0.17652884,5,-1,-1
7.01668,377.08292,60.103485,27.738739,0.17409727,4,-1,-1
1017.89844,459.3122,65.82129,58.169983,0.17358768,8,-1,-1
0.0,482.00922,38.094376,28.557373,0.17217678,4,-1,-1
1009.0144,440.6746,69.57239,48.38971,0.1719003,1,-1,-1
1076.8536,603.56366,49.46875,42.115295,0.17184371,3,-1,-1
1021.6906,498.9298,55.183655,37.869446,0.17051345,7,-1,-1
1168.6963,605.4956,40.623413,36.20276,0.16861382,1,-1,-1
1009.13763,441.26794,70.00812,48.125153,0.1684995,2,-1,-1
16.254982,266.54312,46.093006,20.62741,0.1680001,4,-1,-1
125.048775,311.3761,34.33262,31.582642,0.1666356,5,-1,-1
85.15338,308.17108,36.716278,31.220306,0.16556102,5,-1,-1
735.7486,405.1024,48.655334,36.12314,0.16262668,6,-1,-1
943.1133,470.68292,30.572632,39.21762,0.16140354,1,-1,-1
273.84222,301.20776,43.98474,21.060242,0.16110095,4,-1,-1
99.37631,307.32626,34.494644,29.026886,0.16053128,4,-1,-1
7.01668,377.08292,60.103485,27.738739,0.16011128,5,-1,-1
1354.1187,642.5613,26.80017,45.958496,0.16010979,1,-1,-1
648.1756,371.7312,50.90326,36.352142,0.16006133,4,-1,-1
630.3823,360.17963,48.259705,26.88501,0.15939489,4,-1,-1
0.0,482.00922,38.094376,28.557373,0.15778202,5,-1,-1
1046.7886,549.53204,20.019653,48.57019,0.15772906,1,-1,-1
965.1761,438.08344,54.874084,36.934906,0.15757975,5,-1,-1
1187.9559,615.2917,29.238403,39.76581,0.15734267,10,-1,-1
477.40085,349.21716,35.47989,29.648712,0.15703222,4,-1,-1
780.3651,679.0827,27.262146,39.397034,0.15685782,7,-1,-1
1020.9071,523.9475,22.05249,40.25946,0.15645233,1,-1,-1
663.7838,416.27426,53.247253,32.097076,0.15635833,5,-1,-1
876.3414,421.9452,67.08301,36.761383,0.15615508,5,-1,-1
745.7913,680.8359,19.78717,46.615417,0.15583518,10,-1,-1
904.1318,506.23126,65.71448,49.725586,0.15562993,10,-1,-1
626.1951,423.29742,59.113403,34.356995,0.15499502,5,-1,-1
642.2976,392.23886,51.782776,28.795227,0.15493196,5,-1,-1
1060.9573,575.2978,22.212158,45.74237,0.15431848,1,-1,-1
1256.083,635.5713,116.23584,68.08307,0.1542908,4,-1,-1
0.99395984,498.7318,39.073456,28.715027,0.154208,5,-1,-1
139.354,324.46588,38.627045,26.23822,0.15366265,4,-1,-1
906.60565,507.25125,58.07422,45.28122,0.15355864,1,-1,-1
14.439435,499.17468,133.28372,57.390686,0.15344727,9,-1,-1
45.03192,268.38138,44.49903,26.121368,0.1532811,5,-1,-1
611.9238,411.28317,48.32068,28.076324,0.15282643,4,-1,-1
860.544,427.45322,72.37695,33.970154,0.15255734,4,-1,-1
407.1555,346.5171,43.825287,30.232513,0.151719,4,-1,-1
1375.369,621.2944,23.755981,73.19818,0.1515547,1,-1,-1
598.6037,371.3535,38.918274,30.074066,0.14987275,5,-1,-1
733.109,425.3419,46.949768,30.026703,0.14886108,5,-1,-1
780.5855,679.1907,27.80072,39.192078,0.14864329,3,-1,-1
733.89496,417.81638,45.40265,34.239258,0.14713708,7,-1,-1
727.5385,431.7724,43.62036,27.224548,0.14709294,4,-1,-1
981.9349,441.72128,64.80353,42.316437,0.14689285,4,-1,-1
734.60834,418.62814,44.50995,33.627502,0.14589563,8,-1,-1
32.47759,266.5146,44.72948,23.155579,0.14475271,5,-1,-1
134.35875,314.3229,36.203537,31.664124,0.14473689,5,-1,-1
1015.5272,513.8461,20.417114,43.47754,0.14351127,1,-1,-1
1062.7281,587.61206,26.643555,42.569275,0.14346337,1,-1,-1
933.0974,422.43576,64.94141,43.113373,0.14313823,1,-1,-1
1021.2562,499.39624,34.351685,43.482544,0.14304629,1,-1,-1
0.12953442,341.7799,60.48662,24.881989,0.14297721,1,-1,-1
1186.3749,637.2511,32.19397,43.312317,0.14146242,10,-1,-1
346.8353,317.32187,38.86673,24.741974,0.14119855,5,-1,-1
357.0246,338.83237,41.78543,21.762054,0.14049357,4,-1,-1
930.871,526.9405,53.0166,39.02997,0.13990813,10,-1,-1
1073.5817,586.9573,41.1709,41.364014,0.13952845,3,-1,-1
918.3715,569.1345,63.473206,36.096252,0.13936725,10,-1,-1
884.4269,434.44354,87.3327,68.6629,0.13933966,5,-1,-1
652.69775,383.59506,58.99817,36.4769,0.1393165,9,-1,-1
1094.3192,508.5772,22.873291,43.638794,0.13919237,1,-1,-1
879.9313,422.7643,77.091064,40.783142,0.13839883,6,-1,-1
1071.8062,591.67474,40.762817,44.483704,0.13815796,1,-1,-1
671.6833,431.77905,48.923584,33.395844,0.13776726,4,-1,-1
585.55035,372.12964,35.137024,31.32605,0.13688481,5,-1,-1
1167.5499,605.9518,44.80127,36.07202,0.13677365,3,-1,-1
1087.1003,508.99423,22.585571,44.066437,0.13642645,1,-1,-1
1050.1263,617.2454,26.30835,71.102356,0.13629764,1,-1,-1
0.7387996,494.093,35.65742,33.513763,0.13629031,4,-1,-1
94.7858,289.0369,38.565918,24.900208,0.13577294,4,-1,-1
394.9296,338.9561,45.526215,25.165253,0.1355834,4,-1,-1
1057.9889,562.294,20.834229,49.157654,0.13545343,1,-1,-1
366.4427,331.8576,38.312347,24.319122,0.13491914,5,-1,-1
907.6481,441.84674,66.82434,46.79065,0.13482782,6,-1,-1
266.36823,299.40067,43.74579,21.2771,0.13419637,5,-1,-1
722.7969,439.2798,37.05255,31.263031,0.133125,4,-1,-1
0.91006136,402.81906,41.855408,26.82486,0.13299626,10,-1,-1
734.51776,406.70053,46.13037,36.43872,0.13297927,1,-1,-1
1255.948,636.7063,114.55298,65.829834,0.13297868,6,-1,-1
1016.4585,538.8893,23.397705,44.98877,0.1320695,1,-1,-1
598.1085,373.90332,41.134216,30.739716,0.13154191,6,-1,-1
940.5824,471.02832,32.847107,38.798004,0.13148403,7,-1,-1
1.11625,329.624,54.961185,25.11148,0.13141844,6,-1,-1
918.69604,446.42712,52.857483,36.574463,0.13056147,4,-1,-1
578.8159,390.39145,49.36914,35.204224,0.13055357,4,-1,-1
1025.737,477.38156,68.03064,52.600983,0.13006064,6,-1,-1
0.99395984,498.7318,39.073456,28.715027,0.1298078,10,-1,-1
1020.66345,479.4247,71.85693,55.08023,0.12970963,5,-1,-1
1266.296,634.92676,27.306885,44.263916,0.12967452,2,-1,-1
630.3823,360.17963,48.259705,26.88501,0.12962115,5,-1,-1
670.95667,369.525,51.921265,31.122406,0.12956947,9,-1,-1
783.51544,392.00528,54.954956,31.630798,0.12951863,5,-1,-1
927.0568,524.844,56.765747,40.146606,0.12910178,1,-1,-1
204.13168,413.91885,57.439117,35.871582,0.12902364,4,-1,-1
926.913,438.07712,55.020874,34.505676,0.12899768,5,-1,-1
1061.547,583.1504,26.788818,40.085876,0.12878707,10,-1,-1
411.9102,356.70728,46.963043,26.23816,0.12864453,4,-1,-1
734.86365,396.67392,58.05255,31.652893,0.1269972,6,-1,-1
0.0,365.87332,67.83519,32.05905,0.12696564,1,-1,-1
390.54056,532.5907,142.51193,134.62585,0.12667266,4,-1,-1
0.0,507.65814,82.58285,35.383423,0.12536225,4,-1,-1
1187.0558,609.5693,30.233154,38.56897,0.12524602,1,-1,-1
