1148.6576,686.7109,77.38025,75.00824,0.9195752,4,-1,-1
1069.6736,785.4524,99.038574,109.38226,0.9079088,4,-1,-1
671.5334,538.6174,82.85907,43.64978,0.85171556,4,-1,-1
786.7443,783.5437,143.305,124.65698,0.8498087,4,-1,-1
530.9809,706.6186,147.90533,85.39996,0.84921324,4,-1,-1
468.3114,848.9045,218.33398,184.65033,0.83427805,4,-1,-1
1154.9655,543.76556,88.6991,52.633484,0.8313595,4,-1,-1
312.52484,709.9427,230.94757,200.99658,0.83034194,6,-1,-1
1118.649,482.25958,53.463013,38.253418,0.82599735,4,-1,-1
936.1862,525.9672,162.00702,137.66833,0.8125904,9,-1,-1
1174.2731,486.67477,48.511353,40.319733,0.81135654,4,-1,-1
1286.2452,375.42517,24.780273,20.596924,0.80156,4,-1,-1
1127.1243,511.24323,59.428955,45.6792,0.7956909,4,-1,-1
889.31915,533.15295,74.4668,47.08795,0.78645456,4,-1,-1
1234.7883,444.06873,38.059082,32.527405,0.7856984,4,-1,-1
1156.3424,419.41183,74.31775,68.524536,0.7681167,9,-1,-1
1208.6174,461.20074,43.680054,38.884064,0.7519804,4,-1,-1
1013.7974,495.28403,58.003723,40.200653,0.7411985,4,-1,-1
806.11725,568.31085,87.2229,55.594543,0.7402575,4,-1,-1
1229.6051,419.1685,33.38806,24.769379,0.7375696,4,-1,-1
1349.0762,390.95667,29.221924,21.065796,0.7359738,4,-1,-1
940.11066,497.33408,45.498657,33.92514,0.7243313,4,-1,-1
985.30347,443.75162,31.92749,32.05887,0.72414446,4,-1,-1
1243.5792,516.598,54.603394,39.01935,0.7226276,4,-1,-1
1263.1643,401.25235,35.65161,25.831787,0.71873593,4,-1,-1
978.1466,528.409,57.219604,38.678284,0.7186735,4,-1,-1
886.5098,514.11304,57.76288,37.64337,0.7178495,4,-1,-1
975.1852,483.16345,61.086304,33.11975,0.71469915,4,-1,-1
392.1152,668.75665,132.785,77.684204,0.7138824,5,-1,-1
1080.7961,394.92395,39.872314,19.17926,0.69403994,4,-1,-1
715.1565,564.27374,17.993408,38.347473,0.68923134,1,-1,-1
1253.4095,433.2504,31.009277,25.394135,0.6829471,4,-1,-1
792.91046,547.0567,15.626831,33.25702,0.6747166,1,-1,-1
1057.8806,477.83783,55.418213,33.263336,0.6589682,4,-1,-1
1336.4246,614.24316,62.967773,63.040833,0.65273184,4,-1,-1
590.5237,556.36334,65.42883,44.867554,0.6499664,4,-1,-1
1324.194,384.66312,24.163574,20.943634,0.649869,4,-1,-1
763.913,578.1211,18.20343,43.691284,0.64965576,1,-1,-1
1098.5664,385.8066,39.445557,18.553741,0.64523965,4,-1,-1
242.63193,758.58997,37.94287,57.368347,0.6443695,1,-1,-1
1109.3762,421.8736,30.282959,21.561554,0.6376295,4,-1,-1
546.8721,612.70465,121.385254,84.52954,0.62476313,4,-1,-1
1280.3167,423.68207,28.354614,23.81543,0.6071482,4,-1,-1
1350.7903,441.33157,11.928101,22.039276,0.58853316,1,-1,-1
1358.8612,471.9178,15.008057,27.403381,0.5807632,1,-1,-1
1304.461,409.4728,31.691162,25.330597,0.5735691,4,-1,-1
1311.48,333.35736,24.54358,17.814514,0.568424,4,-1,-1
1054.6658,398.3878,45.884766,22.295288,0.56333786,4,-1,-1
1302.7202,396.12088,24.796875,20.307587,0.5569177,4,-1,-1
907.89764,483.99948,43.943604,36.02658,0.5397175,4,-1,-1
776.87354,573.132,17.010254,36.38153,0.5345099,1,-1,-1
1104.2739,433.36255,34.44812,26.206055,0.52803767,4,-1,-1
1218.9225,922.208,180.46985,127.184326,0.5277917,4,-1,-1
1295.5,667.87555,88.71045,87.97821,0.52315664,5,-1,-1
1380.3127,461.74658,13.250488,26.1409,0.5207799,1,-1,-1
1307.338,377.8291,24.542847,20.027466,0.512745,4,-1,-1
1341.228,467.389,14.798218,29.42276,0.48639944,1,-1,-1
1358.7864,325.71466,18.38086,14.886475,0.47648817,4,-1,-1
1028.965,425.9806,59.023193,55.782074,0.47361195,6,-1,-1
1359.8394,780.59204,39.55298,98.31177,0.45852545,4,-1,-1
1323.3635,401.19147,24.688599,21.67978,0.4467686,4,-1,-1
1080.3033,440.95154,38.687744,23.393402,0.44672877,4,-1,-1
1363.2004,441.85532,11.40918,22.269012,0.4435045,1,-1,-1
736.05426,524.27515,76.93292,46.99066,0.44012472,5,-1,-1
1272.9365,534.7584,83.37598,68.62421,0.43592942,6,-1,-1
1335.2445,333.506,22.220581,15.013672,0.42274794,4,-1,-1
736.05426,524.27515,76.93292,46.99066,0.40310028,4,-1,-1
961.18896,456.38464,10.932739,20.026459,0.40180334,1,-1,-1
1366.8885,439.98532,11.392822,22.05719,0.39650398,1,-1,-1
1077.2161,432.56955,32.315674,21.310791,0.38761768,4,-1,-1
1342.762,306.13007,14.165283,12.281952,0.38724625,4,-1,-1
1372.8416,442.11838,11.425171,21.05655,0.36475384,1,-1,-1
1002.97125,474.871,43.568665,26.290833,0.3641492,4,-1,-1
968.7022,456.54984,13.185547,18.546326,0.36247167,10,-1,-1
1294.2351,667.8524,91.0509,88.00519,0.35767373,4,-1,-1
658.5989,307.9355,8.204407,16.786682,0.35269743,1,-1,-1
1325.9829,320.4961,18.157959,14.507874,0.35033983,4,-1,-1
1315.7769,382.37512,27.591553,21.222687,0.339331,4,-1,-1
1134.1636,366.5475,33.87317,17.792053,0.33866775,4,-1,-1
1025.4624,1001.57947,119.096924,47.812866,0.33147746,4,-1,-1
765.9848,564.99445,16.67981,39.736145,0.3289978,1,-1,-1
547.6069,613.60706,122.20648,83.464294,0.32786167,5,-1,-1
1055.2301,398.33572,45.25171,22.504944,0.32644463,5,-1,-1
626.1017,501.5766,26.771362,22.0896,0.32094795,10,-1,-1
1124.9446,495.74936,56.076294,46.22409,0.31422764,4,-1,-1
1274.9357,317.37747,25.554443,16.978577,0.3128426,4,-1,-1
1335.9678,613.26135,63.42456,63.986084,0.31203994,5,-1,-1
1265.3922,317.12595,25.170776,16.128021,0.30878943,4,-1,-1
1293.8744,327.83508,21.893433,17.876251,0.30594856,4,-1,-1
564.67847,579.26294,71.08606,45.122986,0.30285227,4,-1,-1
736.8727,524.035,77.77429,47.864563,0.3011276,8,-1,-1
553.1535,600.8403,47.91089,33.5437,0.30099782,10,-1,-1
1386.4034,464.91525,12.988892,27.298553,0.29695195,1,-1,-1
149.85822,669.551,28.66513,42.81476,0.29398078,2,-1,-1
1344.9508,321.2494,17.01233,13.772247,0.29335493,4,-1,-1
992.3831,479.80823,49.308655,29.776794,0.28697512,4,-1,-1
738.36847,524.4055,76.315735,47.131775,0.28684032,6,-1,-1
962.51,456.65634,11.832642,20.031433,0.28648564,10,-1,-1
1258.7983,318.4377,24.15271,15.991699,0.28147715,4,-1,-1
1319.5819,318.54034,19.322754,14.917938,0.28082904,4,-1,-1
1149.3057,399.50232,27.016602,22.140259,0.28033113,4,-1,-1
969.3024,456.35236,12.41156,18.608551,0.28004056,1,-1,-1
1098.2405,462.01657,10.663574,20.577362,0.27568233,1,-1,-1
142.66895,672.0313,18.870941,42.83069,0.27119887,1,-1,-1
779.1265,560.146,17.393433,38.81659,0.26827323,1,-1,-1
585.06573,573.9292,58.29895,44.286987,0.26759595,7,-1,-1
1276.4844,458.83615,11.124878,25.380249,0.26728123,1,-1,-1
1146.4014,419.0528,12.109619,23.20874,0.26538163,1,-1,-1
636.46875,480.04916,12.710754,18.286133,0.26416644,1,-1,-1
1137.2499,394.64633,31.906738,22.542908,0.26187432,4,-1,-1
1282.109,315.946,27.611816,17.192902,0.25960314,4,-1,-1
796.5466,477.65152,59.026123,40.817596,0.25833607,6,-1,-1
588.5957,572.5351,53.689514,46.82733,0.2582178,4,-1,-1
1311.5503,402.4409,32.05591,28.447113,0.25639403,4,-1,-1
1160.5273,339.98676,57.819458,36.16327,0.25305012,9,-1,-1
1075.9225,433.1652,55.31653,34.21457,0.2515263,4,-1,-1
555.2976,594.09717,65.23816,37.76642,0.25132293,7,-1,-1
582.2845,572.6333,63.47534,44.69879,0.250077,8,-1,-1
1335.1495,472.57797,10.367432,24.691986,0.24854371,1,-1,-1
594.7567,556.9416,62.747803,48.55133,0.24603847,8,-1,-1
594.2622,557.6928,62.88855,48.79602,0.24340999,7,-1,-1
1372.4944,440.8082,11.708374,20.92981,0.24124256,2,-1,-1
907.8413,483.37454,44.433838,36.079926,0.24058908,5,-1,-1
669.5779,437.39093,7.3305664,13.605011,0.24057993,1,-1,-1
1013.7974,495.28403,58.003723,40.200653,0.23822969,5,-1,-1
1103.9359,434.36975,34.877075,27.054169,0.23567006,5,-1,-1
1377.9924,420.40408,21.399902,19.80716,0.23406413,4,-1,-1
152.64565,668.3306,16.436584,31.41919,0.23356035,2,-1,-1
1346.6198,317.3882,16.2323,13.376801,0.23350981,4,-1,-1
158.89418,665.89703,22.535324,35.236145,0.23344791,2,-1,-1
1369.1956,443.94437,26.441895,16.778564,0.23021528,10,-1,-1
1329.7793,317.33148,16.405396,14.357758,0.22956046,4,-1,-1
1108.388,387.0626,43.2229,19.564575,0.22868061,4,-1,-1
738.36847,524.4055,76.315735,47.131775,0.22850633,7,-1,-1
1346.8822,469.71744,11.451782,27.52707,0.22844881,1,-1,-1
886.1626,463.1325,34.648743,24.835358,0.2271846,4,-1,-1
773.09326,563.7677,17.281738,38.03412,0.22586626,1,-1,-1
887.349,530.599,10.839172,26.62262,0.22511634,1,-1,-1
561.1864,580.5725,74.89545,44.866882,0.2249617,7,-1,-1
1098.2405,462.01657,10.663574,20.577362,0.22424215,2,-1,-1
1323.081,391.22522,25.81189,22.714355,0.22332731,4,-1,-1
796.4829,549.5101,18.245178,35.11908,0.22286966,1,-1,-1
998.86176,424.09268,10.347351,15.795105,0.22253686,3,-1,-1
1262.5465,401.1614,35.849365,26.218994,0.22249526,5,-1,-1
153.92097,652.86926,23.776154,38.447754,0.22187921,2,-1,-1
1388.3174,488.0733,11.074951,27.016174,0.22187203,1,-1,-1
1337.7476,319.9725,19.560425,13.232239,0.21943596,4,-1,-1
886.7906,469.89795,29.851196,18.943573,0.21880886,10,-1,-1
598.68317,585.23987,38.357056,30.055603,0.21825239,10,-1,-1
151.41135,668.0507,19.64505,35.07025,0.21815747,1,-1,-1
1314.7246,309.6376,21.765503,14.732056,0.21804085,4,-1,-1
887.158,513.777,56.097412,38.42865,0.21802619,5,-1,-1
841.1844,572.89453,18.540955,30.998474,0.21666741,2,-1,-1
1391.9711,467.84888,7.4212646,23.298004,0.21644434,1,-1,-1
1097.317,424.62384,43.09375,26.707703,0.21583486,4,-1,-1
1376.2097,443.57135,11.848755,18.970917,0.21571094,1,-1,-1
984.8145,443.2144,32.410522,33.72766,0.21498838,5,-1,-1
1324.1852,390.3917,24.29834,22.417572,0.21408507,5,-1,-1
143.26758,670.2199,16.3376,31.935486,0.21396619,2,-1,-1
1307.1792,403.91275,34.158447,27.85498,0.21379277,5,-1,-1
987.84283,425.94244,13.003113,14.860718,0.21365917,3,-1,-1
530.386,703.12024,143.11536,92.173096,0.21279839,5,-1,-1
798.98047,458.70758,127.09119,63.98639,0.21277127,6,-1,-1
564.67847,579.26294,71.08606,45.122986,0.21184322,10,-1,-1
1278.6318,457.42407,14.36792,28.181976,0.21182853,1,-1,-1
1375.8866,443.7974,12.719727,18.35971,0.21136397,2,-1,-1
938.8051,455.8208,13.797485,16.675537,0.21120867,10,-1,-1
169.12483,660.4533,19.26358,34.35315,0.21088153,2,-1,-1
468.22775,610.9643,14.208374,19.177063,0.21005657,2,-1,-1
1097.665,466.74115,13.045654,22.898071,0.20969766,1,-1,-1
1099.3024,467.93402,12.064941,19.691925,0.2078262,2,-1,-1
1339.7032,478.07523,14.711548,22.552063,0.20692527,1,-1,-1
625.0475,496.4728,10.497742,19.048126,0.20635211,1,-1,-1
1309.144,394.6653,30.090088,20.358429,0.20520687,4,-1,-1
1305.966,308.6117,25.21228,14.909149,0.20470214,4,-1,-1
940.57947,497.59384,44.405334,33.08017,0.20297521,5,-1,-1
551.84766,611.6198,33.32959,25.523743,0.20263669,3,-1,-1
1345.6848,325.6038,15.343506,15.060028,0.20258075,4,-1,-1
636.46875,480.04916,12.710754,18.286133,0.19801316,10,-1,-1
1305.9574,328.87158,24.58252,19.382202,0.19787106,4,-1,-1
370.0889,685.6724,120.37216,64.86279,0.19739279,5,-1,-1
960.8416,457.57095,13.542664,19.889465,0.19671622,3,-1,-1
1098.5509,453.15863,9.969849,21.0484,0.19633242,1,-1,-1
1103.2317,426.02472,36.300293,26.170837,0.19524425,5,-1,-1
969.8594,454.75354,12.251953,19.506042,0.1944933,2,-1,-1
1080.1475,440.42325,38.528564,24.28601,0.1931985,5,-1,-1
392.2427,672.4907,133.28598,76.9892,0.19245231,4,-1,-1
1330.5242,325.65854,16.438232,14.747406,0.19057602,4,-1,-1
1244.2803,436.52274,43.00464,34.136017,0.1891056,4,-1,-1
1347.3794,308.76105,9.905884,8.691345,0.18906453,4,-1,-1
1095.564,469.8951,18.338379,19.872803,0.18896988,10,-1,-1
168.19688,668.30383,26.12439,40.71045,0.18876722,2,-1,-1
968.542,457.20547,12.9401245,18.649902,0.18865868,3,-1,-1
381.826,638.212,17.663208,37.317505,0.18844324,1,-1,-1
1291.3334,522.59296,14.792236,29.120178,0.18831944,1,-1,-1
561.1864,580.5725,74.89545,44.866882,0.188081,8,-1,-1
762.66656,590.9625,18.814209,40.16516,0.18805131,3,-1,-1
1344.5844,466.6945,10.175049,21.269531,0.18748835,1,-1,-1
999.5136,423.44388,9.26886,16.029999,0.18716809,1,-1,-1
792.5993,547.333,16.09491,32.969177,0.18691382,2,-1,-1
1326.8899,530.95026,15.153442,30.836365,0.1866158,1,-1,-1
1331.3066,330.20865,17.666992,14.712494,0.1865755,4,-1,-1
1338.5834,301.35672,17.662598,14.511108,0.18642554,4,-1,-1
1388.9152,479.7939,10.477173,26.499756,0.18581131,1,-1,-1
594.7567,556.9416,62.747803,48.55133,0.1850507,10,-1,-1
600.96234,576.826,24.378845,38.972473,0.18494019,1,-1,-1
751.1507,516.59424,60.74237,40.446228,0.18489924,8,-1,-1
607.1244,573.6977,20.072632,31.326965,0.18442631,1,-1,-1
1100.3242,449.94888,10.67688,19.91919,0.18435481,1,-1,-1
606.3532,575.97577,21.23938,34.927124,0.18395558,2,-1,-1
1277.0087,536.94385,80.06421,66.28967,0.18361643,4,-1,-1
855.4677,482.6866,11.76532,21.464233,0.18332365,1,-1,-1
588.5957,572.5351,53.689514,46.82733,0.18324226,10,-1,-1
468.22775,610.9643,14.208374,19.177063,0.18279806,1,-1,-1
1151.487,364.00522,38.059204,19.21878,0.18246606,4,-1,-1
697.63324,493.05045,12.556274,16.900604,0.18185651,2,-1,-1
1291.8713,460.91913,11.000366,25.301727,0.1817469,1,-1,-1
1293.7412,314.62512,22.866333,16.751617,0.18119287,4,-1,-1
1340.3866,474.43512,20.697754,30.22638,0.18117267,1,-1,-1
152.26015,683.0437,24.963516,41.22339,0.18092719,2,-1,-1
1388.8978,496.7967,10.494507,27.151794,0.17963862,1,-1,-1
930.4294,456.26,11.421997,18.846313,0.17926791,10,-1,-1
589.8243,573.3118,16.338745,32.585083,0.1787987,1,-1,-1
999.60645,422.72885,9.602783,16.314056,0.17862329,10,-1,-1
1296.1683,310.59763,22.819824,14.793579,0.17854518,4,-1,-1
1124.8567,510.03928,59.3114,46.969025,0.17809376,5,-1,-1
1369.524,442.79282,13.464478,19.06488,0.17780894,10,-1,-1
1134.6467,366.6656,32.982788,18.125977,0.17743173,5,-1,-1
931.9474,454.7559,16.822754,17.86258,0.17720309,10,-1,-1
993.4098,423.3563,11.031616,16.093597,0.17664793,3,-1,-1
774.7673,554.03143,11.589966,22.78302,0.1763474,1,-1,-1
962.66284,455.36444,11.312622,20.540375,0.17622012,2,-1,-1
664.392,436.8453,7.45874,14.243561,0.17614171,1,-1,-1
774.14087,553.65485,12.901306,19.511963,0.17612791,2,-1,-1
1350.235,389.85834,28.31018,22.431274,0.17471728,5,-1,-1
1139.0,400.35477,9.706787,16.790466,0.17403069,1,-1,-1
692.48865,494.32635,11.882324,16.001709,0.17365164,1,-1,-1
1298.3651,399.50916,24.42627,21.180603,0.17266595,4,-1,-1
934.5705,496.98828,10.256409,25.077637,0.17266062,1,-1,-1
659.5677,470.11224,10.569824,17.007324,0.172642,1,-1,-1
1146.7576,415.6248,12.533325,17.651306,0.17245907,1,-1,-1
565.0573,599.32587,40.84735,22.833435,0.17224336,10,-1,-1
555.2976,594.09717,65.23816,37.76642,0.17206377,8,-1,-1
1350.9005,314.4084,13.322998,12.107513,0.17019501,4,-1,-1
1343.8945,330.95023,15.347778,13.829987,0.17001072,4,-1,-1
159.75652,665.60974,21.540634,36.020264,0.16968378,1,-1,-1
1348.545,477.7667,12.204712,23.677765,0.1691679,1,-1,-1
150.11629,681.194,20.943909,42.843018,0.16887957,1,-1,-1
1010.2901,418.39886,18.535217,14.301971,0.1686747,10,-1,-1
618.3606,563.1188,20.733093,34.5307,0.16815019,1,-1,-1
1364.0332,448.36063,8.55127,18.072754,0.16804066,1,-1,-1
618.3606,563.1188,20.733093,34.5307,0.16773483,2,-1,-1
1009.1518,507.38416,61.51581,44.589294,0.16760874,4,-1,-1
971.8894,427.38803,8.155212,16.618988,0.16703108,1,-1,-1
1349.4966,326.0129,17.209229,13.276947,0.16696596,4,-1,-1
551.84766,611.6198,33.32959,25.523743,0.16652662,10,-1,-1
679.1972,487.48605,10.090149,16.805115,0.16593707,1,-1,-1
974.49927,482.49503,63.027954,33.550507,0.16509181,5,-1,-1
1093.8053,449.50043,18.469727,23.585907,0.16495898,1,-1,-1
1376.7178,316.2085,15.440308,15.348358,0.1648944,4,-1,-1
1054.9469,398.20834,46.95508,23.66095,0.1648322,6,-1,-1
833.19226,487.9411,77.18884,43.97943,0.16471046,6,-1,-1
1367.0768,440.10132,11.326538,21.755188,0.16446859,2,-1,-1
1067.4431,395.90186,35.394897,18.038574,0.16425645,4,-1,-1
153.29036,646.4416,19.093018,33.727722,0.16281816,1,-1,-1
886.901,514.1116,56.110474,37.879883,0.1624938,1,-1,-1
1234.7859,444.75058,38.253906,33.04599,0.16212487,5,-1,-1
1366.5785,326.22778,10.672852,12.401337,0.1619995,4,-1,-1
1366.3927,313.3466,11.845337,12.888916,0.16183567,4,-1,-1
763.5062,593.5833,17.15747,37.12018,0.16154265,1,-1,-1
137.14818,665.6287,23.623901,47.230286,0.16148287,2,-1,-1
1311.6633,333.1918,24.584717,18.148376,0.16138941,5,-1,-1
1316.0372,400.96783,29.748413,23.954193,0.16119838,5,-1,-1
1369.642,443.06177,25.242676,18.4234,0.1610654,4,-1,-1
1277.0087,536.94385,80.06421,66.28967,0.16025415,5,-1,-1
1344.6208,435.68365,9.979858,19.933289,0.16016114,1,-1,-1
1273.1082,534.9861,82.11597,68.67554,0.15817174,8,-1,-1
1242.3508,372.407,9.554565,21.40915,0.15811253,1,-1,-1
695.00214,482.5942,11.924805,18.037476,0.15773413,1,-1,-1
1323.6208,384.95496,25.387451,19.741913,0.15744328,5,-1,-1
144.41835,671.698,13.562408,26.848206,0.15718251,1,-1,-1
910.57715,484.84357,40.583374,32.630615,0.15685943,8,-1,-1
778.78735,570.76105,16.416443,40.11853,0.1565038,2,-1,-1
1316.4371,316.10092,18.277466,14.669556,0.15640855,4,-1,-1
907.9373,483.4491,43.574463,35.615234,0.15617165,6,-1,-1
677.6306,483.03207,12.747864,18.35913,0.15608156,2,-1,-1
1324.1935,321.3848,11.552856,12.62204,0.15584344,4,-1,-1
1315.68,306.30496,17.48767,13.381775,0.15581205,4,-1,-1
1057.7178,476.9881,55.779663,33.495483,0.15569726,5,-1,-1
960.47943,453.41058,20.424255,21.933441,0.155597,10,-1,-1
1366.2172,441.4997,23.477661,22.185028,0.15485266,1,-1,-1
1105.005,449.53363,10.598755,18.260406,0.1541526,1,-1,-1
696.97064,492.2772,13.297363,18.20102,0.15401489,1,-1,-1
1301.4794,399.45837,26.81543,23.218353,0.15397748,5,-1,-1
1109.3762,421.8736,30.282959,21.561554,0.15309379,5,-1,-1
673.2924,437.77292,7.0508423,13.479553,0.15291625,1,-1,-1
157.8562,647.8404,11.941025,23.254272,0.15235272,1,-1,-1
1359.0499,441.79376,11.46936,22.696594,0.15232563,1,-1,-1
798.53046,466.58478,81.357605,45.987366,0.15201321,6,-1,-1
1208.0598,461.20435,44.127075,38.36679,0.15056533,5,-1,-1
1338.956,475.32062,17.25647,26.10315,0.14936179,10,-1,-1
1329.5422,402.00415,27.672485,22.60852,0.14919224,4,-1,-1
964.0506,452.51614,10.148499,21.232697,0.1491616,1,-1,-1
600.37537,574.37854,17.648132,31.918396,0.14877158,1,-1,-1
636.46875,480.04916,12.710754,18.286133,0.14834148,2,-1,-1
1097.3832,384.7017,40.41516,19.348602,0.14705434,5,-1,-1
639.62866,485.9209,8.819214,12.4339905,0.14688197,1,-1,-1
630.8764,503.56497,18.46399,15.458893,0.1459781,10,-1,-1
1350.6647,444.67847,7.5410156,17.421478,0.14586788,1,-1,-1
1301.0693,388.15094,25.907593,21.305847,0.14569166,4,-1,-1
999.65826,422.7976,9.523987,16.167969,0.14539018,2,-1,-1
1148.5333,416.56552,10.021484,16.24414,0.14508417,2,-1,-1
153.7193,646.67975,17.87915,32.902344,0.1449132,2,-1,-1
1138.2228,372.2783,27.886719,17.701813,0.14432517,4,-1,-1
1136.4401,396.45764,13.976196,17.329315,0.14383426,1,-1,-1
1262.5465,401.1614,35.849365,26.218994,0.14349592,6,-1,-1
168.00487,663.4495,20.736252,38.03595,0.14337265,1,-1,-1
165.71146,664.21844,14.0468445,19.70227,0.14309889,2,-1,-1
156.43369,669.56287,11.73735,24.299805,0.1428698,1,-1,-1
588.1897,587.2102,47.901794,35.407654,0.14246142,3,-1,-1
1369.1588,442.59045,14.984863,19.463684,0.14200437,3,-1,-1
659.5677,470.11224,10.569824,17.007324,0.14181572,2,-1,-1
624.1011,496.0512,12.146545,17.585938,0.141727,10,-1,-1
1335.4316,481.17477,9.140259,20.569794,0.14144552,1,-1,-1
1091.8992,444.66513,9.427368,20.42395,0.14132887,1,-1,-1
1075.9225,433.1652,55.31653,34.21457,0.14129278,6,-1,-1
1359.5714,780.966,39.820923,96.40863,0.14098543,10,-1,-1
1339.1393,468.56003,10.554077,25.375336,0.1406064,1,-1,-1
560.8215,603.0504,32.13916,24.96112,0.14050099,10,-1,-1
1200.4657,379.69717,35.110107,23.27304,0.14044243,4,-1,-1
149.62422,667.2351,28.682953,50.6062,0.14017612,1,-1,-1
938.8051,455.8208,13.797485,16.675537,0.13946307,3,-1,-1
1331.3789,444.48807,13.678345,18.841156,0.13938051,1,-1,-1
897.28064,479.35046,8.622742,17.999664,0.1393295,1,-1,-1
607.735,566.4504,20.67157,31.548096,0.13881391,2,-1,-1
629.809,472.5018,16.855042,20.518127,0.13873118,10,-1,-1
1154.1414,544.84393,88.70032,51.91858,0.13867831,5,-1,-1
1118.7107,482.03207,52.942627,38.567413,0.1384663,1,-1,-1
1027.7964,426.56268,60.456543,54.874817,0.1382966,9,-1,-1
1110.705,450.9864,10.394287,16.964722,0.1377905,1,-1,-1
769.36523,576.7007,10.772583,29.129333,0.13753924,1,-1,-1
1319.7384,331.90744,18.6781,14.125153,0.13729551,4,-1,-1
1309.3975,528.69385,32.37085,23.93634,0.1371353,3,-1,-1
769.4099,569.954,28.139221,46.60498,0.13693675,1,-1,-1
157.6045,648.17786,12.389877,22.542297,0.13657585,2,-1,-1
834.3613,576.0378,17.341919,25.571655,0.13637543,2,-1,-1
930.6737,456.14813,10.641418,19.183807,0.13564497,1,-1,-1
670.5248,536.8387,84.32941,44.88147,0.13564008,5,-1,-1
628.2681,508.38113,27.656555,19.529022,0.13550952,10,-1,-1
1293.8744,327.83508,21.893433,17.876251,0.1353207,5,-1,-1
578.8698,596.5119,39.54132,22.582764,0.13524538,10,-1,-1
1335.5886,611.8681,63.80371,65.38403,0.13497066,6,-1,-1
692.3384,494.31616,12.044434,15.736206,0.1349644,2,-1,-1
907.8413,483.37454,44.433838,36.079926,0.13476357,7,-1,-1
841.1844,572.89453,18.540955,30.998474,0.13472697,1,-1,-1
921.01324,492.58966,54.40033,38.394836,0.1346704,4,-1,-1
164.90533,654.6816,30.231415,32.965393,0.13443738,2,-1,-1
0.0,837.4819,18.643137,45.849487,0.13396004,1,-1,-1
555.7953,595.1481,62.361633,36.358093,0.13377109,3,-1,-1
1363.4824,474.01724,8.909424,22.034393,0.13314706,1,-1,-1
470.02786,844.90857,213.39987,187.27429,0.13309419,5,-1,-1
1027.7808,426.96927,60.555542,54.628906,0.13299254,5,-1,-1
1102.2463,385.93832,26.237915,10.905762,0.13267893,4,-1,-1
1203.3086,420.92865,30.263916,28.709717,0.13224012,4,-1,-1
170.7252,662.4978,13.919159,19.496948,0.13223982,2,-1,-1
1289.3916,312.44458,22.235718,13.358002,0.1319403,4,-1,-1
847.8964,456.02512,72.65912,37.411865,0.13189736,6,-1,-1
764.0407,579.14874,17.34436,43.014038,0.13178888,2,-1,-1
626.46246,501.457,25.338928,20.742584,0.13169035,3,-1,-1
161.75479,665.1223,13.216782,18.973145,0.1316497,2,-1,-1
655.9513,326.39987,6.9923706,11.561066,0.13153443,1,-1,-1
660.5091,436.76743,7.632019,13.803131,0.13144925,1,-1,-1
310.94904,711.1253,234.2334,199.89026,0.13070297,5,-1,-1
1375.5532,443.8894,13.5217285,17.79422,0.13052884,10,-1,-1
1212.5602,374.28256,35.920654,23.197205,0.13029262,4,-1,-1
612.0261,572.6492,29.198364,29.16803,0.12949008,10,-1,-1
603.4811,575.7717,26.502869,27.656921,0.12938899,10,-1,-1
1360.5692,466.09244,19.748413,31.15097,0.12928331,1,-1,-1
1348.5363,438.0714,10.204102,22.338318,0.12918809,1,-1,-1
930.4294,456.26,11.421997,18.846313,0.12915236,3,-1,-1
626.7738,497.86862,13.174683,17.814728,0.129143,10,-1,-1
1342.2906,318.425,12.324097,12.198395,0.12910223,4,-1,-1
1388.6711,487.3446,10.721191,27.999695,0.12877744,2,-1,-1
1102.2897,438.57614,27.702759,26.176697,0.12872282,4,-1,-1
0.0,627.8328,173.90659,201.22406,0.12866986,9,-1,-1
812.569,455.93704,94.82904,43.227264,0.12853155,6,-1,-1
1336.1134,613.195,63.27893,63.718506,0.12830275,1,-1,-1
1369.4313,445.74432,11.756226,21.15915,0.12818408,1,-1,-1
770.6009,581.68616,19.850647,41.128723,0.12800822,1,-1,-1
179.45293,678.62726,19.92897,36.43518,0.12800166,2,-1,-1
770.1792,569.92224,11.282166,25.34729,0.12797508,1,-1,-1
156.34706,667.062,12.37561,18.765198,0.12788716,2,-1,-1
1358.0828,476.44302,22.491089,29.52362,0.12736958,1,-1,-1
763.5471,578.7384,18.818237,43.805115,0.12721589,10,-1,-1
990.5753,425.73764,13.635254,13.483398,0.12718713,10,-1,-1
924.22217,459.73068,15.029175,16.727936,0.12695679,10,-1,-1
883.4906,529.4686,18.848694,32.54132,0.12674266,1,-1,-1
1101.3419,475.9663,10.574707,24.113007,0.12660211,1,-1,-1
890.10394,533.2101,74.233215,45.53546,0.12647259,5,-1,-1
1180.8184,322.92862,31.435913,23.528229,0.12614748,4,-1,-1
1152.2491,395.03253,33.015137,22.996918,0.12596253,4,-1,-1
564.67847,579.26294,71.08606,45.122986,0.1257807,5,-1,-1
1093.4143,472.22552,23.320679,18.140076,0.12575355,3,-1,-1
801.6762,567.16376,93.73163,60.20404,0.12554032,5,-1,-1
1324.769,313.6603,18.927612,11.855835,0.12537125,4,-1,-1
1340.667,467.9954,15.115234,26.987488,0.12508595,2,-1,-1
1077.1993,428.5021,44.475952,27.948792,0.12423518,5,-1,-1
887.00214,464.07028,32.854614,23.949615,0.123921424,5,-1,-1
1338.956,475.32062,17.25647,26.10315,0.12375051,3,-1,-1
677.6306,483.03207,12.747864,18.35913,0.12361467,10,-1,-1
931.9474,454.7559,16.822754,17.86258,0.123276025,3,-1,-1
598.73816,576.23883,19.979248,35.884033,0.12309936,2,-1,-1
1174.1049,487.12485,48.70764,39.418488,0.12306464,5,-1,-1
737.9776,439.26462,65.927185,33.998444,0.123010755,6,-1,-1
936.86914,527.3506,158.04321,133.85382,0.122968376,6,-1,-1
1327.4036,537.64795,17.244873,37.095337,0.12288633,1,-1,-1
1144.3561,459.5931,34.92993,29.825073,0.12272355,4,-1,-1
785.98267,547.41797,18.300476,34.93579,0.12252593,1,-1,-1
625.4194,567.5181,18.108643,38.17102,0.122374356,1,-1,-1
1280.4529,423.5951,28.012817,23.718079,0.122280985,5,-1,-1
1243.9083,516.5335,53.8938,40.02295,0.12219104,5,-1,-1
1296.0946,372.16672,31.139282,22.266113,0.12170568,4,-1,-1
1103.4708,434.5006,35.347534,27.13736,0.12169024,6,-1,-1
1368.4396,316.0732,18.068115,15.200684,0.12153652,4,-1,-1
694.9479,482.70456,11.842651,18.051056,0.12098169,2,-1,-1
1362.827,442.24118,11.989502,21.4693,0.120894015,2,-1,-1
982.73584,493.45367,45.538208,26.976746,0.12040064,4,-1,-1
661.6836,422.88544,22.141724,11.334991,0.120277196,4,-1,-1
589.84814,556.91473,65.106445,43.616028,0.12011218,5,-1,-1
1330.4923,467.67633,17.67041,31.598114,0.119627565,1,-1,-1
1365.0641,443.11862,31.510132,18.145874,0.11954084,3,-1,-1
806.68207,568.1527,87.028564,56.210876,0.11937302,6,-1,-1
1313.229,441.33554,9.013672,19.781494,0.119312495,1,-1,-1
1307.338,377.8291,24.542847,20.027466,0.11911467,5,-1,-1
161.6835,670.2814,12.358383,23.574951,0.11871678,2,-1,-1
593.019,578.35724,39.984924,37.73346,0.11868718,2,-1,-1
1005.49554,416.64905,23.086731,17.023712,0.11867976,7,-1,-1
1094.0432,470.34286,22.388794,20.62735,0.11828911,1,-1,-1
1286.1244,375.4354,24.936035,20.507904,0.11828256,5,-1,-1
1380.1698,461.59842,13.946655,26.823608,0.118258715,2,-1,-1
1322.6659,334.85995,28.962158,17.082184,0.11822635,4,-1,-1
853.2311,484.04645,9.922791,22.909973,0.11818659,1,-1,-1
1162.2891,340.83572,54.384766,33.66217,0.11793971,5,-1,-1
1324.9038,399.3772,18.23413,16.0383,0.11792651,4,-1,-1
151.78305,650.34717,28.320908,44.541687,0.1178318,1,-1,-1
1146.2734,426.13547,11.391724,24.791595,0.117673546,1,-1,-1
1322.3654,309.54562,23.196533,13.353394,0.1176016,4,-1,-1
751.1507,516.59424,60.74237,40.446228,0.11742297,5,-1,-1
559.19226,602.8527,38.030212,26.454834,0.11731994,3,-1,-1
625.5793,501.4904,27.80426,23.677643,0.1172564,7,-1,-1
995.5647,426.37335,6.687378,14.0971985,0.11699206,3,-1,-1
775.0885,575.216,10.354065,29.873535,0.11664876,1,-1,-1
1126.1288,512.0959,60.849854,44.457153,0.11649603,1,-1,-1
886.3856,462.1664,32.010193,23.82013,0.11645153,8,-1,-1
1161.0121,80.61622,7.416748,15.240326,0.1163241,1,-1,-1
1339.8789,545.23254,18.079468,34.020264,0.11624166,1,-1,-1
635.9606,481.60764,9.462158,13.29126,0.11604437,1,-1,-1
1082.0181,395.021,38.391846,19.618042,0.11604172,5,-1,-1
1157.6183,341.20566,57.443115,34.487457,0.11588356,6,-1,-1
555.2976,594.09717,65.23816,37.76642,0.11570975,4,-1,-1
907.89764,483.99948,43.943604,36.02658,0.11563468,1,-1,-1
1094.2168,461.55557,19.354492,24.662567,0.11543065,1,-1,-1
1107.5875,443.56723,10.455078,20.530243,0.11526433,1,-1,-1
1084.2611,479.00385,64.90674,35.221985,0.11513248,4,-1,-1
1148.0548,408.7873,25.64917,22.980072,0.11500272,4,-1,-1
1233.5558,374.14554,12.369385,20.952118,0.114972144,1,-1,-1
1361.5543,323.69977,14.141113,11.942505,0.11491701,4,-1,-1
1069.3214,460.19174,51.555786,44.28369,0.11480221,4,-1,-1
1315.5146,439.0394,9.179565,18.87973,0.114608765,1,-1,-1
465.02243,607.7845,17.916595,22.809448,0.114582,10,-1,-1
1087.4291,472.93283,32.782715,19.026215,0.11412582,10,-1,-1
1154.5236,402.11673,17.326172,17.09552,0.1139524,4,-1,-1
671.0238,538.97125,83.172485,43.04773,0.113892734,1,-1,-1
1356.9983,322.70782,14.944214,13.852234,0.11366382,4,-1,-1
1344.1042,303.87033,10.627808,11.237396,0.11363053,4,-1,-1
1359.3091,471.82822,14.22876,27.761658,0.11332777,2,-1,-1
701.579,494.86496,10.283752,20.325592,0.1132426,1,-1,-1
660.5076,303.7061,5.8339233,15.577148,0.112986416,1,-1,-1
162.64445,674.2184,16.850403,36.33893,0.11266798,2,-1,-1
656.1705,451.92007,64.28784,38.166473,0.11262864,6,-1,-1
677.01404,481.518,13.9747925,20.3862,0.11244571,1,-1,-1
1358.9811,473.0506,14.395386,26.310486,0.11237654,10,-1,-1
1159.461,359.00375,29.256348,16.434052,0.11236879,4,-1,-1
1054.1313,398.036,8.288452,16.782898,0.112320215,1,-1,-1
712.8073,557.8589,30.438843,42.64093,0.112247616,1,-1,-1
1371.8463,422.70938,27.54602,25.408875,0.11221182,4,-1,-1
1075.7203,477.14212,43.256836,23.405151,0.11212292,4,-1,-1
1134.6646,388.75986,46.913574,25.257782,0.11202967,4,-1,-1
338.78473,673.2013,176.305,157.30353,0.11167732,6,-1,-1
929.0396,426.00055,32.727295,24.121704,0.11133456,4,-1,-1
1284.9838,458.57092,10.453491,23.910461,0.11128709,1,-1,-1
1096.54,470.39267,17.212036,14.988739,0.111272424,3,-1,-1
639.60345,463.25552,9.152222,18.524933,0.11116639,1,-1,-1
659.35376,471.31973,10.868591,17.607056,0.11108118,10,-1,-1
861.8182,480.6698,10.462952,23.725372,0.11085385,1,-1,-1
633.3146,500.26538,13.755493,16.93573,0.11071053,2,-1,-1
751.1507,516.59424,60.74237,40.446228,0.11069867,6,-1,-1
1342.9153,327.11078,27.181519,16.820953,0.11040503,4,-1,-1
633.3146,500.26538,13.755493,16.93573,0.110399425,1,-1,-1
1349.3783,441.08768,11.651245,21.978394,0.11039233,2,-1,-1
