84.03521,341.33536,111.105095,56.1456,0.9366318,4,-1,-1
81.92026,265.68384,104.4362,54.183258,0.89236796,4,-1,-1
297.29727,160.44263,87.94949,72.597244,0.76862746,4,-1,-1
403.79745,201.08453,79.474396,85.42505,0.7426169,4,-1,-1
547.19574,506.25485,18.963562,24.59024,0.7110088,1,-1,-1
640.60754,425.49487,173.57227,181.52667,0.5689848,9,-1,-1
391.5301,654.8395,22.273193,23.587402,0.5581049,1,-1,-1
373.54593,627.82513,18.18814,20.002563,0.5120047,1,-1,-1
427.04346,601.1762,20.765106,30.902222,0.4825302,1,-1,-1
307.77255,699.9696,20.250366,21.592163,0.480799,1,-1,-1
427.02206,616.9955,19.619537,31.355835,0.47714373,1,-1,-1
517.3666,509.97412,24.799927,26.498047,0.47222033,1,-1,-1
356.99106,663.9936,22.022766,21.259338,0.43329883,1,-1,-1
426.53186,639.61334,19.551544,25.47345,0.41055351,1,-1,-1
371.57587,631.64014,20.975525,27.03894,0.3858959,1,-1,-1
364.0865,666.00085,18.490723,21.477783,0.374214,1,-1,-1
20.53963,654.53925,102.49388,115.72797,0.36532712,4,-1,-1
641.5326,421.0674,170.95618,182.61557,0.35943672,6,-1,-1
664.1203,207.12192,16.562683,29.274628,0.33445638,1,-1,-1
426.1864,590.99347,21.098816,29.42212,0.3130886,1,-1,-1
386.07693,652.40106,19.029327,20.550415,0.3087085,1,-1,-1
670.4655,308.91824,14.62854,38.051666,0.29985926,1,-1,-1
429.25677,632.4667,20.472656,27.80066,0.28777844,1,-1,-1
340.47046,701.64026,21.023254,18.56604,0.2827149,1,-1,-1
356.61905,707.4599,18.937744,17.89209,0.2807717,1,-1,-1
291.38837,308.90793,167.38858,168.51773,0.27952936,9,-1,-1
391.5301,654.8395,22.273193,23.587402,0.27352,2,-1,-1
353.74448,661.97754,17.8732,20.672546,0.26633692,1,-1,-1
169.82057,438.21747,113.37163,109.07721,0.257527,4,-1,-1
1082.0878,718.4503,134.64221,69.09363,0.2560358,4,-1,-1
349.4275,685.93976,20.306091,20.281494,0.25502062,1,-1,-1
356.87415,664.3047,22.786713,20.60437,0.23895767,2,-1,-1
350.95187,703.57324,22.060974,19.420715,0.23418209,1,-1,-1
311.92313,699.7682,24.91983,24.525818,0.23280117,1,-1,-1
430.8514,579.52844,18.54306,34.19635,0.22832856,1,-1,-1
427.53638,600.74133,20.43689,31.771362,0.21209186,2,-1,-1
373.43683,627.9294,18.327545,19.45111,0.20529118,2,-1,-1
349.9797,694.7658,20.538635,18.239685,0.19966432,1,-1,-1
359.0463,686.8499,17.886963,19.892883,0.19965452,1,-1,-1
427.55475,611.87115,16.627777,23.02185,0.19693711,1,-1,-1
420.94553,33.887047,15.337097,25.113247,0.19163558,1,-1,-1
389.81247,655.27985,21.435333,23.175537,0.19101283,10,-1,-1
343.37344,695.8328,21.582336,19.934143,0.18912339,1,-1,-1
365.2074,668.25354,17.614471,21.80304,0.18846324,2,-1,-1
82.915794,340.68597,112.49479,57.229034,0.1826801,1,-1,-1
427.29736,621.57056,19.21466,29.123108,0.17828876,2,-1,-1
1273.6224,596.5876,46.292114,38.087646,0.17341065,4,-1,-1
427.08624,635.51855,16.229797,21.326965,0.17156675,1,-1,-1
433.53894,577.9121,15.37616,22.550781,0.16194865,1,-1,-1
1333.4637,354.67087,66.05701,64.204895,0.16130671,10,-1,-1
386.33563,652.014,18.78717,21.077759,0.15769652,2,-1,-1
341.54498,703.45337,13.79837,12.617554,0.15354174,1,-1,-1
386.82755,654.40295,12.309937,14.64978,0.15186995,1,-1,-1
358.86627,680.4182,19.367035,20.352417,0.1511324,1,-1,-1
307.13104,699.0893,20.807526,22.832275,0.14703077,2,-1,-1
428.24582,639.0624,19.853271,26.478577,0.14371216,2,-1,-1
338.62564,696.2232,31.563293,26.525513,0.14298034,1,-1,-1
388.77325,659.8143,19.379791,23.345093,0.14149028,1,-1,-1
517.7609,510.47693,24.359741,25.81604,0.13733271,10,-1,-1
421.30515,628.6523,27.090698,38.848694,0.13710794,1,-1,-1
361.86386,708.2549,13.570526,11.990356,0.13710237,1,-1,-1
768.50616,137.3994,20.767822,20.689651,0.1370478,1,-1,-1
397.30814,652.98004,13.684448,20.583313,0.13462994,1,-1,-1
356.91376,706.31165,19.172607,18.436523,0.13460067,2,-1,-1
369.05997,643.741,18.95111,17.221863,0.13381645,1,-1,-1
346.43484,684.27954,21.802673,19.83136,0.13313258,2,-1,-1
359.95517,718.39246,18.422241,23.920837,0.12958583,1,-1,-1
426.77335,596.14453,19.407837,24.775574,0.12943128,2,-1,-1
1091.5173,723.33185,118.448364,64.2121,0.127801,5,-1,-1
373.4386,629.19794,12.0416565,14.352295,0.12508371,1,-1,-1
357.19687,663.7658,21.490479,21.9729,0.12414235,10,-1,-1
341.12344,701.8589,20.237946,18.421082,0.12109223,2,-1,-1
367.81567,672.1066,13.139313,17.041504,0.12077278,1,-1,-1
392.31052,658.56885,12.785736,17.157959,0.12009394,1,-1,-1
400.27753,202.21718,81.54263,85.76799,0.11952776,5,-1,-1
1091.5173,723.33185,118.448364,64.2121,0.119496465,6,-1,-1
294.2206,160.68697,91.19571,74.19537,0.1186606,5,-1,-1
357.6403,692.76215,18.363007,19.397888,0.117326915,1,-1,-1
81.92026,265.68384,104.4362,54.183258,0.11724746,1,-1,-1
763.67316,95.84381,15.602051,21.059875,0.11720288,1,-1,-1
359.5184,687.7059,17.435425,18.057373,0.11462298,2,-1,-1
1091.5173,723.33185,118.448364,64.2121,0.11443585,9,-1,-1
640.60754,425.49487,173.57227,181.52667,0.1137729,5,-1,-1
347.1552,688.58484,16.675873,15.355469,0.11361447,1,-1,-1
428.34467,627.9609,14.445648,20.625244,0.11349836,1,-1,-1
1333.4637,354.67087,66.05701,64.204895,0.11205506,4,-1,-1
310.81274,700.716,23.522705,23.664795,0.11129078,10,-1,-1
1343.659,266.23557,55.861694,76.659424,0.108906895,4,-1,-1
351.76538,667.13916,22.044098,23.458862,0.10809198,1,-1,-1
360.6968,692.33606,12.638306,12.712463,0.10787493,1,-1,-1
353.74448,661.97754,17.8732,20.672546,0.10580528,2,-1,-1
353.1868,661.6539,30.775696,32.472534,0.10504183,1,-1,-1
343.016,705.16046,22.04712,20.147827,0.104836345,1,-1,-1
309.39587,701.88885,12.000671,16.974182,0.10299057,1,-1,-1
365.0345,674.8219,17.909454,23.341309,0.10264465,1,-1,-1
361.89792,666.7765,13.691559,15.748718,0.10147914,1,-1,-1
1323.407,0.0,76.11377,46.235126,0.10032827,7,-1,-1
427.7651,584.5987,26.765167,42.45331,0.09999439,1,-1,-1
348.8943,703.9311,24.690857,18.211914,0.09818107,2,-1,-1
371.57587,631.64014,20.975525,27.03894,0.097646534,2,-1,-1
358.911,661.08887,16.501495,18.139038,0.09698728,1,-1,-1
356.42993,699.3266,12.123993,12.772034,0.096859336,1,-1,-1
350.7553,694.4721,19.319275,18.740662,0.09553385,2,-1,-1
427.48566,598.6676,15.757416,18.447083,0.09552398,1,-1,-1
379.11142,651.9104,20.96463,24.565552,0.09526533,1,-1,-1
364.0865,666.00085,18.490723,21.477783,0.09515998,10,-1,-1
355.8626,710.3551,13.853821,12.649719,0.09462604,1,-1,-1
339.11624,695.8858,31.394775,27.111511,0.09339544,10,-1,-1
1326.3411,0.0,55.236816,43.349987,0.09299755,8,-1,-1
1364.1865,617.06213,35.33423,32.44055,0.09247899,4,-1,-1
389.81247,655.27985,21.435333,23.175537,0.09209016,3,-1,-1
291.38837,308.90793,167.38858,168.51773,0.09196183,5,-1,-1
82.915794,340.68597,112.49479,57.229034,0.091404915,10,-1,-1
1343.659,266.23557,55.861694,76.659424,0.09047994,10,-1,-1
672.7873,309.78476,9.247803,19.336761,0.08970177,1,-1,-1
343.8399,680.82544,27.614319,30.290466,0.089293,1,-1,-1
427.55475,611.87115,16.627777,23.02185,0.08924696,2,-1,-1
296.6531,160.9156,89.21875,71.3253,0.08880326,10,-1,-1
455.32825,461.23666,34.30252,40.00348,0.08721125,3,-1,-1
356.59717,696.4348,13.633881,11.476868,0.08645615,1,-1,-1
175.78064,435.66663,119.02658,115.05554,0.08641404,5,-1,-1
386.07693,652.40106,19.029327,20.550415,0.0853014,10,-1,-1
1323.407,0.0,76.11377,46.235126,0.08368215,6,-1,-1
1342.3026,348.09692,57.21814,46.706635,0.083547175,10,-1,-1
429.10532,605.57623,13.721924,22.66919,0.08329299,1,-1,-1
427.69647,621.69037,14.752441,19.560608,0.08326727,1,-1,-1
316.7074,706.7657,17.64859,19.064636,0.08313531,1,-1,-1
426.23267,635.4289,19.058289,21.267334,0.08248177,2,-1,-1
764.1977,185.133,21.309753,20.023575,0.08234289,3,-1,-1
308.36838,700.2085,17.704437,20.5766,0.082055,10,-1,-1
525.4699,516.42566,17.47174,20.138733,0.082024574,1,-1,-1
662.4372,205.91856,15.386719,19.909912,0.08137101,1,-1,-1
363.5459,688.5614,11.686249,13.814514,0.081344575,1,-1,-1
378.06415,643.80786,20.936554,21.341064,0.08083323,1,-1,-1
340.1286,117.16823,12.718353,17.72351,0.079996854,1,-1,-1
432.73044,577.4832,16.564636,26.184814,0.07987952,2,-1,-1
1340.387,357.07053,53.838013,34.580658,0.079306066,4,-1,-1
579.08704,524.7975,175.29071,167.59882,0.079250425,9,-1,-1
358.86627,680.4182,19.367035,20.352417,0.07920891,2,-1,-1
401.5364,201.98355,81.104065,85.26108,0.07910216,10,-1,-1
432.0227,644.4868,15.393677,17.937927,0.07898337,1,-1,-1
368.5071,666.7968,11.692993,17.430603,0.07896888,2,-1,-1
372.11893,631.20325,20.240875,27.26764,0.078635424,10,-1,-1
353.36896,707.97516,12.518005,12.846802,0.078553855,1,-1,-1
352.22552,682.7716,16.451385,16.79364,0.07803446,1,-1,-1
342.8815,696.3879,22.64508,19.32721,0.077477604,2,-1,-1
392.31052,658.56885,12.785736,17.157959,0.075817704,2,-1,-1
344.22412,705.9599,14.347778,11.872131,0.075739264,1,-1,-1
356.75327,663.91473,12.611389,14.548889,0.075731546,1,-1,-1
385.3004,653.66046,13.992035,15.21283,0.075256914,2,-1,-1
418.95938,34.372253,16.363617,19.773766,0.07503483,10,-1,-1
397.06448,657.6568,13.355621,17.685059,0.07489306,2,-1,-1
553.1968,503.81088,19.201843,25.64444,0.07462993,1,-1,-1
547.30774,506.2952,18.79303,24.363617,0.07331461,4,-1,-1
361.89792,666.7765,13.691559,15.748718,0.073186874,2,-1,-1
455.32825,461.23666,34.30252,40.00348,0.0730398,10,-1,-1
762.5962,104.01916,12.377991,12.81916,0.07257217,1,-1,-1
1273.6224,596.5876,46.292114,38.087646,0.0724861,5,-1,-1
313.23755,699.8997,23.137451,23.384033,0.07164478,2,-1,-1
356.7743,706.69507,19.095032,19.114197,0.07164413,10,-1,-1
389.44617,656.51904,11.147308,16.753357,0.07147151,1,-1,-1
509.73593,507.90808,26.386505,24.879944,0.071323305,1,-1,-1
369.59482,647.5631,10.983917,13.2039795,0.07125342,1,-1,-1
375.5776,635.6696,14.80545,18.983643,0.07102814,1,-1,-1
1375.1422,277.71707,24.37854,43.126984,0.07090306,4,-1,-1
297.1441,161.01424,88.65634,71.7953,0.07033381,1,-1,-1
767.66876,146.29942,8.36853,9.9457245,0.07030842,1,-1,-1
546.9443,505.9134,20.402771,25.062439,0.07010609,10,-1,-1
517.3994,510.76074,24.451843,25.640259,0.06975773,2,-1,-1
425.4391,621.17993,21.224823,27.924133,0.06940308,3,-1,-1
373.54593,627.82513,18.18814,20.002563,0.06895682,10,-1,-1
1303.1913,249.37616,96.32947,130.93045,0.068603694,4,-1,-1
432.40363,637.526,15.53656,17.364136,0.068578094,1,-1,-1
383.69052,658.6824,17.034393,25.041016,0.06833404,1,-1,-1
640.60754,425.49487,173.57227,181.52667,0.068101406,4,-1,-1
341.54498,703.45337,13.79837,12.617554,0.067530096,2,-1,-1
419.81467,595.865,27.200745,46.82318,0.06745654,1,-1,-1
348.39893,682.66064,14.018158,17.584656,0.06727058,1,-1,-1
21.850061,655.003,94.76205,101.10101,0.067124575,5,-1,-1
337.36676,698.63745,21.925537,15.927063,0.06661716,1,-1,-1
353.51825,674.6699,29.06546,29.97107,0.066298515,1,-1,-1
353.32706,703.23114,12.563812,12.247009,0.06628004,1,-1,-1
517.7609,510.47693,24.359741,25.81604,0.06585443,4,-1,-1
1333.0444,390.8667,66.47632,62.66156,0.06538752,10,-1,-1
353.77188,712.5423,19.12384,23.978577,0.065179676,1,-1,-1
424.42407,634.2888,24.076385,31.861328,0.06496191,3,-1,-1
703.8724,8.74172,15.831482,17.438004,0.064774394,10,-1,-1
81.92026,265.68384,104.4362,54.183258,0.06463954,5,-1,-1
372.3306,648.1195,24.072876,20.62201,0.06414914,1,-1,-1
81.92026,265.68384,104.4362,54.183258,0.06406826,10,-1,-1
426.18948,606.7586,18.035675,19.924133,0.06393492,2,-1,-1
386.77655,651.8258,18.846252,21.801453,0.06384301,3,-1,-1
427.8733,629.0216,14.42099,18.90216,0.06382534,2,-1,-1
546.92816,506.19266,19.813599,24.635834,0.06329036,2,-1,-1
830.9091,0.0,13.574951,20.404799,0.06314224,1,-1,-1
522.47705,513.0522,14.929749,18.878723,0.06274077,1,-1,-1
388.77325,659.8143,19.379791,23.345093,0.06272191,2,-1,-1
340.003,700.3721,12.17453,12.987427,0.06256831,1,-1,-1
425.58234,604.2373,21.856323,29.740417,0.062360704,3,-1,-1
419.75757,612.2105,26.996033,45.611084,0.06230274,1,-1,-1
669.4615,309.67313,14.768005,35.375854,0.061629534,2,-1,-1
1333.0444,390.8667,66.47632,62.66156,0.06148261,4,-1,-1
383.706,654.4237,33.343475,33.42804,0.060987175,1,-1,-1
360.56027,713.83386,12.846497,12.139893,0.060928643,1,-1,-1
424.42407,634.2888,24.076385,31.861328,0.060786515,10,-1,-1
361.56442,660.7931,22.927887,19.892334,0.060550332,1,-1,-1
425.4691,587.3419,26.644928,38.311035,0.0605053,2,-1,-1
674.7842,312.1697,8.967041,18.016998,0.06020567,2,-1,-1
550.8946,507.55325,12.994446,17.464813,0.060044497,1,-1,-1
363.9072,671.5345,12.850494,19.49292,0.059999466,1,-1,-1
357.6403,692.76215,18.363007,19.397888,0.05978945,2,-1,-1
357.19687,663.7658,21.490479,21.9729,0.059393346,3,-1,-1
773.9873,136.1827,17.214722,16.831741,0.059012145,1,-1,-1
517.7609,510.47693,24.359741,25.81604,0.0590066,3,-1,-1
391.82797,655.44763,21.801056,22.890198,0.058981985,4,-1,-1
1358.5637,280.94003,40.95703,51.21039,0.058939487,4,-1,-1
673.37305,307.8648,13.327026,26.141144,0.05865252,1,-1,-1
368.98798,665.3031,21.369568,20.280823,0.058369756,1,-1,-1
354.65265,670.6579,13.687927,18.458557,0.058294654,1,-1,-1
364.5105,635.5424,22.425781,27.574219,0.05822447,1,-1,-1
1326.3411,0.0,55.236816,43.349987,0.058128506,5,-1,-1
1376.3944,423.4637,23.126343,33.12961,0.058083832,4,-1,-1
419.59064,626.06683,21.497742,23.151245,0.057594985,1,-1,-1
1115.4373,762.61,60.131836,24.93396,0.057590544,4,-1,-1
428.702,645.62274,13.3376465,22.94934,0.05749929,1,-1,-1
307.7913,700.4291,10.857605,14.304199,0.057340324,1,-1,-1
841.3599,0.0,100.142944,46.70799,0.05725038,4,-1,-1
671.25916,40.4879,12.897522,17.627731,0.057219237,10,-1,-1
336.04214,684.6524,22.041687,18.68457,0.05708015,1,-1,-1
1341.7732,605.67944,57.74756,46.54486,0.057005703,4,-1,-1
420.0933,610.3308,20.467926,25.711487,0.05677095,1,-1,-1
435.47922,579.31995,13.114563,13.149475,0.056731552,1,-1,-1
663.03485,214.74677,12.738342,24.468414,0.05665198,1,-1,-1
764.0049,185.27278,21.645874,19.615204,0.056626827,10,-1,-1
361.22397,725.69385,14.950195,14.713135,0.056564957,1,-1,-1
364.64056,676.13806,18.24115,22.17871,0.05613315,2,-1,-1
671.67615,42.618153,11.416931,15.010292,0.05580911,1,-1,-1
668.937,309.26514,15.901672,39.28174,0.055726707,10,-1,-1
1333.4637,354.67087,66.05701,64.204895,0.055670947,1,-1,-1
427.65396,599.8907,20.744415,31.120789,0.055467725,4,-1,-1
367.64832,667.3927,11.966583,14.124878,0.055411637,1,-1,-1
359.52832,711.8814,21.372375,22.753479,0.055162787,1,-1,-1
357.19687,663.7658,21.490479,21.9729,0.055099368,4,-1,-1
428.19247,596.22906,20.842682,26.354492,0.055051684,3,-1,-1
369.71906,623.4642,18.179688,21.284607,0.055027306,1,-1,-1
169.36995,432.38394,135.28706,124.26022,0.05492434,9,-1,-1
669.73737,308.63806,14.823547,37.613922,0.054917812,4,-1,-1
341.44635,701.0692,20.615356,19.915283,0.054886073,10,-1,-1
349.28967,686.20575,20.9404,19.649475,0.054847598,10,-1,-1
332.39572,702.1004,21.194153,17.790894,0.054632574,1,-1,-1
310.81274,700.716,23.522705,23.664795,0.054341435,3,-1,-1
546.6816,505.81943,20.490479,25.064117,0.05393225,3,-1,-1
546.693,505.66272,12.811218,19.999695,0.053824604,1,-1,-1
1318.8816,0.0,80.63916,60.802498,0.05376491,4,-1,-1
361.79004,685.4545,10.88028,14.009216,0.053658217,1,-1,-1
387.62723,660.0139,10.606964,16.245056,0.053599447,1,-1,-1
348.71756,707.39105,13.284546,12.382568,0.05357778,1,-1,-1
296.6531,160.9156,89.21875,71.3253,0.053450644,8,-1,-1
291.38837,308.90793,167.38858,168.51773,0.053442806,4,-1,-1
349.99377,662.98553,31.658203,44.422424,0.05309674,10,-1,-1
361.6792,723.5346,20.331268,22.752808,0.053018987,10,-1,-1
308.0075,699.85236,19.950165,21.566895,0.052958995,4,-1,-1
425.4391,621.17993,21.224823,27.924133,0.052891433,10,-1,-1
756.5502,77.7756,10.373596,16.017769,0.0528726,1,-1,-1
421.5756,646.7758,23.221008,25.762207,0.052601278,1,-1,-1
367.73883,646.56573,16.904633,21.392334,0.052416503,1,-1,-1
1330.6898,399.5927,50.218018,38.918213,0.05219859,10,-1,-1
1338.629,298.5385,60.891724,58.115143,0.051796228,10,-1,-1
364.0865,666.00085,18.490723,21.477783,0.05165571,3,-1,-1
428.12762,599.9502,13.366913,16.04541,0.051642746,2,-1,-1
369.63766,670.3775,13.149017,13.286438,0.051519513,1,-1,-1
1372.3081,251.89781,27.212646,47.858383,0.05146095,4,-1,-1
516.767,510.7464,14.434326,20.755737,0.051311046,1,-1,-1
1333.8218,356.295,65.698975,61.329956,0.05112523,5,-1,-1
1334.4065,294.9969,65.11426,64.55011,0.051089495,4,-1,-1
358.911,661.08887,16.501495,18.139038,0.051044375,2,-1,-1
1282.4142,0.0,111.82825,45.44933,0.05077359,8,-1,-1
350.51035,688.62195,10.558777,11.900696,0.050715894,1,-1,-1
297.93195,160.46608,86.671295,72.075424,0.05053115,6,-1,-1
36.31111,658.0674,75.06175,68.078,0.050528973,4,-1,-1
353.1868,661.6539,30.775696,32.472534,0.050523967,2,-1,-1
665.2133,199.62648,16.225342,24.12535,0.05049953,1,-1,-1
359.85696,704.2929,13.228729,12.458008,0.050493628,1,-1,-1
434.93002,578.456,12.638184,15.953735,0.050454736,2,-1,-1
1347.7316,404.6927,51.789185,35.440704,0.050354123,10,-1,-1
367.7155,679.34186,11.787567,13.966064,0.05035329,1,-1,-1
425.58234,604.2373,21.856323,29.740417,0.05031553,10,-1,-1
