377.294,577.26904,12.901062,18.9776,0.76133806,1,-1,-1
372.48505,606.6022,12.026459,19.865051,0.71797144,1,-1,-1
799.9589,192.59314,10.010498,21.635254,0.6546995,1,-1,-1
952.2626,340.751,10.331238,22.923462,0.6246389,1,-1,-1
277.89444,174.80153,12.429626,21.670334,0.62180436,1,-1,-1
917.29663,301.79398,9.309326,18.078827,0.6168477,1,-1,-1
381.57785,626.55457,13.191467,18.390198,0.6159257,1,-1,-1
766.329,490.7667,11.640198,17.280945,0.6038305,1,-1,-1
952.96454,299.46152,8.741394,16.07132,0.5866864,1,-1,-1
891.80725,276.20566,6.805237,12.72644,0.56923914,1,-1,-1
826.69653,168.87611,20.298157,14.510391,0.548854,10,-1,-1
148.97023,722.45465,17.004303,23.205872,0.5453662,1,-1,-1
943.40186,346.9449,9.744385,18.717804,0.53692126,1,-1,-1
563.4111,344.36685,12.375122,19.607086,0.5285724,1,-1,-1
363.3925,279.41873,11.97702,18.477875,0.5276954,1,-1,-1
860.4221,183.05394,19.69873,14.714294,0.5272433,10,-1,-1
171.068,732.1045,18.20671,19.961548,0.5264059,1,-1,-1
251.39166,36.4415,12.220734,18.593887,0.5249896,1,-1,-1
393.47565,566.7948,11.464569,17.268188,0.5117551,1,-1,-1
156.73738,725.90204,18.516861,24.013428,0.511243,1,-1,-1
819.12964,250.69405,7.638672,17.930435,0.5111297,1,-1,-1
989.1953,332.68405,8.899902,17.13144,0.50808287,1,-1,-1
214.39275,618.1383,13.04805,13.8341675,0.5058767,2,-1,-1
890.58215,277.9184,7.646118,16.528076,0.50272405,1,-1,-1
224.08568,748.327,13.034668,13.761047,0.4987371,1,-1,-1
150.17209,715.70264,15.88472,22.178955,0.49810755,1,-1,-1
988.29675,309.24484,13.523865,21.361176,0.4979471,1,-1,-1
303.7856,303.8849,23.285675,24.05127,0.4840714,1,-1,-1
143.7968,586.6317,11.461182,14.332642,0.47801125,1,-1,-1
143.50986,586.6885,12.030685,14.0911255,0.45131883,2,-1,-1
784.37585,245.08664,10.764099,18.0206,0.45020783,1,-1,-1
953.28906,309.40796,9.553345,19.270752,0.44171277,1,-1,-1
175.23038,647.5566,16.992462,19.135681,0.43869066,1,-1,-1
574.7088,400.09543,12.661255,22.247223,0.43750054,1,-1,-1
171.03685,732.0051,17.944778,19.67395,0.43005162,2,-1,-1
632.6974,299.9748,37.6521,32.469757,0.4269818,10,-1,-1
1005.22455,259.50055,11.957581,17.099884,0.42294693,2,-1,-1
1094.7802,275.84186,8.829346,14.372223,0.4214514,2,-1,-1
136.99161,576.7267,12.871521,11.604309,0.4157389,2,-1,-1
601.5723,385.7387,12.467102,23.003143,0.4145543,1,-1,-1
785.9078,488.7179,11.216309,20.281189,0.40860754,1,-1,-1
123.086975,582.4323,13.345337,13.755676,0.40571648,2,-1,-1
992.55444,259.36282,9.007263,13.241028,0.404951,2,-1,-1
358.95306,278.51328,9.616486,13.253967,0.40252617,1,-1,-1
927.647,245.89828,9.923035,8.35994,0.4002787,1,-1,-1
858.63934,179.76642,13.474731,13.762207,0.39878583,10,-1,-1
12.429246,656.8803,16.79144,22.478638,0.39663517,1,-1,-1
175.00526,647.62396,17.497528,18.850159,0.39377198,2,-1,-1
1015.34564,264.93564,10.298523,14.475983,0.38738137,2,-1,-1
816.5333,267.43832,8.841309,18.194427,0.3795723,1,-1,-1
153.8215,311.87888,51.5757,43.24124,0.37952572,4,-1,-1
696.4203,469.22638,19.998291,17.667114,0.37763885,3,-1,-1
17.681372,636.7548,14.113579,15.009705,0.37617475,1,-1,-1
578.7807,362.7321,12.634216,27.071838,0.37253186,1,-1,-1
944.1718,316.38776,12.109314,22.166443,0.36547273,1,-1,-1
358.6786,278.12482,9.618439,13.20047,0.36086807,2,-1,-1
135.67169,576.5873,14.758621,14.04126,0.35844803,1,-1,-1
799.4606,223.59926,7.8881836,17.770432,0.35721293,1,-1,-1
128.9138,669.20233,13.862259,13.394653,0.3531003,2,-1,-1
437.49777,596.68994,15.696686,30.842224,0.33904785,1,-1,-1
126.02115,586.16266,13.767426,14.210083,0.3314798,2,-1,-1
427.2711,607.47784,13.182861,26.53711,0.32214075,1,-1,-1
129.06007,669.26746,13.475983,13.503662,0.3166068,1,-1,-1
1003.60675,333.35672,11.386902,15.310211,0.31505755,1,-1,-1
816.91595,252.48145,11.373535,31.532684,0.31499076,1,-1,-1
225.68393,235.23772,13.125565,19.466309,0.31333268,1,-1,-1
157.42789,734.6703,16.647842,20.778687,0.3126849,1,-1,-1
214.39275,618.1383,13.04805,13.8341675,0.31034765,1,-1,-1
1076.1792,253.9632,13.593018,13.160217,0.307624,10,-1,-1
158.17201,692.1656,17.213242,17.982483,0.30755222,1,-1,-1
703.2835,468.60977,13.529724,16.13974,0.30731195,1,-1,-1
171.18686,728.601,10.914215,13.750366,0.30621457,2,-1,-1
111.6821,662.08905,14.128197,12.603699,0.30399618,2,-1,-1
889.4369,282.61984,6.9628296,12.491547,0.2964881,1,-1,-1
1092.9833,279.60034,10.18042,16.613647,0.29044402,2,-1,-1
1098.7026,303.68164,13.816162,13.110107,0.28761944,3,-1,-1
1071.7244,245.98697,12.195435,12.185455,0.28444183,3,-1,-1
1071.4618,245.17198,12.380371,11.542801,0.28300476,10,-1,-1
25.83559,650.92236,14.557201,19.684631,0.2826768,1,-1,-1
1004.0627,264.4475,11.435059,15.004517,0.28193527,2,-1,-1
40.88958,649.2609,18.75343,22.933899,0.28147852,1,-1,-1
224.08568,748.327,13.034668,13.761047,0.27956057,2,-1,-1
164.18886,725.6159,15.567871,18.203918,0.27945313,1,-1,-1
702.8734,468.7692,13.994629,16.127777,0.27574068,2,-1,-1
1075.6708,254.04712,14.1397705,12.877045,0.27537566,3,-1,-1
159.05296,729.0801,20.054916,24.236145,0.2739129,2,-1,-1
266.2073,103.424126,9.261078,17.339127,0.27318978,1,-1,-1
1017.58923,265.39743,11.785278,16.656158,0.2706055,2,-1,-1
164.18886,725.6159,15.567871,18.203918,0.26932853,2,-1,-1
149.49475,698.3428,15.689804,18.680725,0.26817784,1,-1,-1
157.9955,691.77527,16.533707,16.499084,0.2678944,2,-1,-1
366.2209,251.05208,18.39502,32.411026,0.2634075,1,-1,-1
952.7824,348.08127,8.104004,18.487152,0.262847,1,-1,-1
983.43384,252.7098,11.337219,13.778366,0.26211756,2,-1,-1
129.12772,681.06494,15.425003,13.6397705,0.2611708,1,-1,-1
574.7068,400.19513,12.263245,21.804993,0.2591619,2,-1,-1
833.8537,171.33372,14.386169,12.653046,0.2581417,10,-1,-1
1011.99756,266.43808,9.50293,12.510254,0.25476968,2,-1,-1
1073.0787,251.40369,12.23877,11.846191,0.25417066,3,-1,-1
999.60535,268.91525,10.445984,10.874084,0.25370756,2,-1,-1
356.77292,276.45285,13.885223,19.616302,0.25277036,1,-1,-1
26.087376,651.13385,10.670479,15.163025,0.2523048,2,-1,-1
150.17209,715.70264,15.88472,22.178955,0.25140524,2,-1,-1
804.7992,502.44455,7.867859,18.032562,0.25079483,1,-1,-1
1091.1196,281.94202,13.965332,14.038116,0.2462579,10,-1,-1
365.81357,280.48184,9.775757,14.902527,0.24316832,2,-1,-1
858.6994,177.27235,8.720703,14.31543,0.23698696,10,-1,-1
169.53035,727.1011,14.694046,16.994812,0.23504454,1,-1,-1
890.17285,191.94995,7.449768,15.852875,0.2342779,1,-1,-1
169.84814,727.5218,15.655701,19.342468,0.23315275,2,-1,-1
153.91818,724.7744,19.923096,20.899841,0.2330397,2,-1,-1
174.58801,731.1856,11.129852,13.558472,0.23182806,2,-1,-1
949.56647,301.3585,12.635803,22.83371,0.23182371,1,-1,-1
12.429246,656.8803,16.79144,22.478638,0.22943902,2,-1,-1
125.41708,585.4778,14.241837,14.997314,0.22935414,1,-1,-1
1018.2065,263.46906,8.56073,12.384186,0.22918275,2,-1,-1
736.3418,485.36343,20.106201,14.840942,0.22794408,3,-1,-1
139.80324,581.3821,16.936722,16.679749,0.22753617,1,-1,-1
826.2366,168.35806,6.650696,12.476852,0.22612604,2,-1,-1
863.361,181.89903,12.02063,13.064499,0.22604805,10,-1,-1
128.94577,680.618,15.665314,14.241943,0.22446209,2,-1,-1
1020.661,270.93942,10.768311,18.787903,0.22416452,2,-1,-1
361.63147,276.58603,12.440704,15.370087,0.22374976,1,-1,-1
123.30881,582.55524,12.46759,12.918396,0.22326815,1,-1,-1
225.77495,235.49701,12.962921,19.153442,0.22105521,2,-1,-1
394.44562,577.69025,15.258911,28.900635,0.21913359,1,-1,-1
15.75973,638.5536,17.485767,22.571777,0.21901113,1,-1,-1
946.7737,312.85345,14.315002,24.01352,0.21865338,1,-1,-1
1020.6349,271.5346,10.8927,18.254547,0.21815339,1,-1,-1
736.15485,485.80447,12.520508,12.56723,0.2177557,1,-1,-1
31.582499,650.4305,15.931013,21.730408,0.21729472,1,-1,-1
1010.42065,260.50912,9.553101,15.358948,0.21719006,2,-1,-1
109.64291,653.5481,11.051781,13.170898,0.21587834,2,-1,-1
1022.3733,277.28537,8.215698,11.672211,0.21472657,1,-1,-1
159.05296,729.0801,20.054916,24.236145,0.21390101,10,-1,-1
112.50338,662.4481,12.9967575,12.149292,0.21285287,1,-1,-1
1093.2968,279.94272,9.51001,15.75473,0.21231794,1,-1,-1
795.6087,223.9239,11.471069,25.20044,0.2115485,1,-1,-1
1094.5582,275.98618,9.24585,14.112244,0.21147045,1,-1,-1
1073.0787,251.40369,12.23877,11.846191,0.21110478,10,-1,-1
372.85074,245.93867,26.55603,22.494858,0.20978522,1,-1,-1
892.18567,280.685,5.9157104,10.335083,0.20929113,1,-1,-1
943.40186,346.9449,9.744385,18.717804,0.2088795,2,-1,-1
150.51433,729.1183,12.704269,18.633423,0.20863321,1,-1,-1
175.84393,648.4034,11.662445,13.169922,0.20856863,2,-1,-1
578.7701,400.60275,12.246216,20.08603,0.2084744,1,-1,-1
1092.4257,285.80997,14.714722,14.885773,0.20797846,10,-1,-1
949.66754,314.811,8.276672,17.617432,0.206397,1,-1,-1
110.55686,653.40576,11.128639,12.271057,0.20632362,1,-1,-1
1098.7573,283.11346,8.696289,14.533539,0.20599246,2,-1,-1
153.22318,312.41806,52.482788,42.87625,0.20441926,5,-1,-1
149.05519,722.6329,17.361664,23.088684,0.20319295,2,-1,-1
19.436937,659.0578,11.631369,18.533142,0.20311752,1,-1,-1
449.24847,721.4199,28.22348,31.11322,0.20245966,1,-1,-1
367.02142,282.37045,10.158142,14.439209,0.2020658,1,-1,-1
833.4492,166.956,8.261414,13.000107,0.20159793,2,-1,-1
569.43036,401.3495,15.562988,23.922394,0.20135167,1,-1,-1
883.3461,189.45119,9.041077,16.456207,0.20084378,10,-1,-1
393.47565,566.7948,11.464569,17.268188,0.19981793,2,-1,-1
175.1246,647.6229,17.010773,18.927063,0.19951364,10,-1,-1
945.9246,350.37747,10.009033,17.2406,0.1985291,1,-1,-1
882.83936,190.5103,8.018677,15.650162,0.19840816,1,-1,-1
614.5748,377.50916,14.9991455,22.641083,0.19732425,1,-1,-1
25.61193,650.5393,15.689541,20.659668,0.19640782,2,-1,-1
139.06699,578.3013,8.763138,13.09137,0.19573027,2,-1,-1
989.74774,253.25465,11.539368,15.839218,0.19542333,2,-1,-1
851.09454,171.85486,11.6258545,14.4614105,0.19477671,10,-1,-1
1018.17944,264.9919,11.488892,17.684448,0.19224519,1,-1,-1
698.2245,31.896538,41.023987,45.497833,0.19223437,4,-1,-1
153.00496,716.5131,11.075409,15.46521,0.19137564,1,-1,-1
992.55444,259.36282,9.007263,13.241028,0.19100112,1,-1,-1
826.2366,168.35806,6.650696,12.476852,0.18993494,1,-1,-1
819.119,261.8911,7.0526733,17.325104,0.18965259,1,-1,-1
844.2958,174.6601,7.631775,16.265121,0.189107,10,-1,-1
392.30185,565.6448,15.420654,26.664062,0.18896979,1,-1,-1
168.68379,724.94244,9.552216,14.80542,0.18853718,2,-1,-1
128.94719,674.9964,14.54274,16.207214,0.18827465,1,-1,-1
927.688,246.03932,9.695435,8.0703125,0.18783969,2,-1,-1
870.2385,185.3302,11.878601,12.412918,0.18629286,10,-1,-1
278.0246,174.70044,12.872131,21.7995,0.18618545,2,-1,-1
1072.2714,245.47298,10.957886,11.764145,0.18563432,2,-1,-1
1022.3733,277.28537,8.215698,11.672211,0.1853117,2,-1,-1
1097.827,287.25314,11.229004,14.441162,0.18520418,1,-1,-1
18.476341,650.5754,15.295315,23.010498,0.18400756,1,-1,-1
232.20934,211.63905,19.458801,28.012863,0.18296498,3,-1,-1
79.97954,518.0711,9.638962,12.434021,0.18240479,1,-1,-1
377.31076,577.3487,12.912842,18.853516,0.18224922,2,-1,-1
171.30803,732.329,17.89827,19.922424,0.18130288,10,-1,-1
1097.2037,287.77808,11.557373,13.656067,0.18069008,2,-1,-1
261.11945,100.46615,13.579407,23.291008,0.17886403,1,-1,-1
561.68445,402.8966,10.019409,12.1249695,0.17791715,2,-1,-1
985.1124,313.345,13.670288,19.527374,0.17756638,1,-1,-1
1091.9425,274.3323,10.122437,13.257782,0.17747748,2,-1,-1
27.978296,649.6463,11.672125,12.195923,0.17729059,2,-1,-1
827.4437,167.9217,11.663452,12.709549,0.17609462,10,-1,-1
1008.12274,258.78873,8.7092285,12.765808,0.17598343,2,-1,-1
887.00793,325.71353,9.376343,15.280426,0.17534527,1,-1,-1
1136.3278,280.03857,9.949219,13.372681,0.1750066,2,-1,-1
816.4257,268.65912,8.724976,17.051666,0.17498907,2,-1,-1
1003.87384,259.22482,14.358215,19.138245,0.17380354,1,-1,-1
851.8423,170.7528,7.138672,13.817078,0.17172539,3,-1,-1
648.22217,301.43228,24.673523,28.588043,0.17137209,10,-1,-1
17.708107,637.3003,14.0005665,14.157593,0.17128456,2,-1,-1
40.78772,648.4041,16.844799,24.985352,0.17040381,2,-1,-1
1005.1335,268.77567,7.389038,10.914917,0.17035401,2,-1,-1
1034.9286,204.62209,9.37085,18.187729,0.17000103,1,-1,-1
78.93053,779.5818,8.890678,7.962158,0.16978467,1,-1,-1
1168.6237,152.73282,8.312012,12.185516,0.16970557,1,-1,-1
303.903,302.9656,15.602051,18.332214,0.16956541,1,-1,-1
398.27478,577.9649,12.707153,17.774414,0.1691446,1,-1,-1
952.89087,299.2518,8.882446,15.315918,0.16870108,2,-1,-1
844.2958,174.6601,7.631775,16.265121,0.16818061,1,-1,-1
1163.2168,141.25938,12.327026,13.957336,0.16744837,2,-1,-1
236.2329,189.04904,14.176315,26.034729,0.16674289,1,-1,-1
953.9547,340.05014,7.305664,17.091125,0.1666556,1,-1,-1
31.582499,650.4305,15.931013,21.730408,0.16665202,2,-1,-1
0.878284,290.3063,48.08402,37.830963,0.16645399,4,-1,-1
395.85242,591.0336,14.728638,20.358154,0.16590261,1,-1,-1
108.946075,658.89264,13.258682,15.967529,0.16500473,1,-1,-1
817.65753,254.79227,7.7494507,19.459564,0.16493598,1,-1,-1
110.77096,658.97406,10.707565,13.668518,0.16431272,2,-1,-1
827.9341,167.42424,10.793335,13.248291,0.16375372,2,-1,-1
140.99895,582.0966,15.002167,15.400696,0.16297427,2,-1,-1
825.79047,169.26897,8.645874,12.803894,0.16267964,10,-1,-1
1092.5928,285.548,13.270874,15.481903,0.16229236,2,-1,-1
993.1495,256.04272,8.743652,11.551514,0.1614142,2,-1,-1
18.719378,638.91064,10.476059,9.143311,0.16121146,1,-1,-1
851.8423,170.7528,7.138672,13.817078,0.16111913,1,-1,-1
157.73361,735.9468,15.344208,19.366089,0.16111788,2,-1,-1
1075.868,246.78255,9.339355,14.222336,0.16081297,2,-1,-1
294.69217,154.77328,12.8993225,18.513763,0.1605874,1,-1,-1
153.79796,717.92773,14.972519,15.878784,0.16047668,2,-1,-1
210.05402,249.91252,10.429077,17.912521,0.16044202,1,-1,-1
295.56018,156.13002,9.882935,14.342712,0.15996403,2,-1,-1
1074.4772,247.57802,11.709473,12.135727,0.1591002,10,-1,-1
852.2721,171.0639,6.3863525,14.137894,0.15896317,10,-1,-1
942.8307,318.3354,9.327942,17.924194,0.15894231,1,-1,-1
1022.35004,267.74573,8.799255,16.46103,0.15854001,1,-1,-1
990.82196,259.57462,7.976013,10.89267,0.15828606,2,-1,-1
382.08978,627.2097,11.035889,14.9539795,0.15786546,2,-1,-1
407.60876,569.18207,13.523651,19.941711,0.15781689,1,-1,-1
110.980545,653.2233,14.228584,17.251587,0.15748122,2,-1,-1
143.5555,585.1678,9.959579,10.521179,0.15733239,2,-1,-1
171.30803,732.329,17.89827,19.922424,0.15690681,3,-1,-1
361.76523,276.98178,8.345398,13.24411,0.15664294,2,-1,-1
259.04712,93.40556,14.552826,22.731705,0.15663832,1,-1,-1
128.74092,675.16284,14.261566,15.06958,0.15594414,2,-1,-1
844.2958,174.6601,7.631775,16.265121,0.15582001,3,-1,-1
832.74774,167.51233,9.174805,12.6996,0.15579984,10,-1,-1
154.53412,723.96246,17.799255,22.721375,0.15554217,10,-1,-1
612.4419,380.08383,11.737427,21.0047,0.15534228,1,-1,-1
888.17255,190.53804,8.49762,17.1147,0.15481302,10,-1,-1
1075.3732,248.1655,10.478516,11.079437,0.15398076,3,-1,-1
859.05225,179.2599,10.715149,12.639084,0.15366924,2,-1,-1
175.84393,648.4034,11.662445,13.169922,0.1536184,1,-1,-1
695.6313,468.459,23.243164,19.391113,0.15322354,1,-1,-1
1003.91626,333.47714,10.979065,14.938263,0.15206304,2,-1,-1
1092.9443,286.19388,12.357422,15.262543,0.15202191,1,-1,-1
1021.39404,378.47,20.400513,20.125366,0.15180427,1,-1,-1
1163.3644,141.23651,12.304565,13.928421,0.15165365,1,-1,-1
569.43036,401.3495,15.562988,23.922394,0.15159044,2,-1,-1
150.8033,712.0143,15.60672,17.070496,0.15143016,1,-1,-1
736.0102,485.25378,21.137695,15.29303,0.15125293,1,-1,-1
22.059513,649.08435,28.502476,25.675598,0.15110856,1,-1,-1
948.2516,343.4414,16.54419,24.818024,0.1510191,1,-1,-1
580.8388,363.65317,8.096924,20.799591,0.1505566,1,-1,-1
892.03723,276.11804,6.4924316,12.264038,0.15040272,2,-1,-1
171.80573,736.0299,10.81955,14.315552,0.14971319,2,-1,-1
226.63824,752.5061,11.054855,13.104065,0.14921674,1,-1,-1
111.233055,658.40283,15.833046,17.554077,0.14904079,10,-1,-1
155.5661,716.88574,13.284454,19.13977,0.14890856,1,-1,-1
988.81165,331.95844,10.111145,17.851715,0.14853755,2,-1,-1
456.47638,728.42413,16.832458,21.398254,0.1484356,1,-1,-1
229.77644,753.839,10.392914,13.169373,0.14819947,1,-1,-1
159.05296,729.0801,20.054916,24.236145,0.14562619,3,-1,-1
130.0064,583.08014,19.71222,17.015198,0.14545429,1,-1,-1
951.1027,351.0775,7.5287476,16.208527,0.1453762,1,-1,-1
13.939467,657.0708,11.433688,13.132751,0.14535832,2,-1,-1
1014.00867,264.79422,11.991089,15.500153,0.14530465,1,-1,-1
1092.3759,286.46393,15.384888,14.260925,0.14515492,3,-1,-1
826.6664,168.81865,20.461487,14.372803,0.14491794,3,-1,-1
1241.4955,476.09763,6.850586,9.311066,0.1448147,1,-1,-1
1163.1748,141.06433,12.554077,14.310501,0.14419493,10,-1,-1
264.28424,101.29794,9.079956,16.348206,0.14419195,1,-1,-1
116.49229,666.1451,11.270813,11.289978,0.14383996,2,-1,-1
134.9914,578.7194,17.090332,13.381897,0.143621,2,-1,-1
25.959177,649.15656,10.877394,13.463501,0.14336827,1,-1,-1
780.47375,246.22664,13.221558,21.128586,0.14286926,1,-1,-1
1100.0547,0.0,56.06372,28.053501,0.14246047,4,-1,-1
840.9099,172.70944,7.7177734,13.972931,0.1423268,10,-1,-1
835.78015,167.50543,8.702209,13.394485,0.14212102,2,-1,-1
137.85483,582.85406,12.190811,9.8932495,0.14207679,2,-1,-1
1094.3835,278.699,9.894775,14.434174,0.14168864,10,-1,-1
33.236847,656.1902,10.340775,14.677612,0.14151397,2,-1,-1
146.36751,587.6341,12.317169,10.9557495,0.14059186,2,-1,-1
816.16205,249.57101,8.356628,16.856049,0.14052564,1,-1,-1
20.396807,643.6316,11.800184,16.269714,0.14039257,1,-1,-1
249.81494,35.629612,9.950745,16.06871,0.13999805,1,-1,-1
216.37563,620.78827,9.446152,14.693298,0.13950077,2,-1,-1
311.37317,174.58945,10.32489,22.040771,0.13946837,1,-1,-1
513.52856,243.67717,10.929443,13.090744,0.13929456,2,-1,-1
41.298912,648.76526,10.369118,13.283508,0.13898844,2,-1,-1
853.13257,171.57254,11.189148,12.966873,0.13887933,3,-1,-1
994.50757,262.76556,5.834717,9.269623,0.13843602,2,-1,-1
770.0082,489.8701,9.064758,14.740326,0.13824713,1,-1,-1
1071.7985,245.15865,11.282959,12.51683,0.13795608,1,-1,-1
988.37286,309.27524,13.336243,21.15805,0.13766143,2,-1,-1
110.426674,653.6583,22.421654,19.570618,0.13758409,1,-1,-1
128.82922,588.77075,8.721649,10.292603,0.13744476,2,-1,-1
371.81104,245.77435,27.87497,23.767029,0.13720945,10,-1,-1
115.91563,666.42163,12.228432,10.7005005,0.13673848,1,-1,-1
794.5317,233.88614,10.10022,18.245697,0.13672173,1,-1,-1
989.2411,256.85617,14.335022,17.92749,0.13648713,2,-1,-1
954.52295,310.53015,6.472595,14.1762085,0.13640884,1,-1,-1
560.2332,399.68027,11.615234,15.054352,0.13640103,1,-1,-1
1015.7594,269.62018,7.3563843,10.242523,0.13495049,2,-1,-1
858.6994,177.27235,8.720703,14.31543,0.13493317,1,-1,-1
705.5448,169.32074,42.330566,48.198578,0.13487294,5,-1,-1
1091.1196,281.94202,13.965332,14.038116,0.13465458,3,-1,-1
840.8045,170.77116,6.713562,13.347748,0.13396445,2,-1,-1
175.49188,647.752,16.920593,18.743896,0.13390252,3,-1,-1
42.529934,650.61163,10.289108,19.027222,0.13362777,1,-1,-1
157.76112,723.97266,12.868179,19.435608,0.13357148,1,-1,-1
149.87923,699.5648,15.449905,19.157654,0.13308913,2,-1,-1
278.0246,174.70044,12.872131,21.7995,0.13306725,3,-1,-1
983.86145,253.81142,11.0338745,13.161148,0.13247067,10,-1,-1
736.0102,485.25378,21.137695,15.29303,0.13239175,10,-1,-1
1076.5875,253.81729,12.973633,13.016602,0.13235968,2,-1,-1
867.8125,182.65321,10.679871,12.746628,0.13234842,10,-1,-1
294.69217,154.77328,12.8993225,18.513763,0.13209018,3,-1,-1
77.562325,513.8038,13.725899,19.07611,0.13207376,1,-1,-1
835.5304,167.77806,9.260498,13.2534485,0.13207194,10,-1,-1
304.94296,153.53557,11.963104,21.214798,0.13187358,1,-1,-1
130.0064,583.08014,19.71222,17.015198,0.131657,2,-1,-1
160.64778,731.8855,18.64096,19.103638,0.13128304,1,-1,-1
945.9246,350.37747,10.009033,17.2406,0.13079295,2,-1,-1
219.47081,743.4179,17.438202,20.340271,0.13031554,1,-1,-1
987.1938,252.44514,12.442932,11.552017,0.12998575,2,-1,-1
990.5866,332.27423,16.49939,19.506317,0.12981337,1,-1,-1
844.8997,406.42654,13.886353,24.721619,0.129754,1,-1,-1
704.5146,468.62848,11.643005,15.915955,0.12961644,3,-1,-1
833.4492,166.956,8.261414,13.000107,0.12958464,1,-1,-1
309.9217,154.90518,11.592621,21.105927,0.12953475,1,-1,-1
1059.9902,234.4927,7.492676,15.334793,0.12940052,1,-1,-1
168.68379,724.94244,9.552216,14.80542,0.12915984,1,-1,-1
856.99036,174.12704,11.668396,13.523193,0.12881738,10,-1,-1
36.751728,655.5012,10.764069,14.645203,0.12874803,2,-1,-1
232.72223,189.81686,12.54953,24.106613,0.12862962,1,-1,-1
952.7261,348.17752,8.499451,18.087585,0.12855649,2,-1,-1
1092.3947,274.1589,9.519165,13.585175,0.12828365,1,-1,-1
262.94528,102.955025,11.792358,19.22644,0.12826055,2,-1,-1
1091.5137,276.89932,11.405884,11.800629,0.12816536,10,-1,-1
150.42369,730.0756,12.45845,17.22998,0.12804207,2,-1,-1
278.88635,175.19484,8.3533325,15.914368,0.12769532,1,-1,-1
512.5464,242.17654,14.694641,16.365875,0.12740564,1,-1,-1
562.4852,344.2796,12.618347,19.698517,0.12716666,2,-1,-1
1076.6686,253.73816,12.982544,13.706024,0.12662092,1,-1,-1
989.78595,314.21732,8.404053,15.584625,0.1265879,1,-1,-1
862.44464,183.03667,8.419556,13.415421,0.12647527,10,-1,-1
18.820858,659.6511,12.765072,17.55066,0.12629902,2,-1,-1
381.24368,627.5724,10.18573,12.077087,0.12582594,1,-1,-1
946.2621,318.5014,7.920349,16.370972,0.12579405,1,-1,-1
152.8308,699.966,16.625153,21.505005,0.12576324,1,-1,-1
377.94403,624.34985,20.775085,23.622559,0.12531298,1,-1,-1
800.20984,504.45956,14.304871,28.267426,0.12514582,1,-1,-1
1240.078,252.68701,11.8342285,11.052643,0.12495425,1,-1,-1
1080.8494,254.96729,12.20874,12.291077,0.1247704,10,-1,-1
295.8329,151.06142,9.172394,16.649384,0.12435931,1,-1,-1
375.34482,246.67294,14.028503,19.919647,0.124133915,1,-1,-1
35.337833,657.6195,10.873802,15.282898,0.123797536,1,-1,-1
1104.0778,302.12186,12.942871,15.364166,0.1237897,3,-1,-1
223.17369,750.82605,17.379272,17.408386,0.12366712,1,-1,-1
983.2101,252.69757,11.970886,14.10025,0.12357989,1,-1,-1
180.55406,651.67615,11.400253,13.914917,0.123429835,1,-1,-1
589.2268,45.408283,7.7781982,16.212776,0.12340024,1,-1,-1
566.4244,403.07327,13.849915,17.987457,0.12328306,1,-1,-1
585.3897,58.73345,7.350952,11.537193,0.12325108,1,-1,-1
1319.227,225.12392,62.67505,31.853378,0.12306458,4,-1,-1
1022.83905,268.194,8.023132,15.006561,0.122478604,2,-1,-1
1098.4817,283.5657,9.045654,13.939819,0.12237999,1,-1,-1
372.89883,248.60849,16.405212,30.07669,0.12230638,1,-1,-1
159.83516,691.7351,10.653778,13.981201,0.12217769,1,-1,-1
1080.8494,254.96729,12.20874,12.291077,0.12195414,3,-1,-1
17.219288,0.0,40.07814,32.22743,0.12156698,4,-1,-1
112.45741,656.3121,10.7018585,9.916504,0.121320784,2,-1,-1
1096.3114,274.71506,6.427246,11.437561,0.12103653,2,-1,-1
21.500597,652.80176,11.352282,13.8776245,0.12094268,1,-1,-1
1136.4008,279.95065,9.705566,13.773315,0.120838135,1,-1,-1
129.89972,589.82294,10.751923,11.806213,0.12016019,2,-1,-1
11.597725,654.84344,16.176964,15.285034,0.119990975,1,-1,-1
395.40637,570.50433,15.372284,18.761719,0.11998701,1,-1,-1
735.98517,485.58633,12.188965,12.679657,0.11990556,3,-1,-1
857.4817,175.62573,9.974365,14.048828,0.11986518,3,-1,-1
175.27924,648.3798,9.831055,7.9035645,0.11981928,2,-1,-1
1007.1915,266.8157,9.84137,10.649414,0.119798064,2,-1,-1
439.63672,114.89174,21.518982,11.631088,0.11976254,10,-1,-1
42.071354,650.9773,10.904572,18.214783,0.119576514,2,-1,-1
1072.4032,242.70407,10.383667,11.641586,0.11941689,3,-1,-1
1106.7263,418.1827,9.721191,14.479401,0.119405985,1,-1,-1
128.88297,588.35596,8.934784,12.750305,0.119324565,1,-1,-1
889.8975,277.49988,6.8133545,10.192413,0.118921846,1,-1,-1
392.74615,574.82404,12.702148,21.807373,0.1188072,1,-1,-1
997.72363,266.2866,9.336975,11.947998,0.11872023,2,-1,-1
767.8579,490.75717,10.31427,16.259369,0.11861855,2,-1,-1
1037.7725,383.47574,8.63208,13.589325,0.118548065,1,-1,-1
950.74365,307.5602,8.153809,16.9393,0.118537545,1,-1,-1
891.06055,189.99927,8.345093,17.07248,0.11833143,10,-1,-1
109.8586,652.7059,15.517113,18.107971,0.11831379,10,-1,-1
982.8425,255.72256,13.975586,15.44809,0.11803454,2,-1,-1
989.28735,253.54063,9.756775,13.5395355,0.11770153,1,-1,-1
696.9097,468.61188,21.002441,18.168121,0.117627084,10,-1,-1
18.312183,637.084,29.736515,29.400879,0.11760354,1,-1,-1
816.5333,267.43832,8.841309,18.194427,0.11710715,10,-1,-1
230.57094,207.77167,16.760345,28.984741,0.11701557,1,-1,-1
408.78732,22.50603,20.703735,27.778063,0.116740435,4,-1,-1
144.31935,590.442,8.305267,11.391541,0.116568,2,-1,-1
888.7743,188.02338,8.354553,15.833481,0.11651543,1,-1,-1
254.04037,37.839134,7.054291,14.705555,0.11643466,1,-1,-1
139.06859,580.1671,9.154282,10.017212,0.11605066,1,-1,-1
632.6834,300.06998,37.092346,32.261993,0.115941316,7,-1,-1
705.6808,467.1173,9.118103,14.678589,0.1157459,2,-1,-1
1163.416,141.0221,12.046631,14.025833,0.11520031,4,-1,-1
882.42554,188.11784,9.812439,16.632324,0.115134,3,-1,-1
21.644962,639.8795,9.645676,15.297852,0.11509526,1,-1,-1
124.78676,582.1019,8.694962,10.407837,0.11505899,2,-1,-1
566.4244,403.07327,13.849915,17.987457,0.11497152,2,-1,-1
1097.7705,287.84995,11.061035,13.324005,0.11482507,10,-1,-1
121.20442,669.18976,17.585144,11.659546,0.11482182,2,-1,-1
990.5315,254.62485,7.6835327,11.426453,0.11474094,2,-1,-1
163.45346,725.28754,16.339905,20.375122,0.114659905,10,-1,-1
232.16475,195.5358,18.021652,37.31346,0.11450276,3,-1,-1
846.25134,173.23709,8.188538,14.674194,0.11434814,10,-1,-1
143.29585,693.3236,23.674713,25.91858,0.114295185,1,-1,-1
27.497261,0.0,50.787666,29.95023,0.11402148,4,-1,-1
573.4128,401.9325,9.724426,17.17752,0.11401075,1,-1,-1
928.44977,247.62662,7.046692,8.538696,0.11394933,1,-1,-1
325.5675,353.07596,13.632568,26.391266,0.11352566,1,-1,-1
148.97023,722.45465,17.004303,23.205872,0.113479316,10,-1,-1
746.37115,19.852325,73.13446,33.463875,0.113449275,4,-1,-1
829.6698,170.49213,13.183777,13.7361145,0.11297646,2,-1,-1
187.20349,163.78935,20.435959,16.541138,0.112831086,1,-1,-1
1023.4912,281.31107,6.0943604,7.9359436,0.11280215,1,-1,-1
983.25793,252.46135,12.597595,14.346085,0.112619966,3,-1,-1
785.71985,242.31363,13.98291,23.908447,0.11258203,1,-1,-1
107.77665,652.0439,14.486855,18.903137,0.112579525,1,-1,-1
435.31876,61.10032,24.886597,30.037941,0.11252618,4,-1,-1
997.95404,264.26178,14.678345,16.886993,0.11247316,2,-1,-1
705.5448,169.32074,42.330566,48.198578,0.11229402,4,-1,-1
863.361,181.89903,12.02063,13.064499,0.112193316,2,-1,-1
310.07593,80.78889,13.479279,19.082596,0.1116243,10,-1,-1
937.16455,346.04434,14.002502,22.54184,0.11142352,1,-1,-1
41.663982,647.7045,12.00663,14.797302,0.111406535,1,-1,-1
950.6627,344.57257,8.610046,17.523499,0.11112702,1,-1,-1
601.8077,385.9819,12.550049,21.976715,0.11096519,2,-1,-1
223.72775,744.4123,10.117157,14.625977,0.110892,1,-1,-1
578.6251,399.8316,12.563477,22.116638,0.11086634,2,-1,-1
603.5254,386.9473,7.633911,17.838928,0.110713035,1,-1,-1
882.5774,189.81198,8.729248,16.310013,0.11065304,2,-1,-1
304.05948,304.27283,22.80365,23.73056,0.11050716,10,-1,-1
927.17737,245.97104,11.050415,8.039581,0.11033493,3,-1,-1
138.36185,577.30194,9.944412,9.182861,0.110304534,1,-1,-1
1075.868,246.78255,9.339355,14.222336,0.11025554,1,-1,-1
1095.9055,288.67108,8.152954,16.956757,0.11013353,1,-1,-1
25.532722,646.4076,10.705795,11.982727,0.11008811,2,-1,-1
1168.6237,152.73282,8.312012,12.185516,0.1098277,2,-1,-1
799.97894,223.04716,7.3864136,16.43814,0.109819025,2,-1,-1
304.63672,303.09885,13.137543,16.678802,0.1096783,2,-1,-1
109.666664,654.11237,24.471138,18.568481,0.10935131,2,-1,-1
158.9499,151.65611,47.489975,33.79869,0.1093066,4,-1,-1
1020.54755,505.08063,41.098328,33.17749,0.10913932,10,-1,-1
26.746288,655.99274,10.737431,17.711731,0.108923614,1,-1,-1
280.76318,182.11714,9.578186,15.157745,0.10878003,1,-1,-1
1097.7903,276.294,8.7126465,14.283386,0.108374,2,-1,-1
860.65454,180.92506,11.413025,13.4135895,0.108189374,3,-1,-1
451.3061,116.77494,6.9826965,9.226738,0.108035415,1,-1,-1
411.90088,567.6698,9.82254,15.802246,0.107955396,1,-1,-1
153.09097,715.5865,11.278351,14.110352,0.10788739,2,-1,-1
924.3758,244.149,13.988892,12.501785,0.1076996,1,-1,-1
437.01242,595.26416,11.108093,18.084778,0.107596815,1,-1,-1
144.466,719.0477,16.51921,27.519165,0.1075179,1,-1,-1
1090.6635,281.94107,15.608276,15.933136,0.107388884,1,-1,-1
1015.9402,264.42715,8.891235,9.094177,0.10696733,2,-1,-1
246.9572,38.31684,18.758255,21.037228,0.10692632,1,-1,-1
800.64655,201.02043,7.2276,13.8517,0.10640314,1,-1,-1
609.38806,383.71924,12.911926,23.66632,0.10600507,1,-1,-1
858.7922,176.06424,7.8270874,13.8723755,0.105876684,2,-1,-1
848.10364,170.84505,9.035217,13.381348,0.10554829,3,-1,-1
40.78772,648.4041,16.844799,24.985352,0.10548228,10,-1,-1
160.32643,741.7791,10.662643,13.526672,0.105410546,1,-1,-1
891.86633,189.36697,7.3098145,16.333237,0.1053451,1,-1,-1
150.08804,731.90405,8.770096,13.496338,0.10534343,1,-1,-1
372.27744,606.7456,11.797455,19.502869,0.10531777,2,-1,-1
1095.8771,283.47488,8.0321045,12.000427,0.10516113,2,-1,-1
136.59929,580.443,9.648117,9.63501,0.10505301,2,-1,-1
160.35732,693.0154,10.864273,11.774902,0.105051726,2,-1,-1
254.02081,102.36691,10.956207,23.574753,0.1048612,1,-1,-1
356.7433,277.37613,9.005249,12.640259,0.10469338,1,-1,-1
926.256,246.65424,7.331726,6.9568787,0.104408264,1,-1,-1
927.4401,245.83434,10.31073,8.411728,0.10439509,10,-1,-1
223.22946,747.4795,15.003052,16.287292,0.10435507,10,-1,-1
