1095.9224,10.480931,103.57532,185.07507,0.9949235,6,-1,-1
1008.6479,104.92403,32.479065,55.011414,0.95239437,7,-1,-1
947.61115,657.50476,165.42755,87.40326,0.8982141,6,-1,-1
795.0945,239.89095,88.41516,32.444168,0.8542131,6,-1,-1
880.95197,371.1878,96.087585,48.895203,0.7377759,8,-1,-1
1095.3762,8.405233,103.48804,186.4922,0.7080794,5,-1,-1
888.98193,404.5566,96.518555,39.35855,0.66702133,7,-1,-1
889.96063,403.97168,96.824524,39.87619,0.61583525,4,-1,-1
887.6298,388.1957,93.43945,45.215485,0.599567,8,-1,-1
947.36127,657.69415,166.66498,88.63165,0.5098023,7,-1,-1
806.74774,497.90088,117.18793,55.29071,0.4762503,7,-1,-1
807.50586,501.03058,114.07239,44.402527,0.47307596,6,-1,-1
890.9549,285.6693,69.2489,27.067566,0.4452557,10,-1,-1
758.3612,270.49393,121.920654,40.292175,0.4401031,6,-1,-1
892.1872,404.8411,93.015076,37.139557,0.388719,8,-1,-1
821.94403,266.00543,55.628357,22.690369,0.38610375,4,-1,-1
891.41956,285.53098,68.038025,27.610962,0.38392198,4,-1,-1
892.1872,404.8411,93.015076,37.139557,0.34908465,10,-1,-1
1095.3762,8.405233,103.48804,186.4922,0.31161267,4,-1,-1
877.8622,372.9704,95.22595,44.367126,0.2882813,1,-1,-1
867.3056,198.40672,67.75,37.554108,0.27858698,8,-1,-1
1008.70764,105.46068,32.54956,54.570786,0.24998921,6,-1,-1
795.396,240.42911,88.170715,33.04416,0.23864964,4,-1,-1
879.3427,373.00055,95.367676,44.02652,0.2141037,7,-1,-1
893.1229,265.96402,64.914185,30.366974,0.19833368,10,-1,-1
788.4384,265.73218,92.55536,32.25116,0.19002655,6,-1,-1
841.5131,107.54157,25.520874,26.791954,0.18068257,2,-1,-1
482.03003,97.56183,34.126648,20.19429,0.18063092,10,-1,-1
879.3596,373.00272,94.37634,44.591217,0.17996445,2,-1,-1
763.32153,269.11023,115.244385,41.000427,0.1658616,7,-1,-1
788.4384,265.73218,92.55536,32.25116,0.16185504,4,-1,-1
828.44305,109.56885,33.791992,21.029846,0.16065764,2,-1,-1
1095.3762,8.405233,103.48804,186.4922,0.15654266,9,-1,-1
771.6426,274.93256,110.12933,33.530884,0.15477839,4,-1,-1
806.74774,497.90088,117.18793,55.29071,0.1512199,8,-1,-1
818.9114,265.55676,58.537903,23.817566,0.14638454,7,-1,-1
809.21344,469.12296,108.7478,43.158417,0.1381495,7,-1,-1
878.4935,372.445,92.06207,45.56955,0.13630235,10,-1,-1
890.5949,404.41226,94.8761,39.852966,0.13627523,1,-1,-1
890.9777,404.3695,95.09851,40.334106,0.13052753,3,-1,-1
792.85236,225.58916,95.48291,32.8564,0.1299321,6,-1,-1
794.2871,239.80103,88.63428,31.962067,0.12603727,7,-1,-1
895.82294,263.93246,60.01178,28.393646,0.12372774,7,-1,-1
1021.61865,302.13794,98.91736,39.837982,0.11699265,1,-1,-1
843.0364,196.45253,88.59729,34.403336,0.11685845,7,-1,-1
892.49243,405.32156,93.43384,36.53302,0.11476484,2,-1,-1
877.8622,372.9704,95.22595,44.367126,0.11281869,3,-1,-1
891.60156,283.17813,67.96362,29.928772,0.10944575,7,-1,-1
807.8327,218.39511,81.99884,30.16632,0.10741335,6,-1,-1
805.5467,470.21844,112.80316,42.446777,0.10726282,8,-1,-1
792.85236,225.58916,95.48291,32.8564,0.104730695,7,-1,-1
393.39307,65.4317,30.268616,19.993408,0.10263687,4,-1,-1
809.21344,469.12296,108.7478,43.158417,0.10259482,6,-1,-1
760.88306,643.1037,146.06055,51.011414,0.10168064,6,-1,-1
843.0364,196.45253,88.59729,34.403336,0.09972143,6,-1,-1
854.52704,194.38258,78.786316,39.480087,0.09837237,4,-1,-1
406.49997,94.201256,27.29132,24.37178,0.09451708,4,-1,-1
1051.5532,158.53,18.2417,34.378036,0.09217709,1,-1,-1
867.3056,198.40672,67.75,37.554108,0.091317266,1,-1,-1
476.77136,63.73394,29.751465,22.547836,0.09053382,4,-1,-1
608.3039,756.24316,21.712097,29.744812,0.08921337,7,-1,-1
879.3427,373.00055,95.367676,44.02652,0.08869359,4,-1,-1
481.78183,98.01303,34.39389,19.69928,0.08707404,3,-1,-1
482.03003,97.56183,34.126648,20.19429,0.083740205,1,-1,-1
807.8327,218.39511,81.99884,30.16632,0.083690375,4,-1,-1
809.3264,218.85654,80.00708,29.42009,0.082018614,7,-1,-1
880.4196,372.01816,92.64697,48.14377,0.0786784,5,-1,-1
867.3056,198.40672,67.75,37.554108,0.07782602,5,-1,-1
1043.4448,356.3832,33.054443,28.756165,0.07776126,2,-1,-1
792.85236,225.58916,95.48291,32.8564,0.07737669,4,-1,-1
825.06836,179.57338,89.149475,36.39583,0.077231556,4,-1,-1
807.9064,546.62964,101.711975,41.996094,0.07711634,8,-1,-1
483.06656,89.636566,30.868195,22.501068,0.0759666,10,-1,-1
795.0945,239.89095,88.41516,32.444168,0.07549769,9,-1,-1
913.5662,269.80038,43.486816,22.230713,0.07225177,10,-1,-1
476.7896,54.36915,27.392456,22.624077,0.07192913,4,-1,-1
831.8316,191.43242,98.119446,37.649933,0.07137266,8,-1,-1
947.9428,376.19662,26.692566,31.186066,0.07126561,2,-1,-1
887.6298,388.1957,93.43945,45.215485,0.07006955,10,-1,-1
889.50275,385.23254,92.49634,46.694946,0.069482505,1,-1,-1
794.3246,278.47678,83.46802,27.01239,0.06900284,6,-1,-1
823.7794,245.5558,62.796936,22.440536,0.06810203,7,-1,-1
807.50586,501.03058,114.07239,44.402527,0.06803283,4,-1,-1
925.3945,268.1914,31.280884,25.531677,0.0680297,1,-1,-1
405.93695,52.05752,27.691406,23.550114,0.06744972,10,-1,-1
792.23474,227.51314,96.94275,33.42354,0.06715137,8,-1,-1
809.3264,218.85654,80.00708,29.42009,0.066197425,1,-1,-1
1021.6651,287.18008,78.45294,23.634827,0.06575927,1,-1,-1
828.0473,171.92029,88.085754,27.655518,0.06497988,4,-1,-1
817.8778,274.69714,57.9693,30.228699,0.06361917,4,-1,-1
400.12128,58.19853,29.094513,24.341267,0.063503474,10,-1,-1
477.5371,1.9357781,20.707611,30.935251,0.06311953,4,-1,-1
806.2204,279.74368,72.371704,25.536255,0.062241316,7,-1,-1
807.60364,547.99536,99.92163,40.477783,0.062087536,7,-1,-1
895.1512,382.51443,67.73181,29.285645,0.062038094,2,-1,-1
934.821,595.8115,183.72113,71.444275,0.061020195,7,-1,-1
408.08572,87.6886,31.522675,22.843788,0.060093492,4,-1,-1
608.3039,756.24316,21.712097,29.744812,0.06009066,10,-1,-1
807.9064,546.62964,101.711975,41.996094,0.059083045,1,-1,-1
909.0914,267.1829,42.7724,25.733582,0.058395475,2,-1,-1
792.85236,225.58916,95.48291,32.8564,0.057776093,5,-1,-1
887.6298,388.1957,93.43945,45.215485,0.056619585,7,-1,-1
476.77136,63.73394,29.751465,22.547836,0.05478686,5,-1,-1
1045.9841,151.64633,17.793213,37.85646,0.054555118,1,-1,-1
608.7073,756.1172,21.875427,30.064636,0.05364728,1,-1,-1
829.2877,481.5034,16.786255,32.792694,0.05324316,1,-1,-1
476.7896,54.36915,27.392456,22.624077,0.05323592,5,-1,-1
393.39307,65.4317,30.268616,19.993408,0.052625984,10,-1,-1
816.83295,265.60757,60.68164,23.699188,0.0513359,6,-1,-1
889.96063,403.97168,96.824524,39.87619,0.051280767,6,-1,-1
827.4821,187.29991,71.710144,32.75052,0.050919116,7,-1,-1
1043.4448,356.3832,33.054443,28.756165,0.050885588,1,-1,-1
791.67957,242.11516,91.19336,31.634933,0.05084303,5,-1,-1
1095.0857,7.5270314,105.73401,187.55669,0.050798625,1,-1,-1
896.3314,261.77307,42.067078,27.255371,0.050759822,10,-1,-1
393.39307,65.4317,30.268616,19.993408,0.05044654,5,-1,-1
956.74097,374.29364,21.935791,37.06189,0.05029294,1,-1,-1
1095.3762,8.405233,103.48804,186.4922,0.050247848,2,-1,-1
