1037.3505,584.0357,17.95227,32.919983,0.9282241,1,-1,-1
1050.6371,586.35675,16.22229,29.64563,0.87668836,1,-1,-1
962.2537,354.83936,14.095032,26.159271,0.8201518,1,-1,-1
974.1369,352.9762,14.549072,25.817902,0.79487014,1,-1,-1
1062.4141,300.79245,15.695801,34.029755,0.7871859,1,-1,-1
909.12036,167.03691,10.869202,23.112747,0.7404983,1,-1,-1
1035.9554,219.47684,12.709106,20.266449,0.7235671,2,-1,-1
992.45746,110.059425,10.001221,20.379509,0.66201866,1,-1,-1
1012.9402,239.6558,14.241699,21.249405,0.6348797,2,-1,-1
915.27313,166.7111,11.123901,23.07373,0.6346645,1,-1,-1
1035.3278,225.24635,13.864868,24.573685,0.6253835,3,-1,-1
924.09357,65.27536,11.7547,25.129623,0.56591535,1,-1,-1
1012.5409,242.47737,13.838013,25.288742,0.55340123,3,-1,-1
959.6104,224.67545,15.620117,28.068878,0.5192596,1,-1,-1
960.95776,222.89159,13.999329,21.177872,0.40614805,2,-1,-1
909.92053,59.48766,13.154907,28.70409,0.38271558,1,-1,-1
1062.6287,300.8997,14.705078,31.951874,0.341297,2,-1,-1
913.20087,169.00987,8.871094,20.935135,0.31504077,1,-1,-1
1012.9402,239.6558,14.241699,21.249405,0.2901255,1,-1,-1
1035.0348,223.56142,14.070068,25.755875,0.277664,2,-1,-1
916.5926,166.5906,8.546326,14.935364,0.27301174,1,-1,-1
1035.6503,219.02628,13.012329,21.857681,0.25316763,3,-1,-1
986.8267,303.69806,22.654724,32.874847,0.25066432,10,-1,-1
958.66376,226.5695,14.5408325,26.324066,0.24808168,2,-1,-1
986.6153,303.59323,23.06189,33.275665,0.23261005,8,-1,-1
1062.0946,300.66934,15.828247,34.724365,0.23198351,3,-1,-1
986.36536,303.65314,23.29065,33.025116,0.21819022,7,-1,-1
1035.9554,219.47684,12.709106,20.266449,0.21245337,1,-1,-1
1012.4399,241.28221,14.0529175,26.218735,0.2085531,10,-1,-1
916.83307,166.57352,8.200073,16.491043,0.20636308,2,-1,-1
963.2815,224.9728,9.948608,14.021484,0.1852482,2,-1,-1
913.0098,166.73143,8.14209,14.780792,0.18196684,1,-1,-1
923.29974,112.212364,16.52887,23.839043,0.1759817,3,-1,-1
961.7589,223.0224,12.502258,18.635681,0.17015857,1,-1,-1
1035.0348,223.56142,14.070068,25.755875,0.16684616,10,-1,-1
923.65063,112.959496,16.483826,23.708824,0.16213012,10,-1,-1
910.601,167.5889,7.649597,15.000595,0.16151199,1,-1,-1
923.1872,112.05729,17.16681,24.425835,0.1609307,7,-1,-1
1014.8518,240.10545,14.277222,20.835129,0.15968612,3,-1,-1
973.92267,468.5225,16.968445,25.092133,0.15887406,1,-1,-1
989.23395,108.35183,16.764893,25.820702,0.15814495,1,-1,-1
991.6332,113.21414,7.5178223,16.043427,0.15704453,1,-1,-1
1063.265,307.79462,8.762085,16.664886,0.1566337,2,-1,-1
958.5081,227.42142,14.633789,25.391464,0.14084515,10,-1,-1
986.7531,303.80518,22.60144,32.750824,0.14038414,3,-1,-1
913.0098,166.73143,8.14209,14.780792,0.1400283,2,-1,-1
1065.9468,302.36945,9.150391,19.16745,0.13868299,2,-1,-1
1036.4084,224.91524,13.9313965,24.8331,0.13783348,7,-1,-1
961.2367,227.40569,10.697571,19.53415,0.1349904,1,-1,-1
965.9748,225.54634,9.915039,16.1745,0.13376772,2,-1,-1
1031.7332,216.68361,20.5354,26.3629,0.13086104,2,-1,-1
1298.1888,634.4905,101.33191,153.05347,0.13070497,9,-1,-1
910.0907,167.16829,8.711304,17.812897,0.12982795,2,-1,-1
979.05945,353.26917,8.56604,19.219635,0.12580466,1,-1,-1
974.899,356.27744,8.880005,20.8779,0.12439808,1,-1,-1
917.255,172.64093,7.1520386,17.416412,0.12417844,1,-1,-1
1062.0946,300.66934,15.828247,34.724365,0.123690635,10,-1,-1
910.5038,171.55199,6.6071777,19.163834,0.11898479,1,-1,-1
1015.0976,246.30432,9.15033,20.115173,0.116170555,10,-1,-1
992.8313,110.84645,9.065247,18.883606,0.113737375,2,-1,-1
994.27594,112.299034,6.3395386,15.985054,0.113497674,1,-1,-1
986.3808,304.98715,22.350586,31.772919,0.113372326,4,-1,-1
1035.0348,223.56142,14.070068,25.755875,0.11274454,1,-1,-1
1077.4854,267.7993,19.049438,27.38501,0.11133683,1,-1,-1
963.92523,223.81573,14.372498,23.437164,0.10988137,1,-1,-1
1015.7143,241.5441,15.713562,25.809052,0.109726876,2,-1,-1
1066.0815,309.23935,8.670532,17.232727,0.10876933,2,-1,-1
1012.32056,241.40076,9.913696,15.807892,0.10850033,2,-1,-1
955.5594,229.97261,15.169373,23.779724,0.10820544,1,-1,-1
961.9413,354.89093,14.463684,25.948212,0.107228816,4,-1,-1
909.39526,58.488533,13.751465,29.86132,0.1062285,4,-1,-1
1127.3857,742.6485,42.021973,44.895447,0.10577765,5,-1,-1
917.6101,165.73997,6.550659,11.5160675,0.10507506,2,-1,-1
1128.4282,743.4201,37.50891,44.12384,0.103957504,6,-1,-1
1037.3505,584.0357,17.95227,32.919983,0.102864504,4,-1,-1
1016.62274,237.49426,12.222961,18.911621,0.10275549,2,-1,-1
914.38574,166.64148,12.4696045,23.518753,0.10237959,2,-1,-1
980.0754,353.27838,7.661682,15.642975,0.10103154,2,-1,-1
914.29395,63.126907,14.856689,26.634491,0.09986961,1,-1,-1
1128.1592,743.317,38.05066,44.22693,0.09970331,4,-1,-1
987.19635,304.29813,21.852783,32.656036,0.09941372,1,-1,-1
960.1482,231.14148,9.442871,18.344925,0.099389374,2,-1,-1
913.19275,67.131454,8.600525,20.757294,0.09797385,1,-1,-1
1015.19226,240.3894,9.493042,14.472687,0.096535236,2,-1,-1
1298.1888,634.4905,101.33191,153.05347,0.095984876,6,-1,-1
995.93524,111.091,8.916077,17.187729,0.09566024,1,-1,-1
1065.9468,302.36945,9.150391,19.16745,0.09564611,1,-1,-1
1016.583,246.74022,12.483398,20.295425,0.09552902,3,-1,-1
1014.8806,383.4189,19.941895,37.70999,0.09357521,8,-1,-1
959.19885,224.83339,16.056519,28.13536,0.09310156,3,-1,-1
1015.1586,383.32687,19.148254,38.459686,0.09261581,7,-1,-1
1015.5107,248.39493,8.354614,19.185516,0.09257427,3,-1,-1
1063.265,307.79462,8.762085,16.664886,0.0916827,1,-1,-1
918.8059,167.86388,9.069031,18.599564,0.09134221,1,-1,-1
1298.1888,634.4905,101.33191,153.05347,0.08937335,4,-1,-1
923.35114,112.19651,16.743225,24.210106,0.087270886,8,-1,-1
1077.7324,267.07394,18.018433,27.814087,0.087102026,2,-1,-1
923.7784,65.20306,12.370789,25.8788,0.08686796,2,-1,-1
924.47205,111.50842,13.719666,23.277084,0.086823344,2,-1,-1
987.4027,303.73877,21.430908,32.19388,0.08543137,2,-1,-1
1037.9386,223.65388,8.262695,20.407028,0.085390925,3,-1,-1
1013.91223,382.74283,22.52539,38.783478,0.08535999,3,-1,-1
913.1478,169.79346,8.8706665,19.598022,0.085231304,2,-1,-1
905.83856,164.61621,18.23175,28.354095,0.08442432,1,-1,-1
923.4936,111.96885,16.108154,24.044853,0.08375397,1,-1,-1
1015.1586,383.32687,19.148254,38.459686,0.08347848,10,-1,-1
1128.1592,743.317,38.05066,44.22693,0.08236453,9,-1,-1
907.2818,168.6028,9.450867,18.391708,0.082340896,1,-1,-1
914.27515,167.66681,5.8099365,9.104889,0.081633896,2,-1,-1
909.17883,167.12022,10.651855,23.017746,0.08142695,4,-1,-1
960.4965,222.77672,14.722839,22.453018,0.08078924,10,-1,-1
925.7774,112.0125,10.290405,18.975052,0.08046666,3,-1,-1
966.25073,225.62547,9.256897,16.735336,0.08023995,1,-1,-1
1030.1211,222.6908,23.691895,31.214706,0.0797447,3,-1,-1
960.31104,227.68059,10.642639,14.078079,0.079015344,2,-1,-1
910.8422,168.32608,6.950989,10.704803,0.07883528,2,-1,-1
990.3898,108.88618,14.3602295,24.340492,0.07836625,2,-1,-1
1015.9179,243.5576,7.343933,17.28218,0.07797384,2,-1,-1
1019.1453,232.72585,17.810486,21.339218,0.07786152,3,-1,-1
1379.7777,647.45276,19.743042,69.78784,0.07750818,4,-1,-1
986.7465,304.45822,22.278992,32.30185,0.07743788,6,-1,-1
974.0152,352.857,15.317505,25.781586,0.07740635,4,-1,-1
967.6343,355.91455,7.89563,23.182068,0.076631725,1,-1,-1
1063.3291,311.44684,11.832764,21.994598,0.076535195,1,-1,-1
923.7784,65.20306,12.370789,25.8788,0.07555401,4,-1,-1
915.0074,175.23276,5.71698,15.205109,0.07549605,1,-1,-1
1007.95776,233.65627,17.25293,24.022171,0.074873984,2,-1,-1
917.8966,165.79366,6.05249,10.322235,0.07416308,1,-1,-1
1037.9927,230.42506,8.741699,19.366882,0.07396507,3,-1,-1
1035.9512,219.23282,13.264648,20.993347,0.07334241,7,-1,-1
1068.6803,303.88354,9.114258,16.580872,0.07277724,2,-1,-1
981.6374,352.9756,7.859619,15.370972,0.07240775,1,-1,-1
925.34094,69.426254,7.5427246,19.53379,0.07193959,1,-1,-1
1012.32056,241.40076,9.913696,15.807892,0.07068235,1,-1,-1
1014.8902,246.68044,9.472961,19.606949,0.06923634,2,-1,-1
1063.3291,311.44684,11.832764,21.994598,0.06872153,3,-1,-1
908.52875,164.71565,14.452087,23.488785,0.06818023,2,-1,-1
1014.8902,246.68044,9.472961,19.606949,0.06752846,1,-1,-1
910.19196,66.58745,8.104614,21.085556,0.067298084,1,-1,-1
963.41425,228.68217,9.030029,17.743378,0.067236125,2,-1,-1
972.299,357.10834,8.304626,21.672424,0.06673455,1,-1,-1
1037.9386,223.65388,8.262695,20.407028,0.06662166,2,-1,-1
869.4572,0.0,7.408386,8.443186,0.06630552,1,-1,-1
986.3808,304.98715,22.350586,31.772919,0.065431535,5,-1,-1
975.6087,355.80313,8.337952,20.534943,0.06491125,2,-1,-1
810.7461,104.806175,18.16156,29.561836,0.064834416,1,-1,-1
920.037,56.41863,15.138184,31.087399,0.06476036,1,-1,-1
1036.4833,219.11636,13.664917,21.359192,0.06464085,10,-1,-1
916.35986,67.73546,8.244629,19.39064,0.06442717,1,-1,-1
1054.6141,586.89307,10.013428,14.928589,0.064181924,2,-1,-1
1151.9155,260.0596,82.46472,130.61871,0.06387767,4,-1,-1
1013.3702,383.3152,23.152039,37.89966,0.06382626,1,-1,-1
1379.7777,647.45276,19.743042,69.78784,0.063241184,9,-1,-1
915.27313,166.7111,11.123901,23.07373,0.06285024,4,-1,-1
1037.2671,583.7699,17.937988,33.499023,0.062628,2,-1,-1
959.18726,214.76727,16.157837,23.342407,0.062233865,2,-1,-1
992.85156,111.22886,9.094788,18.469337,0.06197551,10,-1,-1
1051.5847,588.1561,9.665161,14.852905,0.06153521,2,-1,-1
982.4179,353.69373,6.5719604,12.584595,0.060587943,2,-1,-1
918.8059,167.86388,9.069031,18.599564,0.060509324,2,-1,-1
992.3938,110.01057,10.281555,20.341377,0.05987668,3,-1,-1
1301.6647,634.76215,97.85608,152.7818,0.059758037,5,-1,-1
978.3664,351.63672,14.710083,23.345215,0.05955082,1,-1,-1
1044.4412,585.1244,9.700439,17.009949,0.059038967,1,-1,-1
914.7122,170.12758,5.2886353,12.562576,0.05808583,2,-1,-1
1044.7117,584.8581,9.377075,17.667664,0.057944804,2,-1,-1
1039.5902,229.49158,11.569092,17.337921,0.057472885,3,-1,-1
961.3686,222.53043,9.309998,14.365112,0.057212204,2,-1,-1
913.7572,166.27747,6.671631,9.477707,0.0565871,1,-1,-1
909.93866,59.10423,13.436951,29.18658,0.056306183,10,-1,-1
994.73096,115.2,5.5705566,12.976608,0.056288302,2,-1,-1
1014.8806,383.4189,19.941895,37.70999,0.056058496,6,-1,-1
965.58563,230.4102,14.810181,26.9001,0.055996537,1,-1,-1
863.38226,0.0,5.558655,6.0496745,0.055494994,1,-1,-1
1107.4755,702.36084,5.8912354,8.145996,0.055242628,2,-1,-1
928.6394,117.04164,13.246338,19.62143,0.05504644,3,-1,-1
914.96423,166.8977,11.828918,22.783783,0.05500558,10,-1,-1
1054.2374,587.074,10.496704,14.609314,0.05480984,1,-1,-1
980.2651,354.0388,6.2459717,9.510712,0.054432333,2,-1,-1
918.1287,166.76207,18.865356,23.184189,0.054402918,1,-1,-1
1132.1843,314.44995,20.586426,27.613983,0.05422771,1,-1,-1
1062.4141,300.79245,15.695801,34.029755,0.05381894,4,-1,-1
958.0382,219.49504,21.189148,28.624634,0.05358836,2,-1,-1
925.7774,112.0125,10.290405,18.975052,0.05334097,10,-1,-1
980.55756,353.474,6.5791016,12.094788,0.053196847,1,-1,-1
978.1932,354.39438,8.676819,21.192505,0.053060025,2,-1,-1
1047.2675,587.0304,8.980957,17.161255,0.052923054,2,-1,-1
851.9713,335.9679,19.952515,21.776093,0.052764833,1,-1,-1
927.8118,67.36072,7.0352173,19.42035,0.05246237,1,-1,-1
1050.8431,586.4218,15.180542,29.497375,0.05228153,4,-1,-1
1037.261,223.50116,9.079834,19.549515,0.052222937,10,-1,-1
1066.0815,309.23935,8.670532,17.232727,0.052083194,1,-1,-1
1037.6047,219.29619,8.434204,15.26384,0.051607102,2,-1,-1
1084.7153,595.4394,28.973999,50.4364,0.051469,1,-1,-1
1064.8555,311.64264,8.880005,22.466125,0.051395237,2,-1,-1
917.9215,170.20482,6.4172363,10.360321,0.05132377,2,-1,-1
1001.1932,110.31302,7.5323486,17.204506,0.051169038,1,-1,-1
1050.6371,586.35675,16.22229,29.64563,0.05099979,2,-1,-1
974.0152,352.857,15.317505,25.781586,0.05094564,2,-1,-1
1130.8477,302.9601,19.212402,33.309845,0.050652802,1,-1,-1
917.9946,171.2699,5.995178,17.309174,0.050577283,2,-1,-1
1016.7201,238.233,17.287842,30.38556,0.050543606,3,-1,-1
923.72925,112.79141,16.771484,23.993484,0.05047834,4,-1,-1
991.3595,113.65334,7.5719604,15.066231,0.050460964,2,-1,-1
1128.1592,743.317,38.05066,44.22693,0.05007845,1,-1,-1
