1031.0045,216.34886,194.3888,78.34364,0.92818236,4,-1,-1
1061.7668,475.8548,101.718994,39.054993,0.82619154,7,-1,-1
1061.7668,475.8548,101.718994,39.054993,0.5706276,8,-1,-1
1274.4902,297.10117,123.94812,65.86017,0.32110035,6,-1,-1
1036.6914,216.16129,189.84387,73.86484,0.30627543,6,-1,-1
641.47253,419.98383,20.116943,37.347595,0.29052323,1,-1,-1
648.02576,634.53265,37.251465,22.85315,0.28923285,10,-1,-1
611.01654,755.13666,83.470276,29.962463,0.27140158,6,-1,-1
641.36743,418.8492,20.739746,38.10266,0.27105105,2,-1,-1
728.631,586.74115,29.053772,23.641602,0.25774643,10,-1,-1
1074.4662,574.6793,102.50574,43.742615,0.2533719,10,-1,-1
1062.7584,476.3411,100.28833,39.80313,0.24944428,1,-1,-1
663.5076,263.35913,22.743408,25.306946,0.2493527,4,-1,-1
653.3906,215.64804,25.407104,44.618195,0.22193468,6,-1,-1
1062.0939,476.33902,101.73877,38.63089,0.2197156,4,-1,-1
1034.5624,426.45062,130.46765,53.469086,0.18087095,7,-1,-1
652.5893,215.62921,25.87262,44.20578,0.17687091,4,-1,-1
615.0303,755.40173,75.53552,27.920776,0.1742124,4,-1,-1
1036.3273,396.72287,114.3197,51.509064,0.1734409,1,-1,-1
648.02576,634.53265,37.251465,22.85315,0.15865868,1,-1,-1
641.47253,419.98383,20.116943,37.347595,0.1546177,10,-1,-1
652.5893,215.62921,25.87262,44.20578,0.14813733,5,-1,-1
1033.8656,256.45892,134.4729,49.071198,0.14803472,7,-1,-1
615.8546,260.54605,33.912537,25.362701,0.14766371,4,-1,-1
1081.3331,629.4676,25.907593,37.126465,0.14637876,1,-1,-1
1031.0548,215.97807,193.89941,79.14061,0.13420936,9,-1,-1
611.36237,754.7038,82.100525,29.795166,0.13189685,5,-1,-1
1071.7666,655.5255,133.91577,54.81897,0.13049653,6,-1,-1
1036.7958,430.33057,123.40991,49.333984,0.12834695,10,-1,-1
1038.9734,256.00314,129.21191,49.906097,0.12602454,4,-1,-1
1034.8503,427.65613,129.78528,51.76419,0.12594604,1,-1,-1
615.8546,260.54605,33.912537,25.362701,0.1188373,5,-1,-1
656.95917,468.0227,16.957764,42.755768,0.11297315,10,-1,-1
1039.1044,217.91502,142.68933,50.89952,0.11014423,4,-1,-1
1296.0074,253.4193,102.598145,48.877853,0.10997829,6,-1,-1
1027.1755,238.76826,159.9729,67.04726,0.10997611,6,-1,-1
1074.4662,574.6793,102.50574,43.742615,0.10912496,3,-1,-1
1273.8132,296.37717,125.042725,67.13626,0.104848,9,-1,-1
1100.6266,614.4989,115.81201,44.50061,0.10257709,4,-1,-1
633.92285,415.2503,20.297058,36.24771,0.10126853,1,-1,-1
652.5893,215.62921,25.87262,44.20578,0.09891862,9,-1,-1
1111.576,615.72284,109.970825,41.50934,0.09655669,10,-1,-1
663.5076,263.35913,22.743408,25.306946,0.09597242,5,-1,-1
1081.3331,629.4676,25.907593,37.126465,0.095838785,2,-1,-1
656.95917,468.0227,16.957764,42.755768,0.09559277,1,-1,-1
684.2816,321.70676,18.374207,30.287811,0.09170243,1,-1,-1
1296.0074,253.4193,102.598145,48.877853,0.09081215,9,-1,-1
633.92285,415.2503,20.297058,36.24771,0.08899531,2,-1,-1
1061.7668,475.8548,101.718994,39.054993,0.08762911,2,-1,-1
1062.0939,476.33902,101.73877,38.63089,0.08759281,3,-1,-1
1077.3773,522.9734,17.405273,37.915833,0.08389202,1,-1,-1
1027.2189,306.727,126.34143,35.44507,0.07938233,3,-1,-1
1035.7777,398.19943,114.732544,51.026825,0.07660529,10,-1,-1
647.6231,634.84656,37.65338,22.278198,0.07436353,2,-1,-1
622.19586,288.531,31.609558,21.415436,0.07298714,4,-1,-1
641.0186,417.90347,21.53955,38.384277,0.07019487,7,-1,-1
1111.576,615.72284,109.970825,41.50934,0.06950423,7,-1,-1
1041.1412,265.12173,120.65466,41.236816,0.06851712,10,-1,-1
676.5644,322.7676,19.000854,30.81427,0.06769231,1,-1,-1
1077.4731,523.06213,18.042603,36.447388,0.06654075,2,-1,-1
633.92285,415.2503,20.297058,36.24771,0.06630796,10,-1,-1
1027.2189,306.727,126.34143,35.44507,0.06553158,10,-1,-1
1039.2096,425.50864,122.6051,51.549774,0.06499332,8,-1,-1
647.50806,474.03607,23.053345,39.61139,0.06481883,10,-1,-1
1057.189,475.0906,103.9613,43.284576,0.06360066,10,-1,-1
1033.4603,413.40067,138.6178,64.894775,0.06327635,4,-1,-1
611.36237,754.7038,82.100525,29.795166,0.06283954,9,-1,-1
1035.3562,399.05905,114.83557,49.97879,0.062741995,3,-1,-1
1111.576,615.72284,109.970825,41.50934,0.061742276,1,-1,-1
1047.4205,437.0049,69.28381,41.26364,0.061458856,1,-1,-1
623.1461,302.82123,31.408875,18.320038,0.060946107,10,-1,-1
656.95917,468.0227,16.957764,42.755768,0.06015262,3,-1,-1
615.0599,258.12067,35.01947,24.944305,0.05870098,10,-1,-1
698.9371,466.49725,17.9104,33.278564,0.05817297,1,-1,-1
621.79974,298.8576,32.04712,20.592804,0.057614416,4,-1,-1
1035.923,424.25916,123.96069,51.45935,0.057271272,3,-1,-1
1037.9688,215.2386,186.63928,68.640366,0.056495607,1,-1,-1
1027.039,308.23215,100.4364,37.605103,0.05567476,1,-1,-1
1034.2562,215.99364,192.40259,74.49242,0.054733038,5,-1,-1
1038.9734,256.00314,129.21191,49.906097,0.054003626,9,-1,-1
647.50806,474.03607,23.053345,39.61139,0.05275193,1,-1,-1
641.0186,417.90347,21.53955,38.384277,0.051843166,3,-1,-1
656.95917,468.0227,16.957764,42.755768,0.0516873,2,-1,-1
1058.1167,475.53223,101.09851,41.879883,0.051676154,6,-1,-1
1053.173,440.57126,41.540283,33.341827,0.05121544,1,-1,-1
1098.906,613.92426,119.17285,45.472595,0.050755143,6,-1,-1
1073.3407,575.08777,101.96106,43.696533,0.05044532,1,-1,-1
