391.17535,709.1862,20.51471,35.79419,0.9522629,4,-1,-1
487.34695,646.09705,26.656769,32.97357,0.88497007,4,-1,-1
454.69443,571.4433,20.415283,29.989136,0.854419,4,-1,-1
384.1828,615.0288,19.18991,27.273254,0.85289633,4,-1,-1
401.542,522.45306,18.264862,23.41272,0.84908915,4,-1,-1
911.0391,477.48688,31.272339,16.851929,0.84205884,4,-1,-1
390.8523,751.83136,21.988525,35.712585,0.8333162,4,-1,-1
417.24265,744.147,24.59671,42.25775,0.83054894,4,-1,-1
383.68097,643.84247,26.21289,58.9917,0.8092437,9,-1,-1
382.19254,589.5482,17.713013,25.673645,0.8022304,4,-1,-1
777.4082,712.10144,27.961975,39.131165,0.78961885,4,-1,-1
1206.9083,594.0632,36.890625,21.61377,0.7807685,4,-1,-1
821.2413,613.2883,27.779236,32.619873,0.7728543,4,-1,-1
478.04254,507.0883,18.47644,29.946259,0.76979446,4,-1,-1
916.3249,487.3554,33.63098,17.337006,0.7695719,4,-1,-1
1240.0419,704.2303,43.02112,33.775208,0.76824796,4,-1,-1
897.5517,463.87094,29.703186,16.965424,0.76463836,4,-1,-1
854.3646,669.38007,26.491638,29.954895,0.76017463,4,-1,-1
391.38495,275.52625,11.626373,13.8341675,0.75542796,4,-1,-1
1062.1399,658.9216,33.09546,36.29608,0.75220627,5,-1,-1
385.7215,559.55634,16.94455,24.214417,0.7506428,4,-1,-1
918.00653,368.27277,24.251404,18.400055,0.7446172,5,-1,-1
908.4617,658.3565,28.517517,33.360962,0.7401105,4,-1,-1
381.6373,535.7833,17.638794,23.641846,0.73370636,4,-1,-1
1195.6482,583.4593,35.314697,20.723572,0.7305844,4,-1,-1
521.96185,697.80585,30.202637,44.525818,0.7281736,5,-1,-1
399.43704,565.2423,29.129364,48.697327,0.7271336,9,-1,-1
381.56348,514.5657,15.565643,20.60431,0.7261757,4,-1,-1
429.78674,385.30472,15.040192,19.62909,0.72366375,4,-1,-1
1095.5164,651.36383,39.365723,42.294006,0.72341764,5,-1,-1
1042.1996,662.2287,34.780884,37.86078,0.72218215,5,-1,-1
946.89636,398.23477,28.443909,14.1579895,0.71971965,4,-1,-1
1148.4105,619.0455,35.443604,28.36267,0.7134733,4,-1,-1
597.5463,667.1154,37.963684,28.51709,0.6966926,4,-1,-1
883.8615,377.90878,26.792664,13.963898,0.69056684,4,-1,-1
588.06274,632.2402,19.033081,28.66748,0.68949693,4,-1,-1
672.0316,724.07666,52.5968,27.264526,0.68787885,4,-1,-1
465.89032,437.86356,31.471222,17.884705,0.6872306,4,-1,-1
526.6178,303.7322,10.589722,11.965546,0.67979884,4,-1,-1
1168.2823,616.2506,33.752563,27.51007,0.6785548,4,-1,-1
1044.4213,735.6142,40.208862,35.187866,0.67664504,4,-1,-1
392.8512,212.9843,11.28891,10.43219,0.66478336,4,-1,-1
352.17096,546.9375,6.248413,13.421509,0.6613254,1,-1,-1
378.2541,486.53482,16.66922,20.802612,0.6610173,4,-1,-1
860.891,607.4244,25.187439,31.40216,0.65964735,4,-1,-1
938.7136,523.11804,27.40863,32.42517,0.6586236,5,-1,-1
552.4762,676.0819,41.020996,31.275513,0.65741074,4,-1,-1
895.9535,601.6721,24.545227,29.07019,0.651392,4,-1,-1
338.12268,688.2045,6.447876,13.592529,0.64625525,1,-1,-1
351.7522,570.02484,6.725128,13.373657,0.63752383,1,-1,-1
387.47318,242.01874,10.730316,13.184341,0.6374905,4,-1,-1
1178.4685,643.2243,35.664795,34.7713,0.63620675,4,-1,-1
414.57202,206.53609,14.085632,14.235596,0.63448304,4,-1,-1
1080.6927,503.14282,31.49707,31.616272,0.6336333,5,-1,-1
927.28625,506.06158,34.90796,17.559937,0.63308537,4,-1,-1
615.242,742.2221,7.1499023,14.018433,0.63275206,1,-1,-1
1271.3033,651.8899,40.175293,24.556274,0.63248134,4,-1,-1
1081.5151,727.61633,42.067383,42.167236,0.6324207,4,-1,-1
875.9599,603.95056,26.97284,31.552185,0.6282161,4,-1,-1
1156.7292,720.5888,36.497314,36.422302,0.6274951,5,-1,-1
1011.7821,519.19635,26.142578,26.141663,0.6267389,4,-1,-1
1133.0049,718.6365,37.862305,40.55652,0.6238581,5,-1,-1
688.2677,753.8838,50.13611,25.936707,0.6214329,4,-1,-1
888.7628,688.56744,33.413635,41.454773,0.6196112,5,-1,-1
857.5148,381.91425,26.611145,13.66037,0.6185486,4,-1,-1
837.575,671.886,25.811584,31.580078,0.6149052,4,-1,-1
358.82614,599.02765,6.865082,12.546631,0.61076856,1,-1,-1
871.3231,666.0457,28.021667,31.67334,0.6103024,4,-1,-1
1027.9344,515.86163,23.194702,24.830627,0.60552365,4,-1,-1
1225.8381,608.85236,40.383057,24.17926,0.60515296,4,-1,-1
345.65744,602.51166,7.497589,14.598389,0.60420567,1,-1,-1
994.6182,643.9045,33.159363,32.34613,0.5949981,5,-1,-1
351.86642,600.1127,6.5780334,13.114624,0.5840812,1,-1,-1
867.4965,510.7223,25.4953,15.801025,0.582318,4,-1,-1
1219.9774,605.61395,38.160645,20.157959,0.5820342,4,-1,-1
1007.3201,576.62396,33.1463,36.917786,0.5791594,5,-1,-1
346.21826,570.46027,7.055786,14.003174,0.57762206,1,-1,-1
1023.55835,636.56335,31.39502,30.075623,0.5768251,4,-1,-1
342.43372,557.20734,7.176178,13.412476,0.57601464,1,-1,-1
1107.7546,721.2029,43.147583,43.636353,0.57417595,5,-1,-1
1274.7307,692.4977,51.305298,39.015564,0.56785935,4,-1,-1
888.776,451.58896,34.11615,18.49826,0.5672631,4,-1,-1
1119.1611,651.437,31.015625,36.70056,0.5638948,5,-1,-1
358.42368,546.7177,5.4937744,13.00293,0.56215703,1,-1,-1
991.2506,587.1463,27.017334,26.35907,0.56126094,4,-1,-1
569.43536,643.59235,26.517212,32.4256,0.5587735,4,-1,-1
904.1834,762.3407,39.163757,25.203247,0.55810934,4,-1,-1
874.6226,428.65176,29.316406,17.444672,0.5574735,4,-1,-1
1087.0581,625.4525,36.36841,29.784851,0.5545602,4,-1,-1
1103.3251,474.42984,5.7269287,10.83374,0.5541387,1,-1,-1
1169.811,716.7268,39.09851,34.516907,0.5529266,5,-1,-1
340.0957,455.88016,6.443573,12.711761,0.55122817,1,-1,-1
348.1284,689.12646,5.9287415,12.832947,0.54725695,1,-1,-1
935.1913,575.2803,27.423584,24.218445,0.546758,4,-1,-1
846.7328,482.65256,26.07074,16.031067,0.54537743,4,-1,-1
539.34357,302.04642,10.585083,13.312622,0.54504675,4,-1,-1
1288.015,667.58075,35.83191,23.17395,0.54423445,4,-1,-1
908.434,532.30994,25.592712,25.83435,0.5441095,4,-1,-1
969.6061,524.8542,26.531494,25.802185,0.542398,4,-1,-1
891.02905,661.1136,29.908997,34.007446,0.54008573,4,-1,-1
1043.9425,304.7697,23.550537,13.339996,0.53794503,4,-1,-1
521.0109,657.93365,25.920044,34.319153,0.5314486,4,-1,-1
1158.1072,643.29803,36.141968,38.660645,0.5288454,5,-1,-1
606.87213,694.4932,31.676147,29.371521,0.52402407,4,-1,-1
817.3672,677.11835,25.71698,28.906738,0.5237152,4,-1,-1
983.894,521.80286,25.178772,25.855774,0.5221341,4,-1,-1
369.86932,702.4827,5.7583313,13.076111,0.52124625,1,-1,-1
440.58472,447.58173,7.665924,12.598511,0.52065945,10,-1,-1
363.6016,703.23627,6.1028748,12.692383,0.5087761,1,-1,-1
1008.51227,311.58008,15.401794,14.49707,0.5056195,4,-1,-1
888.67175,451.3045,34.151917,18.745453,0.50008833,5,-1,-1
835.898,703.3689,25.572083,35.89679,0.4984249,5,-1,-1
412.9745,240.173,15.871063,23.578186,0.49656528,6,-1,-1
998.15845,312.22772,12.562561,13.210999,0.49647647,4,-1,-1
911.5804,595.1873,26.616089,32.810974,0.49395865,4,-1,-1
412.48138,382.23584,16.334076,29.514313,0.49207813,6,-1,-1
370.66592,542.0365,5.9345093,13.614075,0.48712647,1,-1,-1
345.05508,456.32352,5.7752686,12.07077,0.481953,1,-1,-1
859.41455,500.09238,24.8172,15.103546,0.4814093,4,-1,-1
1094.0634,468.02933,5.758789,10.498688,0.4787866,1,-1,-1
1008.7568,641.7042,31.19574,33.61487,0.47854382,5,-1,-1
1095.9963,471.16675,5.98938,10.658539,0.47632465,1,-1,-1
1231.474,613.863,42.176514,26.43335,0.4763169,4,-1,-1
823.71356,382.18146,32.351868,17.054169,0.47233146,4,-1,-1
350.26987,551.79663,6.9577637,13.97467,0.47129062,1,-1,-1
504.11252,632.395,28.26413,28.64508,0.4674386,4,-1,-1
553.4079,728.07825,36.445923,49.54492,0.46456778,6,-1,-1
1041.9691,515.56256,24.611816,24.032593,0.46429038,4,-1,-1
918.07697,401.66025,27.444519,15.411804,0.46374047,4,-1,-1
339.78564,592.1245,8.323303,15.584351,0.45958725,1,-1,-1
349.63,556.6721,7.083557,13.734924,0.45839086,1,-1,-1
516.62445,537.56604,7.0247803,13.59967,0.45804495,1,-1,-1
1049.5056,560.4637,37.081177,27.186646,0.45149064,4,-1,-1
1053.487,507.69583,29.53833,29.446014,0.45121187,5,-1,-1
521.0109,657.93365,25.920044,34.319153,0.44853938,5,-1,-1
691.09155,769.8509,52.143127,17.693054,0.44661057,4,-1,-1
1008.93134,640.1973,32.20465,34.924377,0.44530916,4,-1,-1
1058.9924,316.94806,21.130249,11.592529,0.44358808,4,-1,-1
548.4611,310.54688,21.694946,12.523193,0.44276956,4,-1,-1
1159.9109,642.8255,36.9386,38.273132,0.43727362,4,-1,-1
253.41351,143.99654,14.119843,12.365952,0.4369321,4,-1,-1
245.6201,165.43593,16.538284,17.116425,0.43535978,4,-1,-1
1087.3322,472.34503,5.4422607,10.213287,0.43492472,1,-1,-1
440.8563,446.87192,6.494629,9.205902,0.4345063,2,-1,-1
359.24966,441.9802,5.323822,10.899536,0.43139634,1,-1,-1
345.4231,469.3439,6.4049377,11.136658,0.42998734,1,-1,-1
1099.4374,504.20804,26.953735,28.908844,0.4299225,4,-1,-1
367.05212,442.15692,5.219696,10.578033,0.42914176,1,-1,-1
973.7308,589.03436,28.219788,29.605896,0.42901817,4,-1,-1
683.5658,739.6988,46.9375,24.800049,0.42498007,4,-1,-1
327.1629,433.752,6.7769775,10.576599,0.42488465,1,-1,-1
870.9673,693.6004,28.717834,36.56555,0.42191964,4,-1,-1
613.173,683.64966,32.948486,23.659546,0.42118385,4,-1,-1
1139.8397,649.1075,32.00476,34.958313,0.4152822,5,-1,-1
348.55005,600.6553,7.7496033,15.471863,0.41512263,1,-1,-1
504.34723,632.34265,27.821777,28.403748,0.41292173,5,-1,-1
599.8659,742.9246,7.6710815,15.283081,0.41258147,1,-1,-1
366.97412,558.0038,6.7391663,14.117676,0.41213405,1,-1,-1
872.7755,694.45886,31.000183,38.598877,0.4112329,5,-1,-1
1170.7603,716.0661,38.09619,35.65448,0.41098714,4,-1,-1
465.811,437.85162,31.227997,17.838623,0.41045314,5,-1,-1
1053.844,507.79297,29.105225,29.469116,0.40926704,4,-1,-1
1098.0878,503.5598,28.550415,29.651062,0.40810537,5,-1,-1
911.0076,595.8361,27.6156,31.935608,0.40765864,5,-1,-1
351.77063,442.68002,5.967682,11.16272,0.4020031,1,-1,-1
539.3046,417.20428,25.396912,15.646606,0.39789525,4,-1,-1
552.7057,675.59235,40.502686,32.024475,0.39553246,5,-1,-1
823.7791,382.08496,32.10254,17.479156,0.39479348,5,-1,-1
1275.2721,693.1684,50.10852,38.343445,0.39307934,5,-1,-1
966.2817,753.37036,43.318237,34.173584,0.39126307,4,-1,-1
1180.0199,643.5171,33.196655,34.849792,0.38946638,5,-1,-1
356.82996,424.60303,4.937561,9.6058655,0.38872623,1,-1,-1
1293.4908,685.91516,46.870483,35.150085,0.38688445,5,-1,-1
983.6387,521.6881,24.997437,26.059387,0.3847618,5,-1,-1
967.4155,570.4327,29.862183,33.52704,0.382722,5,-1,-1
278.29257,81.72041,9.332123,10.337166,0.3808994,4,-1,-1
268.5449,108.44609,11.882599,11.801315,0.38085577,4,-1,-1
378.2541,486.53482,16.66922,20.802612,0.38042104,5,-1,-1
342.84875,469.53467,5.7493286,10.819305,0.3790742,1,-1,-1
891.3759,661.3932,29.368408,33.733337,0.37776113,5,-1,-1
968.562,526.52997,26.598694,24.669373,0.37497407,5,-1,-1
1115.0251,472.32605,5.284424,9.560974,0.37225792,1,-1,-1
340.65253,542.14197,6.968567,13.644409,0.372206,1,-1,-1
1107.3593,720.56415,43.50537,45.946167,0.36900264,4,-1,-1
466.78497,335.19318,4.383667,9.197571,0.36508557,1,-1,-1
889.3441,688.4118,32.851135,41.71393,0.36366254,4,-1,-1
573.6459,717.19604,7.736267,14.967712,0.35936183,1,-1,-1
1141.814,650.10187,27.17456,32.282043,0.3586735,4,-1,-1
1293.8977,686.12976,45.37317,35.2406,0.35581768,4,-1,-1
865.256,418.58307,23.103882,15.52179,0.3551084,4,-1,-1
1071.7959,398.87418,5.6672363,8.626617,0.35457116,1,-1,-1
1062.5078,658.31995,34.08618,36.50244,0.34981495,4,-1,-1
1180.8517,515.1682,5.803711,9.608826,0.3496797,1,-1,-1
539.71643,301.54065,9.942383,13.551483,0.34728932,5,-1,-1
1080.4458,554.8569,29.499146,21.631104,0.34719327,4,-1,-1
1058.1741,498.84183,7.6501465,12.935791,0.34631532,1,-1,-1
262.57693,125.1393,11.958069,11.574631,0.34428316,4,-1,-1
603.66864,743.398,8.046875,15.097046,0.3435583,1,-1,-1
1019.91943,635.0911,32.735474,34.65094,0.33912027,5,-1,-1
1156.0156,721.19,36.16626,36.362183,0.33775252,4,-1,-1
387.3492,242.10341,10.784912,12.919647,0.3363821,5,-1,-1
279.6139,70.24684,8.345886,8.672188,0.33347052,4,-1,-1
1148.4105,619.0455,35.443604,28.36267,0.3273663,5,-1,-1
1090.0577,491.92288,6.272949,11.857666,0.32718664,1,-1,-1
414.35547,206.41566,14.51889,14.542664,0.32412687,5,-1,-1
972.80646,587.4468,29.166382,31.634766,0.3237999,5,-1,-1
548.3267,310.1212,23.217346,12.803925,0.3235278,5,-1,-1
1088.1052,563.7943,34.67224,35.60852,0.32325482,5,-1,-1
1043.8456,304.77148,24.135986,13.5578,0.32098842,5,-1,-1
684.0187,740.0276,45.257324,24.013977,0.3160596,10,-1,-1
539.3046,417.20428,25.396912,15.646606,0.31597462,5,-1,-1
347.88345,469.8519,5.5049744,10.675751,0.31501234,1,-1,-1
413.28183,240.05286,15.1840515,23.970734,0.31267923,9,-1,-1
1081.1116,503.0213,30.776245,31.707092,0.31163287,4,-1,-1
688.60425,754.17664,50.392944,25.96521,0.30949485,10,-1,-1
834.93195,703.3902,27.37323,36.31909,0.3074484,4,-1,-1
967.4155,570.4327,29.862183,33.52704,0.3068871,4,-1,-1
480.19153,323.4862,15.311859,16.683807,0.30376983,4,-1,-1
859.1841,499.7106,25.090271,15.174591,0.30109257,5,-1,-1
1167.0662,616.09467,35.67456,28.051086,0.2992506,5,-1,-1
339.27237,539.0029,6.553406,13.302734,0.29832178,1,-1,-1
350.42303,444.67548,5.8211365,10.627686,0.29615265,1,-1,-1
991.60474,643.43,33.57959,33.694885,0.293311,4,-1,-1
1048.9081,560.6399,37.828247,28.99701,0.29300886,5,-1,-1
818.90405,677.3765,25.282532,28.651184,0.289193,5,-1,-1
1104.2874,491.99615,5.727173,11.391327,0.2887414,1,-1,-1
1132.4823,718.76825,38.20105,40.41626,0.2868414,4,-1,-1
1087.3154,625.2942,35.438477,30.274536,0.2854427,5,-1,-1
875.4661,604.3386,26.970093,31.027832,0.28479537,5,-1,-1
525.5032,431.77246,5.5510864,9.258606,0.28363773,1,-1,-1
1035.095,517.30597,22.624512,22.231018,0.28363416,4,-1,-1
1088.3496,568.06995,34.90857,33.126648,0.282964,4,-1,-1
313.41107,687.88965,4.937195,7.8256836,0.28227615,1,-1,-1
298.58408,700.8657,5.8315735,10.743652,0.27991733,1,-1,-1
1119.6133,651.79675,30.682983,36.288147,0.27984667,4,-1,-1
383.81937,643.59424,25.753845,59.57599,0.27553314,5,-1,-1
1011.7211,519.4108,26.445496,25.518066,0.27511966,5,-1,-1
857.5118,381.80273,26.450623,13.770752,0.2750743,5,-1,-1
1071.7806,398.68506,5.750244,8.973114,0.27478093,2,-1,-1
866.51105,423.5332,23.491577,17.30545,0.27372053,4,-1,-1
342.9942,465.8928,7.297577,12.615692,0.26950756,1,-1,-1
907.89606,532.0234,25.688477,26.236023,0.2688674,5,-1,-1
245.14378,146.28934,22.374527,40.185562,0.2672491,9,-1,-1
482.65323,329.96033,14.670288,18.241089,0.26634228,4,-1,-1
1080.764,726.5885,44.313843,43.457825,0.26583874,5,-1,-1
343.97855,554.92633,7.451172,14.050781,0.26552454,1,-1,-1
875.0763,429.84946,29.49347,16.808136,0.2653461,5,-1,-1
870.64874,667.5063,27.240173,37.110962,0.2622627,5,-1,-1
965.1511,753.89105,42.221436,33.652893,0.26223922,5,-1,-1
303.1176,129.59639,16.16742,27.039734,0.26208967,9,-1,-1
991.9017,312.83075,12.936096,12.678345,0.26192755,4,-1,-1
245.66864,165.99345,15.971008,18.221909,0.26127326,5,-1,-1
663.4922,643.7023,8.387695,16.460022,0.26073387,1,-1,-1
381.6373,535.7833,17.638794,23.641846,0.25937122,5,-1,-1
927.2913,505.8888,34.10553,18.310059,0.25811762,5,-1,-1
897.65826,463.9331,28.858337,16.9516,0.2580918,5,-1,-1
519.81586,537.1144,7.39624,13.782959,0.25697142,1,-1,-1
338.46783,593.5042,6.630127,13.322266,0.25577784,1,-1,-1
1092.007,496.5689,7.3530273,12.414642,0.2557165,1,-1,-1
298.26654,100.272896,10.519196,14.057259,0.25561583,4,-1,-1
308.5931,105.51171,15.75943,24.362206,0.25509495,9,-1,-1
863.74554,379.6619,30.221802,15.685364,0.25462225,4,-1,-1
606.84656,693.7523,32.81842,30.05243,0.25428683,5,-1,-1
1286.6348,666.10034,38.312622,25.480469,0.25091887,5,-1,-1
1034.0867,499.73303,6.4882812,11.850739,0.24707854,1,-1,-1
549.4832,775.6068,6.7963867,11.862366,0.24637103,1,-1,-1
1044.5822,515.4975,24.752441,24.200806,0.2461507,5,-1,-1
877.192,397.71945,30.996826,16.045288,0.24570107,4,-1,-1
672.41547,723.77246,52.21747,27.414917,0.245146,10,-1,-1
311.7289,689.08453,6.4481506,11.154297,0.24456593,1,-1,-1
381.80963,514.8556,15.253265,20.645447,0.24421418,5,-1,-1
279.0672,60.21258,9.568573,13.766224,0.2436795,9,-1,-1
372.20203,651.0839,7.764374,20.00055,0.24135998,1,-1,-1
882.4911,539.9858,26.772095,23.891724,0.24069661,4,-1,-1
918.07697,401.66025,27.444519,15.411804,0.23778048,5,-1,-1
527.32196,431.87338,5.2194214,8.528961,0.23775342,1,-1,-1
689.8998,768.8451,53.289307,18.698853,0.2373712,10,-1,-1
1056.7322,497.46802,6.844116,12.747314,0.23600805,1,-1,-1
837.2092,671.72375,26.430359,31.67987,0.23504141,5,-1,-1
957.4076,314.69977,14.773987,17.037354,0.2347135,4,-1,-1
308.03696,118.450066,13.4001465,19.517815,0.2335634,9,-1,-1
273.06512,94.96401,11.205353,13.8018265,0.23355845,4,-1,-1
1088.9237,472.50916,5.1829834,8.645142,0.23289111,1,-1,-1
935.8095,575.4157,28.019775,27.029724,0.23277652,5,-1,-1
307.97845,104.11429,17.563782,23.55767,0.23191151,6,-1,-1
412.29163,381.05646,16.515167,30.756073,0.2318466,9,-1,-1
1080.1382,554.8502,30.213257,21.516907,0.23015055,5,-1,-1
1024.4615,330.24078,25.667603,14.75708,0.22878274,5,-1,-1
341.32877,460.6514,6.7407837,13.183228,0.22877517,1,-1,-1
522.5225,537.2803,6.7714844,13.688904,0.22806072,1,-1,-1
893.9417,672.1287,30.61084,40.295044,0.22798353,5,-1,-1
498.14816,528.74786,7.6340637,12.560364,0.22651866,1,-1,-1
1096.5591,468.9082,5.324341,9.359955,0.22624716,1,-1,-1
1206.8654,594.0274,36.345337,21.458008,0.22561392,5,-1,-1
846.41956,482.92664,26.295654,15.557678,0.2251553,5,-1,-1
345.36444,461.6369,6.270233,13.120544,0.22478387,1,-1,-1
132.87733,749.1808,8.745209,10.582214,0.22405243,1,-1,-1
178.90211,152.32437,14.708862,13.945328,0.2224822,4,-1,-1
575.33356,720.27454,8.576721,20.862122,0.2224665,1,-1,-1
1059.8025,313.3968,25.504883,12.127869,0.22206128,4,-1,-1
896.09985,600.60864,25.741394,30.750183,0.2215192,5,-1,-1
245.50896,148.62613,20.73146,37.729218,0.22102821,6,-1,-1
368.20358,703.54486,5.654663,11.420532,0.22081652,1,-1,-1
988.75385,587.6968,29.913635,27.472107,0.21981251,5,-1,-1
1071.2456,399.18762,6.8355713,8.192871,0.21949768,10,-1,-1
344.4846,596.07416,7.7976074,16.852112,0.21849886,1,-1,-1
413.47064,240.20833,14.920868,23.530441,0.21837458,5,-1,-1
1091.5503,492.45908,7.0150146,12.590546,0.21810192,1,-1,-1
859.03784,606.5891,27.634521,32.18347,0.21757981,5,-1,-1
278.95856,60.26651,9.764832,13.256668,0.21745595,6,-1,-1
1270.7867,652.17053,41.099365,24.240784,0.21680054,5,-1,-1
1181.1042,527.45557,11.122803,13.325256,0.21624318,1,-1,-1
371.82455,647.2097,6.735962,14.985718,0.21562877,1,-1,-1
1130.4727,648.93304,33.44275,38.654053,0.21480098,4,-1,-1
338.7075,454.79602,6.42395,10.623444,0.21457615,1,-1,-1
481.0708,322.96924,13.287994,10.365997,0.21439442,4,-1,-1
808.68146,671.1278,11.094116,17.909058,0.21397194,1,-1,-1
1006.7192,575.6566,33.371277,36.499573,0.21334964,4,-1,-1
267.3232,110.95343,12.862305,14.336288,0.21329665,4,-1,-1
859.5285,507.06912,29.236206,16.087128,0.21300957,4,-1,-1
1027.8673,516.2581,24.83252,24.697693,0.21263382,5,-1,-1
867.69147,510.4994,24.359497,15.620239,0.21189323,5,-1,-1
343.31635,591.75476,8.188141,15.73407,0.21158707,1,-1,-1
867.5225,397.6236,7.027527,10.873962,0.21016124,1,-1,-1
884.2456,377.4276,26.198792,14.681763,0.2101171,5,-1,-1
597.5011,666.79376,38.26361,28.550354,0.20792425,5,-1,-1
865.7259,418.3169,22.577393,15.901154,0.20727658,5,-1,-1
953.9091,303.31876,16.522766,28.644379,0.2062718,9,-1,-1
383.8237,644.09283,26.027405,58.797974,0.20605555,4,-1,-1
412.3104,382.9797,16.182892,29.283936,0.20543474,5,-1,-1
373.36996,658.2274,6.7308655,14.892029,0.2052283,1,-1,-1
1048.4049,559.4701,39.875,32.403687,0.2045151,6,-1,-1
917.3304,366.9301,23.688416,19.53064,0.20272684,6,-1,-1
276.91434,83.03601,11.474731,15.480316,0.20234993,4,-1,-1
925.46246,357.6028,5.559082,11.783722,0.200266,1,-1,-1
876.1885,401.77524,29.828064,16.804504,0.19997993,5,-1,-1
309.8047,689.6888,6.106201,12.103088,0.19968417,1,-1,-1
904.1834,762.3407,39.163757,25.203247,0.19894892,5,-1,-1
357.06085,442.70114,6.117737,12.292023,0.19830447,1,-1,-1
953.73206,302.43463,16.61206,29.493439,0.19812918,6,-1,-1
412.8549,383.22122,15.196716,28.72406,0.19765899,4,-1,-1
588.37,632.2888,18.504456,28.195496,0.19751197,5,-1,-1
355.81174,545.0695,9.963593,14.584106,0.1969426,1,-1,-1
335.90753,686.4147,10.045502,17.56128,0.19651747,1,-1,-1
569.43536,643.59235,26.517212,32.4256,0.19628546,5,-1,-1
279.831,60.484608,9.46167,13.34721,0.19576854,4,-1,-1
381.28186,547.19635,8.11792,13.260071,0.19556594,1,-1,-1
1018.54926,745.01544,43.707703,38.841003,0.19540197,4,-1,-1
1179.8792,514.24677,8.46936,13.417847,0.19536138,1,-1,-1
329.27164,435.0345,6.1286926,8.887543,0.19532058,1,-1,-1
938.6197,524.7427,28.18695,31.666504,0.19504201,4,-1,-1
1008.6881,311.22772,15.444458,15.702179,0.19494924,5,-1,-1
274.1473,93.39664,9.6588745,9.131134,0.19475415,4,-1,-1
594.88324,722.1299,10.85437,22.351562,0.19475228,10,-1,-1
341.52554,455.17862,9.464142,14.839447,0.19420832,1,-1,-1
341.45102,548.3504,6.9996033,13.316284,0.19417664,1,-1,-1
483.4448,335.51434,12.748138,10.221313,0.19414255,4,-1,-1
1097.5427,491.68295,6.3442383,11.319244,0.19345078,1,-1,-1
1293.8977,686.12976,45.37317,35.2406,0.19303176,6,-1,-1
1226.017,608.6986,41.862183,25.851746,0.19238013,5,-1,-1
237.7294,68.49009,12.500565,12.235802,0.1923044,4,-1,-1
1042.2495,661.4781,32.312378,40.676697,0.19042188,4,-1,-1
359.18747,389.77307,24.872375,13.711914,0.1896917,4,-1,-1
480.19153,323.4862,15.311859,16.683807,0.18789607,5,-1,-1
917.3038,366.9118,23.696411,19.741058,0.1874418,9,-1,-1
881.35095,541.0358,24.86084,24.02887,0.18699446,5,-1,-1
466.5262,334.286,4.7210693,9.624512,0.18692333,10,-1,-1
349.4666,442.46878,10.069824,13.492218,0.18642673,1,-1,-1
996.04974,311.5786,14.594666,14.347473,0.18539557,5,-1,-1
480.3079,322.8141,18.519684,29.627533,0.18464327,9,-1,-1
327.70883,437.4158,5.2638245,8.336151,0.18451613,1,-1,-1
1099.7151,490.87024,7.2911377,12.623169,0.18420789,1,-1,-1
298.1965,99.836426,10.699585,15.392975,0.18409589,5,-1,-1
279.0672,60.21258,9.568573,13.766224,0.18384507,5,-1,-1
480.3079,322.8141,18.519684,29.627533,0.18358806,6,-1,-1
135.95384,749.3428,7.1475983,8.85321,0.183085,1,-1,-1
522.06213,697.9369,31.4776,44.80359,0.1829606,4,-1,-1
587.0486,713.67737,18.847229,28.115417,0.18255967,10,-1,-1
1095.6866,651.5801,38.529175,42.878174,0.18252844,4,-1,-1
386.36438,559.01245,16.404907,24.943176,0.18131801,5,-1,-1
1219.8302,605.9145,38.387573,19.596191,0.1812253,5,-1,-1
1080.8544,503.59784,30.208984,30.97168,0.1811989,6,-1,-1
1024.6182,330.5153,25.37439,14.21579,0.18073049,4,-1,-1
367.195,610.79333,7.2217712,12.392151,0.18059888,1,-1,-1
371.49573,705.9827,4.0513,10.672791,0.1799309,1,-1,-1
341.9782,459.07208,4.951874,10.075104,0.17942381,1,-1,-1
341.0308,454.57803,6.5321655,10.223907,0.17921203,1,-1,-1
299.61557,93.53153,9.9729,11.4828415,0.17853624,4,-1,-1
748.4012,77.81405,9.387451,8.216705,0.17763159,4,-1,-1
821.4176,612.64905,28.184143,32.763123,0.17687532,5,-1,-1
553.00104,728.6967,37.67816,50.913147,0.17684683,5,-1,-1
327.7294,432.94727,5.467926,7.5983887,0.17662361,1,-1,-1
1239.6072,704.08264,42.9989,33.998962,0.17657688,5,-1,-1
691.09155,769.8509,52.143127,17.693054,0.17652339,5,-1,-1
1051.1802,297.79083,17.317627,10.564941,0.17649758,4,-1,-1
341.7148,468.41278,9.692078,14.494568,0.17644396,1,-1,-1
342.16547,546.9666,5.267456,9.581543,0.17625946,1,-1,-1
348.3155,564.47437,7.236908,14.347473,0.1752806,1,-1,-1
688.58545,754.1977,52.243347,28.822449,0.1751276,5,-1,-1
484.1338,335.58047,14.696075,16.811798,0.17290422,4,-1,-1
916.9838,366.93726,24.306458,19.741394,0.17264998,4,-1,-1
511.55334,537.0614,7.932373,13.547363,0.17207545,1,-1,-1
1059.0962,314.68546,21.66626,11.55307,0.17126974,5,-1,-1
364.73846,700.96216,6.893921,13.580933,0.1712051,1,-1,-1
413.47064,240.20833,14.920868,23.530441,0.17063552,4,-1,-1
777.4869,712.0221,28.07605,39.374695,0.17062095,5,-1,-1
380.76605,548.64844,9.160126,12.610168,0.16972366,10,-1,-1
1090.4335,491.3179,4.797119,8.093506,0.16892141,1,-1,-1
1104.6069,473.2603,4.5266113,8.782623,0.16857445,1,-1,-1
298.82303,102.06405,9.906311,13.155327,0.16775915,9,-1,-1
538.7784,423.08084,14.932129,9.692169,0.16711494,4,-1,-1
130.64111,749.892,6.7113495,11.66217,0.16656315,1,-1,-1
596.4075,724.4098,8.905457,19.052185,0.16647124,1,-1,-1
373.6589,651.1891,6.4031982,12.306274,0.16539523,1,-1,-1
521.9157,698.0872,31.393982,42.70404,0.16440633,9,-1,-1
527.026,432.04675,5.627014,8.449799,0.16403306,2,-1,-1
334.6953,424.81274,4.5245667,7.805176,0.16391596,1,-1,-1
297.90317,105.03267,10.955505,13.836136,0.16368917,4,-1,-1
793.5078,633.96405,8.191956,7.810364,0.1635516,1,-1,-1
1195.5011,583.8277,35.055298,20.114136,0.16321355,5,-1,-1
610.7036,26.823292,24.321045,15.531799,0.16311806,9,-1,-1
383.134,548.75543,9.230804,12.518555,0.1629428,1,-1,-1
523.1384,434.62747,10.115051,8.252808,0.16238564,10,-1,-1
300.7835,131.607,19.85846,37.351837,0.16193312,6,-1,-1
219.08305,176.70772,3.923767,7.5883484,0.16136518,1,-1,-1
1006.76874,576.9585,34.432312,37.199524,0.16095296,6,-1,-1
300.1871,135.50659,19.038483,32.106354,0.16090384,9,-1,-1
268.53357,108.38947,11.858185,11.762787,0.16054899,5,-1,-1
955.6522,305.36618,16.39917,26.15622,0.16023824,5,-1,-1
1019.026,273.38446,23.864258,22.863068,0.15977272,9,-1,-1
368.68127,559.54034,7.1727295,14.401306,0.15952969,1,-1,-1
1093.4633,498.2026,5.232666,8.685181,0.15946195,1,-1,-1
441.596,445.8704,8.067078,13.106689,0.15778577,2,-1,-1
525.5286,431.897,5.6695557,8.817627,0.15778267,10,-1,-1
348.37894,550.33026,7.518158,12.413818,0.15771353,1,-1,-1
572.5675,294.19025,3.7808838,7.399231,0.15695271,1,-1,-1
1194.1233,747.4418,39.417725,33.04474,0.15684283,4,-1,-1
1004.6597,311.8023,13.825745,12.582001,0.15636268,4,-1,-1
1181.8318,762.9903,50.17871,24.55365,0.1563524,4,-1,-1
390.71384,751.6026,22.04776,35.941345,0.15561247,5,-1,-1
322.91956,430.88718,6.97171,9.532074,0.15533984,1,-1,-1
617.5558,768.403,7.543579,14.570862,0.15526745,3,-1,-1
540.12146,420.37234,16.855225,10.086487,0.15522894,4,-1,-1
1101.6769,474.85025,5.559204,9.373871,0.1550776,1,-1,-1
245.56438,165.25432,18.251816,24.354034,0.1550748,6,-1,-1
129.80487,640.69666,11.237213,25.597351,0.1548225,1,-1,-1
477.44568,388.62814,4.612854,7.8050537,0.15475067,1,-1,-1
953.73206,302.43463,16.61206,29.493439,0.15459031,4,-1,-1
438.0356,176.54361,3.7436829,8.252777,0.1544098,1,-1,-1
276.31293,56.26511,11.774963,15.795429,0.15358996,4,-1,-1
908.20325,658.5624,28.859436,33.50879,0.15320295,5,-1,-1
1133.3588,719.1014,38.56189,41.35846,0.15317267,6,-1,-1
343.67105,570.9766,7.466522,13.391296,0.15293312,1,-1,-1
539.10864,418.07877,27.851013,15.381683,0.15286312,9,-1,-1
1060.122,322.64816,13.91687,8.507263,0.15232995,4,-1,-1
808.4944,671.47626,8.19519,11.743591,0.15227246,1,-1,-1
1094.0016,472.43338,6.4749756,10.900574,0.15205401,1,-1,-1
278.69788,79.10465,8.394775,9.634514,0.15126202,4,-1,-1
541.597,414.26056,27.411133,14.275238,0.15121275,4,-1,-1
526.6178,303.7322,10.589722,11.965546,0.15115073,5,-1,-1
372.1687,645.95026,5.0980225,11.06073,0.15107489,1,-1,-1
237.06667,147.95503,3.929779,7.4997406,0.15054366,1,-1,-1
969.06134,336.6435,30.03186,22.565887,0.15032414,6,-1,-1
645.908,617.587,19.056152,14.781982,0.15014946,10,-1,-1
466.63373,334.3106,4.4898376,8.877563,0.14995602,2,-1,-1
1142.214,649.65875,24.821533,30.187683,0.1497122,7,-1,-1
482.32773,331.2559,14.870087,15.954895,0.14944509,5,-1,-1
671.897,723.6153,52.759644,28.912354,0.14906526,5,-1,-1
298.85022,698.1207,4.857086,10.061707,0.1489827,1,-1,-1
1071.2456,399.18762,6.8355713,8.192871,0.14892668,3,-1,-1
339.5455,591.06573,12.561432,21.173584,0.14815155,1,-1,-1
218.73604,173.09988,4.151764,8.641998,0.14794913,1,-1,-1
298.66858,103.00004,10.226776,15.303879,0.14761937,6,-1,-1
1232.2574,615.18365,40.8573,24.753723,0.14741737,5,-1,-1
640.7989,760.3293,6.8342285,15.650757,0.1471912,1,-1,-1
619.8403,774.2085,9.456543,13.335449,0.14712027,1,-1,-1
1139.8397,649.1075,32.00476,34.958313,0.14693135,6,-1,-1
399.65652,566.1437,28.604187,47.573303,0.14688963,6,-1,-1
480.19153,323.4862,15.311859,16.683807,0.14649469,9,-1,-1
299.61557,93.53153,9.9729,11.4828415,0.14643452,5,-1,-1
604.282,679.3414,36.260986,31.379333,0.14635351,5,-1,-1
1274.5232,692.5172,51.581543,40.68805,0.1461997,6,-1,-1
1094.7794,500.11868,7.9420166,10.621307,0.14604479,1,-1,-1
756.9362,598.5548,6.2350464,9.560974,0.14603972,1,-1,-1
1021.90027,738.25525,51.27942,35.447266,0.14586261,4,-1,-1
874.2462,402.5193,30.24591,16.552856,0.14551428,4,-1,-1
310.15106,693.44885,4.680298,9.344543,0.14530376,1,-1,-1
736.6916,62.823776,5.351013,8.076965,0.14529315,1,-1,-1
352.55655,554.27374,5.361267,12.234558,0.14494866,1,-1,-1
271.42157,95.00086,13.8975525,18.52179,0.14454553,9,-1,-1
355.55475,598.53937,11.184723,15.48645,0.14448503,1,-1,-1
245.91374,163.85771,17.826614,26.24997,0.14443758,9,-1,-1
867.6283,397.7919,6.8999634,10.344666,0.14382192,10,-1,-1
866.51105,423.5332,23.491577,17.30545,0.14370543,5,-1,-1
277.97443,82.11919,10.117859,13.5469055,0.14363697,5,-1,-1
309.00406,693.73096,6.4291687,14.486755,0.14306706,1,-1,-1
606.9934,691.60205,37.849426,32.04785,0.1430141,6,-1,-1
1106.9315,454.93716,7.8306885,12.622589,0.14247698,1,-1,-1
418.44803,180.68884,4.353882,7.9667053,0.14217266,1,-1,-1
548.3037,310.04987,23.356201,12.74469,0.14213192,9,-1,-1
