779.7586,442.21658,13.067383,29.35202,0.82162976,1,-1,-1
821.88763,603.9415,16.93042,32.602417,0.76401174,1,-1,-1
757.6532,279.58426,11.12677,19.754639,0.70101094,1,-1,-1
999.31354,147.3171,31.924255,25.447876,0.66606396,4,-1,-1
729.7029,126.61107,10.857483,17.863754,0.61113733,1,-1,-1
749.5981,261.51328,8.596313,15.482391,0.5689598,1,-1,-1
742.1971,263.8255,8.430786,15.901001,0.51768684,1,-1,-1
1111.9132,146.23494,16.619751,19.351868,0.40134877,10,-1,-1
769.98975,397.85928,12.504456,18.402618,0.37123558,1,-1,-1
1091.8724,147.15239,13.739258,16.31334,0.30676526,10,-1,-1
796.8957,703.063,16.136292,21.594177,0.2718616,1,-1,-1
955.34174,342.4413,14.190247,21.122375,0.26098397,1,-1,-1
958.7794,343.87094,9.470337,14.813263,0.2583011,2,-1,-1
985.7027,185.51984,29.944885,32.629395,0.249699,4,-1,-1
1115.2292,149.61584,11.095459,11.917618,0.24306244,2,-1,-1
1113.1089,152.66531,12.830688,12.083786,0.24279666,10,-1,-1
733.9352,99.6572,7.119873,9.759232,0.22432941,1,-1,-1
1113.8612,145.51144,10.413696,12.6440735,0.21544778,2,-1,-1
957.61035,343.4968,9.824097,15.047302,0.20586336,1,-1,-1
721.3666,5.567869,8.66333,10.653721,0.20132715,1,-1,-1
727.76654,99.40459,7.041992,9.874901,0.19112417,1,-1,-1
721.5996,5.4001026,8.21521,11.024197,0.18737242,2,-1,-1
955.98267,342.50146,13.94928,21.235046,0.18436337,2,-1,-1
741.36945,260.12997,13.67627,18.530731,0.18397433,1,-1,-1
1112.4756,144.10486,14.602905,18.267883,0.18172869,2,-1,-1
1113.5043,148.44386,11.356323,12.363678,0.17793119,10,-1,-1
1094.592,150.70944,9.262451,13.777023,0.16868928,2,-1,-1
1124.6727,0.0,51.802734,25.569906,0.15944064,4,-1,-1
731.7281,100.60059,8.2908325,11.6590805,0.15932888,1,-1,-1
1116.8942,153.74742,8.741943,9.323547,0.15595871,2,-1,-1
808.52856,375.891,12.692078,22.704498,0.1543302,1,-1,-1
1087.8661,142.93546,21.317017,21.243256,0.15161598,10,-1,-1
1213.5382,57.964813,5.4814453,6.4118805,0.15044314,1,-1,-1
745.67896,262.182,14.94635,18.60736,0.14423588,1,-1,-1
1094.7438,150.49667,8.886719,14.255081,0.1404649,10,-1,-1
1117.7336,150.93338,7.0705566,8.630569,0.13316634,2,-1,-1
1099.3032,147.53064,8.880981,13.833771,0.13228825,10,-1,-1
1207.4048,64.49373,4.6903076,7.1278687,0.13042733,1,-1,-1
1209.8894,58.386795,6.569214,11.03466,0.12769684,1,-1,-1
955.35095,342.6441,13.776306,20.555542,0.12562504,10,-1,-1
1219.202,45.578026,7.5079346,12.96204,0.12405038,1,-1,-1
1219.0,46.100933,7.4362793,12.171391,0.12402502,2,-1,-1
1094.592,150.70944,9.262451,13.777023,0.12365937,1,-1,-1
1115.0756,152.55539,8.33252,12.356979,0.12116724,2,-1,-1
781.7406,443.03186,8.936401,20.814056,0.12086588,1,-1,-1
1208.8113,61.752026,7.0561523,10.429577,0.12019786,1,-1,-1
1118.9869,0.0,81.65369,33.609333,0.119633615,4,-1,-1
1213.3049,57.874905,5.744995,6.262562,0.11840418,2,-1,-1
754.40656,276.81705,18.670776,20.76004,0.11524671,1,-1,-1
750.5293,260.273,5.753296,13.246948,0.11361593,1,-1,-1
761.7028,281.18878,9.348328,17.429047,0.11359087,1,-1,-1
720.3177,10.639494,8.899475,10.927458,0.11243698,1,-1,-1
739.2919,266.528,8.446472,15.059631,0.11114091,1,-1,-1
999.88324,147.37845,30.796082,26.254852,0.11112404,5,-1,-1
757.776,279.8664,10.430542,18.915955,0.110895276,2,-1,-1
1213.4379,66.94927,6.5637207,9.066856,0.11028269,1,-1,-1
1115.2524,150.29431,7.0162354,8.807236,0.10650587,2,-1,-1
989.4573,193.38809,25.328857,25.221313,0.10640141,5,-1,-1
724.832,81.55013,6.6153564,9.703232,0.10538441,1,-1,-1
721.18854,6.4164495,7.037903,6.739046,0.10520607,1,-1,-1
770.28925,398.31482,12.328613,18.378693,0.10511303,2,-1,-1
1181.1368,0.0,50.296997,26.379133,0.1042884,4,-1,-1
1197.8134,59.016514,6.2250977,9.781788,0.10331535,1,-1,-1
1149.5474,0.0,25.8479,11.860315,0.10144785,4,-1,-1
760.6794,281.72867,6.564087,15.939758,0.10095507,1,-1,-1
1210.3733,61.97655,7.8085938,12.428143,0.100717604,1,-1,-1
1138.0697,0.0,38.67151,16.165604,0.10060385,4,-1,-1
722.9001,9.895868,7.9957275,11.776772,0.100415945,2,-1,-1
1099.0554,147.91333,9.538452,13.071213,0.10022327,2,-1,-1
957.6105,344.0357,8.80896,9.909943,0.09987748,2,-1,-1
1210.1971,57.11338,7.279663,8.199051,0.09975052,1,-1,-1
796.8957,703.063,16.136292,21.594177,0.09937805,2,-1,-1
745.73175,261.93347,7.7893677,15.166809,0.09929094,1,-1,-1
1206.7589,62.128033,6.4891357,10.638218,0.09818262,1,-1,-1
1116.2238,147.47714,9.202393,8.242462,0.09771666,2,-1,-1
1207.419,66.933,4.5266113,6.6983795,0.096826315,1,-1,-1
1386.3042,206.82903,13.216553,16.060104,0.09638634,4,-1,-1
1317.2957,0.0,82.2251,32.381725,0.0959447,9,-1,-1
1216.7842,65.60663,5.956909,9.26738,0.09560481,1,-1,-1
1196.473,60.296993,5.5948486,7.7465706,0.09536293,1,-1,-1
1210.125,65.95219,5.8741455,9.40255,0.09448826,1,-1,-1
723.41583,12.372632,6.9383545,8.5368185,0.094441116,1,-1,-1
723.8022,16.677687,6.1601562,6.6683598,0.094189435,1,-1,-1
743.6855,265.19562,4.970093,12.520172,0.094157904,1,-1,-1
1091.4116,146.30348,14.64624,17.011948,0.09350678,1,-1,-1
1112.4756,144.10486,14.602905,18.267883,0.0934352,1,-1,-1
1213.1606,60.602036,6.697998,12.072243,0.092938006,1,-1,-1
1205.9537,47.884197,6.8970947,9.080719,0.0928601,1,-1,-1
1213.7505,67.70494,5.580078,7.8381653,0.09243223,2,-1,-1
727.1621,125.38773,17.023315,23.131203,0.09232193,1,-1,-1
749.67194,261.83994,8.4019165,15.598389,0.092155755,2,-1,-1
1212.2938,58.57867,7.774536,8.824001,0.09171194,1,-1,-1
1113.7108,145.77777,10.703491,12.089386,0.09087533,1,-1,-1
721.18854,6.4164495,7.037903,6.739046,0.09035072,2,-1,-1
1209.0885,47.953114,6.7182617,8.690399,0.09003347,1,-1,-1
955.02496,341.14975,12.104736,15.861908,0.08987197,2,-1,-1
1022.265,90.3127,9.117798,13.255005,0.08929992,2,-1,-1
1364.9951,172.09744,34.525635,43.557953,0.08885032,4,-1,-1
822.0439,603.8498,16.838806,32.715027,0.088504076,2,-1,-1
1217.3597,63.513443,5.7008057,8.469139,0.08819842,1,-1,-1
1095.9077,154.41672,7.4553223,8.483215,0.08777109,2,-1,-1
981.9923,166.4846,38.81122,38.291504,0.08724618,4,-1,-1
764.03424,395.64053,16.03064,20.41034,0.086658984,1,-1,-1
1114.7579,143.88922,7.734375,10.928635,0.08657658,2,-1,-1
729.5043,70.017166,5.017029,9.243683,0.08634269,1,-1,-1
1133.3943,1.8759397,29.03601,14.056381,0.08564901,4,-1,-1
1217.8486,47.77905,6.904175,9.595535,0.08484876,1,-1,-1
723.8022,16.677687,6.1601562,6.6683598,0.08470541,2,-1,-1
1115.2292,149.61584,11.095459,11.917618,0.084622264,1,-1,-1
1093.8064,144.77933,9.401855,15.341873,0.08397728,10,-1,-1
723.97473,8.19451,6.390686,7.383295,0.08354691,1,-1,-1
1096.6476,150.46132,5.845703,11.246994,0.082542896,2,-1,-1
757.0748,280.06958,8.773132,13.023468,0.08213389,1,-1,-1
1209.8894,58.386795,6.569214,11.03466,0.081367284,2,-1,-1
1220.9995,45.556553,5.303467,8.108578,0.081287235,1,-1,-1
720.2553,15.594502,8.8845825,9.183156,0.080886036,1,-1,-1
1116.7542,155.32727,8.836182,11.572678,0.08088407,10,-1,-1
1162.1426,550.8112,30.215576,42.13153,0.08055326,10,-1,-1
957.7202,346.96732,8.618042,15.009094,0.080349684,2,-1,-1
760.2351,278.53433,7.536072,13.662415,0.07976061,1,-1,-1
977.75824,397.93884,8.53186,14.581085,0.07960498,1,-1,-1
727.6263,98.25365,12.71106,15.412964,0.079586565,1,-1,-1
742.34894,263.73044,8.837891,16.515106,0.07916626,2,-1,-1
1091.4839,147.19766,14.773193,16.204361,0.07874492,2,-1,-1
723.97473,8.19451,6.390686,7.383295,0.0785726,2,-1,-1
752.0471,279.26404,13.784302,18.47931,0.07823941,1,-1,-1
959.7418,346.59753,8.531433,15.133545,0.07817885,1,-1,-1
779.8046,442.12128,12.759705,28.777832,0.07793617,2,-1,-1
1092.7823,152.96342,8.79895,10.110718,0.077806294,2,-1,-1
1202.2787,48.178383,7.3668213,9.5883255,0.07709491,1,-1,-1
1209.9224,62.63369,5.420044,9.3639145,0.07695338,2,-1,-1
729.67236,126.65893,10.94928,17.92826,0.07681808,4,-1,-1
1216.4764,65.26858,6.4467773,9.805809,0.07665908,2,-1,-1
822.0144,603.4865,16.809937,33.62146,0.07626754,4,-1,-1
1220.9995,45.556553,5.303467,8.108578,0.07624659,2,-1,-1
752.1524,146.70322,9.671387,14.119522,0.07592234,1,-1,-1
719.63,4.0105305,12.310425,15.479795,0.07567203,2,-1,-1
1140.2454,0.0,56.79724,21.700281,0.07556939,4,-1,-1
735.23236,98.95447,8.355591,12.250381,0.07534531,1,-1,-1
958.7764,342.7286,17.050354,23.486694,0.0746496,1,-1,-1
1167.5786,3.095839,48.434692,31.5078,0.07449713,4,-1,-1
763.92065,583.36194,16.05188,23.535156,0.074460566,1,-1,-1
1209.3688,66.099884,7.178711,9.194489,0.07417977,2,-1,-1
719.20074,4.2772317,13.05896,14.6588745,0.074138135,1,-1,-1
1206.8942,46.401806,5.564331,7.482193,0.07413706,1,-1,-1
1217.6085,63.758713,5.28833,7.840294,0.07408863,2,-1,-1
735.1377,102.62572,5.6813965,8.539276,0.07371497,1,-1,-1
1115.102,155.01022,6.588135,7.0414734,0.07365787,2,-1,-1
1355.3331,125.95396,8.838989,14.139992,0.072539926,1,-1,-1
1022.265,90.3127,9.117798,13.255005,0.07238668,1,-1,-1
1207.3064,64.23232,5.015991,7.6079407,0.0715079,2,-1,-1
1196.5785,63.08744,4.9298096,7.039444,0.07144076,1,-1,-1
976.07495,224.92387,7.2851562,16.82875,0.07141635,1,-1,-1
1124.6727,0.0,51.802734,25.569906,0.07106799,5,-1,-1
752.93585,262.43,6.140808,12.182831,0.07098815,1,-1,-1
1097.0272,145.18556,13.393188,19.277725,0.07062563,10,-1,-1
768.0604,393.3895,18.84967,24.556366,0.07052076,1,-1,-1
795.0057,701.26056,24.509338,31.512878,0.07050425,1,-1,-1
1208.2605,44.869728,8.194458,10.053875,0.070474684,1,-1,-1
1112.2152,146.91159,15.926025,18.454285,0.06984675,3,-1,-1
1084.5994,147.20338,18.198486,18.733582,0.06947547,10,-1,-1
1204.1162,42.543205,7.553955,12.110569,0.06931472,1,-1,-1
745.2659,272.83514,16.306763,21.253906,0.069135785,1,-1,-1
1149.7455,3.9916031,49.87268,33.991974,0.068900585,4,-1,-1
1113.1089,152.66531,12.830688,12.083786,0.068879426,1,-1,-1
1102.5183,149.04742,7.2368164,10.93808,0.06855175,2,-1,-1
722.94305,82.6884,8.989014,14.603485,0.06843749,1,-1,-1
961.16675,345.58237,6.8603516,10.205902,0.06830481,2,-1,-1
1214.4052,63.157436,4.4665527,7.934376,0.068259925,1,-1,-1
1095.3679,147.06036,8.946167,12.869019,0.068149924,2,-1,-1
1099.0554,147.91333,9.538452,13.071213,0.06769332,1,-1,-1
1161.5631,551.3327,31.003296,41.59723,0.06754261,3,-1,-1
1212.2938,58.57867,7.774536,8.824001,0.067180395,2,-1,-1
979.53564,394.1199,7.722107,15.356476,0.06714478,1,-1,-1
1097.561,151.38908,10.153198,12.463837,0.06689355,2,-1,-1
1198.4049,55.785683,6.1970215,10.663795,0.06632081,1,-1,-1
799.116,704.0662,11.084473,15.343262,0.06629717,1,-1,-1
1186.9739,7.9194527,26.661133,16.397993,0.06625253,4,-1,-1
755.34656,283.41855,18.26239,22.188446,0.06619561,1,-1,-1
758.0803,396.64847,11.422974,17.631256,0.066188425,1,-1,-1
1000.8503,148.7579,29.8172,22.98317,0.065969646,1,-1,-1
1220.4061,49.451435,5.949707,11.157944,0.065871954,1,-1,-1
732.34393,127.74675,5.698181,13.48143,0.06582925,1,-1,-1
1365.201,170.3923,31.54956,45.355377,0.06576383,6,-1,-1
1112.6869,155.09172,12.977539,11.230835,0.06572047,2,-1,-1
1181.9545,0.0,47.444824,26.649923,0.06538907,5,-1,-1
1320.0728,0.0,24.940918,16.586493,0.065152735,6,-1,-1
1261.5773,465.47183,14.785156,11.954254,0.06513339,1,-1,-1
1213.923,70.13585,5.156006,6.993675,0.06497276,1,-1,-1
737.06537,262.60953,13.71814,21.288696,0.06484294,1,-1,-1
720.8718,12.229595,7.7684326,8.692705,0.06449622,2,-1,-1
1263.3933,85.31053,7.4710693,10.367081,0.06440994,2,-1,-1
1387.5165,206.36005,12.004272,16.742142,0.06438556,10,-1,-1
955.35095,342.6441,13.776306,20.555542,0.0643343,3,-1,-1
1209.002,45.373966,7.1434326,9.595959,0.064290226,2,-1,-1
1213.5582,61.216866,6.0339355,11.055519,0.06418434,2,-1,-1
1210.5283,57.375183,6.7738037,7.436577,0.06335971,2,-1,-1
987.1489,171.394,29.382874,22.556534,0.063329995,4,-1,-1
727.1339,101.984375,8.201965,13.423538,0.06328738,1,-1,-1
825.80316,605.9458,8.599731,17.775696,0.063097626,2,-1,-1
992.6651,196.39749,20.636047,20.773193,0.06301692,4,-1,-1
1110.1721,4.0613165,59.02002,30.280148,0.06301528,4,-1,-1
1209.4718,49.864136,7.4713135,11.915878,0.062936425,1,-1,-1
1263.2152,85.578705,7.9709473,9.874619,0.06263837,1,-1,-1
1100.5737,150.57745,7.0770264,8.674301,0.062539816,2,-1,-1
1103.795,143.48326,28.651001,21.120285,0.062476844,10,-1,-1
1207.2284,60.356777,4.989624,9.510593,0.062447548,1,-1,-1
1357.4464,123.85622,8.30249,13.489502,0.06172377,1,-1,-1
987.60645,192.27174,27.124878,27.213898,0.061695635,10,-1,-1
723.9466,13.139279,6.2037964,7.455554,0.061452895,2,-1,-1
751.2409,265.11356,4.6813354,11.30191,0.061149,1,-1,-1
1217.7709,48.25788,6.530884,8.749439,0.06110698,2,-1,-1
784.96436,449.61258,8.358887,17.74765,0.061053216,1,-1,-1
983.2382,101.74858,9.970825,18.609406,0.061008394,1,-1,-1
1066.4174,241.0677,8.813721,10.892426,0.060961902,1,-1,-1
1391.443,67.25278,8.077759,6.348465,0.060903132,4,-1,-1
732.25244,100.913506,6.9351196,6.9174576,0.060890287,1,-1,-1
1212.8945,52.020092,6.9526367,11.825859,0.060845733,1,-1,-1
1391.443,67.25278,8.077759,6.348465,0.060818374,1,-1,-1
720.6647,16.043913,8.350708,8.284437,0.060749352,2,-1,-1
1093.5933,150.8441,6.446289,9.544495,0.060698926,2,-1,-1
1213.8079,40.110695,6.5980225,9.971832,0.060611933,1,-1,-1
977.34827,137.15955,8.344849,12.717575,0.060558677,1,-1,-1
1320.0728,0.0,24.940918,16.586493,0.060337365,9,-1,-1
1115.195,154.30894,11.672241,12.413422,0.060154706,3,-1,-1
766.1935,772.4243,20.331726,15.119629,0.060027063,1,-1,-1
1212.8278,43.75107,6.987549,10.548714,0.059949428,1,-1,-1
1161.5502,550.6108,30.696045,42.78125,0.059823275,7,-1,-1
743.04987,260.44083,6.2007446,14.580719,0.059803754,1,-1,-1
781.6336,442.9366,9.098267,19.985016,0.059622884,2,-1,-1
1206.3444,65.814865,7.6966553,9.118034,0.059578925,1,-1,-1
1353.7219,130.75874,9.197632,13.109116,0.059232146,1,-1,-1
1248.1378,492.77646,44.462646,39.91623,0.059209555,4,-1,-1
1210.0459,46.662117,5.3707275,7.126484,0.059122026,1,-1,-1
960.6553,348.2418,7.2510986,12.57901,0.058916867,2,-1,-1
846.8241,77.50619,8.2724,12.676445,0.05872804,1,-1,-1
722.07654,0.0,7.6499023,13.080837,0.05831498,1,-1,-1
822.8515,62.99585,10.608215,12.804474,0.058310717,1,-1,-1
1320.0728,0.0,24.940918,16.586493,0.058160633,5,-1,-1
1092.5643,148.21898,11.970215,15.191452,0.05806932,3,-1,-1
1280.8877,97.20327,49.95703,34.009026,0.058029026,4,-1,-1
728.0862,127.22706,9.132263,14.451683,0.05798018,1,-1,-1
1116.7383,153.82655,13.143555,9.995636,0.057790905,10,-1,-1
1213.0884,69.899765,6.846924,7.4704437,0.05775106,2,-1,-1
1311.8701,89.55296,7.135742,8.284714,0.057393342,1,-1,-1
1317.5262,0.0,34.555298,21.358635,0.057317495,4,-1,-1
1102.1016,145.94514,8.025635,13.998856,0.057217717,10,-1,-1
779.7099,442.24176,12.982971,29.275452,0.057175994,4,-1,-1
821.7751,603.7253,17.12323,33.0282,0.057002366,3,-1,-1
1080.7207,0.0,102.74231,41.834988,0.056998104,4,-1,-1
999.88324,147.37845,30.796082,26.254852,0.056990325,10,-1,-1
961.0845,345.27698,6.579651,10.937042,0.056966424,1,-1,-1
1158.0101,0.0,20.624878,9.434306,0.056892663,4,-1,-1
1228.2275,48.85158,7.0561523,13.12878,0.056433946,1,-1,-1
1315.4976,0.0,40.620483,22.387209,0.056416333,9,-1,-1
713.11444,70.9698,6.6781616,7.111847,0.05630839,1,-1,-1
1230.7985,50.483746,6.543213,10.721359,0.056131124,1,-1,-1
1077.9443,141.41437,28.05542,25.100922,0.056111127,10,-1,-1
984.62286,184.41524,31.509949,34.46222,0.055946708,6,-1,-1
1205.9666,40.207344,7.7093506,12.20742,0.05587399,1,-1,-1
1081.5779,156.53894,8.543945,16.545883,0.055822104,1,-1,-1
724.58984,87.72677,6.7110596,9.236763,0.05565998,1,-1,-1
1205.9537,47.884197,6.8970947,9.080719,0.05562544,2,-1,-1
728.45917,97.14662,5.850952,9.009254,0.0556176,1,-1,-1
1115.1166,0.0,140.3811,66.750565,0.055342197,9,-1,-1
1221.0232,62.532825,5.444702,9.07716,0.055304676,1,-1,-1
721.72455,12.980424,5.772888,7.3336325,0.05509892,1,-1,-1
1228.2997,47.785835,7.0906982,12.856426,0.054976672,2,-1,-1
1174.5399,0.0,36.9834,24.380499,0.0549722,4,-1,-1
1208.0371,40.56564,9.088867,11.378151,0.054875404,1,-1,-1
1113.9318,147.02917,12.540527,9.099365,0.054795504,10,-1,-1
1073.5724,0.0,60.250977,26.414772,0.054764062,4,-1,-1
781.67834,451.28333,9.15094,19.537506,0.05448413,1,-1,-1
1314.6965,0.0,84.82422,34.540955,0.054468453,6,-1,-1
1392.2338,208.48866,7.2869873,13.115097,0.054461688,4,-1,-1
1354.2698,0.0,45.250977,43.735203,0.054343015,9,-1,-1
1195.819,55.804043,6.706543,11.165699,0.054332614,1,-1,-1
1221.2925,63.593678,4.831299,7.158901,0.054295033,2,-1,-1
729.5509,126.68391,10.902588,17.640297,0.05426562,2,-1,-1
732.4406,103.4678,6.6900635,6.8673706,0.054243088,1,-1,-1
760.4888,279.9992,6.999817,13.934601,0.054169685,2,-1,-1
1105.8772,0.0,57.06555,21.946335,0.05410716,4,-1,-1
1301.7932,85.07051,4.9154053,7.5800476,0.05409816,1,-1,-1
1210.0077,48.217,5.37146,8.042599,0.054094195,2,-1,-1
740.68335,266.10593,13.503479,20.10495,0.054074973,1,-1,-1
1093.2098,153.00574,7.8131104,10.053085,0.053909123,1,-1,-1
1208.3472,59.80219,12.768311,15.6544,0.053899676,1,-1,-1
949.88385,341.25775,16.49414,25.24762,0.05385086,1,-1,-1
731.22766,96.85987,8.3186035,11.85508,0.05381596,1,-1,-1
721.27905,125.877945,17.910217,18.83487,0.053691447,1,-1,-1
1385.6466,48.37863,13.8741455,13.928944,0.05367878,4,-1,-1
757.85675,279.51007,10.658447,19.723053,0.05364144,4,-1,-1
1125.9086,8.364621,39.25525,21.41565,0.053560585,4,-1,-1
1075.2324,138.65955,33.050293,28.73996,0.05352193,4,-1,-1
1070.31,259.767,10.523315,16.250885,0.053357452,1,-1,-1
1213.7634,39.65787,6.397583,10.758831,0.053228796,2,-1,-1
773.8572,443.01782,24.752136,31.460358,0.053013116,1,-1,-1
834.6671,66.091095,6.8304443,10.401382,0.05293244,1,-1,-1
1186.9739,7.9194527,26.661133,16.397993,0.052878052,10,-1,-1
957.4011,349.1975,9.303955,15.700012,0.052521378,1,-1,-1
1114.1736,157.0243,9.418579,9.167404,0.05240625,10,-1,-1
729.4665,117.309105,14.358032,25.277107,0.052314818,1,-1,-1
1217.3582,59.814827,5.6412354,9.166069,0.052244335,1,-1,-1
1113.5043,148.44386,11.356323,12.363678,0.052179515,3,-1,-1
1121.9462,0.0,67.20874,32.539364,0.05181086,9,-1,-1
1362.6233,144.77968,14.080322,22.643036,0.051793188,1,-1,-1
1206.3907,65.02511,6.925415,9.656807,0.051740766,2,-1,-1
823.5678,63.027107,6.9375,8.92334,0.051649302,1,-1,-1
972.3501,179.87532,38.265137,37.69716,0.05158308,4,-1,-1
828.2111,604.3156,8.586914,16.157532,0.05138302,2,-1,-1
1315.4976,0.0,40.620483,22.387209,0.051312685,6,-1,-1
1032.9413,519.5695,16.512085,27.412415,0.05122626,1,-1,-1
1020.16693,91.279785,7.835388,11.680603,0.051202536,1,-1,-1
779.5191,442.60757,12.765564,30.499878,0.051107258,3,-1,-1
1219.8407,50.57935,6.6730957,9.577969,0.051003873,2,-1,-1
1315.9354,119.61586,6.5706787,7.3792496,0.05094123,1,-1,-1
771.97504,400.63873,7.1379395,14.216705,0.050820917,1,-1,-1
1138.3922,0.0,21.928223,10.698898,0.050819635,4,-1,-1
1090.0067,143.4798,17.921143,19.99559,0.050722927,4,-1,-1
784.96436,449.61258,8.358887,17.74765,0.05071029,2,-1,-1
1118.2273,157.08475,6.5742188,9.135498,0.050608307,2,-1,-1
1285.1432,99.018936,20.411987,15.870766,0.050543368,4,-1,-1
1198.4193,62.43948,5.53125,8.284702,0.050518155,1,-1,-1
712.92206,70.454636,6.9035645,7.8757095,0.0504027,2,-1,-1
759.59485,281.33978,8.449219,19.182678,0.050364047,3,-1,-1
1239.1936,151.11275,139.51648,98.045105,0.05014503,9,-1,-1
1199.0157,51.637882,6.172241,11.132099,0.050133407,1,-1,-1
