576.76483,581.4817,32.306335,36.772583,0.99966455,4,-1,-1
760.4725,291.32507,39.148865,22.108643,0.9767395,9,-1,-1
690.9045,476.4916,26.621643,34.591217,0.888143,5,-1,-1
596.7631,452.33798,22.985413,29.893799,0.7703749,5,-1,-1
684.08673,340.48862,19.457886,28.417206,0.33212054,6,-1,-1
596.83435,452.26147,22.986267,30.127075,0.3115967,4,-1,-1
684.2708,340.46448,19.329712,28.360565,0.26120222,5,-1,-1
691.00366,476.5725,26.65033,34.888184,0.1595858,4,-1,-1
791.6146,278.2308,33.671204,20.59964,0.14336666,9,-1,-1
684.2708,340.46448,19.329712,28.360565,0.09657261,9,-1,-1
569.08905,237.34682,33.26184,20.448868,0.08168936,6,-1,-1
238.47762,431.85254,28.684464,25.208038,0.07730749,4,-1,-1
690.73145,476.29926,27.15332,34.9942,0.05867538,1,-1,-1
596.8413,452.2247,22.963257,30.093048,0.057389766,6,-1,-1
781.5869,285.50946,38.17572,20.807343,0.055316478,9,-1,-1
1280.5574,720.2817,28.169434,21.67212,0.053325772,10,-1,-1
