541.8509,364.9042,18.496216,18.169464,0.85030437,1,-1,-1
840.677,460.35065,16.621521,19.402191,0.7994677,1,-1,-1
514.1206,372.0717,15.385254,20.094421,0.79600525,1,-1,-1
383.4234,601.2828,27.67044,16.986572,0.78576267,1,-1,-1
632.31537,16.13076,16.727905,34.588024,0.7495,10,-1,-1
448.07916,303.47153,23.52829,24.834839,0.7205751,1,-1,-1
618.73706,11.542629,15.145386,35.516804,0.71903145,10,-1,-1
687.12555,125.42112,14.686279,26.998787,0.6921693,1,-1,-1
604.51575,11.140398,14.487732,37.625435,0.69036573,10,-1,-1
473.46542,353.03046,16.76175,19.254242,0.68865186,1,-1,-1
367.75027,16.842144,17.057373,25.403217,0.6826353,1,-1,-1
569.9303,634.399,14.812561,19.014038,0.681829,1,-1,-1
510.08157,345.1974,15.125519,17.31253,0.67398894,1,-1,-1
578.23737,342.50723,17.897278,22.10669,0.6612835,1,-1,-1
555.3634,543.45435,18.23645,18.988281,0.651105,1,-1,-1
579.3247,611.2799,21.012695,18.972717,0.6151496,1,-1,-1
594.4772,57.090458,14.969238,38.766903,0.61094207,10,-1,-1
465.87256,235.29784,25.138672,41.731796,0.6095254,10,-1,-1
349.31042,10.110035,15.246124,25.676815,0.60148853,1,-1,-1
638.46466,80.94247,18.03778,38.296486,0.59778523,3,-1,-1
426.3215,369.63266,24.105438,22.468445,0.5914336,1,-1,-1
839.83124,446.09885,13.654114,18.717194,0.5821965,1,-1,-1
324.32785,2.07821,13.753479,29.733126,0.56307685,1,-1,-1
450.4984,186.49872,16.494415,18.146927,0.56013244,2,-1,-1
624.8789,76.91294,17.885376,41.73587,0.5529306,10,-1,-1
624.8789,76.91294,17.885376,41.73587,0.5521065,3,-1,-1
717.0735,132.6205,12.818298,21.710526,0.5514311,2,-1,-1
563.0151,323.58975,22.112793,15.832581,0.55024934,3,-1,-1
488.83362,504.62576,20.415405,14.768646,0.5480913,1,-1,-1
657.1227,85.097275,20.17987,40.352554,0.5432143,3,-1,-1
201.08444,334.54358,27.418518,21.536316,0.5415496,1,-1,-1
701.4167,123.07808,14.811584,25.084518,0.52734923,1,-1,-1
700.69806,124.36041,14.743713,23.384598,0.51980543,2,-1,-1
668.49084,15.024324,18.59198,37.82625,0.51572293,3,-1,-1
538.41846,563.6376,19.458862,18.427002,0.5058604,1,-1,-1
200.95044,306.97604,24.207413,20.852325,0.5046277,1,-1,-1
762.0562,38.745514,40.90454,26.800789,0.4908492,10,-1,-1
273.38367,188.03516,18.235474,25.15065,0.4904326,1,-1,-1
337.75958,1.5615666,14.713654,25.128618,0.48831877,1,-1,-1
550.5395,338.5378,15.948608,20.356323,0.48739666,1,-1,-1
357.98648,161.9542,16.105011,17.73256,0.4807959,2,-1,-1
554.66626,463.32562,21.184448,21.456787,0.4796322,2,-1,-1
315.75168,55.251358,25.229431,19.768105,0.4679455,2,-1,-1
433.11786,188.42632,15.922668,20.951675,0.46683326,1,-1,-1
315.33295,55.432934,25.672577,19.479717,0.4665444,1,-1,-1
555.8393,463.327,18.44806,19.281403,0.46613592,1,-1,-1
772.855,225.11389,11.294189,11.823898,0.46338758,2,-1,-1
581.0195,64.82603,13.283081,30.793465,0.45938486,10,-1,-1
367.26382,167.28992,15.376068,22.978363,0.45835096,2,-1,-1
450.43073,186.10829,17.549683,20.263351,0.45235792,1,-1,-1
433.11786,188.42632,15.922668,20.951675,0.4474814,2,-1,-1
668.49084,15.024324,18.59198,37.82625,0.4446758,10,-1,-1
508.01428,347.24228,18.3255,23.958496,0.4354558,1,-1,-1
567.30365,61.49997,14.4418335,35.365753,0.43483436,10,-1,-1
442.05692,222.04877,18.496735,20.260544,0.43313575,1,-1,-1
215.76363,39.655983,24.008469,42.03853,0.42815694,10,-1,-1
1092.6024,491.10226,60.305176,30.046478,0.42057508,7,-1,-1
601.99426,77.257835,27.742615,46.987442,0.41837326,10,-1,-1
448.2518,203.7714,17.044708,18.71283,0.41341102,2,-1,-1
446.85498,214.05116,17.950043,16.792221,0.4106192,2,-1,-1
638.14514,416.9392,27.299255,17.62384,0.40783435,2,-1,-1
529.0817,506.85776,20.317444,19.570099,0.40388882,1,-1,-1
638.46466,80.94247,18.03778,38.296486,0.40255976,10,-1,-1
687.12555,125.42112,14.686279,26.998787,0.40235108,2,-1,-1
153.87213,213.36705,11.192612,16.125122,0.39369777,2,-1,-1
793.0345,393.4462,12.502319,18.139496,0.39341393,1,-1,-1
581.0195,64.82603,13.283081,30.793465,0.38610536,3,-1,-1
636.94037,417.9032,32.961365,19.136658,0.384453,1,-1,-1
579.16235,611.25775,20.98462,18.17334,0.3800645,2,-1,-1
164.31975,221.0633,14.328491,16.968475,0.37849936,2,-1,-1
446.94638,214.13011,17.668518,16.744461,0.3747459,1,-1,-1
844.3426,23.97705,15.107971,27.613914,0.37227696,1,-1,-1
624.5566,235.07353,23.36969,49.851273,0.36903912,10,-1,-1
297.86743,212.49664,19.931854,20.797653,0.3687293,2,-1,-1
544.4743,565.1605,28.188782,16.748657,0.3685433,1,-1,-1
365.2579,164.38135,9.138733,14.595612,0.36819804,2,-1,-1
716.66327,131.61053,13.687439,24.966125,0.3681702,1,-1,-1
654.80273,160.89139,18.26941,39.397125,0.36034968,3,-1,-1
624.2475,235.12308,23.465942,50.71286,0.35831702,3,-1,-1
171.49963,222.84232,11.387741,15.541107,0.3552665,2,-1,-1
636.3733,415.48145,34.456055,27.487457,0.34926713,3,-1,-1
540.7878,623.69366,17.63385,16.255676,0.34773642,2,-1,-1
309.82736,81.48293,24.677399,19.350784,0.3401937,2,-1,-1
690.68524,285.06744,24.643127,27.83966,0.340187,2,-1,-1
663.4212,731.77106,7.2561035,11.601868,0.33981955,1,-1,-1
539.3356,639.1276,13.645691,16.204468,0.33822572,2,-1,-1
417.13223,126.79031,16.085938,26.085709,0.33464313,1,-1,-1
770.4841,230.84627,13.293396,15.245682,0.33379963,2,-1,-1
291.0491,215.85211,22.893158,21.334839,0.33236164,2,-1,-1
723.1738,575.7058,23.33142,22.176025,0.33049548,1,-1,-1
337.75958,1.5615666,14.713654,25.128618,0.33006367,2,-1,-1
273.25275,187.64702,18.727722,25.46379,0.32930863,2,-1,-1
153.35677,212.99211,11.5789795,16.649002,0.32645583,1,-1,-1
594.27106,14.3194685,12.735413,34.134724,0.32387602,10,-1,-1
263.0643,333.12637,9.774536,11.668579,0.32244438,2,-1,-1
250.71838,331.54614,14.771637,13.371033,0.32084543,2,-1,-1
783.70953,210.85721,11.694031,11.9422,0.31329364,2,-1,-1
674.0318,733.27344,7.6209106,13.292969,0.3119199,1,-1,-1
675.4733,732.2444,9.895264,13.900269,0.31170326,1,-1,-1
762.0562,38.745514,40.90454,26.800789,0.3103866,3,-1,-1
540.88495,623.50214,17.695068,16.689575,0.30745035,1,-1,-1
447.99332,203.85898,17.57898,19.494034,0.30731732,1,-1,-1
373.37494,167.84999,8.539337,12.643906,0.30566317,2,-1,-1
366.9788,167.1383,15.777588,23.165833,0.30413517,1,-1,-1
238.70094,322.35638,11.909531,15.796875,0.29806876,2,-1,-1
662.3673,697.97894,11.720825,11.989258,0.29756323,2,-1,-1
739.3644,425.65762,20.947876,14.434601,0.2944069,1,-1,-1
564.38336,61.715015,15.514282,37.08511,0.29292613,3,-1,-1
444.15793,219.67078,18.19577,21.26361,0.289343,2,-1,-1
452.08698,203.26312,11.560028,14.211685,0.28899282,2,-1,-1
286.09857,186.87099,26.354889,41.55356,0.28470218,10,-1,-1
292.848,188.06184,17.83728,25.813065,0.28432924,2,-1,-1
513.87256,52.4564,37.476624,21.262798,0.2839098,3,-1,-1
512.066,759.75287,8.174072,14.957397,0.2836042,2,-1,-1
781.222,408.08463,8.254822,10.703857,0.28318247,2,-1,-1
348.3607,9.626157,15.793854,24.247467,0.28112578,2,-1,-1
510.31644,360.7748,16.402618,20.869751,0.2800534,1,-1,-1
1092.797,490.5511,59.846313,30.676697,0.27999088,6,-1,-1
291.0491,215.85211,22.893158,21.334839,0.2797802,1,-1,-1
717.17676,132.93748,13.707153,24.799301,0.2772796,3,-1,-1
778.4706,408.32272,9.848022,11.244293,0.27649152,1,-1,-1
560.32,64.77417,14.683594,35.96489,0.27638,10,-1,-1
770.0789,236.08916,11.17572,10.953766,0.2761582,2,-1,-1
614.08795,8.937185,14.220032,37.314247,0.2760744,10,-1,-1
499.56686,713.8143,33.9368,57.87921,0.27481496,4,-1,-1
776.70105,411.87485,11.586731,11.18692,0.2701292,2,-1,-1
667.33813,714.4559,12.357239,11.494263,0.26913136,1,-1,-1
359.20737,162.42369,14.624512,16.947617,0.26880854,1,-1,-1
285.2066,193.67628,25.344635,28.120712,0.2675208,2,-1,-1
484.23407,167.9786,15.037537,18.631012,0.2671864,2,-1,-1
770.527,223.1583,14.969421,18.500443,0.2664556,2,-1,-1
636.3352,421.27783,37.126343,38.2854,0.26543546,3,-1,-1
308.2654,67.13052,25.642548,18.038727,0.26378822,2,-1,-1
783.9079,209.98676,13.096008,12.907211,0.26361132,1,-1,-1
200.08301,333.465,29.299438,23.252533,0.2633949,2,-1,-1
602.75995,76.87746,27.272644,48.518723,0.25755745,3,-1,-1
357.77124,162.33897,9.853943,14.662796,0.2555468,2,-1,-1
426.83282,144.56665,15.202393,26.663055,0.25502145,1,-1,-1
603.50653,75.98657,26.63086,48.85144,0.25417253,7,-1,-1
659.9653,75.002815,15.908386,37.643707,0.2541056,3,-1,-1
513.87256,52.4564,37.476624,21.262798,0.2539755,10,-1,-1
717.17676,132.93748,13.707153,24.799301,0.25303286,10,-1,-1
556.38513,566.4648,17.878296,14.001953,0.2524227,1,-1,-1
713.5069,133.59238,13.126831,17.364548,0.25100154,2,-1,-1
667.6904,707.58154,9.848877,11.5842285,0.25078613,1,-1,-1
491.5862,177.66284,12.0937805,14.143921,0.2506381,2,-1,-1
569.75745,324.56583,30.018738,15.653839,0.24958077,3,-1,-1
1092.6942,490.6122,60.290283,30.599335,0.24649468,8,-1,-1
776.70105,411.87485,11.586731,11.18692,0.24604577,1,-1,-1
1093.0605,489.78558,59.035645,31.542664,0.24423257,10,-1,-1
509.76755,753.96436,11.04538,18.894348,0.244075,2,-1,-1
309.70886,33.00126,24.134369,17.125874,0.24378845,1,-1,-1
299.2613,202.3003,9.840881,13.1410675,0.24315566,2,-1,-1
492.3037,769.6572,12.774689,17.886719,0.24299067,10,-1,-1
294.34247,564.6635,35.2153,32.997314,0.24263954,10,-1,-1
367.39713,16.84991,17.219727,24.900192,0.24236146,2,-1,-1
273.3235,187.76704,18.973389,25.759048,0.24216586,10,-1,-1
202.00409,309.38452,21.801788,17.984802,0.24126422,2,-1,-1
483.63907,167.88345,15.9617,19.204666,0.23940963,1,-1,-1
306.42624,75.61204,23.893372,21.22831,0.23847207,2,-1,-1
624.9853,76.93722,17.354248,41.68273,0.23647413,1,-1,-1
284.32236,194.36179,21.423767,25.413681,0.23630416,10,-1,-1
257.91443,332.13715,17.210846,14.751251,0.23399812,2,-1,-1
256.00775,332.35532,25.88498,20.717468,0.23392844,2,-1,-1
287.03583,194.0522,21.72754,27.05127,0.23238063,1,-1,-1
510.26593,754.2573,9.4522705,19.0578,0.23204309,1,-1,-1
618.7255,141.27986,49.184265,51.520813,0.22831434,7,-1,-1
200.02525,333.2755,29.737518,23.777466,0.22819799,10,-1,-1
705.6599,690.36316,12.200745,15.496765,0.22637293,2,-1,-1
711.6632,136.03271,8.628784,15.958115,0.22384208,1,-1,-1
540.138,638.5891,15.1571045,16.839233,0.22376078,1,-1,-1
263.78134,333.6708,16.457428,14.6345215,0.22327179,2,-1,-1
297.41434,213.28935,20.358704,19.761078,0.22325677,1,-1,-1
594.0239,56.363323,15.97937,37.46819,0.22161162,3,-1,-1
691.3493,289.43176,14.451965,23.668549,0.21908632,2,-1,-1
449.054,303.46478,16.458832,17.710602,0.21903211,1,-1,-1
754.1836,0.0,21.150513,47.697727,0.21879867,10,-1,-1
309.70886,33.00126,24.134369,17.125874,0.21851027,10,-1,-1
489.34415,506.40982,13.639404,10.861847,0.21813065,1,-1,-1
550.4421,338.7025,16.01117,19.945099,0.2159048,2,-1,-1
510.48837,345.72095,10.385773,15.600555,0.21579993,2,-1,-1
291.70248,219.45009,13.409241,17.670212,0.21535334,1,-1,-1
294.09622,188.1686,16.340668,24.183167,0.2147581,1,-1,-1
679.2945,732.1912,7.699646,11.803162,0.21451229,1,-1,-1
291.70248,219.45009,13.409241,17.670212,0.21408385,2,-1,-1
479.21475,275.69254,18.849976,35.940887,0.21401292,3,-1,-1
508.6304,756.57544,8.660065,14.675171,0.2128005,2,-1,-1
690.6423,126.45015,9.060425,21.037262,0.21272862,1,-1,-1
159.32343,216.62556,18.86203,20.623535,0.21264222,1,-1,-1
554.8597,343.8405,14.944336,16.494293,0.21160349,1,-1,-1
497.50015,753.0717,9.518646,13.980774,0.2082806,2,-1,-1
296.44983,187.65384,13.344574,17.072144,0.20751154,2,-1,-1
537.7938,633.9681,18.624695,23.93451,0.2074753,2,-1,-1
517.7708,346.45294,9.098877,14.037537,0.20718157,1,-1,-1
841.4652,446.61166,11.308899,15.435852,0.2070519,2,-1,-1
544.0449,58.604828,26.630798,18.34346,0.20701212,10,-1,-1
690.26337,284.0027,25.084106,29.100983,0.20660412,1,-1,-1
238.83395,322.44333,11.690659,15.715454,0.2064788,1,-1,-1
707.8473,298.44485,34.1015,49.04651,0.20534074,7,-1,-1
539.1349,620.324,18.711304,30.822327,0.2044012,2,-1,-1
667.6904,707.58154,9.848877,11.5842285,0.20436844,2,-1,-1
514.6744,361.09674,11.56781,14.53067,0.20428449,1,-1,-1
245.65575,218.41855,22.649063,24.057098,0.20414412,1,-1,-1
580.2015,341.0766,13.287109,16.774689,0.20341906,1,-1,-1
310.83093,82.1623,23.60846,18.680656,0.20341888,1,-1,-1
586.31036,106.671074,29.85498,37.3014,0.20291358,3,-1,-1
481.208,29.741888,18.525085,26.003405,0.20232308,2,-1,-1
542.5551,628.01013,12.446655,13.337769,0.20224744,2,-1,-1
530.08167,506.90198,20.441406,19.363647,0.20111892,2,-1,-1
738.293,422.16724,21.878845,18.071777,0.20090419,2,-1,-1
639.26324,416.49225,34.917725,26.664001,0.20008746,2,-1,-1
597.15,146.14467,12.93573,26.632965,0.19992757,1,-1,-1
560.32,64.77417,14.683594,35.96489,0.19951516,3,-1,-1
544.0449,58.604828,26.630798,18.34346,0.19934031,3,-1,-1
668.8458,712.5545,10.376648,12.545776,0.19923201,2,-1,-1
722.51404,574.54205,20.280396,21.260254,0.19908655,4,-1,-1
537.67017,563.9702,22.449036,19.477844,0.1986947,2,-1,-1
795.268,394.07556,10.085449,15.589478,0.19868737,2,-1,-1
348.7557,9.43803,16.008392,26.824284,0.19852763,10,-1,-1
368.9434,171.04706,9.541809,18.298035,0.19701603,2,-1,-1
306.2048,79.77031,12.329041,14.068985,0.19600576,2,-1,-1
772.03,223.91203,12.018555,14.035385,0.1959413,1,-1,-1
632.0275,16.512455,16.7594,33.63041,0.19524607,3,-1,-1
172.24243,223.1179,10.574081,15.04808,0.19511658,1,-1,-1
484.08173,167.86955,11.840668,12.169052,0.19504526,2,-1,-1
448.1675,303.59534,23.364288,24.289185,0.1949268,2,-1,-1
248.62129,329.85583,11.756149,13.139252,0.19464532,2,-1,-1
661.6411,694.46124,9.585144,10.511108,0.19439074,2,-1,-1
509.18686,345.97256,9.5781555,13.9322815,0.19384223,1,-1,-1
541.2309,364.26184,20.289917,19.269745,0.19337747,2,-1,-1
756.90063,3.0951078,10.319885,12.808692,0.19314292,1,-1,-1
323.73633,0.4792621,14.26651,27.46491,0.19257402,2,-1,-1
691.09033,289.52676,15.165283,23.353302,0.19252792,1,-1,-1
671.1264,718.3216,9.517029,9.311401,0.19184038,1,-1,-1
486.9368,176.352,15.627655,17.510742,0.19159788,1,-1,-1
282.12344,195.70883,19.798035,23.634003,0.19082087,1,-1,-1
524.46094,55.36814,37.646606,20.476944,0.19045937,3,-1,-1
465.98895,235.74373,25.037659,41.56987,0.19040343,3,-1,-1
348.7557,9.43803,16.008392,26.824284,0.18886876,3,-1,-1
508.35568,753.13684,8.21579,15.254883,0.18880111,1,-1,-1
781.9207,407.40305,7.2529297,9.051788,0.18879795,1,-1,-1
1092.797,490.5511,59.846313,30.676697,0.18853486,4,-1,-1
654.80273,160.89139,18.26941,39.397125,0.18815139,10,-1,-1
568.3427,119.76751,14.739746,38.119926,0.18808845,10,-1,-1
665.739,714.89,8.835815,10.674438,0.1880559,1,-1,-1
308.7225,32.809765,21.240234,17.47704,0.18774933,2,-1,-1
538.83514,564.57104,11.470825,12.008423,0.18720198,2,-1,-1
543.9845,564.45874,11.39093,15.439453,0.18687975,1,-1,-1
664.6581,697.0923,8.375977,9.529297,0.18687564,2,-1,-1
473.77048,353.07053,16.755585,19.152191,0.1867162,2,-1,-1
582.5376,323.97336,24.215576,17.06247,0.1866807,3,-1,-1
172.16827,284.28433,26.639282,23.854767,0.18661195,3,-1,-1
512.3887,760.68176,7.5182495,13.749939,0.1859301,1,-1,-1
497.8401,749.6839,8.838593,17.101501,0.18571359,1,-1,-1
307.18826,571.84906,22.622833,26.533081,0.18472415,10,-1,-1
1230.2811,478.35022,9.53064,14.329071,0.18448758,10,-1,-1
473.1423,353.2451,14.022736,11.319366,0.18389452,1,-1,-1
365.2579,164.38135,9.138733,14.595612,0.18220097,1,-1,-1
562.5163,322.2336,25.170044,18.062012,0.18218443,1,-1,-1
217.68877,42.253456,10.948929,12.822514,0.18217632,2,-1,-1
789.6919,400.97583,6.9317627,12.395569,0.18215483,1,-1,-1
435.29736,97.18139,17.40738,30.79808,0.18125296,1,-1,-1
301.32712,216.10388,14.69458,14.053436,0.18107215,2,-1,-1
608.0775,5.0312934,14.111023,38.30511,0.18086332,10,-1,-1
372.96994,168.5371,8.907745,15.750366,0.18067127,1,-1,-1
578.419,340.94925,16.894592,19.7294,0.17905039,2,-1,-1
693.99207,127.06879,8.640137,18.373734,0.17866623,1,-1,-1
295.09088,196.94891,14.460876,19.680756,0.1786457,2,-1,-1
324.96884,0.0,12.376709,17.779406,0.1785734,1,-1,-1
292.9282,214.24765,9.835815,14.006027,0.17854652,2,-1,-1
701.16327,123.66399,15.517883,24.830856,0.17843753,3,-1,-1
701.7365,671.0888,10.352478,13.052063,0.17811805,1,-1,-1
292.19427,190.08849,17.76715,28.624832,0.17787984,10,-1,-1
538.99646,564.17145,11.264526,12.7578125,0.17739174,1,-1,-1
208.91353,332.84875,21.759003,17.593903,0.17738202,1,-1,-1
778.4724,407.74255,9.165527,12.900391,0.17733535,2,-1,-1
862.5319,313.43927,32.07715,37.60791,0.17701247,4,-1,-1
294.31348,203.30632,18.254913,23.424454,0.17697564,2,-1,-1
486.31683,176.55884,15.886719,17.657532,0.17653266,2,-1,-1
367.5928,16.934277,10.818207,13.83243,0.1764242,2,-1,-1
498.91122,745.57117,13.905853,21.31726,0.17621854,2,-1,-1
479.19327,164.54202,23.13443,29.401062,0.17569447,1,-1,-1
956.7315,691.30005,8.688293,12.997986,0.17563155,1,-1,-1
492.62106,770.126,12.122437,17.417969,0.17529488,1,-1,-1
711.6632,136.03271,8.628784,15.958115,0.17458516,2,-1,-1
654.5217,91.7154,16.121216,34.466705,0.17426533,3,-1,-1
314.98608,55.50524,26.428802,21.193726,0.1733616,10,-1,-1
586.31036,106.671074,29.85498,37.3014,0.17294955,10,-1,-1
638.67676,416.59836,25.509033,17.915985,0.17259872,3,-1,-1
368.6766,166.29047,9.994843,13.803864,0.17212856,2,-1,-1
361.43878,161.23691,18.641327,23.176437,0.171024,2,-1,-1
173.6269,222.40486,6.7353516,13.141129,0.17060328,2,-1,-1
842.5549,447.22818,9.879028,12.77829,0.17043468,1,-1,-1
668.867,705.7786,7.7651978,9.070435,0.17003518,2,-1,-1
798.1252,379.2554,7.0144653,10.88559,0.16978878,1,-1,-1
478.18216,358.52048,11.165588,14.290985,0.16915736,1,-1,-1
444.46997,211.44118,22.213135,26.695251,0.1691185,1,-1,-1
243.70064,218.12433,25.06221,24.666443,0.16894901,10,-1,-1
265.37167,335.40543,11.890839,10.115967,0.1678527,2,-1,-1
448.5994,202.25221,16.910828,18.835205,0.1674239,10,-1,-1
383.4234,601.2828,27.67044,16.986572,0.16716805,2,-1,-1
594.1689,144.27934,18.33014,38.345657,0.16693002,1,-1,-1
257.8148,332.45612,23.397614,20.625824,0.16652918,1,-1,-1
201.9786,338.16797,15.430389,16.183228,0.16593546,1,-1,-1
253.09169,332.80557,8.936905,9.887299,0.16588277,2,-1,-1
643.66095,418.8931,14.387878,12.518402,0.16567561,2,-1,-1
789.9653,403.33154,6.6640625,10.761078,0.16566712,2,-1,-1
665.8447,733.3748,5.776367,9.434753,0.1650857,1,-1,-1
657.2116,86.31337,19.166443,39.165237,0.16506013,10,-1,-1
843.2689,457.62915,11.78186,16.386383,0.164846,1,-1,-1
664.5704,704.21075,11.477112,10.912964,0.16471758,2,-1,-1
769.80743,235.31453,11.902283,10.955948,0.16466603,1,-1,-1
675.95013,750.1709,6.993408,14.36615,0.16461924,1,-1,-1
550.89746,332.42294,13.17804,21.309814,0.16403824,1,-1,-1
1092.7865,490.06848,59.27124,31.249878,0.1636227,5,-1,-1
668.582,706.0641,8.493347,8.640259,0.16353363,1,-1,-1
309.70886,33.00126,24.134369,17.125874,0.16340357,3,-1,-1
200.66617,306.9125,25.803116,22.27829,0.1629942,10,-1,-1
309.00836,82.59985,12.702667,13.095718,0.16258505,2,-1,-1
367.13754,167.19298,15.736877,23.424194,0.1621727,3,-1,-1
161.36292,218.73174,9.466202,13.995148,0.1618667,2,-1,-1
596.54205,145.54105,13.630188,28.039047,0.15977564,10,-1,-1
611.34576,344.9054,24.960754,24.157928,0.1595327,1,-1,-1
571.3417,62.989864,15.280457,30.330814,0.1593121,3,-1,-1
265.9004,337.59384,15.207855,15.169312,0.15928468,2,-1,-1
469.04675,235.98341,12.890198,13.017441,0.15925309,2,-1,-1
836.61865,451.046,16.609985,22.85025,0.15911862,1,-1,-1
287.4775,202.10393,17.217346,20.673813,0.15847993,2,-1,-1
665.6904,710.1279,10.615051,13.329529,0.15847036,1,-1,-1
645.54205,420.51837,25.99585,14.095673,0.15836725,2,-1,-1
316.4845,56.616306,16.64972,12.957256,0.15801364,2,-1,-1
498.91122,745.57117,13.905853,21.31726,0.15777174,1,-1,-1
156.9383,217.47418,9.483887,12.03624,0.15646586,2,-1,-1
479.6178,164.9265,17.089722,18.317688,0.15642464,1,-1,-1
557.4922,343.29578,10.209839,15.842529,0.15578705,2,-1,-1
524.46094,55.36814,37.646606,20.476944,0.1557807,10,-1,-1
215.00743,38.72123,23.370651,40.034386,0.1551182,2,-1,-1
559.18536,319.40247,34.68225,21.690918,0.154679,3,-1,-1
357.98764,161.91653,9.3836975,15.796173,0.15433925,1,-1,-1
367.5928,16.934277,10.818207,13.83243,0.1536001,1,-1,-1
250.71838,331.54614,14.771637,13.371033,0.15328565,1,-1,-1
273.01526,187.13571,28.331512,33.257294,0.15322104,1,-1,-1
654.80273,160.89139,18.26941,39.397125,0.15282705,2,-1,-1
479.70813,276.6836,17.59378,35.014984,0.15259933,10,-1,-1
168.372,223.09074,11.4198,12.392715,0.15258911,2,-1,-1
494.834,715.1655,24.792938,54.322937,0.15256399,4,-1,-1
293.28983,209.45667,29.2388,29.650223,0.15239277,2,-1,-1
557.08325,543.8724,12.302063,13.274353,0.1523371,1,-1,-1
675.4733,732.2444,9.895264,13.900269,0.15198073,2,-1,-1
770.2994,229.3901,14.0894165,16.496765,0.15188178,1,-1,-1
417.13223,126.79031,16.085938,26.085709,0.15159082,2,-1,-1
771.8902,229.31363,14.213745,9.8905945,0.15156841,2,-1,-1
488.69424,504.91885,20.718506,14.373322,0.15155861,2,-1,-1
245.30907,329.66248,25.670242,21.763428,0.15152836,2,-1,-1
176.03377,289.00986,33.083527,22.63263,0.15132043,3,-1,-1
569.00586,120.7489,13.385864,35.96382,0.15129456,1,-1,-1
103.59902,168.66315,8.506981,16.355026,0.15125191,1,-1,-1
662.4179,698.50085,11.670593,10.935181,0.1492992,1,-1,-1
319.27045,80.386536,18.560547,22.25682,0.14842105,2,-1,-1
772.10706,217.662,18.575684,21.278748,0.1482498,2,-1,-1
505.62888,752.79205,7.937042,14.8932495,0.147948,2,-1,-1
214.82085,38.171776,26.179108,43.615814,0.14774892,7,-1,-1
774.15784,223.64482,7.6410522,10.345657,0.1475113,2,-1,-1
579.57556,611.2129,20.543335,18.315002,0.14750054,3,-1,-1
489.34415,506.40982,13.639404,10.861847,0.14748752,2,-1,-1
713.8773,133.0014,12.534302,20.108078,0.14743248,1,-1,-1
354.872,163.74832,9.705475,15.166489,0.14742732,2,-1,-1
772.14404,225.79231,16.012817,23.953995,0.14739722,2,-1,-1
450.04672,186.38786,17.442322,21.68155,0.14733747,10,-1,-1
172.21918,421.4126,20.158783,37.94757,0.14662322,10,-1,-1
643.6556,78.2616,24.93628,44.5159,0.14652377,3,-1,-1
290.2175,213.48302,25.176544,24.45729,0.14648566,10,-1,-1
568.1241,633.4306,16.931335,21.257446,0.1456387,2,-1,-1
419.0062,133.74419,15.176025,26.29422,0.14547744,1,-1,-1
240.57225,322.56155,9.23613,9.727234,0.1453745,2,-1,-1
775.5223,413.6718,9.136414,8.654388,0.14525813,1,-1,-1
241.21603,323.56406,18.958862,17.307465,0.14515224,2,-1,-1
719.1104,131.88452,9.5963745,16.783188,0.14479509,1,-1,-1
690.6423,126.45015,9.060425,21.037262,0.14459068,2,-1,-1
514.96545,760.711,7.5617676,13.777161,0.14452395,2,-1,-1
594.29816,140.77284,18.073486,34.044342,0.14431557,3,-1,-1
713.4877,134.75964,13.093384,22.47197,0.14429614,3,-1,-1
314.83633,571.42255,15.968872,27.449646,0.144196,1,-1,-1
300.80115,206.65213,15.748199,21.217712,0.14372829,2,-1,-1
641.1155,417.719,19.443604,15.124054,0.14312363,1,-1,-1
544.1895,565.7202,11.02179,15.090271,0.14309117,2,-1,-1
595.7412,145.3898,16.661987,34.839417,0.14274493,2,-1,-1
533.1694,509.9793,17.415588,10.527466,0.14264968,1,-1,-1
566.10815,131.24907,13.890381,30.708878,0.14262468,10,-1,-1
316.8847,63.751804,24.432434,20.488811,0.1422688,2,-1,-1
259.73853,333.4133,11.041199,9.289886,0.14225033,2,-1,-1
274.05557,337.1342,8.620361,8.480164,0.14190838,2,-1,-1
473.62286,352.9407,13.42276,12.274506,0.14160341,2,-1,-1
514.857,345.90567,10.768005,14.574799,0.1413567,2,-1,-1
585.23926,108.53754,17.48291,33.72963,0.14125603,3,-1,-1
606.3979,75.983505,28.438538,48.998436,0.14091718,8,-1,-1
368.9434,171.04706,9.541809,18.298035,0.14089072,1,-1,-1
445.52847,209.93529,21.862885,28.378769,0.1405918,2,-1,-1
425.90097,369.82718,24.668457,22.556,0.14023465,2,-1,-1
847.83734,25.650751,8.978699,17.035421,0.14015165,1,-1,-1
296.1239,215.91017,14.639191,14.518356,0.13992974,2,-1,-1
662.81744,86.37675,18.65741,30.074661,0.13990524,3,-1,-1
484.19913,167.52022,11.639282,13.040314,0.1394693,1,-1,-1
297.0343,565.93854,32.365234,30.564087,0.13946846,3,-1,-1
363.83023,16.318972,15.499268,19.960905,0.13906014,1,-1,-1
315.14566,571.1716,15.699738,28.17566,0.13900402,2,-1,-1
579.31464,335.5677,20.548828,24.852722,0.13900235,1,-1,-1
580.92126,610.2372,14.007996,14.778381,0.1386657,1,-1,-1
505.379,753.2659,8.483063,14.061584,0.13863394,1,-1,-1
586.2511,119.41647,27.969421,34.993073,0.1385566,3,-1,-1
1364.2946,507.16077,32.386353,17.84967,0.1382927,1,-1,-1
159.10643,220.15915,15.011124,16.786911,0.13817826,2,-1,-1
479.81497,278.17746,16.701874,33.73709,0.13808328,1,-1,-1
284.84113,201.97926,32.445404,38.590805,0.13785532,10,-1,-1
781.24414,409.4029,8.72229,13.419617,0.13777241,1,-1,-1
451.31924,199.0095,17.7052,20.775253,0.13766232,2,-1,-1
491.76675,178.02986,12.124176,13.148315,0.1376509,1,-1,-1
576.97076,59.753113,22.601013,39.917625,0.13737458,10,-1,-1
695.7308,288.1104,16.331116,16.935303,0.13709351,2,-1,-1
282.54553,196.51317,19.427277,22.388672,0.13709337,2,-1,-1
674.8151,736.4099,4.609436,10.070679,0.1368432,1,-1,-1
327.1024,10.498844,9.458923,22.361462,0.13682932,1,-1,-1
539.8845,621.06836,17.373047,27.266663,0.13675177,10,-1,-1
579.5077,342.09598,11.308289,13.529144,0.1367333,2,-1,-1
367.13754,167.19298,15.736877,23.424194,0.13642702,10,-1,-1
755.5766,0.6165558,14.471497,23.453733,0.1357112,1,-1,-1
813.28394,373.08035,9.218262,16.568634,0.13531813,1,-1,-1
480.52338,168.85991,22.836823,23.945084,0.1351623,2,-1,-1
426.56973,144.9113,15.798065,26.096985,0.13500279,2,-1,-1
775.73596,408.19833,16.473877,16.857483,0.1348997,2,-1,-1
501.5281,754.1395,10.026459,13.59259,0.13484263,2,-1,-1
293.28983,209.45667,29.2388,29.650223,0.13468894,1,-1,-1
722.54065,574.9576,19.246521,20.750427,0.13458717,2,-1,-1
271.66522,183.80135,28.733093,39.603287,0.13378817,10,-1,-1
331.9645,5.866889,24.150726,26.229439,0.13370982,1,-1,-1
275.37802,192.00069,23.089233,27.518402,0.13361132,2,-1,-1
320.12848,0.0,15.282867,24.309978,0.13359883,1,-1,-1
489.1796,173.96605,10.756744,14.51326,0.13313326,2,-1,-1
173.04745,227.68954,8.068283,11.245026,0.13295743,2,-1,-1
704.0458,128.98827,9.68103,18.644714,0.13295206,1,-1,-1
759.42755,23.226818,8.591309,9.757965,0.1328921,1,-1,-1
352.91122,158.57658,17.440216,21.717697,0.13275975,2,-1,-1
621.7308,139.2547,50.90149,55.753616,0.13221878,8,-1,-1
782.23724,410.47226,7.5341797,12.348907,0.13210204,2,-1,-1
635.09125,414.57886,36.19635,37.28711,0.1317825,1,-1,-1
775.73596,408.19833,16.473877,16.857483,0.13138986,1,-1,-1
336.45355,0.20992987,14.280304,27.651672,0.13102612,10,-1,-1
580.873,119.20541,30.069641,35.24093,0.13097164,10,-1,-1
534.3437,560.7296,30.792175,25.060852,0.13024044,1,-1,-1
558.5257,463.28796,12.350464,17.131592,0.13017672,2,-1,-1
652.8308,63.499767,24.294312,44.85355,0.13005331,3,-1,-1
669.9323,15.37514,16.391663,36.765965,0.13001654,1,-1,-1
421.65836,138.2632,20.55545,31.361084,0.12997517,3,-1,-1
426.7758,369.87552,16.373016,15.105377,0.12978053,1,-1,-1
585.23926,108.53754,17.48291,33.72963,0.12962854,10,-1,-1
427.22925,370.99136,10.610168,7.769989,0.12957579,1,-1,-1
287.06,202.61417,11.218109,14.635513,0.12936655,2,-1,-1
687.1394,126.90744,8.812866,17.523102,0.12927839,1,-1,-1
263.11227,333.9886,9.527161,13.251617,0.12925184,1,-1,-1
563.8014,323.32166,19.1557,16.58313,0.12925091,2,-1,-1
478.18216,358.52048,11.165588,14.290985,0.1291407,2,-1,-1
216.06137,41.028984,16.857712,39.169975,0.12905231,1,-1,-1
367.68393,17.088823,17.07788,24.991137,0.12881121,10,-1,-1
795.6672,394.6082,9.632446,11.700409,0.12873936,1,-1,-1
506.8861,745.2885,14.256714,26.078552,0.12856081,2,-1,-1
542.6019,625.6324,13.053589,10.27832,0.12853515,2,-1,-1
568.3427,119.76751,14.739746,38.119926,0.12841907,3,-1,-1
778.7682,208.47209,17.55249,17.065231,0.12832382,2,-1,-1
479.6178,164.9265,17.089722,18.317688,0.12807402,2,-1,-1
306.8777,75.022255,21.995605,21.770119,0.12790713,1,-1,-1
359.6647,160.35512,20.94043,22.924454,0.12774172,1,-1,-1
1304.0544,532.45166,30.019897,17.453735,0.12760639,10,-1,-1
164.66275,221.6142,9.029572,13.205017,0.12744617,2,-1,-1
693.99207,127.06879,8.640137,18.373734,0.12733567,2,-1,-1
507.78894,745.0893,13.182983,27.414307,0.12719482,1,-1,-1
244.92688,218.18782,23.683777,24.51007,0.12714171,2,-1,-1
754.5045,24.886038,44.24713,42.382683,0.12713018,3,-1,-1
509.85846,760.2015,7.4190674,14.070984,0.12695432,1,-1,-1
579.3888,133.64767,30.085815,37.05339,0.12691182,10,-1,-1
704.7158,129.36563,12.183899,20.306976,0.12688074,2,-1,-1
539.1349,620.324,18.711304,30.822327,0.12644911,1,-1,-1
494.37372,303.17383,26.652893,14.2378845,0.12637636,3,-1,-1
435.83847,96.99616,16.782776,31.747032,0.1263519,3,-1,-1
544.4743,565.1605,28.188782,16.748657,0.12616688,10,-1,-1
1229.983,477.78302,9.765381,13.699371,0.12612039,2,-1,-1
571.6669,62.310402,14.703674,31.888397,0.12607601,10,-1,-1
792.36084,393.05496,13.587097,19.046692,0.12594834,10,-1,-1
175.23824,226.08711,9.152664,11.928543,0.12578008,2,-1,-1
514.45013,759.87915,8.327576,14.921143,0.1255886,1,-1,-1
667.34076,28.514128,15.233398,35.105278,0.12546888,3,-1,-1
596.5117,687.7381,39.516846,32.22168,0.12507764,4,-1,-1
654.59924,161.0072,18.395325,39.036682,0.12505123,1,-1,-1
263.24503,335.7055,10.127533,14.8186035,0.12504631,2,-1,-1
624.7822,76.54302,17.889954,41.808,0.12498528,7,-1,-1
626.0093,11.190052,17.401123,36.228554,0.12496114,10,-1,-1
223.91394,321.85352,11.259949,10.231537,0.12487435,1,-1,-1
579.16235,611.25775,20.98462,18.17334,0.12478903,10,-1,-1
511.4733,752.63776,14.819794,22.004211,0.12477729,1,-1,-1
500.138,715.46545,32.37207,58.124146,0.124773145,10,-1,-1
547.0471,336.23135,14.684753,21.16217,0.124753386,1,-1,-1
