1210.9146,332.62305,152.81848,57.331177,0.9684457,6,-1,-1
927.68604,25.294395,132.67017,52.56785,0.8485848,6,-1,-1
1227.8962,252.52658,136.62463,64.90912,0.815259,6,-1,-1
1011.9891,702.9646,211.96613,83.04358,0.8103583,9,-1,-1
464.41638,545.33795,54.73114,43.46289,0.8034278,8,-1,-1
578.6238,716.926,36.340515,69.57318,0.8022016,10,-1,-1
1217.8767,232.72586,144.59705,52.596893,0.7948524,6,-1,-1
908.98755,257.78503,103.81824,33.381744,0.76445407,6,-1,-1
1045.589,332.5762,93.09607,41.713257,0.7234313,4,-1,-1
578.8687,716.7704,36.33319,69.87628,0.6893118,3,-1,-1
1130.344,55.428436,136.65393,42.08809,0.6631506,6,-1,-1
1047.4884,331.22678,87.89148,43.538208,0.6559216,6,-1,-1
1125.056,76.01231,137.85938,36.422424,0.6174091,6,-1,-1
1216.8518,31.55543,63.59192,40.403877,0.5974482,6,-1,-1
1126.9366,115.84956,150.3789,43.890778,0.5901276,6,-1,-1
1044.7529,334.3479,94.010864,39.902985,0.575744,5,-1,-1
918.70404,225.62479,100.91022,36.730835,0.56609654,4,-1,-1
922.0873,226.43483,98.583496,36.549423,0.53764737,6,-1,-1
1217.2372,179.0336,127.89453,51.353317,0.53245765,6,-1,-1
958.8272,588.75977,21.36438,34.641907,0.4978851,1,-1,-1
867.589,286.4301,99.76538,37.961273,0.4793973,6,-1,-1
464.21796,545.2324,54.686035,43.806213,0.4613827,7,-1,-1
1003.8422,700.94824,214.96234,85.47955,0.46094877,6,-1,-1
580.00354,547.0153,24.456726,31.48944,0.45595175,1,-1,-1
661.6341,472.19196,30.745117,22.564484,0.44902185,10,-1,-1
1141.3456,31.946085,134.08582,45.275414,0.3878385,6,-1,-1
923.64655,161.04611,64.68213,36.033478,0.3558678,1,-1,-1
1217.2676,179.78793,127.83716,51.367188,0.34651273,5,-1,-1
1141.7101,26.841541,77.49121,31.114353,0.34065655,6,-1,-1
1225.1638,278.0295,137.27905,55.06021,0.32525802,6,-1,-1
660.2036,465.3753,32.3526,20.349823,0.3150227,10,-1,-1
929.6785,68.142006,125.046814,47.37359,0.28480524,6,-1,-1
930.7905,6.208623,115.66589,42.238216,0.2733789,6,-1,-1
678.7913,502.70535,36.18701,26.012665,0.27033517,1,-1,-1
924.168,160.99763,64.87329,36.318604,0.24697322,5,-1,-1
912.31213,47.881187,142.10706,53.515198,0.24505132,6,-1,-1
580.2818,547.2022,24.149841,31.7641,0.23655367,2,-1,-1
660.3514,472.93085,32.23712,21.953186,0.23473936,3,-1,-1
1082.4916,615.68164,20.564331,41.25757,0.23338336,1,-1,-1
464.35733,545.43726,55.0903,43.501892,0.22305289,1,-1,-1
1212.0538,204.60652,112.166504,37.932434,0.21080261,5,-1,-1
578.0958,716.82605,37.836914,69.82062,0.19350833,1,-1,-1
660.2036,465.3753,32.3526,20.349823,0.18720546,3,-1,-1
923.75165,159.42012,65.06824,40.297104,0.17618904,8,-1,-1
1212.0538,204.60652,112.166504,37.932434,0.17359108,6,-1,-1
584.78394,719.2252,28.97699,53.430847,0.1725969,2,-1,-1
680.4463,433.6284,38.26068,15.839386,0.1702092,10,-1,-1
906.5026,15.062824,154.49823,69.46695,0.16742134,9,-1,-1
1217.2372,179.0336,127.89453,51.353317,0.16514036,4,-1,-1
554.62054,513.3459,21.063232,31.252502,0.16495904,1,-1,-1
664.79486,519.09454,19.500305,33.197876,0.16106182,1,-1,-1
1141.7101,26.841541,77.49121,31.114353,0.16077551,5,-1,-1
588.0224,277.1659,21.069092,29.649323,0.15606311,1,-1,-1
464.21796,545.2324,54.686035,43.806213,0.15360364,3,-1,-1
581.8706,266.64737,16.182007,34.4946,0.14991811,1,-1,-1
1209.9144,329.69064,156.26465,62.206024,0.14065611,4,-1,-1
1023.0497,119.302124,170.74353,55.153656,0.14042804,6,-1,-1
678.3161,503.67004,32.55841,24.95752,0.13931784,2,-1,-1
470.97876,547.70593,49.875732,38.47711,0.1391531,2,-1,-1
1032.1768,629.76715,29.729858,27.085693,0.13806319,2,-1,-1
1209.7682,332.00104,154.35767,57.576843,0.1347968,7,-1,-1
647.6598,292.1663,20.138123,40.957794,0.13419324,10,-1,-1
663.81,238.84692,17.541382,39.672974,0.13377708,1,-1,-1
464.42563,545.1021,54.802216,43.8916,0.13366932,4,-1,-1
908.98755,257.78503,103.81824,33.381744,0.13263968,7,-1,-1
661.6341,472.19196,30.745117,22.564484,0.13259035,2,-1,-1
579.28955,687.6942,40.973083,84.96106,0.12992412,10,-1,-1
674.088,440.98044,41.971252,16.252167,0.12794277,10,-1,-1
487.7662,552.0582,31.06961,40.204895,0.12747115,1,-1,-1
1380.6448,81.30043,17.100586,45.843987,0.12699667,1,-1,-1
464.21796,545.2324,54.686035,43.806213,0.125599,10,-1,-1
647.6598,292.1663,20.138123,40.957794,0.12529868,1,-1,-1
1185.031,750.2634,24.541992,35.06775,0.1248835,2,-1,-1
1027.0786,652.6665,206.28564,66.03577,0.11925426,6,-1,-1
581.38855,263.17062,15.815674,35.25949,0.11776966,10,-1,-1
669.14764,520.53705,26.526367,29.960571,0.116411686,1,-1,-1
573.14624,542.9634,28.057007,28.911682,0.11565068,1,-1,-1
830.8707,275.00247,112.22302,36.237183,0.11473468,6,-1,-1
880.3218,171.04857,130.76404,60.451096,0.113774836,6,-1,-1
1212.0538,204.60652,112.166504,37.932434,0.11376646,4,-1,-1
1211.1544,229.1309,148.85864,58.33452,0.11293915,9,-1,-1
578.86304,714.19995,36.544495,72.44672,0.112032294,4,-1,-1
1373.2816,84.39722,20.53711,41.017303,0.11181891,1,-1,-1
1218.3395,224.24751,128.28967,46.253616,0.11170858,4,-1,-1
588.0224,277.1659,21.069092,29.649323,0.111314744,2,-1,-1
305.8501,355.69345,43.164886,32.125214,0.11092389,8,-1,-1
287.8972,346.87085,56.530426,42.54068,0.10932574,8,-1,-1
932.03546,67.22379,121.914246,46.24955,0.10932511,7,-1,-1
1211.6252,223.62627,127.68787,45.266373,0.109244466,6,-1,-1
573.7316,549.3643,24.439148,35.80963,0.10709888,1,-1,-1
286.31287,365.41263,20.571594,33.45331,0.10660344,1,-1,-1
1184.6215,749.502,24.229248,36.086426,0.1064364,1,-1,-1
1045.4575,332.4061,90.931885,43.32782,0.105571985,9,-1,-1
588.0224,277.1659,21.069092,29.649323,0.1032733,10,-1,-1
1215.7898,180.0756,131.74438,52.667725,0.103079796,9,-1,-1
680.30035,434.33282,38.82013,15.177826,0.10286638,8,-1,-1
1230.3656,267.39362,135.28113,56.13025,0.10218346,4,-1,-1
678.3161,503.67004,32.55841,24.95752,0.10143122,10,-1,-1
670.2335,509.8013,26.825317,27.685028,0.10002184,1,-1,-1
656.9365,466.85992,30.224426,23.541107,0.09815419,2,-1,-1
684.55365,520.23883,18.987488,31.275269,0.09739089,1,-1,-1
680.4463,433.6284,38.26068,15.839386,0.097328275,3,-1,-1
923.7385,160.48875,64.392944,39.05803,0.096378356,7,-1,-1
867.589,286.4301,99.76538,37.961273,0.09624717,1,-1,-1
664.7686,519.4277,22.767883,31.954285,0.0956018,2,-1,-1
1082.2405,623.9236,22.578003,36.39392,0.094823,10,-1,-1
707.197,467.61142,24.915466,25.058014,0.090492755,1,-1,-1
580.9526,272.52414,20.350891,30.44635,0.08986437,2,-1,-1
934.57074,184.33214,35.94336,26.043533,0.08923796,1,-1,-1
286.13312,366.27972,20.368195,32.835297,0.088759094,8,-1,-1
1122.5514,81.86987,100.572266,33.55027,0.08847827,4,-1,-1
918.1485,244.40695,106.80438,35.945465,0.08831599,6,-1,-1
490.0082,598.8447,38.718536,24.740051,0.08822867,3,-1,-1
1082.9657,612.491,19.30542,42.391235,0.087916315,2,-1,-1
647.6598,292.1663,20.138123,40.957794,0.08631086,2,-1,-1
908.98755,257.78503,103.81824,33.381744,0.086248845,4,-1,-1
1024.4703,653.3007,201.82263,62.56653,0.08576357,4,-1,-1
1326.6614,75.40722,26.756226,21.907242,0.08528924,1,-1,-1
286.13312,366.27972,20.368195,32.835297,0.08462149,2,-1,-1
256.79755,356.74908,60.555634,39.217834,0.08384472,8,-1,-1
915.26056,225.19168,109.973206,36.53067,0.08363065,9,-1,-1
1322.2885,303.25784,20.105713,37.40689,0.08298746,1,-1,-1
1314.8108,36.970146,39.525513,17.365704,0.08296165,1,-1,-1
671.85297,508.8062,24.361145,30.433105,0.08265513,2,-1,-1
578.86304,714.19995,36.544495,72.44672,0.08222541,7,-1,-1
575.8556,720.62714,35.7536,33.78607,0.08209115,2,-1,-1
927.27545,17.570957,127.608826,50.59177,0.082003266,4,-1,-1
1121.6605,81.164764,105.68921,36.389664,0.08156955,9,-1,-1
647.04443,297.7257,21.864746,37.866028,0.08151409,7,-1,-1
667.1327,465.3493,28.618347,23.433685,0.0797821,2,-1,-1
914.31793,157.9537,75.26135,42.288773,0.079090625,6,-1,-1
940.5707,67.51923,111.14465,44.149498,0.07847023,4,-1,-1
264.1701,358.6589,21.798157,39.555237,0.07718524,1,-1,-1
4.852269,653.2949,184.95671,74.99744,0.076933205,9,-1,-1
573.83044,543.15405,25.296082,31.335938,0.07662937,2,-1,-1
1151.996,150.03038,42.94983,21.811539,0.076383054,7,-1,-1
1217.3208,205.88911,108.28772,37.363388,0.07624161,9,-1,-1
660.2036,465.3753,32.3526,20.349823,0.076194644,7,-1,-1
677.48334,439.0302,42.349182,16.147339,0.07606608,3,-1,-1
885.69965,57.174194,110.387024,38.928726,0.07589689,8,-1,-1
1330.4022,62.18078,20.181152,32.05362,0.07576117,1,-1,-1
1132.4998,44.91746,48.610962,18.917213,0.0752919,4,-1,-1
925.6349,170.2345,29.43097,32.137024,0.07518825,1,-1,-1
645.5878,336.58005,16.99762,36.644623,0.07461482,10,-1,-1
900.7798,56.71911,157.83337,56.64588,0.0745531,9,-1,-1
680.4463,433.6284,38.26068,15.839386,0.07442534,7,-1,-1
661.2238,468.3314,30.850647,22.366089,0.07413149,1,-1,-1
1132.4971,56.52071,88.69653,29.506664,0.07331827,6,-1,-1
633.16235,276.04398,17.462585,39.782654,0.07304618,1,-1,-1
644.36566,410.1626,25.645203,21.938416,0.07295731,1,-1,-1
645.99524,331.27567,28.799622,22.44693,0.0725089,10,-1,-1
1235.1912,275.0153,104.60486,40.423157,0.07176921,6,-1,-1
626.6812,681.9773,19.384033,42.933533,0.071181566,10,-1,-1
625.6405,539.6265,21.728638,28.882263,0.06942248,1,-1,-1
13.8981285,655.505,201.59628,73.341675,0.06898853,6,-1,-1
824.9583,271.53506,84.82562,31.985077,0.06885955,6,-1,-1
915.88715,225.62689,108.70087,36.39325,0.0688352,5,-1,-1
590.43823,726.81195,29.998962,33.06299,0.067991674,2,-1,-1
1029.8298,539.5249,206.41858,69.40631,0.06782505,6,-1,-1
562.102,509.18015,21.243286,35.006256,0.06722137,1,-1,-1
1155.8242,121.523125,122.46277,37.5142,0.067133576,4,-1,-1
579.33936,546.6126,25.004395,30.813538,0.06702384,10,-1,-1
663.9043,529.7077,24.126831,30.599182,0.06700894,1,-1,-1
1141.7101,26.841541,77.49121,31.114353,0.06687763,9,-1,-1
580.80725,261.08612,19.064392,32.209595,0.066791,2,-1,-1
669.92303,524.651,27.904602,28.609253,0.06605336,2,-1,-1
677.48334,439.0302,42.349182,16.147339,0.06510517,5,-1,-1
868.5222,286.76645,99.15387,37.257965,0.06500882,4,-1,-1
1138.3718,16.945446,46.167725,20.895931,0.064929575,4,-1,-1
646.44476,308.9302,24.23767,29.6445,0.0648174,10,-1,-1
617.03516,233.48616,18.175293,30.127213,0.06471336,1,-1,-1
1204.0691,764.18866,29.395264,21.930786,0.06453428,2,-1,-1
491.73718,600.28937,36.159973,24.51062,0.0644148,10,-1,-1
925.29553,160.77223,64.512146,37.172913,0.06439093,2,-1,-1
462.31094,554.5274,30.590485,36.858154,0.06425285,1,-1,-1
581.38855,263.17062,15.815674,35.25949,0.06406346,3,-1,-1
951.79877,166.15988,30.788025,36.593414,0.06361452,1,-1,-1
911.80994,255.32892,107.35681,37.03784,0.06316525,9,-1,-1
924.168,160.99763,64.87329,36.318604,0.06310788,4,-1,-1
1218.3395,224.24751,128.28967,46.253616,0.06283513,5,-1,-1
1329.4884,80.02973,22.865845,31.304268,0.06282079,1,-1,-1
577.1331,686.32324,44.93158,90.57605,0.062247843,3,-1,-1
1326.0037,7.9762897,72.09143,30.510172,0.062234282,5,-1,-1
1219.0128,35.448837,60.6532,36.926247,0.06222543,4,-1,-1
1059.0367,199.67992,118.03882,36.228424,0.061907798,6,-1,-1
455.7484,559.69293,17.761017,35.51819,0.06136039,1,-1,-1
915.88715,225.62689,108.70087,36.39325,0.061230272,1,-1,-1
679.71704,522.55975,24.413269,27.990906,0.061075985,2,-1,-1
1217.4059,179.99683,127.3761,50.85063,0.06105879,1,-1,-1
647.04443,297.7257,21.864746,37.866028,0.060368836,3,-1,-1
930.5474,5.8242307,116.260925,42.171,0.060206234,5,-1,-1
662.2595,473.51373,28.803589,22.139618,0.059878737,7,-1,-1
582.78253,275.0987,17.955505,33.190704,0.059780866,10,-1,-1
1137.4617,53.526707,57.807007,20.160183,0.0595856,4,-1,-1
910.0609,175.23077,95.960266,39.625366,0.059480846,1,-1,-1
35.78192,203.36473,97.59616,155.94157,0.058638245,9,-1,-1
1340.2086,72.822815,56.632812,49.14599,0.05862701,7,-1,-1
645.5878,336.58005,16.99762,36.644623,0.058270693,1,-1,-1
1227.7709,267.87653,141.22107,56.903046,0.05804509,7,-1,-1
1209.9144,329.69064,156.26465,62.206024,0.057783067,5,-1,-1
1045.4575,332.4061,90.931885,43.32782,0.057628363,1,-1,-1
937.9165,41.483696,37.02887,26.013275,0.05758366,2,-1,-1
680.30035,434.33282,38.82013,15.177826,0.057326138,5,-1,-1
1326.6237,3.9561381,62.09131,21.559422,0.05719629,5,-1,-1
1079.2189,630.6251,24.91565,31.419006,0.056696624,1,-1,-1
588.0224,277.1659,21.069092,29.649323,0.056317896,3,-1,-1
366.50708,325.15683,29.17868,38.638153,0.05620256,5,-1,-1
1141.2996,27.419142,76.77283,30.584764,0.05607626,4,-1,-1
264.1701,358.6589,21.798157,39.555237,0.055728614,2,-1,-1
936.9696,191.97183,27.389343,26.4263,0.055637896,1,-1,-1
1193.2798,47.478363,89.60364,38.296227,0.055603504,6,-1,-1
965.25946,170.84727,23.546875,34.760925,0.0553585,1,-1,-1
1149.3936,149.92632,45.403564,22.631027,0.0551669,4,-1,-1
1029.6036,653.78845,207.60779,70.289246,0.055143863,1,-1,-1
1157.8357,148.47424,37.936646,23.40091,0.05513403,10,-1,-1
1131.2949,53.8709,134.60498,43.379513,0.054994673,9,-1,-1
867.589,286.4301,99.76538,37.961273,0.054950744,7,-1,-1
564.5682,335.9082,18.6156,36.02704,0.054939836,1,-1,-1
1313.3923,187.78316,29.795898,22.623383,0.054890215,1,-1,-1
930.5474,5.8242307,116.260925,42.171,0.05426532,4,-1,-1
677.48334,439.0302,42.349182,16.147339,0.054198056,7,-1,-1
1209.9144,329.69064,156.26465,62.206024,0.054166496,9,-1,-1
1326.0037,7.9762897,72.09143,30.510172,0.05410996,9,-1,-1
1176.6228,63.084637,90.257935,31.05907,0.054052144,6,-1,-1
627.2765,538.31885,21.589722,26.617981,0.053941667,2,-1,-1
1132.4998,44.91746,48.610962,18.917213,0.05383867,5,-1,-1
1323.5924,283.8171,19.882935,47.848907,0.053614676,1,-1,-1
1082.2405,623.9236,22.578003,36.39392,0.05351907,3,-1,-1
883.6084,266.96536,119.57013,44.466003,0.053408355,6,-1,-1
1036.3948,301.5947,103.26929,53.1427,0.053117007,6,-1,-1
323.05853,355.60422,26.732513,33.38916,0.053042024,1,-1,-1
580.05194,699.036,39.2041,87.61066,0.052830517,2,-1,-1
1339.0237,66.22028,27.878418,26.47445,0.052731037,1,-1,-1
1010.806,703.24036,214.50647,83.40631,0.05262825,5,-1,-1
1081.0391,163.63437,110.86951,35.54419,0.052539766,6,-1,-1
1329.4591,70.832565,21.51587,29.148048,0.052282482,2,-1,-1
1335.565,61.34672,26.580933,24.67178,0.05220899,1,-1,-1
674.088,440.98044,41.971252,16.252167,0.05202937,8,-1,-1
13.8981285,655.505,201.59628,73.341675,0.05199486,4,-1,-1
1052.9264,109.675285,186.46387,54.488304,0.051524907,6,-1,-1
583.2544,542.50183,27.750427,29.272522,0.051500767,1,-1,-1
1033.3387,629.3426,28.213867,28.06488,0.05148551,1,-1,-1
645.99524,331.27567,28.799622,22.44693,0.051006675,3,-1,-1
554.53827,335.37094,21.805359,35.321045,0.050935835,1,-1,-1
1323.2762,66.020134,21.86914,30.79551,0.050846606,1,-1,-1
1248.5225,17.676353,31.177856,21.464405,0.05064863,5,-1,-1
652.3493,363.11832,18.722229,51.881775,0.05059129,1,-1,-1
631.3672,256.72556,18.030334,40.22888,0.05051008,1,-1,-1
653.54767,290.05084,21.937195,38.43399,0.05039558,1,-1,-1
1173.6588,118.008804,111.35144,32.552704,0.05030784,6,-1,-1
