273.14737,530.8994,46.20526,22.108765,0.44445327,4,-1,-1
273.30234,517.39026,42.02359,21.223328,0.38235494,4,-1,-1
193.54753,401.3,84.1071,35.48941,0.34790766,6,-1,-1
306.07596,375.33978,60.4516,28.10675,0.28520387,6,-1,-1
1333.2489,487.76117,41.617065,20.632935,0.22972408,4,-1,-1
325.82407,348.72708,42.41742,22.051117,0.20690468,6,-1,-1
418.38837,372.281,34.845734,31.318634,0.18426153,6,-1,-1
1358.6705,520.7568,40.454468,21.955505,0.18097508,5,-1,-1
1359.132,510.06564,39.776855,24.788849,0.17669097,5,-1,-1
471.8229,349.50943,34.593353,27.831818,0.16494274,6,-1,-1
1333.2489,487.76117,41.617065,20.632935,0.15917242,5,-1,-1
323.8381,380.76508,58.579193,23.213501,0.1420958,6,-1,-1
1334.6064,486.92166,42.902344,19.943604,0.137321,6,-1,-1
338.7431,351.02713,47.025513,22.65332,0.13399753,6,-1,-1
325.61316,389.6732,51.4057,21.54486,0.12624925,6,-1,-1
1358.2253,520.94684,40.89966,21.2807,0.12029141,4,-1,-1
272.6476,516.96204,41.23065,20.974487,0.11765468,5,-1,-1
1319.0184,497.49985,45.556763,20.075958,0.11513087,4,-1,-1
273.14737,530.8994,46.20526,22.108765,0.10945031,5,-1,-1
164.24927,382.3523,41.39566,23.410278,0.10855633,4,-1,-1
313.65732,364.86258,54.0271,21.889893,0.10803625,6,-1,-1
291.20514,380.70395,55.48813,26.706726,0.10730204,6,-1,-1
338.45523,362.36087,51.72696,19.499603,0.105683684,6,-1,-1
164.24927,382.3523,41.39566,23.410278,0.101644635,5,-1,-1
1352.7762,497.31375,42.836548,23.347198,0.10084215,6,-1,-1
408.37494,377.71347,35.871246,27.419006,0.09929541,6,-1,-1
418.38837,372.281,34.845734,31.318634,0.09832996,9,-1,-1
1359.132,510.06564,39.776855,24.788849,0.09669027,6,-1,-1
1336.2593,496.16476,45.858765,22.726898,0.09060651,5,-1,-1
382.29675,422.92096,43.43289,20.709045,0.08677751,4,-1,-1
1352.7762,497.31375,42.836548,23.347198,0.08578661,5,-1,-1
316.77386,378.66516,58.558594,24.64917,0.08233926,9,-1,-1
319.85873,372.8677,62.87317,23.829681,0.08097872,6,-1,-1
246.14291,386.48895,53.49991,22.798004,0.08045596,6,-1,-1
1336.2593,496.16476,45.858765,22.726898,0.078835905,6,-1,-1
325.61316,389.6732,51.4057,21.54486,0.07855582,4,-1,-1
270.2823,383.37155,58.38855,24.721863,0.07805753,6,-1,-1
341.69235,441.01425,42.23709,24.078735,0.077789545,4,-1,-1
1178.1538,486.7878,54.110474,18.721313,0.07778534,4,-1,-1
1319.0184,497.49985,45.556763,20.075958,0.075098306,5,-1,-1
1283.768,527.87115,50.347046,20.888916,0.07409567,4,-1,-1
1359.132,510.06564,39.776855,24.788849,0.07266593,9,-1,-1
1187.5369,450.52,56.461914,21.559479,0.07250044,6,-1,-1
343.01828,505.705,47.0979,22.234222,0.0683268,5,-1,-1
343.01828,505.705,47.0979,22.234222,0.06729114,6,-1,-1
304.36368,372.62195,60.707794,29.19516,0.0665178,5,-1,-1
1336.2593,496.16476,45.858765,22.726898,0.06556323,4,-1,-1
1358.6705,520.7568,40.454468,21.955505,0.06511247,6,-1,-1
343.01828,505.705,47.0979,22.234222,0.065063775,4,-1,-1
193.54753,401.3,84.1071,35.48941,0.06403378,9,-1,-1
1358.6705,520.7568,40.454468,21.955505,0.06323108,9,-1,-1
1188.7789,519.6763,45.708984,22.610596,0.062246114,4,-1,-1
390.1862,379.13205,43.155487,26.4617,0.05875826,6,-1,-1
177.57002,381.53946,53.049484,21.907684,0.058283538,4,-1,-1
212.42046,520.2775,50.936996,18.26715,0.058173805,4,-1,-1
1180.9567,484.45566,55.169678,20.12091,0.058170646,6,-1,-1
177.57002,381.53946,53.049484,21.907684,0.0579713,5,-1,-1
343.01828,505.705,47.0979,22.234222,0.057335883,8,-1,-1
323.8381,380.76508,58.579193,23.213501,0.057152867,5,-1,-1
1178.1538,486.7878,54.110474,18.721313,0.056621462,5,-1,-1
409.19675,376.23938,30.872131,28.252625,0.05542791,9,-1,-1
316.77386,378.66516,58.558594,24.64917,0.055207074,4,-1,-1
351.02203,352.12732,53.00354,22.485748,0.05444172,6,-1,-1
185.45126,381.54865,58.407013,22.227417,0.05437839,6,-1,-1
1181.8495,511.1358,47.031372,20.929688,0.054007232,4,-1,-1
1359.132,510.06564,39.776855,24.788849,0.05376941,4,-1,-1
173.68715,381.85168,46.667526,22.547882,0.05371809,6,-1,-1
328.9564,359.28085,43.28769,23.497223,0.053202033,6,-1,-1
1081.5796,423.23825,48.028076,19.77884,0.052690685,6,-1,-1
291.9564,370.93137,57.745758,26.449158,0.052365273,6,-1,-1
201.20381,392.0315,79.60155,31.368256,0.052331537,6,-1,-1
325.61316,389.6732,51.4057,21.54486,0.05230075,5,-1,-1
494.64618,345.38913,27.34845,33.127045,0.051362216,6,-1,-1
1334.6064,486.92166,42.902344,19.943604,0.051308513,9,-1,-1
1342.0012,482.46854,47.12561,19.608734,0.05081299,6,-1,-1
1339.6512,508.16336,46.690308,21.546356,0.050328165,5,-1,-1
