717.16064,440.81046,18.704285,29.25766,0.9088019,1,-1,-1
712.8079,22.928814,13.216248,29.466827,0.901662,1,-1,-1
724.34937,25.779215,14.793701,28.430605,0.8964759,1,-1,-1
751.55615,18.894815,16.744507,29.080248,0.88931906,1,-1,-1
684.33417,335.93384,14.628296,25.226257,0.8826032,1,-1,-1
674.13196,205.4644,15.895935,31.080215,0.8733976,1,-1,-1
676.5761,327.03183,12.78772,25.885742,0.8613076,1,-1,-1
695.4495,47.339752,14.009155,29.333313,0.82999605,1,-1,-1
771.96375,16.623589,13.759399,31.464428,0.81764835,1,-1,-1
671.9116,730.8054,16.98468,19.552307,0.7792693,1,-1,-1
959.6882,231.91682,14.989136,30.320328,0.7582906,1,-1,-1
660.8634,569.76996,14.550964,28.602722,0.7506679,1,-1,-1
691.5848,445.94543,19.351196,25.831207,0.7301477,1,-1,-1
950.4579,311.1946,22.454712,30.147919,0.7267218,1,-1,-1
682.9217,201.60638,14.316101,28.555893,0.7214833,1,-1,-1
621.9473,264.25885,13.420715,22.505188,0.69850904,1,-1,-1
676.257,37.429333,14.253296,37.97965,0.6705107,1,-1,-1
619.12616,233.77654,21.51178,20.827774,0.66905344,1,-1,-1
691.9888,380.99094,17.898743,25.813538,0.656805,1,-1,-1
660.32263,662.81616,18.872192,22.29657,0.62648106,1,-1,-1
724.61176,85.78816,16.20166,24.210815,0.6257332,2,-1,-1
1104.2103,603.65796,27.475342,23.979797,0.6246652,1,-1,-1
600.91455,328.53085,14.005005,24.318329,0.62450176,1,-1,-1
822.169,145.79083,12.492981,28.796509,0.61594963,1,-1,-1
624.6822,200.58342,15.540527,27.543243,0.5921198,1,-1,-1
706.2598,381.31058,15.190186,23.907257,0.5896655,1,-1,-1
947.6332,232.65634,12.216614,23.026978,0.5774799,1,-1,-1
622.63403,350.5302,21.208496,26.103546,0.5768955,1,-1,-1
988.79364,291.9766,17.197083,24.84198,0.5523191,1,-1,-1
594.7687,236.549,17.308594,18.582687,0.48081207,1,-1,-1
967.8714,332.5098,18.00885,22.164917,0.47077355,1,-1,-1
646.73175,360.7687,16.952393,25.422943,0.47018504,2,-1,-1
589.8,324.4341,14.60498,27.356506,0.4686321,1,-1,-1
593.83386,326.83414,15.529663,26.200317,0.45871547,1,-1,-1
591.5278,377.16364,23.943787,30.940979,0.45744464,1,-1,-1
689.929,671.31836,16.555847,22.419617,0.43996692,1,-1,-1
736.5917,0.0,11.955078,13.014355,0.41845924,1,-1,-1
646.72485,360.05057,16.633667,28.966919,0.4173175,1,-1,-1
1008.7608,293.30777,19.12091,21.801666,0.41705504,2,-1,-1
932.33655,225.58148,12.857849,21.558533,0.41555822,1,-1,-1
598.83264,746.7204,30.41565,16.088257,0.41529074,10,-1,-1
759.4339,632.2354,40.441284,43.785095,0.38920587,1,-1,-1
724.65796,87.20214,17.38916,43.29386,0.38582426,3,-1,-1
829.72345,73.405136,14.722717,27.055656,0.3718021,1,-1,-1
725.1021,90.86443,15.177856,38.450233,0.36019945,10,-1,-1
1266.1799,427.77893,24.560547,38.51584,0.35017592,1,-1,-1
603.95593,774.0864,22.701477,13.45752,0.34211528,4,-1,-1
599.7111,525.5115,67.42871,30.519165,0.3397237,10,-1,-1
1042.5226,157.9018,18.12268,28.859863,0.33594105,1,-1,-1
626.6258,280.9561,18.151306,29.266449,0.33582926,2,-1,-1
653.96936,483.41083,17.586426,21.503448,0.32757556,2,-1,-1
1094.3071,0.0,36.848877,25.589128,0.3255818,1,-1,-1
258.16946,526.67316,118.60895,56.205505,0.3253535,6,-1,-1
1040.4679,158.11517,19.572266,27.858475,0.3236673,2,-1,-1
624.9472,280.18347,18.574707,31.866241,0.32249236,1,-1,-1
566.72644,330.6345,15.318054,26.269531,0.32040858,1,-1,-1
625.01276,278.80585,19.39801,37.598267,0.32009557,8,-1,-1
950.5621,231.83932,14.963257,25.163086,0.3129828,1,-1,-1
625.9866,279.14368,17.937561,37.003235,0.3087504,7,-1,-1
631.5089,201.48544,10.664917,26.570297,0.30688924,1,-1,-1
623.4665,445.87073,14.348267,25.58316,0.30492735,4,-1,-1
654.43524,483.24423,18.04895,21.711151,0.30136472,1,-1,-1
707.21747,681.3808,20.957458,45.781433,0.30133376,10,-1,-1
1019.32635,371.27606,21.997375,30.075653,0.30096543,2,-1,-1
646.6879,363.22565,15.488831,34.1485,0.29925367,10,-1,-1
276.77576,489.38138,101.62915,53.0419,0.29442626,6,-1,-1
707.8706,688.1875,19.50763,26.507202,0.29068327,1,-1,-1
650.31415,436.5934,11.624695,14.539001,0.28779498,1,-1,-1
708.19635,688.0497,19.503479,22.511047,0.2870298,2,-1,-1
628.61383,756.7978,15.151733,24.24524,0.28570992,10,-1,-1
623.9739,350.06076,20.530212,24.9599,0.2823047,2,-1,-1
785.7721,0.0,11.373291,11.287265,0.28163287,1,-1,-1
1393.4944,203.50554,6.026367,10.853485,0.28057876,1,-1,-1
990.4783,313.12708,22.916199,41.865417,0.27553123,1,-1,-1
719.4158,729.10974,18.132263,26.956116,0.26915652,1,-1,-1
989.42065,289.9962,17.161926,26.650269,0.26704347,2,-1,-1
621.18286,552.0436,30.670166,26.259644,0.26686922,10,-1,-1
973.90466,336.74585,12.419678,16.455658,0.2660855,1,-1,-1
709.31586,695.24084,16.009888,31.673767,0.26446718,1,-1,-1
375.35364,128.79355,45.479034,28.436584,0.26430118,10,-1,-1
184.80939,720.2452,35.699203,24.649658,0.26043838,1,-1,-1
935.38257,224.81122,15.017334,25.246063,0.2579535,1,-1,-1
685.5988,202.82033,10.286865,16.081467,0.25055012,1,-1,-1
706.08734,381.23306,14.974365,23.783905,0.25040364,2,-1,-1
659.8003,678.8869,18.106445,29.816711,0.2443681,1,-1,-1
277.09766,488.45776,103.11423,55.018005,0.24389845,7,-1,-1
12.010945,332.23706,22.293812,28.134827,0.24300978,1,-1,-1
932.29596,225.58102,13.221008,21.613846,0.24242121,2,-1,-1
1009.18896,293.9633,18.364868,21.117676,0.24173874,1,-1,-1
899.16644,258.19644,16.923279,19.881561,0.24145293,2,-1,-1
658.4916,672.3431,20.744385,38.70746,0.24140164,10,-1,-1
759.4553,632.07104,40.358032,45.56317,0.23691136,2,-1,-1
660.5786,669.0434,16.613098,22.960266,0.23491627,1,-1,-1
660.8485,663.0626,19.28534,22.068237,0.23388779,2,-1,-1
687.52014,670.05774,17.368713,24.981445,0.23064715,2,-1,-1
1214.3102,560.6682,32.580322,26.996338,0.22959682,10,-1,-1
26.331835,294.49936,131.65306,78.52545,0.22918451,7,-1,-1
965.5653,322.74127,17.908264,27.807037,0.22298235,1,-1,-1
653.92706,532.2709,22.485718,20.79126,0.2206744,1,-1,-1
817.0659,141.14047,11.638428,27.759918,0.21995884,1,-1,-1
679.51324,46.351814,14.026367,31.529053,0.2178917,1,-1,-1
625.9866,279.14368,17.937561,37.003235,0.21722752,10,-1,-1
646.6879,363.22565,15.488831,34.1485,0.21458364,3,-1,-1
1002.27563,286.46817,27.23059,28.812805,0.2137753,1,-1,-1
878.626,260.53064,14.256165,24.509583,0.21144545,1,-1,-1
876.28345,259.2363,16.903809,28.862396,0.2112253,2,-1,-1
621.4136,577.89307,21.73413,31.41455,0.2092546,3,-1,-1
595.2045,334.24426,9.091858,18.57669,0.2085709,1,-1,-1
1272.8633,429.5048,17.876343,35.363068,0.20525214,2,-1,-1
1023.6132,149.90494,18.996277,28.175888,0.20481986,2,-1,-1
998.7716,286.7201,32.299805,27.985931,0.20374176,2,-1,-1
21.780083,294.14917,134.60602,78.98895,0.20352128,6,-1,-1
660.0782,679.75024,17.068542,25.674072,0.20185578,2,-1,-1
624.21606,317.54037,17.89862,30.118439,0.19930884,1,-1,-1
279.28214,204.39824,121.28558,50.617996,0.19851771,7,-1,-1
947.90247,233.2715,11.648621,22.256058,0.1971528,2,-1,-1
189.2152,132.25946,9.457336,10.253235,0.19695267,1,-1,-1
1214.5223,560.7475,32.169556,26.340698,0.19494978,4,-1,-1
604.8831,773.1505,23.722656,14.393433,0.19484761,10,-1,-1
782.783,634.17017,17.911438,25.573242,0.19437292,1,-1,-1
692.41925,381.52396,17.457947,25.54361,0.19333574,2,-1,-1
257.63483,528.39655,117.39044,56.855408,0.19311398,4,-1,-1
1023.94324,142.35962,18.175537,34.220047,0.19310507,1,-1,-1
687.6904,770.10876,29.115784,17.43518,0.19136798,1,-1,-1
635.80426,684.61536,15.539734,21.143555,0.19125429,1,-1,-1
619.75916,232.3978,21.549683,21.779968,0.19111627,2,-1,-1
709.2189,696.62305,16.182068,29.022827,0.1910269,2,-1,-1
697.8666,378.86505,18.360535,24.444305,0.1910131,1,-1,-1
1286.6703,549.1787,27.019775,48.44995,0.18910244,4,-1,-1
972.0148,335.13998,14.521912,19.467499,0.18817097,2,-1,-1
725.23944,85.71872,16.2724,25.692688,0.18654731,1,-1,-1
709.2189,696.62305,16.182068,29.022827,0.18532509,10,-1,-1
1110.8977,606.46594,33.17566,22.566956,0.18519509,1,-1,-1
598.7561,524.8555,72.57446,31.464966,0.1822603,7,-1,-1
636.0964,685.00885,15.102783,20.0094,0.18222323,2,-1,-1
831.2484,91.33555,14.274719,29.18589,0.17988223,1,-1,-1
797.9598,89.24798,13.580444,18.692314,0.1797967,1,-1,-1
624.4675,200.41476,15.102295,28.73375,0.17946914,10,-1,-1
619.65106,196.28168,14.912476,26.21315,0.17858288,1,-1,-1
64.67387,231.91658,6.1922913,7.6528625,0.17808878,1,-1,-1
822.169,145.79083,12.492981,28.796509,0.17750078,2,-1,-1
671.89185,730.8044,16.95221,19.500671,0.17747486,2,-1,-1
635.55176,85.06734,26.021057,39.98204,0.17742974,10,-1,-1
783.6991,474.11172,31.710022,34.409027,0.17585364,2,-1,-1
8.121547,329.97552,106.01117,76.29431,0.1750674,7,-1,-1
707.1784,675.1066,22.043518,45.405823,0.17438224,2,-1,-1
234.48602,227.48517,141.77142,75.946594,0.1742642,6,-1,-1
1018.6888,370.8423,22.47345,32.454132,0.17333037,1,-1,-1
621.98376,346.96735,25.487244,43.12558,0.1728437,7,-1,-1
5.944717,328.68555,107.37039,78.94043,0.17209208,6,-1,-1
277.11362,488.8849,103.180695,54.489746,0.17194107,8,-1,-1
624.4829,200.41368,15.433044,28.68724,0.17174333,2,-1,-1
754.1851,0.0,14.994934,15.138189,0.1705203,1,-1,-1
598.7561,524.8555,72.57446,31.464966,0.16933015,4,-1,-1
624.01764,444.47534,14.542786,27.38913,0.16899535,10,-1,-1
645.4625,90.090256,12.182617,35.13202,0.16876343,10,-1,-1
938.5962,224.56683,9.659668,14.792328,0.16752413,2,-1,-1
615.8088,675.9443,35.12854,30.44989,0.16659182,10,-1,-1
1014.5261,374.97757,26.172974,39.41333,0.16658813,2,-1,-1
622.1044,347.80405,23.481384,39.753693,0.166177,8,-1,-1
628.4236,280.5897,15.659241,19.408752,0.16588438,1,-1,-1
725.14514,92.13486,17.751831,35.674248,0.16575974,2,-1,-1
258.79294,526.4335,118.888855,55.838196,0.165723,7,-1,-1
364.36383,719.40155,27.238373,33.108643,0.16425613,1,-1,-1
141.76295,719.16406,22.24524,15.800049,0.16340005,1,-1,-1
687.2763,771.3414,28.779114,15.117249,0.1622428,10,-1,-1
650.31415,436.5934,11.624695,14.539001,0.16187745,2,-1,-1
689.0189,446.78146,21.37854,25.18097,0.16176191,2,-1,-1
709.71783,674.6786,20.548584,15.590759,0.16032541,1,-1,-1
258.16946,526.67316,118.60895,56.205505,0.15997821,5,-1,-1
629.3082,281.29907,14.615845,17.48526,0.15987554,2,-1,-1
783.63806,474.77698,33.07489,34.61789,0.15922767,10,-1,-1
622.1044,347.80405,23.481384,39.753693,0.1586236,10,-1,-1
828.898,81.10648,14.159851,32.048164,0.15845942,1,-1,-1
594.4421,236.93275,13.3411255,11.864838,0.1574175,1,-1,-1
935.38257,224.81122,15.017334,25.246063,0.15699708,2,-1,-1
625.6524,200.09892,10.280884,18.960724,0.15610883,1,-1,-1
899.1894,257.9062,16.76056,20.423584,0.15606186,1,-1,-1
629.2436,756.8915,14.86084,23.94342,0.15533116,4,-1,-1
1213.5205,560.87146,33.906982,26.666504,0.15467116,1,-1,-1
1265.3821,430.15778,16.27893,34.667206,0.15465072,2,-1,-1
680.5208,330.2455,15.838196,27.679657,0.1542356,1,-1,-1
816.038,139.4838,20.47168,35.836395,0.15375176,1,-1,-1
678.0271,37.330116,10.508484,25.470287,0.15313697,1,-1,-1
874.7044,265.48846,17.46814,27.195404,0.15308943,1,-1,-1
726.44867,90.04037,12.757507,28.689865,0.15299329,3,-1,-1
884.06714,260.7726,8.558105,17.807556,0.15286162,1,-1,-1
227.84587,648.80524,32.678513,21.45465,0.15273887,4,-1,-1
335.16376,371.58182,9.079254,9.919586,0.15169817,2,-1,-1
590.8084,323.52167,10.668213,19.53769,0.15142176,1,-1,-1
385.86096,226.77583,21.468628,17.406158,0.15137258,1,-1,-1
645.8746,367.64447,15.713562,28.138824,0.15133476,2,-1,-1
1124.0687,608.5933,22.69336,18.032593,0.15096137,1,-1,-1
799.2697,89.40954,12.026672,16.407127,0.15038836,2,-1,-1
279.28214,204.39824,121.28558,50.617996,0.15024546,8,-1,-1
687.24243,773.1961,28.375366,14.347839,0.15010619,4,-1,-1
724.53784,86.83419,17.359497,43.21438,0.14960179,7,-1,-1
189.57141,132.16978,8.949707,10.368378,0.149548,2,-1,-1
658.4916,672.3431,20.744385,38.70746,0.14896509,3,-1,-1
625.625,372.78955,15.617493,28.482239,0.14884332,1,-1,-1
587.4139,742.0021,43.677307,22.9906,0.14858687,10,-1,-1
774.4461,21.086414,8.58606,18.297562,0.14801851,2,-1,-1
277.86206,488.9975,101.64569,54.77533,0.14797089,4,-1,-1
688.1044,770.7906,28.197754,16.753357,0.14746037,2,-1,-1
959.2555,232.04707,15.727417,29.570114,0.14686725,2,-1,-1
685.8985,203.27544,9.88031,16.318985,0.14665523,2,-1,-1
709.62195,674.4543,21.344116,16.07544,0.14609665,2,-1,-1
628.61383,756.7978,15.151733,24.24524,0.14489827,1,-1,-1
1016.15137,384.6713,17.390991,26.760773,0.14402801,2,-1,-1
784.50836,474.62158,32.119568,34.754578,0.14397058,3,-1,-1
621.18286,552.0436,30.670166,26.259644,0.14370188,3,-1,-1
583.0571,745.7693,19.484375,18.629822,0.1434131,10,-1,-1
72.20377,223.10152,5.0371475,7.771332,0.14326417,1,-1,-1
172.87701,764.8177,43.155197,22.726257,0.14264977,1,-1,-1
967.3749,330.20383,16.325806,24.065063,0.14210501,2,-1,-1
609.1429,619.50397,11.137207,24.049316,0.14189261,1,-1,-1
623.0793,348.7339,21.262024,36.875793,0.1418649,3,-1,-1
799.515,543.94006,24.845581,25.973145,0.14173707,1,-1,-1
657.36273,661.2883,22.796204,40.39679,0.14144135,1,-1,-1
603.97516,774.11005,22.686829,13.433899,0.14138585,5,-1,-1
987.59625,287.66232,24.176636,40.81018,0.14058074,1,-1,-1
1265.64,431.2917,14.365967,31.629364,0.14004707,1,-1,-1
277.16135,488.74417,101.954956,53.689972,0.13990882,10,-1,-1
774.2532,27.286812,8.546875,19.714554,0.13969362,2,-1,-1
1096.0181,0.0,19.962524,23.334038,0.13887158,1,-1,-1
625.9247,287.8223,13.151062,26.368408,0.13795644,2,-1,-1
1104.5281,603.5523,26.32898,23.38617,0.1376858,2,-1,-1
1284.414,551.9754,27.323486,45.08075,0.13759875,5,-1,-1
297.04596,441.67032,113.95886,66.15103,0.13752615,7,-1,-1
881.39685,258.9995,11.258667,21.03955,0.1375202,2,-1,-1
599.7748,240.16135,15.053162,17.878082,0.13743907,1,-1,-1
20.502855,294.04187,137.43103,79.14407,0.1371266,3,-1,-1
938.9433,225.7246,8.968079,17.254578,0.1366609,1,-1,-1
615.9216,676.8337,35.107178,29.197266,0.13665062,1,-1,-1
624.81256,587.6985,20.575867,26.60144,0.13653705,3,-1,-1
591.4826,376.77383,23.94812,31.290314,0.13619539,2,-1,-1
726.6923,91.911125,12.195557,23.414124,0.13603285,2,-1,-1
621.4136,577.89307,21.73413,31.41455,0.13588086,10,-1,-1
794.4932,91.22002,12.4599,17.927635,0.13582516,1,-1,-1
862.2729,568.142,20.592468,24.399841,0.13516492,3,-1,-1
1274.7169,546.4947,9.782471,24.387695,0.13493642,1,-1,-1
1011.4958,298.37616,12.101501,18.318848,0.13492396,2,-1,-1
622.3119,551.64044,26.98993,26.53656,0.13365874,2,-1,-1
626.13715,207.62027,10.182861,22.702332,0.13359365,1,-1,-1
597.46735,321.31696,15.633484,26.905426,0.133356,1,-1,-1
0.8542294,235.85678,20.641817,14.563568,0.1333473,1,-1,-1
585.05786,321.89536,14.624817,26.38794,0.13232303,1,-1,-1
800.34076,90.15291,9.468567,12.972366,0.13227066,1,-1,-1
990.86383,320.44116,21.435913,35.5177,0.13149506,2,-1,-1
446.82904,534.1883,7.5325623,11.6657715,0.13146293,1,-1,-1
30.653772,231.13837,7.9382343,8.610214,0.1308023,1,-1,-1
613.57654,721.4815,15.285095,23.650208,0.12979826,10,-1,-1
1094.3071,0.0,36.848877,25.589128,0.12937453,2,-1,-1
30.828833,754.846,33.304092,32.697937,0.12920725,4,-1,-1
784.72754,471.72287,32.230408,37.077026,0.12907627,1,-1,-1
0.0,223.29602,31.759136,27.215591,0.12884444,1,-1,-1
363.08597,95.13156,11.959137,15.96434,0.12853199,1,-1,-1
1035.6461,156.99196,19.937866,28.629425,0.12811697,1,-1,-1
772.69714,17.441744,10.178528,21.23168,0.12795451,1,-1,-1
721.4537,82.44116,23.649963,34.93496,0.12760094,2,-1,-1
719.4158,729.10974,18.132263,26.956116,0.1272861,10,-1,-1
647.09906,368.70123,13.129395,27.226074,0.12716237,1,-1,-1
625.44226,284.67465,14.068481,18.329376,0.12681895,2,-1,-1
1229.1204,255.96811,31.871216,29.546082,0.1267333,1,-1,-1
950.31995,311.3508,22.613098,29.890076,0.12590358,4,-1,-1
633.9475,209.96277,8.675598,18.917175,0.12588918,1,-1,-1
751.57513,18.889708,16.495544,28.917795,0.12587687,4,-1,-1
772.33203,16.526104,12.829895,30.904644,0.12560934,2,-1,-1
594.7955,237.44653,15.828186,14.760254,0.12552261,2,-1,-1
1040.5807,157.50517,19.406982,28.878342,0.12551346,10,-1,-1
793.642,96.58695,8.457214,13.918495,0.12538555,1,-1,-1
1011.50745,288.10205,21.544067,23.523834,0.12517563,2,-1,-1
643.2302,354.72647,23.3042,38.063843,0.12506843,2,-1,-1
0.0,331.292,106.94207,92.58176,0.124729335,4,-1,-1
995.0937,283.22034,16.584656,27.815155,0.124634504,1,-1,-1
988.22095,283.42624,44.338745,33.619904,0.12461284,10,-1,-1
136.31493,718.962,27.338348,16.212524,0.12390235,10,-1,-1
30.9406,224.31085,8.037821,8.392944,0.12309846,1,-1,-1
627.5556,345.61914,17.889038,25.063171,0.12263137,1,-1,-1
774.2532,27.286812,8.546875,19.714554,0.122056544,1,-1,-1
625.9866,279.14368,17.937561,37.003235,0.12167537,3,-1,-1
824.14886,88.21488,10.983337,18.970856,0.12135169,1,-1,-1
0.0,228.63814,22.522392,18.026627,0.11996046,1,-1,-1
624.86884,427.50528,14.582947,24.14975,0.11965099,10,-1,-1
258.79294,526.4335,118.888855,55.838196,0.119117945,8,-1,-1
829.9796,72.508385,15.575623,26.817932,0.118821084,2,-1,-1
333.26398,370.80844,7.676239,11.075287,0.11823389,2,-1,-1
712.1935,23.195984,13.680969,28.641346,0.11816618,2,-1,-1
1031.1453,158.04611,17.268799,26.359116,0.11802924,2,-1,-1
643.3986,89.081085,15.289307,36.201546,0.11797288,1,-1,-1
219.4325,100.70289,195.78839,114.19738,0.11776325,6,-1,-1
1273.741,429.45355,16.094727,29.315247,0.11774391,1,-1,-1
676.1031,208.05287,9.270996,16.42839,0.11726239,2,-1,-1
623.65936,620.68066,25.50232,17.244446,0.11714718,3,-1,-1
160.61458,494.23288,42.987396,61.44919,0.11642063,7,-1,-1
1015.92017,379.14365,22.776367,35.05487,0.11584094,1,-1,-1
797.05664,88.74408,14.843872,20.751915,0.115805924,10,-1,-1
899.305,257.33035,16.813293,21.295532,0.11574969,10,-1,-1
340.1904,372.05057,8.189789,9.805328,0.11563489,2,-1,-1
994.1918,293.2961,14.013245,19.355103,0.11503351,1,-1,-1
874.2741,263.8443,17.869385,29.111115,0.114786536,10,-1,-1
1264.1842,428.2407,27.399414,43.928955,0.11414865,10,-1,-1
625.6524,200.09892,10.280884,18.960724,0.11373496,2,-1,-1
708.6909,675.5798,19.701965,25.996155,0.11372185,1,-1,-1
30.802698,231.53847,7.387224,8.133438,0.11336467,2,-1,-1
153.25565,722.10956,10.365326,12.578186,0.11294159,1,-1,-1
369.33856,389.97424,15.560059,14.834717,0.11291349,1,-1,-1
192.01549,131.96075,11.368652,10.487427,0.11261001,1,-1,-1
802.3049,544.7405,20.988037,21.39154,0.11259332,2,-1,-1
950.31506,311.4773,22.426025,30.542023,0.112570316,2,-1,-1
229.36981,281.28458,124.70776,51.592377,0.11245385,10,-1,-1
598.7561,524.8555,72.57446,31.464966,0.112239,8,-1,-1
358.79205,115.9164,7.9816284,19.502045,0.11223626,1,-1,-1
153.18192,23.74354,16.745804,29.856264,0.11203632,2,-1,-1
708.704,686.6533,18.38684,25.358398,0.11197725,10,-1,-1
648.7838,361.1857,16.252014,25.1409,0.11165854,10,-1,-1
358.7605,112.12253,40.644928,26.700836,0.11144987,10,-1,-1
0.0,202.10513,37.854126,43.96051,0.1114327,10,-1,-1
1104.2103,603.65796,27.475342,23.979797,0.111276746,10,-1,-1
623.36523,443.5406,15.133667,28.921082,0.111270666,1,-1,-1
774.35205,631.50977,30.450867,36.48578,0.1112299,1,-1,-1
619.8518,88.55226,36.411255,35.45318,0.11120099,10,-1,-1
786.7323,0.0,15.221863,16.175108,0.11090112,1,-1,-1
622.17914,552.2791,27.802551,25.091003,0.11059359,1,-1,-1
0.0,218.33282,40.314686,50.185333,0.11016655,10,-1,-1
226.9965,648.24005,33.823807,24.090698,0.10989481,10,-1,-1
84.91554,518.3607,17.618408,20.437317,0.10956019,2,-1,-1
598.7561,524.8555,72.57446,31.464966,0.10944259,1,-1,-1
710.57025,707.16815,12.760742,19.030579,0.109259844,1,-1,-1
651.72125,530.7804,24.3656,24.006348,0.10921362,2,-1,-1
616.5381,678.27216,34.305542,27.184814,0.10912183,2,-1,-1
1132.3422,608.82947,31.178955,18.426575,0.10900313,3,-1,-1
623.893,366.8904,19.225037,34.63202,0.108912736,10,-1,-1
736.38226,0.0,12.707581,13.093647,0.10877815,2,-1,-1
592.95435,744.6726,36.56848,18.988098,0.10863376,3,-1,-1
400.7356,131.69084,20.041626,22.542206,0.108380705,10,-1,-1
727.6639,98.15567,10.439514,27.449455,0.10835731,3,-1,-1
1335.6298,665.8799,63.89099,40.020447,0.10829598,10,-1,-1
1004.9326,217.38274,11.84967,28.35292,0.10817844,1,-1,-1
830.2103,74.370285,15.266663,31.055412,0.10788065,10,-1,-1
599.2091,329.43604,15.665466,24.732483,0.107816875,2,-1,-1
27.369623,225.18408,11.920225,11.792099,0.107513756,1,-1,-1
785.32806,0.0,12.89801,11.804982,0.10732001,2,-1,-1
950.5621,231.83932,14.963257,25.163086,0.10723364,2,-1,-1
952.12555,236.45805,9.086487,18.29419,0.10691145,1,-1,-1
623.41516,190.96103,13.238892,25.423721,0.10685134,1,-1,-1
932.46576,224.95999,8.577759,17.213943,0.106755346,2,-1,-1
277.16135,488.74417,101.954956,53.689972,0.10669851,5,-1,-1
564.7925,331.82767,14.951965,21.521332,0.10662565,2,-1,-1
830.1576,90.78174,14.003052,30.572136,0.106472194,10,-1,-1
187.17981,17.833544,10.631744,16.007902,0.10638589,2,-1,-1
725.08527,88.75234,17.145874,41.32792,0.10611749,1,-1,-1
692.31946,669.3469,24.364197,21.457764,0.106101036,2,-1,-1
0.0,220.59337,39.615215,46.312057,0.10607535,1,-1,-1
660.3901,670.0536,17.150818,21.528564,0.10603738,2,-1,-1
611.23627,285.99844,12.269287,16.406464,0.105915755,1,-1,-1
258.79294,526.4335,118.888855,55.838196,0.105834395,10,-1,-1
967.9755,331.091,12.062195,17.315125,0.10582879,1,-1,-1
862.5597,567.5197,19.834839,25.151367,0.105790496,10,-1,-1
1178.8239,572.00146,27.547974,17.986145,0.10578403,10,-1,-1
345.8546,18.815771,20.30072,16.346441,0.10576576,2,-1,-1
630.2647,679.7947,19.523926,23.237793,0.10563785,1,-1,-1
628.61383,756.7978,15.151733,24.24524,0.10550812,2,-1,-1
0.0,227.27019,23.80018,20.137405,0.10542852,10,-1,-1
626.5224,283.69513,12.9522705,21.499725,0.10514715,1,-1,-1
668.9212,38.357876,15.147888,34.076763,0.10411838,1,-1,-1
600.2402,526.1244,65.76056,29.895508,0.10400832,3,-1,-1
1334.8741,665.5565,64.64661,43.171265,0.10396883,4,-1,-1
656.8818,487.09088,10.707397,15.651093,0.10375267,2,-1,-1
226.803,648.22906,33.979324,24.422241,0.10303506,1,-1,-1
677.3906,37.601727,11.593872,27.970333,0.10302535,2,-1,-1
950.3644,236.23175,7.4156494,17.654846,0.10279587,1,-1,-1
862.2729,568.142,20.592468,24.399841,0.10237315,1,-1,-1
686.6468,336.80972,9.425842,16.839417,0.10236147,1,-1,-1
258.3825,155.18724,137.00317,63.21237,0.10205388,7,-1,-1
119.50116,32.99356,16.848923,24.796703,0.101218104,2,-1,-1
972.312,329.76035,18.974365,27.868347,0.10100773,1,-1,-1
661.4361,681.0212,14.405945,18.179932,0.10098192,1,-1,-1
660.77325,570.47864,14.3098755,27.076843,0.1008119,2,-1,-1
1025.7491,135.218,16.79126,34.48909,0.10080519,2,-1,-1
1228.8273,255.39944,32.329468,29.885925,0.100636095,2,-1,-1
2.980004,237.86711,15.796922,12.286972,0.10062051,2,-1,-1
49.45814,753.0251,35.80369,34.51886,0.10013121,4,-1,-1
1046.7323,156.90169,13.504517,21.994995,0.09999433,2,-1,-1
172.80229,769.4729,26.29515,18.071045,0.09997174,1,-1,-1
1088.4098,0.0,33.613403,36.435417,0.099935025,1,-1,-1
0.0,237.20065,23.189863,35.19565,0.09976885,1,-1,-1
683.869,341.09375,9.13446,19.185852,0.0997349,1,-1,-1
357.10638,113.38566,11.507904,23.034325,0.09969625,2,-1,-1
157.09421,520.5903,18.733002,29.911743,0.09969208,2,-1,-1
964.3327,232.4667,8.172058,20.409836,0.09952143,1,-1,-1
196.75807,131.75943,12.3076935,10.781815,0.09945524,1,-1,-1
1061.1001,705.6582,175.61035,81.88574,0.09869638,9,-1,-1
710.5313,384.27734,9.922668,18.287903,0.09862456,1,-1,-1
643.2302,354.72647,23.3042,38.063843,0.09854451,10,-1,-1
771.9926,21.579746,7.97937,18.007404,0.09853518,2,-1,-1
736.60925,0.0,11.797791,12.633921,0.098217785,3,-1,-1
1031.1453,158.04611,17.268799,26.359116,0.0980925,1,-1,-1
1214.9216,560.7475,31.060913,26.920898,0.09807244,2,-1,-1
300.60706,446.33423,114.517334,58.23297,0.097961515,10,-1,-1
227.8719,281.6473,124.82512,51.0224,0.09785491,7,-1,-1
5.944717,328.68555,107.37039,78.94043,0.09751609,8,-1,-1
661.21136,682.76843,15.097961,26.486816,0.09746769,10,-1,-1
676.1031,208.05287,9.270996,16.42839,0.097337395,1,-1,-1
622.85034,318.0058,19.418274,25.928223,0.09707555,2,-1,-1
618.9712,232.09734,22.582336,22.250885,0.09688991,10,-1,-1
12.010945,332.23706,22.293812,28.134827,0.09676233,2,-1,-1
600.9405,533.732,42.470703,21.283142,0.09675744,10,-1,-1
377.47687,390.52597,7.9071045,10.961426,0.09670839,1,-1,-1
686.6468,336.80972,9.425842,16.839417,0.09659526,2,-1,-1
622.2609,444.47556,15.615295,27.811584,0.09646538,2,-1,-1
941.65247,226.6258,24.689697,31.79004,0.09645492,1,-1,-1
679.55664,208.63382,7.6835938,14.539368,0.096396655,2,-1,-1
319.8535,0.0,13.517578,13.617684,0.096102595,2,-1,-1
299.2908,443.91275,116.83765,61.3873,0.09609035,8,-1,-1
659.7399,679.9488,18.446533,29.969543,0.095784634,7,-1,-1
964.3327,232.4667,8.172058,20.409836,0.09565586,2,-1,-1
650.4487,435.4029,14.74353,25.11966,0.095418125,1,-1,-1
932.8137,227.37805,7.6917114,15.695984,0.09535837,1,-1,-1
1028.4528,149.11258,17.487549,30.965958,0.095333695,1,-1,-1
226.29803,283.1466,28.135132,20.81604,0.09530574,1,-1,-1
1007.4567,458.7893,25.87555,20.411713,0.09509942,2,-1,-1
604.34766,719.23584,15.143005,26.812378,0.09506875,10,-1,-1
662.4746,681.21265,12.378601,16.478455,0.09505147,2,-1,-1
50.90983,750.38446,40.59794,37.159485,0.09503609,10,-1,-1
23.113392,0.0,207.85057,80.37392,0.09501767,6,-1,-1
633.2065,325.93338,33.769043,71.11954,0.09484506,8,-1,-1
591.0846,377.09,25.236755,31.524445,0.09484172,10,-1,-1
279.94498,203.90758,117.82828,50.56758,0.09477377,6,-1,-1
25.211727,295.04895,133.52626,76.56903,0.09442699,8,-1,-1
1353.9395,673.74994,23.059326,20.590027,0.094405115,2,-1,-1
725.0368,26.029533,15.283752,27.443901,0.09429416,2,-1,-1
822.6902,78.93454,14.557251,27.150192,0.09426993,1,-1,-1
0.0,202.55476,37.179466,39.12149,0.09396687,1,-1,-1
724.7168,85.59099,16.089233,26.728195,0.0938001,10,-1,-1
707.7646,675.0233,22.214172,48.733154,0.0936217,1,-1,-1
1118.7101,0.0,15.200928,9.365942,0.093429655,1,-1,-1
710.57025,707.16815,12.760742,19.030579,0.09335998,2,-1,-1
152.71257,343.89246,20.59607,14.59079,0.09323794,1,-1,-1
297.04596,441.67032,113.95886,66.15103,0.09315431,6,-1,-1
610.4414,618.7419,7.4610596,16.695496,0.093138814,1,-1,-1
626.3322,279.52148,17.438232,36.468323,0.093084544,4,-1,-1
592.51917,745.6578,22.524902,18.620789,0.09272343,10,-1,-1
1016.87726,385.15225,15.842712,24.641418,0.09253988,1,-1,-1
709.4171,676.1245,17.903442,27.15741,0.09228733,2,-1,-1
410.33865,133.61586,8.519012,17.435623,0.092145175,1,-1,-1
658.19775,671.49585,22.504211,39.182922,0.09203744,2,-1,-1
660.87537,569.43353,14.511658,28.974365,0.09202188,10,-1,-1
970.1635,329.72214,21.236816,27.590118,0.09197715,2,-1,-1
645.5304,356.0588,18.343384,37.531616,0.091974795,7,-1,-1
225.58945,5.8062096,214.36636,96.2054,0.09192291,6,-1,-1
736.0829,0.0,12.89093,13.176084,0.091804296,10,-1,-1
662.32227,688.23346,11.204041,17.698425,0.091796964,2,-1,-1
620.58936,347.45654,28.199158,41.792328,0.09179193,1,-1,-1
624.8122,370.5115,17.150085,30.897675,0.0916394,3,-1,-1
641.6494,88.01086,17.976562,37.44127,0.091591716,3,-1,-1
1107.5874,605.8708,36.095825,23.287476,0.09144148,3,-1,-1
624.7976,757.94086,23.39972,29.603088,0.091424435,10,-1,-1
783.31146,635.0181,18.856384,25.975647,0.091272235,2,-1,-1
794.46857,90.67556,14.289795,18.413223,0.091267765,2,-1,-1
21.780083,294.14917,134.60602,78.98895,0.090786815,10,-1,-1
615.21375,675.7878,36.06732,30.702332,0.090705544,3,-1,-1
774.2417,17.33727,9.67926,15.333155,0.09058553,2,-1,-1
1025.4879,155.12778,15.079956,25.659866,0.0904215,1,-1,-1
333.88092,450.1,8.626984,14.472931,0.09039071,2,-1,-1
367.18704,126.070045,54.581635,32.47535,0.090372026,7,-1,-1
66.368904,465.20682,140.18875,110.66269,0.09027499,6,-1,-1
160.67233,494.31265,42.48181,61.701935,0.0900611,10,-1,-1
605.20435,749.3287,21.172485,11.08905,0.090001255,10,-1,-1
196.75807,131.75943,12.3076935,10.781815,0.089975834,2,-1,-1
176.6345,375.00266,8.7921295,11.610931,0.08993822,1,-1,-1
191.54826,132.2445,12.382706,9.982513,0.08982977,2,-1,-1
929.52893,222.18382,19.899231,21.086044,0.0897021,2,-1,-1
126.41916,734.2895,25.558823,16.545471,0.089657575,10,-1,-1
648.7838,361.1857,16.252014,25.1409,0.08961153,3,-1,-1
679.7602,37.906487,9.1828,17.238693,0.08940557,2,-1,-1
592.3438,231.07278,20.22882,18.602768,0.08915076,1,-1,-1
639.8096,351.86685,27.409912,43.297394,0.089062035,8,-1,-1
656.8818,487.09088,10.707397,15.651093,0.08894318,1,-1,-1
759.6033,632.16077,39.858276,46.24469,0.08880144,10,-1,-1
30.016132,752.7048,36.346706,34.839172,0.088765204,10,-1,-1
654.7794,88.82358,12.1883545,33.10224,0.08864871,10,-1,-1
0.0,215.44601,41.556824,55.180786,0.08852133,3,-1,-1
237.8846,110.68433,15.19487,31.084343,0.08827388,2,-1,-1
626.3322,279.52148,17.438232,36.468323,0.088223934,6,-1,-1
606.9569,594.29694,9.283203,16.805847,0.088065684,10,-1,-1
752.82587,18.25491,15.595276,28.854137,0.087949365,2,-1,-1
178.71042,60.15018,13.03157,14.066708,0.08790007,1,-1,-1
1258.3113,245.52338,30.804565,36.467316,0.08781284,1,-1,-1
698.459,58.34115,8.311829,17.467506,0.08774617,1,-1,-1
117.20488,720.7413,43.090897,31.92633,0.087652475,10,-1,-1
1104.2103,603.65796,27.475342,23.979797,0.08721939,4,-1,-1
619.4163,79.47784,40.97223,41.88134,0.08718291,4,-1,-1
771.89166,16.569613,13.80658,31.38325,0.087178856,10,-1,-1
929.52893,222.18382,19.899231,21.086044,0.086997986,1,-1,-1
643.2302,354.72647,23.3042,38.063843,0.08696824,3,-1,-1
277.11362,488.8849,103.180695,54.489746,0.08680162,3,-1,-1
874.49615,267.53552,15.667664,24.159363,0.086645424,2,-1,-1
658.2274,661.8159,22.772522,36.360413,0.08663142,10,-1,-1
200.02573,354.40677,16.370499,17.507202,0.08653772,1,-1,-1
