1123.7325,678.5192,32.06067,16.709045,0.95962113,4,-1,-1
1119.4507,607.1404,33.687134,18.803955,0.9389341,4,-1,-1
715.811,129.1321,16.994934,35.40062,0.92977446,4,-1,-1
271.4019,767.6451,22.688446,35.140564,0.9175471,4,-1,-1
365.67395,738.79663,18.771454,33.765015,0.9167826,4,-1,-1
1187.2433,676.0283,34.194336,16.874695,0.9032489,4,-1,-1
1219.449,568.0114,33.11682,17.36438,0.9023669,4,-1,-1
1120.0858,625.3111,33.37732,17.514343,0.9019291,4,-1,-1
1121.4232,660.68854,33.475098,17.914429,0.89736634,4,-1,-1
1118.4468,643.67267,33.932373,17.33905,0.8920162,4,-1,-1
745.84766,601.8614,16.869446,36.237976,0.8899584,4,-1,-1
1080.7822,608.59766,35.287964,20.000488,0.8868593,4,-1,-1
832.7928,791.44586,31.916199,18.088074,0.88337433,4,-1,-1
1122.3446,694.7121,35.530518,17.353699,0.8794427,4,-1,-1
1181.2269,552.5451,34.838623,17.549866,0.8780035,4,-1,-1
1127.9856,730.40137,31.814941,17.895325,0.8768133,4,-1,-1
758.9046,288.95538,21.777039,36.483704,0.8747509,4,-1,-1
827.75555,760.3801,32.15448,18.351562,0.87322783,4,-1,-1
309.0509,962.22687,36.33127,29.112305,0.872718,4,-1,-1
1222.1389,604.4766,33.09314,16.21936,0.8690939,4,-1,-1
824.5029,742.1855,31.589905,18.728088,0.8675159,4,-1,-1
817.3101,541.4003,32.512268,19.847778,0.8658947,4,-1,-1
818.319,521.1815,31.54132,21.365295,0.86419797,4,-1,-1
295.0397,759.17267,21.144592,37.781494,0.860536,4,-1,-1
818.6529,611.2165,28.943665,17.198364,0.8567617,4,-1,-1
1081.3246,627.2937,36.1261,17.95758,0.85559464,4,-1,-1
760.28436,160.86583,18.113647,35.208694,0.8555474,4,-1,-1
763.63965,597.64966,17.226746,36.39148,0.8548488,4,-1,-1
396.4971,542.01666,32.38611,20.79956,0.8533957,4,-1,-1
1189.3793,657.8933,32.305542,17.41748,0.8501799,4,-1,-1
211.94696,759.8837,19.723587,34.568726,0.84372467,4,-1,-1
826.8791,691.2081,31.938965,18.009766,0.84258157,4,-1,-1
1185.9734,640.12463,34.652588,17.407104,0.8405398,4,-1,-1
1223.6564,656.342,32.085938,16.217896,0.8383248,4,-1,-1
42.3354,581.15076,33.74519,17.96759,0.83550656,4,-1,-1
1290.8579,619.9224,35.61975,17.876099,0.8330523,4,-1,-1
1220.041,550.5591,34.92273,17.701538,0.83255124,4,-1,-1
893.74554,711.86664,35.851807,20.96405,0.83031785,4,-1,-1
229.69637,754.6331,20.256409,32.832092,0.83024,4,-1,-1
1222.9955,621.8344,33.986206,17.4516,0.8299812,4,-1,-1
254.95601,510.65216,33.70897,16.56482,0.82862115,4,-1,-1
476.08017,203.37128,35.682404,21.655197,0.82705915,4,-1,-1
1222.7968,673.1562,33.555664,17.062317,0.82464385,4,-1,-1
783.76575,597.09875,15.651062,36.499268,0.8246045,4,-1,-1
818.1646,572.55365,33.138733,20.998596,0.8212416,4,-1,-1
819.6786,489.3439,33.749878,19.20224,0.8208912,4,-1,-1
1291.5652,637.71716,36.38623,17.779907,0.8156128,4,-1,-1
606.7775,948.0736,19.91681,37.364258,0.81532234,4,-1,-1
893.65607,732.03937,34.29248,20.059387,0.8112789,4,-1,-1
383.62155,729.5585,18.679962,33.67505,0.79723155,4,-1,-1
1220.6366,584.96423,38.1427,18.063965,0.791624,4,-1,-1
1088.0076,715.6478,32.035156,17.273132,0.79024005,4,-1,-1
249.91203,891.7568,37.01396,26.625122,0.7891555,4,-1,-1
401.29187,491.22723,34.125763,21.064392,0.7867017,4,-1,-1
819.56665,594.727,30.320251,17.651428,0.7812294,4,-1,-1
445.22397,484.51794,31.664948,21.099884,0.7762426,4,-1,-1
1062.9415,689.7609,17.385742,32.820007,0.77586913,4,-1,-1
1291.411,655.291,35.97461,17.59784,0.7718748,4,-1,-1
1182.2535,590.836,35.241333,18.216309,0.7679225,4,-1,-1
885.69904,606.42554,35.239685,20.474976,0.7636004,4,-1,-1
1124.4202,712.7188,34.59912,18.370789,0.7631991,4,-1,-1
1223.1313,639.6872,34.55017,17.263916,0.75532806,4,-1,-1
214.7778,862.7743,71.3779,41.526123,0.7530177,6,-1,-1
1221.4987,691.5971,34.39868,16.59845,0.749767,4,-1,-1
896.3354,767.74963,33.47766,18.681885,0.74635375,4,-1,-1
183.20293,978.432,65.490585,45.798584,0.7462044,6,-1,-1
893.4567,753.65717,34.974854,18.573547,0.7431675,4,-1,-1
409.1181,669.8861,32.981506,21.18988,0.74205154,4,-1,-1
519.3267,654.02313,29.13861,78.07434,0.7384678,9,-1,-1
836.7709,823.08795,32.17395,18.972473,0.7359808,4,-1,-1
829.15137,776.6799,32.910767,17.350464,0.7329981,4,-1,-1
729.1454,692.0492,12.18457,22.782043,0.72578806,4,-1,-1
834.35535,807.9768,32.320557,17.595947,0.71206415,4,-1,-1
1188.6067,692.7262,33.640503,17.059937,0.71092725,4,-1,-1
1183.3312,607.738,32.378662,16.16925,0.7089763,4,-1,-1
1180.8993,571.319,34.983643,19.673096,0.7066544,4,-1,-1
1183.7993,501.44406,32.426147,15.177521,0.70267445,4,-1,-1
1217.5853,481.9413,35.267456,17.371002,0.70008004,4,-1,-1
319.65152,748.078,32.49713,52.429443,0.6871679,6,-1,-1
824.97675,674.8174,28.374329,18.569397,0.68707204,4,-1,-1
0.0,586.3867,33.587593,19.729431,0.68576527,4,-1,-1
1219.01,533.1301,34.009766,16.596252,0.678491,4,-1,-1
361.22385,563.2538,20.901245,41.263733,0.6683151,4,-1,-1
1216.5992,462.786,33.295288,19.331879,0.66669613,4,-1,-1
1093.0579,731.1926,32.8407,18.189026,0.66320515,4,-1,-1
784.35803,691.15314,17.84674,37.800476,0.6545795,4,-1,-1
215.24931,1019.41235,71.163895,29.97998,0.6543137,6,-1,-1
881.48645,540.1204,32.582336,19.40094,0.6474623,4,-1,-1
161.591,958.41486,71.17172,50.677795,0.64175045,6,-1,-1
711.59595,424.12463,21.71106,53.89154,0.6408805,6,-1,-1
539.5216,875.05304,45.985596,85.881165,0.63841236,9,-1,-1
537.4411,428.8398,16.38324,36.114563,0.63208854,4,-1,-1
1222.5298,708.6541,34.8313,18.549438,0.63136584,4,-1,-1
1290.046,674.6827,30.365845,15.738525,0.6303504,4,-1,-1
755.0111,341.93164,22.750732,54.920654,0.6214477,6,-1,-1
151.65723,932.3092,75.982574,44.900208,0.6188895,6,-1,-1
823.4889,720.5386,34.58008,21.895813,0.61672145,4,-1,-1
1187.2561,730.96747,31.169556,17.053589,0.607529,4,-1,-1
256.71704,776.4196,20.003082,33.244446,0.60741985,4,-1,-1
817.82916,322.1689,14.982361,12.143707,0.60060537,10,-1,-1
1219.3927,500.32114,32.758667,16.044403,0.5915753,4,-1,-1
0.0,998.00415,61.345364,51.388184,0.5876142,6,-1,-1
1188.449,711.57874,32.287964,17.403076,0.58691674,4,-1,-1
1175.0127,460.47864,38.352295,19.456573,0.5857386,4,-1,-1
402.18478,566.61884,17.386261,30.02118,0.58328366,4,-1,-1
1185.2554,623.1764,34.22522,16.213867,0.58239096,4,-1,-1
440.5867,766.8782,17.616333,30.325806,0.58198756,4,-1,-1
834.05237,232.38899,8.738464,18.644882,0.551025,1,-1,-1
39.342976,538.0747,48.353085,23.725037,0.55081594,6,-1,-1
0.0,551.7191,25.302755,20.132385,0.5372319,4,-1,-1
1220.8542,727.608,38.41736,19.000061,0.5346888,4,-1,-1
715.32684,572.2261,17.892517,43.62506,0.5344916,4,-1,-1
399.46402,809.88367,42.419006,27.115234,0.52778345,6,-1,-1
1183.7787,519.1106,32.607056,15.273987,0.5212909,4,-1,-1
500.54337,439.74875,8.091095,19.219635,0.5165059,10,-1,-1
308.16705,759.75665,20.832031,34.986755,0.51524895,4,-1,-1
1081.4276,644.6663,32.69641,18.386658,0.5122369,4,-1,-1
127.35748,562.4858,36.62155,19.817017,0.508119,4,-1,-1
764.20856,690.72253,17.52417,42.515747,0.5029617,4,-1,-1
1291.327,708.8546,31.257446,16.065918,0.50284153,4,-1,-1
884.808,625.9579,34.419495,18.910828,0.50234365,5,-1,-1
398.9376,787.77637,43.30652,27.509216,0.49971545,6,-1,-1
1215.5662,515.80707,37.27539,16.789124,0.49943233,4,-1,-1
1180.2915,481.35098,35.959717,17.292908,0.49704662,4,-1,-1
236.97313,917.36285,90.52568,59.30719,0.49690524,6,-1,-1
203.21574,523.0966,31.876526,15.886963,0.49639314,4,-1,-1
1288.1167,723.2514,36.134888,18.583618,0.49558258,4,-1,-1
831.51044,783.2472,33.120483,19.383118,0.4922967,4,-1,-1
766.0282,483.487,7.62146,16.96878,0.48825648,3,-1,-1
715.34973,572.5467,17.910217,43.039,0.4825927,5,-1,-1
803.03046,688.9277,18.498901,39.145447,0.4819793,5,-1,-1
383.058,560.1804,18.95404,32.643616,0.48147905,4,-1,-1
1223.1455,645.9389,32.913208,18.501099,0.4705804,4,-1,-1
825.4436,667.98505,26.8844,19.382874,0.47034732,4,-1,-1
316.124,950.64264,14.932861,12.147827,0.46476862,10,-1,-1
879.2739,559.9418,35.82599,17.983276,0.46368486,4,-1,-1
1182.7562,597.50977,33.357544,17.645447,0.46002144,4,-1,-1
798.3387,597.5519,16.031067,37.864136,0.45931214,4,-1,-1
787.20886,176.7675,11.545349,25.017532,0.45910928,3,-1,-1
884.84106,625.5403,35.20453,19.446533,0.45849988,4,-1,-1
856.3079,361.61816,18.93866,41.945374,0.45485854,4,-1,-1
803.20605,689.13477,17.936157,38.97632,0.4467204,4,-1,-1
1287.6406,592.96155,36.483643,17.404785,0.44631478,4,-1,-1
278.49884,551.4456,37.110016,17.176514,0.43609077,4,-1,-1
0.0,978.91174,54.093475,48.418457,0.43243107,6,-1,-1
127.06382,562.477,36.801888,19.768188,0.43025792,5,-1,-1
321.0643,549.9235,30.646118,19.04718,0.42828608,4,-1,-1
1124.4423,684.8608,31.93689,18.846375,0.42682034,4,-1,-1
1293.966,711.4502,26.51648,12.000732,0.41458994,10,-1,-1
873.60596,171.91266,8.686035,17.834839,0.40801853,1,-1,-1
945.1639,157.30638,12.271179,14.872208,0.39326614,1,-1,-1
823.5241,717.859,34.514282,23.078186,0.39321607,5,-1,-1
440.5867,766.8782,17.616333,30.325806,0.38578057,5,-1,-1
584.855,752.66473,8.089111,20.20929,0.38308436,10,-1,-1
879.6412,563.5775,37.914185,24.605896,0.3796607,4,-1,-1
785.13477,261.4345,7.7856445,15.624054,0.3785761,1,-1,-1
146.17813,896.54974,85.523544,51.859985,0.37832272,6,-1,-1
38.458572,539.1489,49.29654,22.485168,0.37180653,5,-1,-1
1097.1453,755.1885,30.246094,13.8029175,0.37135434,4,-1,-1
929.5205,161.55576,12.6901245,15.260193,0.37108266,1,-1,-1
1289.9506,599.2873,35.455566,19.419922,0.36776596,4,-1,-1
401.90616,566.8472,17.995087,30.26941,0.36614442,5,-1,-1
246.98769,905.7145,74.47594,39.818726,0.36411667,6,-1,-1
880.1721,541.1783,34.750244,18.937012,0.3630817,5,-1,-1
662.0103,69.02959,6.437683,15.959351,0.36127806,1,-1,-1
1289.3962,597.4519,35.67981,19.746277,0.3594346,5,-1,-1
408.55582,681.727,48.539917,34.475647,0.35692942,5,-1,-1
785.6663,263.48062,6.932251,12.997101,0.3566356,2,-1,-1
1220.8231,560.07324,32.68396,20.004883,0.3560103,4,-1,-1
585.2545,753.9963,7.913269,19.355713,0.35006732,3,-1,-1
1220.8542,727.608,38.41736,19.000061,0.3459593,5,-1,-1
886.1215,605.89825,34.906372,20.667053,0.34547758,5,-1,-1
773.1218,251.0384,11.420288,15.511673,0.34207404,2,-1,-1
360.87534,563.241,21.763153,41.573547,0.34176296,5,-1,-1
1175.0127,460.47864,38.352295,19.456573,0.34009415,5,-1,-1
753.2838,465.86224,6.4658813,14.318024,0.33326328,1,-1,-1
784.51953,256.67142,9.646057,18.644104,0.3310358,10,-1,-1
256.43967,776.1979,20.64383,33.783447,0.3261311,5,-1,-1
856.7054,361.84283,19.080261,42.58368,0.32484192,6,-1,-1
756.85516,756.2594,17.99878,56.021973,0.3243854,6,-1,-1
1183.7153,518.9837,32.56726,15.898193,0.32203186,10,-1,-1
1181.9222,535.9768,34.35315,15.628967,0.32104802,4,-1,-1
903.17426,169.9081,9.703491,14.381729,0.31979954,10,-1,-1
602.17053,233.05663,5.5717773,12.757507,0.3189743,1,-1,-1
766.1062,483.09988,7.5758057,17.32309,0.31559512,10,-1,-1
384.6416,473.17206,26.06546,21.106293,0.31458777,4,-1,-1
772.6321,249.30664,12.219788,17.753143,0.3138082,10,-1,-1
784.5816,691.26544,17.377502,37.311157,0.31297225,5,-1,-1
585.4448,752.97217,7.85968,20.352783,0.31025386,1,-1,-1
585.9296,755.5306,7.040283,17.569946,0.30956957,2,-1,-1
361.0007,563.1917,20.86267,41.49182,0.3092509,6,-1,-1
756.25476,470.83005,6.8045654,17.091156,0.30883306,1,-1,-1
934.45605,162.11656,9.639526,14.073441,0.30723897,1,-1,-1
804.62537,196.68411,15.252441,21.730774,0.30684465,7,-1,-1
757.23267,475.5427,6.338379,13.133087,0.30684155,3,-1,-1
399.0859,787.6023,42.819824,27.195374,0.3059233,5,-1,-1
408.6908,683.1139,48.807587,34.47516,0.30327958,6,-1,-1
656.6175,506.7576,4.8273315,11.372223,0.30152375,1,-1,-1
1222.3246,708.71423,35.490234,18.871277,0.29932636,5,-1,-1
409.3283,669.81226,32.55722,21.84613,0.29721946,5,-1,-1
1180.2734,481.1832,36.285645,17.586517,0.2926274,5,-1,-1
897.06165,170.82413,8.897034,13.91745,0.29214716,2,-1,-1
928.98254,161.90436,13.804382,14.875229,0.29043472,10,-1,-1
804.48956,196.72859,15.508972,21.335068,0.288575,8,-1,-1
863.4509,154.85423,8.106018,17.911865,0.28787547,1,-1,-1
399.48343,766.9969,40.67285,29.744995,0.28783906,6,-1,-1
72.709915,783.68884,28.44223,47.698364,0.28750587,6,-1,-1
762.51227,689.9621,17.969177,42.34491,0.2864131,5,-1,-1
520.8408,230.62483,15.069702,12.893188,0.28613693,3,-1,-1
784.2389,257.96072,9.5633545,19.551575,0.28480875,3,-1,-1
689.33405,165.08015,12.117004,30.157349,0.28428376,4,-1,-1
772.8227,243.74211,12.64032,16.465744,0.28312147,10,-1,-1
0.0,999.1591,60.58518,50.233215,0.28243744,5,-1,-1
0.0,978.47266,52.1918,48.967773,0.28017455,5,-1,-1
1220.3804,584.0763,38.10486,19.103638,0.27722803,5,-1,-1
1183.369,501.58652,32.857788,15.42453,0.2767734,10,-1,-1
772.44165,245.94748,12.655701,20.169434,0.2763251,7,-1,-1
772.44165,245.94748,12.655701,20.169434,0.27475804,8,-1,-1
764.20856,690.72253,17.52417,42.515747,0.27344483,6,-1,-1
247.23112,907.58295,71.2686,34.897705,0.27283943,4,-1,-1
753.26025,465.9481,6.7244263,14.433228,0.26954928,3,-1,-1
1216.1759,527.8571,37.71985,16.625427,0.2689541,4,-1,-1
871.54456,162.92157,10.175232,18.332672,0.26867348,1,-1,-1
1150.3589,1009.666,9.422241,8.150391,0.2685876,10,-1,-1
1293.4159,707.72046,26.513794,10.217346,0.2675541,10,-1,-1
500.54337,439.74875,8.091095,19.219635,0.26584288,3,-1,-1
537.65216,427.00845,16.158997,37.410675,0.26566267,5,-1,-1
826.06274,679.4702,30.10913,20.89093,0.2647908,4,-1,-1
1222.0234,691.1962,33.935425,16.976807,0.26391461,5,-1,-1
1219.5859,533.6315,33.75537,15.8255005,0.26311448,10,-1,-1
1089.8955,201.94037,10.12793,15.690338,0.2621482,10,-1,-1
798.3387,597.5519,16.031067,37.864136,0.26045918,5,-1,-1
787.17,175.79285,11.664795,26.23027,0.25822368,1,-1,-1
287.34558,904.9085,33.417175,27.803955,0.25776908,4,-1,-1
903.17426,169.9081,9.703491,14.381729,0.25702327,2,-1,-1
748.288,448.1109,5.015808,14.533447,0.25490046,3,-1,-1
883.01715,174.13937,9.50885,16.062134,0.2534632,2,-1,-1
803.0195,688.9473,18.340088,38.9422,0.2527305,6,-1,-1
785.3868,257.9526,8.553467,13.487793,0.25193638,2,-1,-1
320.87476,550.0234,31.215454,18.891724,0.2503469,5,-1,-1
526.008,229.56613,12.628418,10.593216,0.24957588,10,-1,-1
403.34387,767.31354,37.223663,25.386414,0.24948835,4,-1,-1
1291.1003,691.6839,25.421997,10.94043,0.24827915,10,-1,-1
384.61566,480.54355,15.664246,14.596741,0.24568385,4,-1,-1
0.0,978.47266,52.1918,48.967773,0.2447199,4,-1,-1
1222.3529,639.8134,34.99182,18.356018,0.24449956,5,-1,-1
903.63983,169.40366,10.0373535,15.632294,0.24328619,1,-1,-1
785.10474,183.85483,10.232483,19.894165,0.24294993,3,-1,-1
786.9484,175.5465,12.078125,26.654297,0.24196988,7,-1,-1
1222.6107,672.7789,34.08484,17.78888,0.24180096,5,-1,-1
241.70518,556.4127,32.921677,18.500916,0.24068213,4,-1,-1
521.06,229.79245,12.505371,10.900757,0.24015918,10,-1,-1
1289.6317,597.4421,35.273804,19.693115,0.23980302,6,-1,-1
1218.0072,494.72028,33.722046,16.487762,0.23885119,4,-1,-1
784.7728,257.46997,9.509644,15.421509,0.23878464,1,-1,-1
1381.3667,55.202583,14.173584,15.413864,0.23830542,10,-1,-1
1289.9965,620.31024,36.907227,17.395447,0.2381745,5,-1,-1
1218.2537,481.96133,34.58423,17.008179,0.23719975,10,-1,-1
241.43665,547.76666,16.02774,8.265503,0.23717707,10,-1,-1
403.34387,767.31354,37.223663,25.386414,0.23717439,5,-1,-1
114.03708,774.4872,29.311554,49.716736,0.23680776,6,-1,-1
471.7253,857.49634,20.889038,44.87317,0.23620874,6,-1,-1
407.84015,859.2531,28.216705,17.748413,0.23602566,7,-1,-1
471.20813,861.8263,22.098969,39.332214,0.23557132,8,-1,-1
372.1384,1031.7556,16.124176,13.374756,0.23553893,10,-1,-1
516.72565,293.81226,9.3078,19.669067,0.23521268,10,-1,-1
1289.5012,688.8781,31.627075,15.069519,0.23442057,4,-1,-1
400.75327,809.7099,41.54651,28.487976,0.23398632,7,-1,-1
927.4035,162.81117,10.24585,14.912079,0.233558,1,-1,-1
319.90967,746.81445,33.224915,53.03119,0.23268285,9,-1,-1
852.08,140.16899,10.6032715,14.579086,0.23150969,3,-1,-1
442.291,806.1519,18.29718,38.113464,0.23144108,4,-1,-1
1221.752,603.60925,33.492188,17.018127,0.23094007,5,-1,-1
896.7024,170.6176,9.315308,14.352997,0.23064446,10,-1,-1
1261.9308,112.002914,9.273315,15.717705,0.23058754,1,-1,-1
893.50256,753.7724,35.07202,18.048279,0.22915775,5,-1,-1
757.31366,757.8532,17.640198,47.759644,0.2279731,4,-1,-1
519.3038,236.30766,8.262451,8.851654,0.22756642,3,-1,-1
1124.628,712.8757,34.39453,18.391235,0.22724798,5,-1,-1
411.43536,875.2192,33.05667,25.104858,0.2256948,7,-1,-1
772.54694,249.6696,12.216492,17.283524,0.22567898,1,-1,-1
442.291,806.1519,18.29718,38.113464,0.2250382,6,-1,-1
729.1454,692.0492,12.18457,22.782043,0.22497377,10,-1,-1
1288.2625,723.47003,35.569946,18.631897,0.22429824,10,-1,-1
819.87866,326.7566,14.187317,9.57016,0.22346327,10,-1,-1
783.88806,256.9533,10.75354,18.462036,0.22342342,7,-1,-1
1223.4408,621.4765,32.882324,17.475464,0.22147381,5,-1,-1
1289.4419,679.38824,31.723755,17.97052,0.22144812,4,-1,-1
881.2874,574.2686,36.384583,19.078491,0.22009778,4,-1,-1
39.77528,538.9704,49.20812,22.495789,0.22000036,4,-1,-1
883.8426,173.03458,10.8703,16.366638,0.21915084,1,-1,-1
1300.4047,95.814255,10.964722,8.723999,0.21895468,1,-1,-1
1290.6888,637.9971,37.256348,18.645142,0.218018,5,-1,-1
775.49164,254.32335,7.527649,11.583359,0.21777102,2,-1,-1
766.3406,482.9743,7.319824,17.230377,0.21768934,1,-1,-1
1288.1167,723.2514,36.134888,18.583618,0.21738678,5,-1,-1
216.30455,1019.75446,70.24992,29.637878,0.21587557,4,-1,-1
748.288,448.1109,5.015808,14.533447,0.21565765,1,-1,-1
891.2295,173.21811,9.389526,15.47348,0.21559843,2,-1,-1
758.2305,337.27853,5.4646606,11.312653,0.21426517,1,-1,-1
401.29187,491.22723,34.125763,21.064392,0.21423319,5,-1,-1
834.30304,232.44739,8.338013,18.540817,0.2141574,3,-1,-1
399.23236,809.9405,42.69464,27.903809,0.214107,8,-1,-1
522.136,230.49521,9.7734375,9.624222,0.21389401,3,-1,-1
942.0045,154.7305,11.624573,14.867233,0.21360624,1,-1,-1
787.9619,129.68684,12.386353,21.43106,0.21332228,10,-1,-1
399.0547,809.7727,43.007538,28.018188,0.21162972,5,-1,-1
884.5906,625.613,35.517517,19.106995,0.2112923,6,-1,-1
178.72275,973.0569,69.963394,51.046997,0.21063092,5,-1,-1
894.41895,171.30154,9.579956,15.931198,0.21046957,1,-1,-1
1215.7395,505.75443,36.803223,16.552826,0.21007222,4,-1,-1
319.39844,748.34595,32.814056,52.43274,0.20990139,5,-1,-1
787.20886,176.7675,11.545349,25.017532,0.20982465,10,-1,-1
1220.3533,500.32803,31.865723,15.744171,0.20933846,10,-1,-1
1088.418,715.59143,31.735718,17.286255,0.20865163,5,-1,-1
1081.7786,627.27386,35.401367,19.05243,0.20819607,5,-1,-1
1189.8147,603.5792,37.734863,18.443481,0.20774278,4,-1,-1
1206.2806,519.56824,41.20117,17.130188,0.2076728,4,-1,-1
711.8343,424.27524,21.827576,54.767487,0.20731711,9,-1,-1
949.20197,160.23329,9.272583,12.226685,0.20723301,1,-1,-1
823.5241,717.859,34.514282,23.078186,0.20668823,6,-1,-1
444.48566,484.19202,32.96997,21.515198,0.20641553,5,-1,-1
782.88983,263.0789,7.6002197,13.852692,0.20575663,1,-1,-1
781.8235,231.20674,13.1032715,16.612732,0.20540193,10,-1,-1
383.26837,560.2968,18.520264,32.343628,0.20486751,5,-1,-1
315.1012,949.20636,16.178162,13.350159,0.20415834,3,-1,-1
1204.7938,500.8371,40.29431,17.00592,0.20381647,4,-1,-1
1062.5215,689.7572,17.765137,32.851257,0.20370832,5,-1,-1
775.2686,249.26056,8.342468,12.412109,0.20369902,2,-1,-1
133.23868,770.9952,29.903717,49.385803,0.20321092,6,-1,-1
278.57672,551.4836,36.723694,17.133484,0.20229688,5,-1,-1
785.49365,268.1813,6.383423,10.293335,0.20225862,2,-1,-1
644.63214,394.67535,5.6519775,12.545319,0.20184547,1,-1,-1
711.888,424.1513,21.368225,54.95224,0.20181367,4,-1,-1
1270.4955,782.45776,10.990601,7.416626,0.2015081,10,-1,-1
249.64436,892.1645,37.693405,26.286438,0.20141631,6,-1,-1
1093.3999,731.49207,32.62671,18.31488,0.2011579,5,-1,-1
757.67847,476.5461,5.6971436,11.821991,0.20062834,1,-1,-1
455.71005,241.12196,7.7892456,9.837585,0.20029125,1,-1,-1
785.0964,208.96443,12.2092285,21.955826,0.19937545,10,-1,-1
1292.0278,606.62537,33.76758,15.947571,0.19904098,4,-1,-1
815.33417,953.8451,6.8326416,13.682739,0.19828013,1,-1,-1
532.42993,240.94136,8.280029,10.008331,0.1976299,10,-1,-1
785.5784,264.28888,7.1332397,11.58078,0.19553107,3,-1,-1
447.1292,63.03816,6.935669,12.637058,0.19518352,1,-1,-1
880.84906,570.8384,36.758972,20.56482,0.1948018,6,-1,-1
1186.6593,626.88464,21.269531,14.380371,0.19398734,10,-1,-1
886.31964,173.57208,10.763367,16.178741,0.19392556,2,-1,-1
1121.3398,660.5313,32.642334,17.338013,0.19390899,5,-1,-1
1105.1836,642.7058,35.558838,18.550903,0.1938445,4,-1,-1
774.7045,245.72577,9.542908,9.857056,0.19363108,2,-1,-1
540.3818,875.37823,45.79773,84.76703,0.19317386,5,-1,-1
530.1545,269.44202,6.168518,11.949219,0.19285595,1,-1,-1
781.7687,230.00655,13.74585,15.399109,0.19266635,7,-1,-1
819.92395,489.38104,33.148987,19.254852,0.1925692,5,-1,-1
217.132,864.1272,67.24971,40.682983,0.19251284,5,-1,-1
1182.6187,535.88916,33.51367,15.321838,0.19235387,10,-1,-1
151.65723,932.3092,75.982574,44.900208,0.19211394,5,-1,-1
203.73727,523.2425,30.916855,15.557983,0.19196406,10,-1,-1
529.3604,227.80919,5.7530518,9.051514,0.19195935,1,-1,-1
526.7397,229.51453,11.213501,10.111923,0.19137645,3,-1,-1
832.03876,790.7055,32.60327,19.89392,0.1904889,5,-1,-1
782.88983,263.0789,7.6002197,13.852692,0.19037622,3,-1,-1
1291.4224,655.69354,35.689575,17.463013,0.19001964,6,-1,-1
883.484,172.76741,11.701294,16.32875,0.18990317,10,-1,-1
804.8952,197.39943,14.803162,20.35231,0.18975213,10,-1,-1
371.89453,1033.344,11.460297,15.856201,0.18959814,10,-1,-1
783.88806,256.9533,10.75354,18.462036,0.18948993,8,-1,-1
320.43787,557.0284,29.903137,17.513794,0.1886706,4,-1,-1
125.9497,299.17065,15.437553,19.302917,0.1885274,4,-1,-1
170.58014,892.7778,61.912857,40.184753,0.1876407,6,-1,-1
1223.1455,645.9389,32.913208,18.501099,0.18760586,5,-1,-1
785.01184,208.98613,12.505127,21.752533,0.18749866,1,-1,-1
316.81604,945.70074,12.796234,13.367859,0.18731603,10,-1,-1
0.0,976.9354,52.94869,52.164307,0.18687946,8,-1,-1
1217.2775,461.5358,32.375122,19.436462,0.18685654,5,-1,-1
521.6934,234.44437,8.790588,10.531616,0.18683943,3,-1,-1
1291.374,676.4949,26.955688,12.673523,0.18679664,10,-1,-1
834.07855,232.25818,8.656311,18.820587,0.18668565,10,-1,-1
825.01434,668.6571,27.754822,20.794617,0.18648234,5,-1,-1
784.3054,597.4961,14.914429,36.006104,0.18513429,5,-1,-1
1214.5424,517.30817,37.52527,17.007446,0.18461713,10,-1,-1
849.3364,983.05664,6.921692,15.305359,0.18453431,1,-1,-1
856.7054,361.84283,19.080261,42.58368,0.18442863,7,-1,-1
665.3234,333.23264,4.8618164,11.944031,0.18383625,1,-1,-1
1190.376,583.79565,38.135864,19.943237,0.18351328,4,-1,-1
152.11052,931.57574,75.43143,44.89099,0.18332839,4,-1,-1
1180.9888,571.9203,35.01465,19.311035,0.18263832,5,-1,-1
247.23112,907.58295,71.2686,34.897705,0.1824896,5,-1,-1
0.0,999.1591,60.58518,50.233215,0.18227574,8,-1,-1
762.51416,481.19327,9.881226,17.511597,0.18186846,3,-1,-1
524.55096,230.7739,5.3932495,10.274506,0.18167812,1,-1,-1
782.88983,263.0789,7.6002197,13.852692,0.18158624,2,-1,-1
247.63055,915.06305,42.818115,22.35968,0.1810588,4,-1,-1
1291.2726,649.11456,35.8219,18.090027,0.18104246,4,-1,-1
523.55963,631.5995,19.689209,30.438782,0.18073809,5,-1,-1
249.91203,891.7568,37.01396,26.625122,0.18047944,5,-1,-1
834.0041,807.84406,32.67334,18.093323,0.17997965,5,-1,-1
805.33435,200.71094,10.118652,17.367523,0.17980081,1,-1,-1
1360.022,58.18715,12.9453125,17.089851,0.17885777,10,-1,-1
1088.9954,202.36519,10.742432,14.778915,0.17881921,1,-1,-1
787.048,188.2231,6.0510864,13.377777,0.17861447,3,-1,-1
781.79596,230.19952,13.9053955,15.06517,0.1784459,8,-1,-1
905.8919,167.74455,9.081299,14.968216,0.17753205,10,-1,-1
729.1446,692.1392,12.187683,22.580505,0.17727706,7,-1,-1
785.01184,208.98613,12.505127,21.752533,0.17689562,3,-1,-1
0.0,999.71924,60.790512,49.673096,0.1768305,7,-1,-1
856.7054,361.84283,19.080261,42.58368,0.17668182,8,-1,-1
1347.6991,62.00471,13.387207,16.052303,0.17666644,10,-1,-1
891.52466,173.36632,8.933472,15.130203,0.1765258,1,-1,-1
764.26025,597.56995,16.207397,35.73755,0.17650929,5,-1,-1
980.3793,191.61499,12.514343,17.251068,0.17584795,1,-1,-1
263.75104,926.36395,63.886078,41.99951,0.17546508,6,-1,-1
1088.5413,696.90704,33.968506,17.185791,0.17511475,4,-1,-1
1096.6393,623.96783,37.999634,18.035095,0.17497507,4,-1,-1
1296.18,715.2538,26.777954,11.156982,0.17487726,10,-1,-1
855.81604,130.26312,8.884094,20.332047,0.17469022,3,-1,-1
523.5561,633.08606,19.808533,27.518433,0.1746682,6,-1,-1
785.9802,214.5528,8.313416,16.484589,0.17412752,1,-1,-1
945.8861,158.43526,11.618286,14.500366,0.17310795,10,-1,-1
753.14874,465.9764,6.5753174,14.04184,0.17288217,2,-1,-1
1220.041,550.5591,34.92273,17.701538,0.17276609,10,-1,-1
215.23174,1019.9916,71.07643,29.400757,0.17226714,5,-1,-1
897.36017,170.86653,8.282776,13.782593,0.17206717,1,-1,-1
412.13922,876.45654,32.535736,23.582825,0.1708414,8,-1,-1
817.23804,160.97916,4.666565,12.925018,0.17044166,1,-1,-1
772.4577,246.02818,12.913879,19.888474,0.17039174,3,-1,-1
540.3818,875.37823,45.79773,84.76703,0.17031541,6,-1,-1
1184.675,717.7534,31.787598,18.491394,0.16945544,4,-1,-1
873.04626,170.12352,9.227966,18.856247,0.16877264,2,-1,-1
818.2468,648.93335,9.014832,8.97467,0.16864118,10,-1,-1
856.3079,361.61816,18.93866,41.945374,0.168087,5,-1,-1
407.84015,859.2531,28.216705,17.748413,0.16806814,8,-1,-1
519.75037,236.01538,11.173645,9.037842,0.16744748,10,-1,-1
0.0,585.285,33.12671,21.61853,0.16739133,5,-1,-1
519.518,654.1489,29.249756,77.65161,0.1672397,6,-1,-1
321.33868,549.85425,30.305542,18.504211,0.16697207,6,-1,-1
1081.2855,644.92535,32.680298,18.166992,0.16691989,10,-1,-1
824.3323,742.60095,31.522644,18.355774,0.1663306,5,-1,-1
399.0448,787.75916,42.327484,27.312561,0.16629565,8,-1,-1
785.1164,212.1803,10.405457,19.171555,0.16621089,8,-1,-1
803.3611,862.123,28.767578,20.985779,0.16620621,4,-1,-1
801.7501,610.18567,12.020996,25.34851,0.16619164,4,-1,-1
785.0964,208.96443,12.2092285,21.955826,0.16617584,7,-1,-1
803.0195,688.9473,18.340088,38.9422,0.16595995,9,-1,-1
848.91895,183.89845,7.986023,22.187805,0.16595712,1,-1,-1
782.2497,190.55547,7.611084,13.306625,0.1656496,3,-1,-1
470.56073,862.3633,22.063263,39.62915,0.16562054,5,-1,-1
750.6801,464.0197,7.7856445,18.337555,0.16491234,1,-1,-1
205.88242,533.42004,18.896774,9.546997,0.16478196,10,-1,-1
247.27654,906.5708,72.67641,37.133423,0.16466805,9,-1,-1
729.1454,692.0492,12.18457,22.782043,0.1635552,6,-1,-1
486.39542,776.76544,14.2404175,7.0670776,0.1629911,3,-1,-1
784.35803,691.15314,17.84674,37.800476,0.16282839,6,-1,-1
519.4595,231.79799,17.143494,11.802933,0.16260442,10,-1,-1
1081.5427,607.83453,34.853516,20.522217,0.16244942,5,-1,-1
1291.697,637.59094,36.192505,17.948608,0.16181308,6,-1,-1
879.2739,559.9418,35.82599,17.983276,0.16136274,6,-1,-1
523.97736,230.8946,6.34729,9.569809,0.16132516,10,-1,-1
39.020554,538.0087,48.744034,23.668152,0.16099909,9,-1,-1
1223.7649,656.6868,32.085938,15.817139,0.16044632,5,-1,-1
1121.5474,695.4026,36.189697,17.453735,0.15981674,5,-1,-1
829.6252,776.04974,31.687683,18.034058,0.15974173,5,-1,-1
292.23224,928.44183,34.88849,29.248657,0.15954915,4,-1,-1
773.5987,245.08276,11.213867,12.430664,0.15951934,3,-1,-1
384.36435,471.8788,32.023438,21.71048,0.15945297,6,-1,-1
764.20856,690.72253,17.52417,42.515747,0.1593087,9,-1,-1
843.4796,269.16388,10.035645,19.023987,0.15926388,10,-1,-1
785.49365,268.1813,6.383423,10.293335,0.15892997,1,-1,-1
786.9484,175.5465,12.078125,26.654297,0.15878937,8,-1,-1
753.4437,467.625,8.290161,17.940338,0.15829682,1,-1,-1
408.55582,681.727,48.539917,34.475647,0.15796798,4,-1,-1
1289.9305,621.03076,37.010986,16.82727,0.1578258,6,-1,-1
528.4617,228.91133,7.281128,9.851822,0.15747094,10,-1,-1
1291.4785,689.4918,23.997803,8.540649,0.15683925,10,-1,-1
308.85928,962.3233,36.019165,28.74701,0.15639213,5,-1,-1
471.54703,859.2993,21.213959,42.473755,0.15601337,7,-1,-1
782.8779,232.81679,11.308105,14.776016,0.15579972,2,-1,-1
411.30933,875.47473,33.385742,24.746338,0.15578538,6,-1,-1
1288.0068,723.4435,36.024414,18.589233,0.15568975,6,-1,-1
105.97439,774.98193,28.016716,44.78076,0.15552431,6,-1,-1
500.6432,439.98715,7.979126,19.028656,0.15540388,1,-1,-1
491.0047,786.5528,16.239319,7.675232,0.15523371,3,-1,-1
1188.2023,711.1006,32.505737,17.685364,0.15520483,5,-1,-1
874.7802,177.95654,5.946167,13.863159,0.15517864,1,-1,-1
1081.6594,642.98914,31.770508,20.489197,0.15482229,5,-1,-1
766.4575,483.00015,7.2733765,16.92566,0.15478593,2,-1,-1
772.73816,255.05247,7.569031,10.589127,0.15456763,2,-1,-1
1287.454,592.70984,36.578125,16.49231,0.15431151,5,-1,-1
880.24445,539.647,34.152527,20.559875,0.15415782,6,-1,-1
1185.2554,623.1764,34.22522,16.213867,0.1540212,5,-1,-1
1101.6748,214.02419,9.924683,13.936905,0.153891,10,-1,-1
245.74323,920.6867,82.19406,54.056274,0.15373337,9,-1,-1
818.5201,322.02652,14.703552,12.747101,0.15368983,3,-1,-1
806.14813,204.85957,6.4526367,12.242096,0.15367752,1,-1,-1
530.15405,269.41568,6.436096,11.964722,0.15358275,3,-1,-1
383.2242,729.34534,19.158905,33.900513,0.15337849,5,-1,-1
1291.0345,655.26953,37.01245,18.482056,0.1531907,5,-1,-1
891.2295,173.21811,9.389526,15.47348,0.15291157,10,-1,-1
787.9619,129.68684,12.386353,21.43106,0.15282986,4,-1,-1
