653.603,473.35083,13.65155,21.748596,0.8420419,1,-1,-1
726.3694,117.68791,16.20819,26.205627,0.69628096,1,-1,-1
670.8447,306.31424,11.711609,18.06546,0.68471426,1,-1,-1
751.98505,124.1773,18.952087,26.276436,0.6160473,1,-1,-1
777.20886,131.96419,14.438049,18.115173,0.60867596,2,-1,-1
657.2589,299.72714,11.59375,21.238892,0.5572488,1,-1,-1
774.33856,132.51935,22.609924,25.49759,0.47791192,3,-1,-1
605.11237,376.38745,32.43988,50.418274,0.44982794,7,-1,-1
606.5432,371.3785,30.919373,56.014038,0.3762992,8,-1,-1
614.0177,321.3607,27.203674,52.501007,0.36750036,8,-1,-1
140.45999,102.11465,142.4686,88.12061,0.35013697,6,-1,-1
757.34143,564.7382,15.2144165,27.897583,0.32654172,4,-1,-1
776.02893,132.22365,18.661316,21.046951,0.32632905,1,-1,-1
366.56818,518.8962,87.398224,42.820374,0.31785756,7,-1,-1
658.21924,299.67072,8.190979,12.009186,0.3173986,1,-1,-1
1206.9684,106.20162,39.424072,43.05082,0.3170712,1,-1,-1
741.29126,118.53462,9.717529,13.797577,0.30830377,2,-1,-1
661.1676,304.37708,8.19635,17.602081,0.2932957,1,-1,-1
614.0177,321.3607,27.203674,52.501007,0.28788328,7,-1,-1
107.23499,461.41415,35.9065,28.558899,0.28739253,1,-1,-1
778.07104,130.89738,20.932861,23.129944,0.28582,2,-1,-1
757.3015,562.0552,15.369995,31.078003,0.2812502,10,-1,-1
367.5408,519.3982,86.682465,41.759155,0.27203596,6,-1,-1
731.682,117.32294,15.812317,24.388474,0.26613855,1,-1,-1
752.92096,124.666115,18.311218,24.611412,0.2542277,2,-1,-1
739.76807,117.66836,12.129272,18.509651,0.25104374,1,-1,-1
105.647606,476.61926,32.317238,18.67868,0.24730507,1,-1,-1
658.25104,300.0532,8.064148,10.525421,0.24526548,2,-1,-1
148.49323,0.0,222.14252,91.703026,0.24154127,6,-1,-1
625.4003,386.81238,12.767883,20.577423,0.23281017,2,-1,-1
367.56052,519.1735,85.84299,42.167725,0.23136678,8,-1,-1
759.2611,125.77095,15.803101,18.266174,0.22626528,1,-1,-1
776.84546,131.57155,15.195068,20.288437,0.21736234,3,-1,-1
760.87616,126.015854,14.067688,17.391708,0.21690926,2,-1,-1
141.05846,102.660675,141.60234,86.54022,0.20991531,7,-1,-1
624.8201,386.7299,13.413635,20.939789,0.20482221,1,-1,-1
753.2666,124.96843,19.604126,24.290054,0.20314696,3,-1,-1
1207.0107,106.38799,38.72754,41.760582,0.19673532,2,-1,-1
623.27216,346.7115,12.031555,18.144775,0.19000861,2,-1,-1
580.0924,344.05737,26.217224,42.29477,0.1878939,8,-1,-1
0.0,448.16525,144.20206,51.19937,0.18660456,7,-1,-1
733.3193,117.87977,9.097534,15.991432,0.18301976,2,-1,-1
580.4192,343.9115,26.095886,42.2265,0.1774709,7,-1,-1
0.0,448.16525,144.20206,51.19937,0.17320612,6,-1,-1
653.66614,473.01297,13.557312,21.95047,0.16991037,2,-1,-1
623.02686,346.27032,12.635315,19.691101,0.16774821,1,-1,-1
741.54156,118.25204,9.3125,12.006081,0.16720074,1,-1,-1
136.72177,760.4442,11.353439,18.985718,0.16400489,2,-1,-1
1081.554,25.798225,30.67456,40.744827,0.16201124,4,-1,-1
774.33856,132.51935,22.609924,25.49759,0.16026464,7,-1,-1
366.56818,518.8962,87.398224,42.820374,0.15847084,10,-1,-1
259.5041,346.5807,24.50476,28.588745,0.15779722,1,-1,-1
726.2288,131.38823,8.986267,10.968765,0.15549508,2,-1,-1
268.886,350.3539,10.98465,10.311371,0.1542337,1,-1,-1
737.86615,119.081825,9.8932495,12.917732,0.15382153,2,-1,-1
750.9399,128.15143,12.788147,23.775284,0.15211242,1,-1,-1
779.5054,132.17343,11.337219,16.071716,0.15091074,1,-1,-1
108.40547,461.63864,33.026978,29.20282,0.1503601,2,-1,-1
114.13265,465.1872,29.042503,13.966217,0.14946645,1,-1,-1
403.4975,725.99506,7.40448,10.142151,0.14705318,1,-1,-1
314.61487,775.7543,9.63092,11.789673,0.1433936,1,-1,-1
782.33905,130.8892,15.748962,22.042892,0.1430775,3,-1,-1
734.203,577.72845,9.908997,23.557556,0.14261118,10,-1,-1
726.2288,131.38823,8.986267,10.968765,0.14191335,1,-1,-1
731.50916,128.50145,8.471802,14.89827,0.14183068,1,-1,-1
783.8162,132.75192,13.870422,16.221832,0.14167318,2,-1,-1
0.0,447.98843,143.63371,52.747437,0.14061299,4,-1,-1
1142.2867,165.55394,41.383423,32.439407,0.1387023,2,-1,-1
106.658646,475.77496,30.475067,19.388824,0.13825947,2,-1,-1
633.9366,335.08502,6.826782,15.773987,0.13751054,1,-1,-1
582.52527,397.4344,15.179993,33.07791,0.1366381,3,-1,-1
733.3193,117.87977,9.097534,15.991432,0.13223034,1,-1,-1
238.10643,758.43774,79.28734,29.106201,0.13204756,10,-1,-1
303.57025,774.6197,22.331177,12.924255,0.13194364,1,-1,-1
660.0554,301.32684,9.342224,16.833038,0.12932092,2,-1,-1
794.70264,532.0165,55.426514,31.330688,0.12675902,7,-1,-1
614.5151,321.55215,27.472107,51.93271,0.12603664,10,-1,-1
298.24838,774.4714,26.459808,13.072571,0.12579715,10,-1,-1
259.5041,346.5807,24.50476,28.588745,0.12364364,2,-1,-1
778.07104,130.89738,20.932861,23.129944,0.1228593,10,-1,-1
147.70747,0.0,225.0327,87.72074,0.122341365,9,-1,-1
662.161,302.38522,6.609253,12.7213745,0.122336626,1,-1,-1
609.5996,383.52087,24.221436,37.282257,0.1215041,2,-1,-1
737.71185,118.87323,10.027588,13.788681,0.12137857,1,-1,-1
757.2663,565.31757,15.423279,27.25476,0.12102735,5,-1,-1
107.656235,464.9373,28.093735,14.285889,0.119690716,2,-1,-1
606.45044,372.52454,30.545837,54.5253,0.11934748,10,-1,-1
605.8077,376.8888,30.65564,50.067047,0.11893663,3,-1,-1
731.57153,124.45868,8.629578,18.27121,0.11711183,2,-1,-1
149.037,102.07377,133.30745,85.639915,0.11707893,8,-1,-1
733.52625,123.67839,8.5321045,19.377487,0.114883274,1,-1,-1
263.03345,351.1633,17.59909,18.028412,0.1145218,1,-1,-1
658.4592,303.39368,8.654053,13.959961,0.114234895,1,-1,-1
259.68005,358.03418,18.131042,18.062225,0.110726774,1,-1,-1
1082.2601,26.93519,22.866943,28.016901,0.10910365,5,-1,-1
1023.2915,37.717285,31.244751,52.271408,0.10880351,4,-1,-1
106.63309,477.39975,29.112732,15.79657,0.108456135,10,-1,-1
726.3694,117.68791,16.20819,26.205627,0.107665926,4,-1,-1
763.09436,126.53844,10.088989,14.229034,0.107467175,1,-1,-1
751.6821,124.07209,19.003845,27.176537,0.10736588,10,-1,-1
367.70532,519.2134,86.12503,42.40155,0.10733625,4,-1,-1
622.55334,336.39566,15.691589,27.663025,0.106484056,1,-1,-1
926.0394,537.1944,42.956238,25.628906,0.105528235,10,-1,-1
580.0924,344.05737,26.217224,42.29477,0.10524717,6,-1,-1
367.56052,519.1735,85.84299,42.167725,0.10472894,5,-1,-1
105.10713,450.56522,36.814255,27.393646,0.10420126,1,-1,-1
622.71716,345.61508,13.226929,27.483978,0.10387534,3,-1,-1
263.66818,354.04428,14.435974,10.827789,0.10314238,1,-1,-1
262.05475,357.43295,15.805206,10.40625,0.10285413,1,-1,-1
244.98726,761.4994,76.26405,26.044556,0.10265881,4,-1,-1
75.12424,503.4993,13.571274,19.123016,0.102002054,1,-1,-1
0.0,448.16525,144.20206,51.19937,0.101732254,10,-1,-1
583.2577,398.08435,14.207764,31.78302,0.10111588,1,-1,-1
238.10643,758.43774,79.28734,29.106201,0.100912124,7,-1,-1
757.8956,640.6741,27.116821,73.13794,0.10072237,5,-1,-1
607.7969,319.2564,41.85388,73.64093,0.10051578,8,-1,-1
580.009,344.43854,26.340088,40.27484,0.10050821,4,-1,-1
291.7109,769.7134,35.87784,17.830566,0.10005614,1,-1,-1
606.5432,371.3785,30.919373,56.014038,0.099533975,6,-1,-1
760.87616,126.015854,14.067688,17.391708,0.09920776,3,-1,-1
613.3469,321.26007,29.479187,51.518066,0.099031806,5,-1,-1
763.2814,127.37952,9.761719,12.337784,0.09884772,2,-1,-1
742.9724,117.9432,6.7718506,10.291222,0.098772794,2,-1,-1
756.5209,125.47509,11.630737,17.62719,0.097676635,2,-1,-1
726.2789,118.01474,16.095032,26.08397,0.09664014,2,-1,-1
772.16614,134.98071,21.892578,24.741882,0.09661898,2,-1,-1
259.3736,767.2884,66.46466,20.255554,0.09599957,10,-1,-1
614.5151,321.55215,27.472107,51.93271,0.09597179,6,-1,-1
128.14714,467.54187,14.939133,9.523682,0.095736444,1,-1,-1
868.19037,538.1329,25.996582,24.967041,0.09544301,10,-1,-1
263.03766,332.60193,105.550415,47.18628,0.09525895,7,-1,-1
658.0103,300.003,11.230164,20.346893,0.09503561,10,-1,-1
266.87308,348.56946,13.56488,14.833191,0.094967306,2,-1,-1
391.9219,717.4282,13.411774,8.826843,0.094913274,1,-1,-1
303.57025,774.6197,22.331177,12.924255,0.09462333,2,-1,-1
731.6135,120.057335,8.944275,17.580635,0.09455392,1,-1,-1
580.1009,344.18854,25.748413,38.225952,0.094100714,1,-1,-1
782.20544,132.27977,15.932373,17.69069,0.09403029,1,-1,-1
734.7445,117.69843,7.1031494,10.122391,0.09374082,2,-1,-1
384.3395,550.64044,8.4444275,13.466919,0.09361571,1,-1,-1
262.3228,352.34564,18.312439,16.103333,0.09348205,2,-1,-1
959.18835,288.40094,34.7818,85.48401,0.09340596,4,-1,-1
109.583305,465.36755,20.585243,12.815643,0.093158245,1,-1,-1
366.56818,518.8962,87.398224,42.820374,0.093090326,3,-1,-1
759.0329,642.24915,25.24884,73.517395,0.0930354,9,-1,-1
108.46804,468.30182,25.39576,17.259796,0.09149289,2,-1,-1
745.6327,122.33052,16.658997,27.478302,0.09136993,1,-1,-1
579.9522,344.33026,26.238708,39.1521,0.09132716,5,-1,-1
788.4594,131.13422,10.5997925,13.195923,0.09111923,1,-1,-1
227.47795,686.89655,85.01814,43.306274,0.091059744,10,-1,-1
239.45255,761.8708,76.53656,25.673157,0.090985805,6,-1,-1
778.40265,135.81126,11.195984,21.151642,0.090283036,3,-1,-1
231.12015,757.93036,88.65866,29.613586,0.08956283,8,-1,-1
85.75803,765.00146,20.218872,22.54248,0.08942583,2,-1,-1
606.371,377.78107,30.402893,48.94049,0.08941126,1,-1,-1
137.15186,761.0224,10.487366,18.052917,0.08887446,1,-1,-1
660.7385,300.32388,7.7163696,9.551788,0.08875388,1,-1,-1
989.3947,61.247837,7.7297974,16.526005,0.0880073,1,-1,-1
653.74963,473.25183,13.406067,21.898193,0.08744067,4,-1,-1
1083.0994,27.545212,20.82898,25.69947,0.08694461,4,-1,-1
788.4594,131.13422,10.5997925,13.195923,0.086826235,2,-1,-1
218.85178,23.362991,4.7747345,7.7666893,0.086382985,1,-1,-1
660.81366,299.7364,7.7713013,11.758118,0.08625722,2,-1,-1
655.65985,300.94724,14.485413,22.254944,0.08616212,2,-1,-1
0.0,448.16525,144.20206,51.19937,0.085986376,3,-1,-1
296.64767,774.95496,28.452606,12.588989,0.08588666,4,-1,-1
141.83762,103.07432,140.8551,86.06159,0.08498162,3,-1,-1
491.86383,222.36923,110.14459,290.2551,0.08489707,6,-1,-1
756.25616,124.64758,9.437012,17.050354,0.08465448,1,-1,-1
628.67505,389.8643,8.544495,15.557983,0.0846203,1,-1,-1
752.05597,124.44097,18.276611,26.847847,0.08459747,4,-1,-1
210.32309,37.318684,5.3989563,8.524853,0.08453828,1,-1,-1
75.52713,503.21475,13.35009,19.728607,0.083946824,2,-1,-1
664.2326,306.63074,8.708862,17.046265,0.08384442,1,-1,-1
108.46804,468.30182,25.39576,17.259796,0.0834828,1,-1,-1
776.8009,131.65025,15.724976,19.554886,0.08298704,7,-1,-1
632.3062,333.2573,10.541138,21.085388,0.08292925,1,-1,-1
84.49011,762.8647,22.823677,24.67926,0.08222228,1,-1,-1
732.0336,117.88386,16.104492,22.608284,0.08210331,2,-1,-1
0.0,448.16525,144.20206,51.19937,0.08191788,8,-1,-1
152.33842,0.0,213.01103,96.718414,0.08177513,5,-1,-1
794.70264,532.0165,55.426514,31.330688,0.08133355,3,-1,-1
226.23312,756.60675,95.43472,30.937195,0.08131701,3,-1,-1
618.513,342.2696,15.764709,26.462585,0.08108905,1,-1,-1
93.179955,455.60703,45.958427,37.162537,0.08091819,1,-1,-1
207.809,38.041878,5.341629,8.384537,0.080913305,1,-1,-1
263.2047,331.80005,102.391754,47.18033,0.08039731,8,-1,-1
738.46405,117.41533,13.764648,19.94484,0.07991552,2,-1,-1
265.41724,360.82962,12.151947,13.211243,0.079906076,1,-1,-1
314.61487,775.7543,9.63092,11.789673,0.0798786,2,-1,-1
1142.4686,165.55185,40.4729,32.877182,0.07975337,1,-1,-1
1080.8744,25.853048,31.650757,40.762054,0.07915959,5,-1,-1
1211.676,95.882706,39.259155,38.144165,0.078775436,1,-1,-1
149.63774,0.0,219.697,87.48118,0.07864922,4,-1,-1
102.49978,452.4816,22.671188,18.423737,0.07841697,2,-1,-1
777.15765,132.4108,20.573914,19.783905,0.07816675,8,-1,-1
616.26324,384.4603,19.543762,27.247711,0.07726613,2,-1,-1
114.13265,465.1872,29.042503,13.966217,0.077002645,10,-1,-1
102.49978,452.4816,22.671188,18.423737,0.07636821,1,-1,-1
85.27119,766.2433,21.335815,21.30066,0.076266885,4,-1,-1
919.12476,536.98,49.842834,26.531006,0.07625264,7,-1,-1
588.3995,372.53043,13.395386,33.192535,0.07535878,3,-1,-1
655.8093,299.71817,8.924988,15.436493,0.07529044,1,-1,-1
757.3015,562.0552,15.369995,31.078003,0.075252384,1,-1,-1
757.25116,317.87225,12.367065,14.06662,0.07502645,1,-1,-1
76.378334,764.8537,16.334862,22.690247,0.074490786,4,-1,-1
614.0462,321.50742,27.783508,51.344025,0.074394226,1,-1,-1
369.83914,3.7312486,9.862457,16.142828,0.074316025,1,-1,-1
112.13377,480.29047,23.953552,10.806,0.07420269,1,-1,-1
824.6653,635.4492,25.455933,62.75,0.07411376,4,-1,-1
605.11237,376.38745,32.43988,50.418274,0.074112624,4,-1,-1
264.5897,348.516,17.956299,14.362396,0.074050695,1,-1,-1
614.0177,321.3607,27.203674,52.501007,0.073583364,3,-1,-1
607.7969,319.2564,41.85388,73.64093,0.072841614,7,-1,-1
764.6513,128.14578,36.640198,26.22174,0.07227042,3,-1,-1
33.507935,746.28,135.27458,41.263916,0.07193571,6,-1,-1
599.9435,360.42157,8.102661,17.256805,0.07189983,1,-1,-1
622.55334,336.39566,15.691589,27.663025,0.07159701,2,-1,-1
606.5432,371.3785,30.919373,56.014038,0.07137737,5,-1,-1
671.6625,306.5333,10.614746,17.508087,0.07090908,10,-1,-1
752.0155,135.1674,9.316406,15.900879,0.07087588,1,-1,-1
554.1491,436.84125,48.411926,25.41098,0.07079777,4,-1,-1
662.26337,302.73553,6.663452,11.722534,0.0705719,2,-1,-1
207.67102,40.793976,4.9881287,8.381191,0.07055023,1,-1,-1
414.1915,529.99445,14.394348,26.91217,0.0704605,1,-1,-1
268.2221,355.98468,11.026245,12.928406,0.07043895,1,-1,-1
1135.8541,0.0,23.07019,24.316929,0.06961316,1,-1,-1
671.2599,306.199,10.872864,18.051422,0.069582194,2,-1,-1
85.38839,762.57623,20.664993,24.967712,0.0695737,10,-1,-1
309.15363,775.1086,13.812927,10.206482,0.06955886,1,-1,-1
794.70264,532.0165,55.426514,31.330688,0.0687297,10,-1,-1
670.7896,306.3034,11.763794,18.139252,0.0684436,3,-1,-1
326.30585,5.9681296,25.402832,14.831902,0.06839058,4,-1,-1
33.507935,746.28,135.27458,41.263916,0.068311274,7,-1,-1
309.9346,775.62805,14.400818,11.915894,0.0681591,10,-1,-1
266.52158,770.1075,60.483826,17.436462,0.06814894,4,-1,-1
33.507935,746.28,135.27458,41.263916,0.06706098,10,-1,-1
992.8282,0.0,39.647766,27.606438,0.06694335,4,-1,-1
26.559696,775.48254,30.315426,12.061401,0.066767395,4,-1,-1
314.01068,52.324207,9.559631,13.301975,0.066640705,2,-1,-1
740.69086,117.36499,11.10437,18.052109,0.06645584,3,-1,-1
267.17252,365.00974,10.634003,12.032684,0.06632757,1,-1,-1
580.4192,343.9115,26.095886,42.2265,0.06630808,3,-1,-1
291.7109,769.7134,35.87784,17.830566,0.066268355,2,-1,-1
616.26324,384.4603,19.543762,27.247711,0.06622067,1,-1,-1
776.68665,137.2035,28.18634,24.95076,0.06597602,3,-1,-1
104.76027,461.60077,21.044891,18.775482,0.06573725,2,-1,-1
779.58527,130.40382,9.793091,15.387634,0.06570721,2,-1,-1
622.71716,345.61508,13.226929,27.483978,0.06564975,10,-1,-1
1144.5302,172.3798,22.083252,26.30278,0.06557864,2,-1,-1
850.28595,535.33966,43.301086,29.082214,0.06544721,10,-1,-1
607.2673,339.79153,28.503052,62.940247,0.06530166,8,-1,-1
227.47795,686.89655,85.01814,43.306274,0.0652135,4,-1,-1
786.5002,531.1854,65.095764,31.67163,0.06512505,6,-1,-1
736.22,115.51764,9.830872,12.750214,0.06510508,2,-1,-1
1206.3729,101.8321,52.953125,62.289253,0.06501898,2,-1,-1
583.3225,360.19763,29.020569,61.889862,0.064771235,8,-1,-1
737.31726,119.64244,17.553833,24.117706,0.06422767,1,-1,-1
201.92361,101.5076,77.87369,76.053024,0.06416464,7,-1,-1
226.99776,686.5661,85.83296,43.905945,0.063883334,8,-1,-1
657.3491,299.85422,11.661682,20.627563,0.06377727,3,-1,-1
601.8041,352.24405,44.729126,81.966095,0.06344837,8,-1,-1
259.3736,767.2884,66.46466,20.255554,0.06272021,1,-1,-1
755.0004,550.847,20.329407,42.99524,0.062696695,4,-1,-1
750.62164,128.74135,13.346497,22.626587,0.06251803,2,-1,-1
720.77716,300.7014,13.559998,15.644012,0.0624896,1,-1,-1
1211.676,95.882706,39.259155,38.144165,0.06240952,2,-1,-1
1204.0303,99.72738,57.26953,64.939766,0.062389642,1,-1,-1
732.9863,597.64746,11.697632,30.462097,0.062163144,10,-1,-1
1206.1785,108.82513,30.807251,27.75782,0.062068462,1,-1,-1
116.166435,465.78488,26.423058,12.267944,0.061969995,2,-1,-1
662.75836,306.899,5.333252,9.719177,0.06195399,1,-1,-1
730.5162,117.228584,17.706604,25.186928,0.06187737,3,-1,-1
1135.8541,0.0,23.07019,24.316929,0.06171894,4,-1,-1
261.93466,358.9706,18.047302,17.525238,0.061584294,2,-1,-1
1207.3551,106.10346,39.959595,44.275063,0.0614897,10,-1,-1
757.37915,640.1864,28.504517,77.890686,0.06143111,4,-1,-1
36.23604,746.61896,132.46548,40.924988,0.061350048,4,-1,-1
203.40413,49.267925,4.4696198,7.250122,0.061291695,1,-1,-1
724.95557,133.564,7.5646973,10.136444,0.061238557,1,-1,-1
218.0132,34.98571,4.584427,7.508938,0.061177224,1,-1,-1
730.8128,575.97955,12.848022,31.30957,0.060752124,1,-1,-1
601.8041,352.24405,44.729126,81.966095,0.060726255,7,-1,-1
654.1243,480.6085,9.790588,15.079285,0.06035766,1,-1,-1
0.0,447.06323,141.22058,54.2352,0.060321808,5,-1,-1
226.02916,685.0308,87.174484,45.892456,0.06024766,7,-1,-1
111.09125,465.90146,17.079086,10.895782,0.060000837,2,-1,-1
622.05096,347.97836,8.830139,14.379883,0.059981763,2,-1,-1
263.2047,331.80005,102.391754,47.18033,0.05982536,6,-1,-1
657.9982,302.86508,15.459106,23.090149,0.05973783,1,-1,-1
307.94754,775.15436,8.408539,9.034058,0.059683084,1,-1,-1
106.12749,459.65576,37.151367,31.772095,0.059638202,10,-1,-1
730.12634,116.864624,17.602844,26.326172,0.059305727,10,-1,-1
33.507935,746.28,135.27458,41.263916,0.059232414,8,-1,-1
263.4199,331.51797,103.57114,47.67633,0.05904776,3,-1,-1
583.75653,358.16504,27.394897,63.300964,0.05902797,7,-1,-1
655.91486,293.92953,15.694031,21.10373,0.058969826,1,-1,-1
730.2816,599.025,13.276672,32.073364,0.058930248,1,-1,-1
258.54324,767.60443,68.19559,19.939514,0.058878243,3,-1,-1
759.9274,126.47885,9.439392,13.134735,0.05865237,2,-1,-1
659.28485,298.73575,5.8619995,9.104492,0.058547527,1,-1,-1
81.05873,761.2777,17.865868,26.266235,0.058540106,4,-1,-1
750.9416,124.83569,20.737488,26.130798,0.05842647,8,-1,-1
670.0842,305.69992,7.876465,14.518982,0.058223158,1,-1,-1
789.89404,541.51306,8.464111,14.406006,0.057995588,1,-1,-1
794.70264,532.0165,55.426514,31.330688,0.0579409,8,-1,-1
653.3898,474.30243,11.228088,13.122955,0.05785176,1,-1,-1
627.1047,383.56512,9.447754,19.278717,0.057846457,1,-1,-1
774.8591,141.139,19.413208,13.707138,0.057845592,3,-1,-1
621.79663,345.39932,18.942627,24.605438,0.05766639,2,-1,-1
780.73773,130.10332,19.957947,13.528122,0.057640284,2,-1,-1
414.823,541.1842,11.33197,18.44336,0.05739075,1,-1,-1
45.672516,461.42477,8.250984,7.399994,0.057233095,2,-1,-1
602.70496,361.58087,7.6953125,16.094208,0.05722195,1,-1,-1
656.13226,298.13968,10.712891,16.899078,0.05712208,2,-1,-1
252.10654,757.0275,54.18985,30.516418,0.057041854,1,-1,-1
919.9437,170.5899,7.7110596,19.303452,0.057025254,1,-1,-1
743.68304,120.491936,8.965271,9.426903,0.056984246,2,-1,-1
788.12585,130.62254,15.990051,21.88295,0.05688736,3,-1,-1
742.5969,115.31896,14.709656,24.786888,0.056757778,1,-1,-1
269.96466,353.38806,9.104034,10.192383,0.056583345,1,-1,-1
227.27107,686.46045,84.97493,43.64447,0.05638057,1,-1,-1
733.41046,583.4906,12.291809,36.008484,0.056376755,10,-1,-1
293.44928,765.04456,35.147827,22.49939,0.056078225,10,-1,-1
938.70715,596.8606,125.33545,190.68335,0.055897176,9,-1,-1
227.26323,765.64264,68.81618,21.901306,0.055856913,4,-1,-1
657.2018,477.26907,8.401428,16.068634,0.055752248,1,-1,-1
733.6993,128.61221,8.000549,15.002197,0.055563986,2,-1,-1
620.4349,345.6576,11.5896,17.167328,0.055502236,1,-1,-1
384.16623,541.0436,9.886932,22.0484,0.0554457,1,-1,-1
221.29608,24.004591,4.50029,7.0501385,0.055417478,1,-1,-1
771.1468,134.72174,25.785583,25.834839,0.055411875,1,-1,-1
756.3317,131.36339,8.687805,15.586548,0.055348784,1,-1,-1
106.63309,477.39975,29.112732,15.79657,0.055302173,3,-1,-1
659.28485,298.73575,5.8619995,9.104492,0.055252284,2,-1,-1
732.29816,131.65582,6.4855957,10.745941,0.05512783,2,-1,-1
263.03766,332.60193,105.550415,47.18628,0.054762423,10,-1,-1
789.94904,541.2433,8.279907,14.914856,0.054610163,3,-1,-1
789.2665,130.68372,9.631165,14.016113,0.054473817,3,-1,-1
313.56204,52.735195,10.354401,12.668018,0.054195523,1,-1,-1
771.5115,135.1574,15.809021,24.060257,0.054112762,3,-1,-1
633.76135,335.39505,6.937622,15.863434,0.05386138,2,-1,-1
1159.5599,31.166014,10.614258,16.553461,0.053782612,1,-1,-1
128.51817,754.0889,25.262344,29.099548,0.05367133,2,-1,-1
311.2837,50.316303,9.336029,13.56134,0.053634286,2,-1,-1
625.6983,348.09058,7.6607056,13.745972,0.053619623,2,-1,-1
606.1942,340.8509,30.775818,61.13034,0.053538382,7,-1,-1
109.27297,467.39157,23.288506,18.06546,0.053496927,10,-1,-1
212.68459,74.98631,10.963699,11.719589,0.053235173,1,-1,-1
588.6505,349.26358,25.764587,47.057037,0.053204566,8,-1,-1
776.7645,132.1804,15.179321,17.986496,0.053117752,10,-1,-1
96.80607,753.5768,63.369514,33.967163,0.053117603,2,-1,-1
382.78174,556.16864,10.928833,8.041138,0.05303511,1,-1,-1
896.7649,757.74335,6.26532,14.003723,0.052966565,1,-1,-1
609.7837,389.6175,20.175049,38.43399,0.052924573,3,-1,-1
310.78693,45.415848,13.083679,20.540474,0.052891344,2,-1,-1
1159.3583,167.31622,27.187256,26.75473,0.052636385,2,-1,-1
114.28019,480.77252,21.575645,9.4991455,0.052461863,2,-1,-1
618.513,342.2696,15.764709,26.462585,0.052366376,2,-1,-1
45.978874,461.72623,7.4100075,6.8146973,0.0521771,1,-1,-1
735.35114,122.885445,6.341797,11.315819,0.05211079,2,-1,-1
1112.5667,755.8225,36.478516,31.721436,0.051946163,4,-1,-1
416.91324,524.43396,14.635345,27.949097,0.051887274,1,-1,-1
311.86435,776.0615,7.954071,11.482422,0.051823527,1,-1,-1
94.611275,448.11264,37.0427,24.498596,0.051601022,1,-1,-1
1144.5302,172.3798,22.083252,26.30278,0.051522225,1,-1,-1
730.42236,574.79254,13.342407,35.007812,0.05147335,10,-1,-1
614.5151,321.55215,27.472107,51.93271,0.05139512,4,-1,-1
76.378334,764.8537,16.334862,22.690247,0.05131516,1,-1,-1
111.28141,465.88272,24.410744,33.60254,0.051303774,1,-1,-1
579.9301,344.21045,25.95282,38.424072,0.051259458,2,-1,-1
291.7109,769.7134,35.87784,17.830566,0.051175356,3,-1,-1
734.7445,117.69843,7.1031494,10.122391,0.0511508,1,-1,-1
128.3315,467.29004,14.390381,9.984589,0.051140368,2,-1,-1
659.8972,297.53714,10.72345,13.819916,0.051089168,1,-1,-1
178.35585,53.97087,65.1189,35.62005,0.051063657,10,-1,-1
622.1825,338.24747,18.947937,35.776825,0.051041603,8,-1,-1
731.3331,122.00477,8.732849,12.472145,0.051006466,2,-1,-1
270.139,348.0763,9.2196045,11.558258,0.050997823,2,-1,-1
239.45255,761.8708,76.53656,25.673157,0.050889462,5,-1,-1
609.69653,376.04147,24.459106,30.058441,0.050854176,2,-1,-1
739.2378,121.07856,6.030884,9.094521,0.050716966,2,-1,-1
91.66311,762.1569,37.418922,25.387024,0.05067268,2,-1,-1
724.77966,132.2881,7.807617,12.0360565,0.050606877,2,-1,-1
311.1674,776.3004,9.748169,11.24353,0.050572455,2,-1,-1
214.47827,35.20732,4.8688354,7.605427,0.050516278,1,-1,-1
307.67758,775.9798,8.990021,11.564148,0.050430357,2,-1,-1
901.58856,523.06775,19.656555,27.295166,0.050424308,10,-1,-1
620.9773,381.87787,19.230225,22.8302,0.050389677,2,-1,-1
670.8447,306.31424,11.711609,18.06546,0.05036512,4,-1,-1
104.86002,757.03143,38.56991,30.512512,0.050349653,10,-1,-1
124.16459,456.01385,19.459328,16.328522,0.050269365,1,-1,-1
824.6653,635.4492,25.455933,62.75,0.050141424,5,-1,-1
622.1825,338.24747,18.947937,35.776825,0.05011654,7,-1,-1
579.25415,381.13736,23.281738,49.408325,0.050052106,3,-1,-1
754.0161,549.16705,22.672424,45.8584,0.050004542,10,-1,-1
