733.5679,444.975,107.161865,72.753265,0.9469011,4,-1,-1
684.3359,360.12384,117.820496,82.94141,0.935053,4,-1,-1
217.35368,295.7105,99.522415,76.78775,0.86994976,4,-1,-1
776.247,5.603763,187.20941,136.04523,0.78542733,5,-1,-1
352.68994,516.1695,124.52017,89.16766,0.7531084,5,-1,-1
13.434061,379.49524,134.7856,88.60541,0.74620223,5,-1,-1
1226.9644,137.9768,76.549805,67.54155,0.63485014,4,-1,-1
1145.59,63.374054,141.53674,97.52423,0.60295063,4,-1,-1
209.80061,332.60464,172.29445,121.082275,0.5251467,9,-1,-1
1029.657,317.04535,119.987915,74.82175,0.5141049,4,-1,-1
207.7745,330.76544,172.13153,121.35309,0.49282888,5,-1,-1
958.6895,662.0217,23.46222,30.904602,0.37642244,1,-1,-1
1162.4238,136.11168,142.84253,102.88284,0.32244623,4,-1,-1
353.95294,515.97473,123.370056,88.84454,0.30721235,9,-1,-1
1188.5552,0.0,129.54321,80.15877,0.29993093,4,-1,-1
216.12883,296.62695,101.46886,77.54401,0.2996776,5,-1,-1
1190.9462,0.0,119.96265,81.51208,0.2547182,5,-1,-1
1310.406,0.0,89.114746,79.58173,0.24013224,4,-1,-1
13.073622,380.96133,133.32541,86.97717,0.23458016,4,-1,-1
958.69293,485.8845,21.960144,17.728333,0.23417142,1,-1,-1
606.7462,621.84784,22.801208,24.959473,0.22653544,1,-1,-1
778.09656,5.767456,184.41931,134.87022,0.20324159,9,-1,-1
491.31952,402.49896,37.67505,26.506653,0.20264545,10,-1,-1
354.84625,516.8,123.21411,87.33917,0.20070574,4,-1,-1
1229.8367,0.0,158.22803,80.80026,0.19461283,4,-1,-1
493.70425,408.97598,33.137238,18.19992,0.19437054,2,-1,-1
490.88586,402.943,38.277588,25.559204,0.19117364,3,-1,-1
13.165491,381.4739,133.65533,87.01926,0.18940485,9,-1,-1
1152.682,68.73286,135.30151,86.468575,0.18432781,5,-1,-1
1024.4226,279.27255,199.17432,124.21835,0.18137166,4,-1,-1
1309.1934,31.558521,52.833496,46.79829,0.17236796,4,-1,-1
778.09656,5.767456,184.41931,134.87022,0.17055887,4,-1,-1
493.33847,408.44696,33.111725,18.698029,0.16020614,1,-1,-1
491.97177,402.22693,32.79715,18.764832,0.15690634,2,-1,-1
277.99435,510.6675,75.33734,83.86374,0.15069708,5,-1,-1
675.6418,767.9296,13.691589,19.614319,0.14584112,10,-1,-1
1257.3114,17.996939,6.7856445,13.242889,0.13987517,1,-1,-1
706.0191,732.51416,22.587708,46.28882,0.13792181,10,-1,-1
351.51804,55.477345,9.676331,9.119244,0.13240889,1,-1,-1
974.0662,751.67316,29.371765,35.87079,0.13205516,3,-1,-1
491.5379,402.38696,33.600098,18.565521,0.13009274,1,-1,-1
1155.5863,130.94412,116.010864,71.34796,0.130059,4,-1,-1
379.0407,456.60028,46.633698,36.219727,0.12871805,10,-1,-1
1117.7266,82.47435,24.710938,20.815346,0.122618645,1,-1,-1
351.04898,513.77344,126.534546,92.459595,0.120815516,6,-1,-1
261.22443,235.74138,20.294403,19.823395,0.11753026,1,-1,-1
13.165491,381.4739,133.65533,87.01926,0.11456221,6,-1,-1
1215.3464,0.0,176.69153,83.23357,0.11450115,5,-1,-1
222.9081,294.25565,14.828903,14.897186,0.113876075,1,-1,-1
1192.2844,0.0,110.45813,74.44702,0.11228037,9,-1,-1
385.11975,10.861506,23.23642,15.029952,0.11178607,1,-1,-1
207.7745,330.76544,172.13153,121.35309,0.11162946,6,-1,-1
397.04333,475.2973,12.746063,10.323822,0.110693246,1,-1,-1
262.44275,236.02795,18.786804,19.376053,0.108368754,2,-1,-1
259.80365,230.24928,26.26065,26.293533,0.10680306,10,-1,-1
1166.42,156.49577,108.489136,66.76428,0.10610086,4,-1,-1
1228.2615,138.4563,75.468506,65.66736,0.105318904,10,-1,-1
222.87686,293.75687,14.903946,15.77597,0.10501525,2,-1,-1
734.109,444.89764,106.87372,73.58118,0.10329959,5,-1,-1
1276.0828,677.4282,11.901489,20.474182,0.102547675,1,-1,-1
1305.5327,0.0,93.98804,81.86296,0.10246831,5,-1,-1
1192.3378,0.0,117.66272,79.27314,0.097957045,6,-1,-1
973.91626,751.29407,29.322998,36.249878,0.09766671,10,-1,-1
385.81244,11.172096,13.667603,9.886364,0.09586707,1,-1,-1
958.67847,662.0439,23.368042,31.114746,0.09334493,10,-1,-1
958.5424,486.13297,22.357178,17.259186,0.09248102,2,-1,-1
958.5424,486.13297,22.357178,17.259186,0.09167233,10,-1,-1
1384.0697,710.6071,15.45105,18.240417,0.09055722,10,-1,-1
207.7745,330.76544,172.13153,121.35309,0.090176344,4,-1,-1
778.09656,5.767456,184.41931,134.87022,0.08927494,6,-1,-1
385.49374,470.19458,22.701752,16.302856,0.08540213,2,-1,-1
1029.4055,317.4956,118.453125,74.8486,0.08417031,5,-1,-1
398.47327,0.0,17.989655,9.847903,0.084136695,1,-1,-1
385.23846,10.274603,22.990417,16.164425,0.08283442,10,-1,-1
1150.1205,133.78503,71.652466,60.826508,0.08267692,4,-1,-1
1223.1132,138.86128,80.937256,68.06871,0.08070117,5,-1,-1
1242.3716,526.0368,142.93726,183.32727,0.08038595,4,-1,-1
1383.4464,697.523,16.07434,26.468445,0.08022234,10,-1,-1
1095.0385,172.28757,205.80554,147.7752,0.07785636,4,-1,-1
1195.4683,200.63536,121.98328,111.86873,0.07635683,4,-1,-1
1253.3425,20.224758,8.101685,14.130489,0.07607815,1,-1,-1
1152.2327,94.013664,164.37695,116.69819,0.07382047,4,-1,-1
385.81244,11.172096,13.667603,9.886364,0.073553264,2,-1,-1
1277.631,677.8431,16.88623,23.983154,0.0723322,1,-1,-1
973.91626,751.29407,29.322998,36.249878,0.07216051,1,-1,-1
376.78455,462.87714,33.0195,26.213623,0.07203159,10,-1,-1
680.6533,358.49747,121.22827,87.46326,0.07199007,5,-1,-1
1308.1877,0.0,91.33301,82.32012,0.07180259,6,-1,-1
1138.8397,136.45074,161.67224,117.54176,0.07138854,5,-1,-1
1150.293,146.1147,79.12256,77.99872,0.07121831,4,-1,-1
1383.0765,695.8876,16.444214,30.548218,0.07101491,1,-1,-1
281.188,507.65173,71.22412,89.1864,0.07036367,4,-1,-1
377.40198,464.55127,28.705322,22.8461,0.06782913,2,-1,-1
384.75784,10.734732,23.73822,15.813557,0.06751576,2,-1,-1
382.19266,110.69684,17.102783,19.734573,0.06644198,1,-1,-1
270.78357,233.96814,17.680817,23.124146,0.066413045,1,-1,-1
1129.1176,83.79022,13.150024,9.562927,0.065632224,1,-1,-1
395.78024,473.44327,15.028839,13.208893,0.065407336,2,-1,-1
397.3633,0.0,19.74533,10.170631,0.0651727,10,-1,-1
381.1562,470.45276,18.851654,14.579071,0.06409529,2,-1,-1
675.6418,767.9296,13.691589,19.614319,0.062318444,4,-1,-1
965.50726,669.85913,15.259277,23.520813,0.061757892,1,-1,-1
1256.2256,21.726686,8.343262,14.400499,0.06166956,1,-1,-1
1384.378,698.3911,15.1427,25.042847,0.06166464,2,-1,-1
277.99435,510.6675,75.33734,83.86374,0.06157556,6,-1,-1
384.93,10.305418,22.966217,19.24363,0.061223805,3,-1,-1
382.8753,469.2507,26.016724,17.940033,0.06079331,1,-1,-1
969.73254,678.6715,10.468628,13.05188,0.060597867,1,-1,-1
959.50757,661.9215,22.377197,31.265503,0.060388148,2,-1,-1
1289.4565,713.54156,8.028198,13.698364,0.06033057,1,-1,-1
1281.1932,569.8328,9.4921875,11.701904,0.060198396,1,-1,-1
1178.2937,760.31305,60.616333,27.230896,0.059914827,4,-1,-1
491.69427,399.9695,39.83844,31.270477,0.05970198,2,-1,-1
1256.7477,601.0487,110.85535,118.970764,0.059561133,4,-1,-1
488.50314,398.3753,38.399933,33.83603,0.059528917,1,-1,-1
965.44147,492.5675,15.192688,8.737671,0.059371024,1,-1,-1
959.73376,660.306,18.526001,21.675049,0.059081107,1,-1,-1
1215.3464,0.0,176.69153,83.23357,0.058742613,6,-1,-1
675.6418,767.9296,13.691589,19.614319,0.05834949,1,-1,-1
1286.4338,684.8713,14.849243,20.52118,0.058198184,1,-1,-1
1275.458,610.3415,12.361694,10.904175,0.05795327,1,-1,-1
381.86813,464.7889,19.34793,16.00766,0.057836026,2,-1,-1
1154.133,134.5032,58.004517,59.601974,0.057415843,10,-1,-1
1152.682,68.73286,135.30151,86.468575,0.05735874,6,-1,-1
217.53014,320.66196,122.2968,75.82489,0.05722195,4,-1,-1
1258.1088,15.649058,5.203369,11.747489,0.05718887,1,-1,-1
1078.2622,105.911804,10.76123,12.117622,0.056755573,1,-1,-1
1192.1887,0.0,114.639404,79.13727,0.056670964,8,-1,-1
270.5808,240.13281,10.499237,14.45546,0.05590698,1,-1,-1
1394.3735,26.190788,5.147217,8.612942,0.055684447,1,-1,-1
1163.49,179.6547,189.9762,145.17618,0.05546844,4,-1,-1
373.1344,34.490524,8.19516,7.243023,0.05534324,1,-1,-1
1311.1156,0.0,88.40515,80.36189,0.055053204,7,-1,-1
961.8806,488.1598,14.434937,12.943756,0.054921985,1,-1,-1
1307.8204,17.212465,60.809692,60.974533,0.05470124,5,-1,-1
1309.4958,32.609337,53.074463,45.791023,0.054006964,1,-1,-1
1248.9248,22.752604,8.1154785,13.875723,0.05360937,1,-1,-1
351.51804,55.477345,9.676331,9.119244,0.05360055,2,-1,-1
1117.7266,82.47435,24.710938,20.815346,0.053519756,2,-1,-1
557.226,743.03326,5.0108643,5.559082,0.053323418,1,-1,-1
1113.1998,80.797806,30.21521,27.165161,0.052832574,10,-1,-1
370.3278,33.988743,10.840851,12.323696,0.052820116,1,-1,-1
391.51688,472.61826,15.134735,12.01767,0.052751094,2,-1,-1
1289.8195,713.6119,7.1932373,13.574036,0.052398354,2,-1,-1
216.55714,295.44086,100.23427,78.87891,0.052247852,1,-1,-1
1384.4673,711.1423,15.053467,17.371704,0.05220309,1,-1,-1
216.12883,296.62695,101.46886,77.54401,0.052168965,6,-1,-1
1071.8407,331.77185,18.933105,13.300781,0.05206701,1,-1,-1
381.40613,473.51938,12.99054,11.897827,0.05201465,1,-1,-1
1290.0488,690.38007,9.193726,13.448975,0.05194983,1,-1,-1
432.9202,468.6397,5.303467,7.4535217,0.051781505,1,-1,-1
385.73172,16.41428,21.128296,14.384991,0.051714033,1,-1,-1
397.3633,0.0,19.74533,10.170631,0.05167824,2,-1,-1
1384.4673,711.1423,15.053467,17.371704,0.051389933,3,-1,-1
272.7077,242.20468,17.93808,17.397217,0.05059898,1,-1,-1
1305.5327,0.0,93.98804,81.86296,0.050331295,9,-1,-1
493.74033,402.91083,28.914093,17.20929,0.0500094,10,-1,-1
