1047.0332,718.03656,31.606812,64.93146,0.90564346,1,-1,-1
1027.3596,710.94196,28.206299,57.176147,0.8851895,1,-1,-1
676.70703,870.85364,39.389526,79.24103,0.88076925,1,-1,-1
648.6337,798.4092,38.171204,80.83777,0.8388745,1,-1,-1
893.77277,418.0881,11.782288,27.085052,0.8080934,1,-1,-1
785.93994,453.4307,13.314392,27.404297,0.74123925,1,-1,-1
1208.019,435.1157,17.588135,28.864502,0.73765993,1,-1,-1
797.64545,498.9587,16.786316,37.585724,0.7122691,1,-1,-1
777.8808,497.4635,16.636414,35.832703,0.6978376,1,-1,-1
332.6386,466.01038,19.484314,39.19638,0.69429576,1,-1,-1
714.68475,482.37567,16.687134,34.167847,0.6673087,1,-1,-1
328.466,391.7035,11.407196,21.614136,0.61768794,1,-1,-1
1202.5406,390.46378,16.661743,23.359589,0.522263,1,-1,-1
862.1329,390.13513,11.239319,22.413208,0.47200298,1,-1,-1
838.683,416.314,11.233582,16.517487,0.466067,1,-1,-1
829.97644,368.67886,8.525818,19.185822,0.41891897,1,-1,-1
104.29238,357.54147,37.52688,20.122742,0.4039629,4,-1,-1
114.10342,355.5988,38.026466,19.977264,0.4039405,4,-1,-1
367.1446,382.03226,12.518005,25.106506,0.3477714,1,-1,-1
239.43114,376.99976,10.145782,19.397247,0.34393704,1,-1,-1
0.0,474.36115,15.522497,36.515076,0.3439321,1,-1,-1
838.9445,416.49408,10.831055,15.959137,0.29261512,2,-1,-1
636.2313,457.24814,17.636719,31.067047,0.28587222,1,-1,-1
49.956726,347.13562,9.842613,19.794739,0.27467042,1,-1,-1
939.3805,396.63977,8.518127,17.090332,0.25992608,1,-1,-1
1136.7657,704.3745,37.94568,22.080383,0.2575068,3,-1,-1
363.24976,526.26746,19.136566,49.738525,0.2545678,1,-1,-1
98.58023,361.23105,51.591385,26.566315,0.23607224,4,-1,-1
93.07238,361.49677,41.335793,20.25827,0.2309523,4,-1,-1
344.86096,312.59317,5.8976746,13.37558,0.22464815,1,-1,-1
832.09064,370.23422,9.80542,19.567596,0.22007582,1,-1,-1
338.09393,389.56775,10.353668,23.136353,0.2167514,1,-1,-1
1202.6854,390.7394,16.351318,22.942291,0.21641782,2,-1,-1
767.5811,342.9845,33.97174,19.815979,0.215915,4,-1,-1
47.60107,335.23383,8.926189,19.138336,0.21086046,1,-1,-1
70.08018,340.44592,7.932884,15.050018,0.20849109,1,-1,-1
66.71511,338.02817,8.997498,17.869324,0.20587063,1,-1,-1
47.01014,341.13275,9.630146,21.71759,0.20211491,1,-1,-1
767.46906,384.7248,8.248718,20.676971,0.19947043,1,-1,-1
1201.3434,390.80057,19.034302,23.01709,0.19713935,3,-1,-1
100.02455,352.63217,54.95746,27.686157,0.19646215,4,-1,-1
819.1519,371.90146,8.944946,18.746307,0.19622922,1,-1,-1
740.6384,361.43835,8.238403,19.58191,0.19298252,1,-1,-1
835.863,371.31653,9.080872,19.868378,0.19265154,1,-1,-1
824.348,371.95078,9.678345,18.008942,0.18751255,1,-1,-1
353.94565,307.7642,5.4696655,13.769196,0.18740791,1,-1,-1
830.71106,366.598,6.510315,15.248901,0.18603465,1,-1,-1
775.31836,358.2267,9.151428,17.153534,0.18543407,1,-1,-1
762.407,375.21826,7.6813965,15.313538,0.18406013,1,-1,-1
384.3325,439.5739,32.88571,26.991913,0.18365192,3,-1,-1
636.2313,457.24814,17.636719,31.067047,0.17964303,10,-1,-1
158.78253,360.6645,41.21762,22.644623,0.17715907,4,-1,-1
234.60002,375.03696,12.745743,20.678375,0.1767529,1,-1,-1
114.34386,360.5544,22.179016,13.253387,0.1767013,4,-1,-1
841.83514,415.07928,11.69812,16.779327,0.17661914,1,-1,-1
36.40796,348.3567,9.618736,20.468353,0.17435637,1,-1,-1
801.3832,364.67984,9.089111,13.718872,0.17209437,2,-1,-1
321.72986,389.7883,14.9539795,25.929016,0.17166844,1,-1,-1
52.305862,536.00507,20.515175,44.446167,0.17144883,1,-1,-1
775.277,354.9998,32.43866,20.723724,0.17038503,4,-1,-1
90.55494,353.2314,8.600105,18.896759,0.16810971,1,-1,-1
0.0,473.99158,15.254568,37.334595,0.16488343,2,-1,-1
829.8491,370.3914,8.5251465,18.35736,0.16281512,2,-1,-1
768.1111,342.58936,33.792725,20.665283,0.16251591,5,-1,-1
786.6712,454.36746,12.356445,25.538147,0.16054347,2,-1,-1
801.377,364.36578,8.791809,14.676849,0.16016856,1,-1,-1
369.89307,290.08224,26.14151,13.827759,0.15645123,4,-1,-1
239.1608,377.29572,10.715576,18.558533,0.15641558,2,-1,-1
1207.05,392.7555,9.670166,18.272827,0.15558773,1,-1,-1
356.83847,399.8805,9.854462,22.916168,0.15551603,1,-1,-1
814.2355,377.21265,9.093018,15.076477,0.15447289,2,-1,-1
826.09344,372.9837,12.390869,18.997803,0.15415531,1,-1,-1
29.018314,352.94662,10.150661,21.223297,0.15330482,1,-1,-1
359.60132,381.7091,13.2300415,25.400024,0.14976522,1,-1,-1
636.9943,457.87512,16.646606,30.02298,0.14935821,2,-1,-1
349.43564,381.86893,11.454895,24.345642,0.14935333,1,-1,-1
814.59326,374.6952,8.945557,16.174988,0.14885312,1,-1,-1
317.2043,379.73904,9.8414,21.931946,0.1472393,1,-1,-1
1199.1436,386.16483,28.421875,27.254791,0.14608133,1,-1,-1
318.98325,317.69147,6.6817017,13.539185,0.14564478,1,-1,-1
765.2121,377.2634,8.444763,20.5448,0.14534011,1,-1,-1
329.8981,385.49573,16.84967,29.117706,0.14443195,1,-1,-1
791.1578,343.3327,7.4213257,16.564453,0.1442323,1,-1,-1
46.32397,349.35004,10.7574005,19.986755,0.14404836,1,-1,-1
350.3769,306.94864,5.180908,13.13028,0.14351803,1,-1,-1
295.35168,316.9784,6.075714,11.995697,0.14326265,1,-1,-1
275.46875,354.25385,8.220856,14.077362,0.14316127,1,-1,-1
762.5943,375.40118,7.2749634,14.465363,0.14185363,2,-1,-1
344.8586,308.61893,5.632843,12.901184,0.14058319,1,-1,-1
95.86799,364.29272,8.886063,16.905853,0.13973683,1,-1,-1
126.70921,355.47113,41.055237,19.174713,0.13926488,4,-1,-1
773.0525,359.6587,7.527588,15.154297,0.13800773,1,-1,-1
804.2106,379.34427,8.526123,15.548492,0.13607359,2,-1,-1
95.157265,356.98373,8.574829,18.63623,0.13594261,1,-1,-1
99.26349,368.94498,8.525574,15.878265,0.13508669,1,-1,-1
67.57281,344.2835,7.1489334,14.326202,0.13458592,1,-1,-1
636.4615,457.4238,20.660583,31.145782,0.1343042,3,-1,-1
291.66885,317.96738,6.113434,11.627838,0.1341165,1,-1,-1
804.22186,376.65607,14.435852,16.515717,0.13400015,10,-1,-1
775.7069,357.7273,8.614014,18.05362,0.1337029,2,-1,-1
207.178,330.52493,7.8743744,13.317841,0.13354224,1,-1,-1
648.5372,797.61304,39.8125,80.87323,0.13337517,2,-1,-1
780.6282,457.5684,20.37268,30.141357,0.13290888,1,-1,-1
380.97653,385.22604,9.890961,22.724945,0.1325449,1,-1,-1
775.30096,339.80432,26.450562,16.193787,0.13218614,4,-1,-1
395.1577,424.2616,17.67398,34.68344,0.13199958,1,-1,-1
19.458935,353.8342,10.431055,20.922943,0.13185802,1,-1,-1
61.932,333.7095,8.854179,18.372528,0.13100329,1,-1,-1
348.47916,371.129,11.683899,25.4805,0.13028768,1,-1,-1
841.83514,415.07928,11.69812,16.779327,0.13028616,2,-1,-1
771.0523,386.43872,7.6748047,19.209259,0.13019985,1,-1,-1
112.72431,362.53772,32.38015,18.670654,0.12984893,4,-1,-1
938.587,396.2175,19.038574,16.632996,0.12968141,1,-1,-1
93.258995,366.2102,20.497917,16.803009,0.12932631,10,-1,-1
1202.6222,386.10544,20.940796,27.371796,0.1283403,10,-1,-1
0.0,474.844,16.861471,37.424194,0.12776005,3,-1,-1
804.0071,361.40637,8.309937,14.162933,0.12736544,1,-1,-1
786.685,458.1664,8.847351,20.506134,0.12721106,1,-1,-1
374.11652,279.16464,5.27652,10.215332,0.12620425,1,-1,-1
125.665565,356.53668,22.314415,13.562714,0.12596953,4,-1,-1
41.09784,348.8275,9.669331,19.208252,0.12585625,1,-1,-1
800.8435,377.73877,9.051819,17.033691,0.12545925,2,-1,-1
817.3814,375.3059,8.418762,17.251312,0.12543848,1,-1,-1
364.3444,307.86102,5.8058777,12.962372,0.12439641,1,-1,-1
786.35736,454.16956,12.580383,25.93689,0.12423724,3,-1,-1
320.50674,330.3459,6.5342407,13.792419,0.12394577,1,-1,-1
31.670969,347.52124,9.654257,21.390564,0.12379649,1,-1,-1
384.3325,439.5739,32.88571,26.991913,0.12293705,10,-1,-1
367.6656,389.3723,9.0572815,18.742645,0.12283498,1,-1,-1
805.99756,376.27304,10.967285,17.532196,0.12206519,1,-1,-1
109.96667,373.58945,7.718483,16.787537,0.12198633,1,-1,-1
1220.9844,389.0565,14.045898,16.416748,0.121690005,1,-1,-1
49.965153,337.57297,8.817543,18.294739,0.12160155,1,-1,-1
838.1427,416.6588,12.509033,15.294708,0.12155619,3,-1,-1
838.8245,472.68033,11.98291,17.763031,0.121463835,1,-1,-1
819.2875,372.91656,8.705139,17.232727,0.12144506,2,-1,-1
108.54905,370.77826,42.485832,20.621063,0.1210475,4,-1,-1
762.15546,378.7604,8.295959,21.441193,0.12041861,1,-1,-1
16.780056,353.1735,9.55299,19.264954,0.12025559,1,-1,-1
0.0,475.57352,16.722073,35.553223,0.12024665,10,-1,-1
110.84713,359.4953,60.56347,30.084229,0.119644344,4,-1,-1
332.68408,466.14026,19.82254,40.00836,0.1194917,2,-1,-1
393.3285,427.03683,21.700958,31.593079,0.11890894,3,-1,-1
678.0068,425.3498,9.29718,20.652863,0.11832932,1,-1,-1
211.80981,330.6513,7.6088867,13.01712,0.117585,1,-1,-1
1058.3348,391.98914,11.233643,17.536163,0.11736506,1,-1,-1
1203.9166,386.1858,29.144287,20.805115,0.117120445,3,-1,-1
395.1577,424.2616,17.67398,34.68344,0.11695096,2,-1,-1
769.3426,344.32806,33.711853,20.793182,0.11670852,6,-1,-1
843.79755,371.28415,8.502563,17.703491,0.11630827,1,-1,-1
1027.1715,710.0907,28.004028,57.555237,0.11624232,4,-1,-1
775.277,354.9998,32.43866,20.723724,0.1158137,5,-1,-1
90.03919,360.6422,8.725792,19.250244,0.11555782,1,-1,-1
95.866234,371.27304,9.441689,17.963654,0.1151745,1,-1,-1
357.97638,390.8853,12.27243,26.682281,0.11498931,1,-1,-1
25.112638,515.3297,32.897697,25.936768,0.11496416,3,-1,-1
789.6213,458.61566,8.973328,18.91568,0.11496076,1,-1,-1
1111.6953,389.45203,10.194214,21.659973,0.11488029,1,-1,-1
857.7018,705.6704,28.314636,49.776794,0.113918275,1,-1,-1
149.82637,356.23895,43.18306,22.25296,0.11355674,4,-1,-1
843.48065,418.2054,7.454468,12.809692,0.11294362,1,-1,-1
94.99114,347.8677,8.264145,19.042938,0.112724215,1,-1,-1
85.83852,351.16006,51.08937,27.128723,0.11258334,4,-1,-1
106.14705,373.26767,10.038551,18.726593,0.112366766,1,-1,-1
798.4368,363.6935,8.797241,16.595825,0.11219415,1,-1,-1
94.90162,365.68222,15.694351,18.128998,0.112078935,1,-1,-1
1355.4077,415.0995,34.75757,15.995453,0.110962,10,-1,-1
237.73335,378.3397,7.8695526,15.6987,0.11057106,1,-1,-1
715.42365,481.5551,15.919312,34.774048,0.11039016,2,-1,-1
865.61346,385.91827,10.84198,24.314514,0.11034313,1,-1,-1
0.0,266.76498,39.134228,30.583649,0.10992426,4,-1,-1
815.50714,376.29095,11.192017,16.228577,0.109835565,10,-1,-1
1136.7657,704.3745,37.94568,22.080383,0.10982028,10,-1,-1
98.551414,357.00903,29.474266,18.969086,0.10966572,4,-1,-1
241.82726,378.84146,6.9909973,13.592682,0.109128356,1,-1,-1
308.29172,366.74893,19.066986,13.556305,0.10867399,10,-1,-1
832.96136,366.67584,13.06366,19.693542,0.108211905,1,-1,-1
0.0,268.08755,22.92021,20.553406,0.1072281,4,-1,-1
780.4097,345.53406,33.67749,20.055603,0.10716513,4,-1,-1
717.297,489.96368,10.53064,26.92218,0.10710037,1,-1,-1
108.5329,369.3649,10.340836,15.24054,0.10696867,1,-1,-1
938.21857,397.20914,23.946228,15.920074,0.10647705,3,-1,-1
838.63586,371.91257,10.39032,17.786652,0.10635522,1,-1,-1
48.097107,333.0143,6.856243,13.698761,0.105914086,1,-1,-1
800.7202,373.1776,8.002808,16.208038,0.10562834,2,-1,-1
389.29202,435.39285,24.248962,31.672241,0.10558495,1,-1,-1
370.69247,388.2304,9.980072,20.358429,0.10546997,1,-1,-1
786.87537,454.27393,12.370422,25.340424,0.10451144,10,-1,-1
376.59796,385.59488,10.578064,22.040314,0.10445079,1,-1,-1
825.3508,369.95715,6.836914,14.754486,0.10421601,1,-1,-1
775.84375,356.45303,14.298889,17.253296,0.10417923,1,-1,-1
332.7651,466.06393,19.674133,40.61551,0.10417095,4,-1,-1
208.44182,327.39145,5.874298,13.151825,0.103894055,1,-1,-1
27.173193,356.59125,9.297888,19.18399,0.10384476,1,-1,-1
830.1894,376.62564,7.152405,14.864746,0.10379514,1,-1,-1
751.1209,353.7305,8.123779,16.301453,0.10341033,1,-1,-1
1208.4546,391.54388,14.189453,19.18332,0.10340646,1,-1,-1
1201.5289,375.2394,18.447998,35.348236,0.10315609,1,-1,-1
115.345245,363.95142,18.448013,14.187408,0.10307965,4,-1,-1
800.6304,377.41324,8.804321,17.639557,0.102558434,1,-1,-1
46.43628,335.81665,14.154907,24.521088,0.10248923,1,-1,-1
104.29238,357.54147,37.52688,20.122742,0.10193285,5,-1,-1
774.0467,344.87097,18.90509,19.771484,0.10135695,4,-1,-1
1045.0908,725.4219,22.050781,52.6308,0.10094613,1,-1,-1
1112.5,384.19382,40.41797,21.561554,0.10079947,10,-1,-1
52.446705,350.01184,6.323097,15.10614,0.10077995,1,-1,-1
389.29202,435.39285,24.248962,31.672241,0.10065597,2,-1,-1
333.252,466.58694,20.232391,37.88803,0.100625664,3,-1,-1
119.75717,359.56653,25.208221,12.617432,0.100559026,4,-1,-1
800.3313,382.60297,10.358215,17.725067,0.10052413,2,-1,-1
832.6465,371.5744,9.13916,17.49643,0.10022086,2,-1,-1
318.37622,390.02472,9.993469,22.061066,0.10016513,1,-1,-1
805.99756,376.27304,10.967285,17.532196,0.099867105,2,-1,-1
47.93635,336.23492,10.92173,20.600708,0.09963739,10,-1,-1
380.6667,431.47473,30.227936,29.02179,0.09932175,3,-1,-1
797.49365,383.12878,8.216919,18.497314,0.099016726,1,-1,-1
804.0237,381.42395,8.844849,18.343811,0.09845519,1,-1,-1
226.75072,324.81534,6.947052,14.629089,0.0983423,1,-1,-1
318.0018,372.54355,10.662201,20.17694,0.09818518,1,-1,-1
114.39502,355.36316,37.084305,20.615326,0.09805083,5,-1,-1
759.6263,374.3558,10.007385,17.064362,0.09799835,10,-1,-1
719.7512,402.68347,11.022644,21.7724,0.09791538,1,-1,-1
833.51196,365.56952,8.219788,16.778198,0.09789485,1,-1,-1
803.8169,373.4994,9.366699,17.17508,0.09774655,2,-1,-1
648.55194,798.0152,38.51239,80.987915,0.09771058,3,-1,-1
793.44525,365.97522,16.546875,14.1285095,0.097530186,10,-1,-1
43.509758,391.34573,15.773712,17.3667,0.097397715,1,-1,-1
66.79845,337.73987,10.200119,17.656403,0.09729773,10,-1,-1
748.3822,354.33136,7.7650757,15.954437,0.09727353,1,-1,-1
809.6467,378.15488,11.617859,14.913727,0.09724912,2,-1,-1
270.7914,355.53415,13.36377,13.604401,0.097236305,10,-1,-1
557.60565,414.62494,20.370728,33.09317,0.09722602,3,-1,-1
177.01842,330.00696,7.7624207,16.382751,0.09701347,1,-1,-1
827.16266,372.11917,9.501404,19.377075,0.097004354,2,-1,-1
95.15249,371.38586,16.693459,20.536133,0.09668496,1,-1,-1
237.63289,376.3249,16.092773,25.376892,0.096655846,1,-1,-1
105.307686,368.60812,9.40271,16.550568,0.095408976,1,-1,-1
368.59894,378.578,17.622925,30.256195,0.0952273,1,-1,-1
352.77405,403.46982,10.476746,23.176575,0.09480661,1,-1,-1
835.00604,416.6515,11.171448,16.511627,0.094670355,1,-1,-1
72.70266,746.84143,23.766373,30.312073,0.09454563,1,-1,-1
363.99857,502.18903,20.440369,35.858765,0.09453794,1,-1,-1
281.47577,320.04333,6.4877625,14.0466,0.09433344,1,-1,-1
829.15454,370.7295,10.208069,18.434662,0.09418079,10,-1,-1
117.156364,348.56586,30.45951,22.281921,0.094150156,4,-1,-1
290.74515,319.46658,8.20105,14.175751,0.094147146,1,-1,-1
1357.7804,415.33383,32.278442,15.66748,0.09378487,1,-1,-1
782.4941,344.48148,17.690918,18.656525,0.09360671,4,-1,-1
69.78474,344.60648,9.062103,18.896759,0.09352216,1,-1,-1
270.19855,354.40903,10.277252,13.943298,0.093417704,1,-1,-1
91.647804,345.48105,7.795433,17.14029,0.093072146,1,-1,-1
48.390644,341.8358,11.249916,23.47174,0.09305942,10,-1,-1
797.64545,498.9587,16.786316,37.585724,0.0928942,4,-1,-1
777.75165,362.22678,8.574097,19.013153,0.092876226,1,-1,-1
99.74236,359.5085,8.501381,16.210327,0.09269503,1,-1,-1
313.4455,383.96368,18.774689,30.23233,0.09246653,1,-1,-1
365.8555,518.8566,22.139648,47.72693,0.092240006,1,-1,-1
325.54672,461.9478,31.548248,50.470337,0.09222236,1,-1,-1
27.491615,348.93643,9.326412,20.96701,0.09210679,1,-1,-1
1204.8287,392.80695,13.750732,20.426147,0.0919306,10,-1,-1
820.8237,371.13013,6.463257,12.584259,0.09182584,1,-1,-1
640.1052,446.88678,18.79309,39.11859,0.09178612,1,-1,-1
399.0923,376.63876,15.917664,30.35263,0.09176603,1,-1,-1
99.50339,376.25552,9.809509,17.603638,0.091544956,1,-1,-1
21.518105,360.56317,10.742218,19.318878,0.09146008,1,-1,-1
1206.3949,434.8262,20.935913,30.170135,0.091365874,2,-1,-1
315.09967,378.12875,9.55426,19.186676,0.09111762,1,-1,-1
352.75366,310.16626,8.141266,13.777039,0.09110215,1,-1,-1
1207.2788,393.52335,9.876953,17.429321,0.09106356,2,-1,-1
352.9909,303.71475,7.142761,14.890198,0.09104961,1,-1,-1
943.39185,399.84335,19.181946,12.769592,0.09094125,1,-1,-1
830.4879,366.52646,7.0707397,16.417206,0.09074879,2,-1,-1
859.6721,393.7443,10.776428,20.249268,0.09073889,1,-1,-1
366.1956,385.79703,12.140076,21.641327,0.09071317,2,-1,-1
776.98175,357.0942,6.659973,12.74054,0.0906769,1,-1,-1
91.210625,365.21564,27.479675,18.414795,0.09053162,4,-1,-1
308.58868,366.6287,17.996094,14.166992,0.09032282,1,-1,-1
87.72735,346.28726,9.363693,19.048584,0.09016979,1,-1,-1
349.14908,310.52628,5.7450867,13.831757,0.09007463,1,-1,-1
767.46906,384.7248,8.248718,20.676971,0.09000018,2,-1,-1
348.97913,387.87155,12.806183,27.537231,0.089824736,1,-1,-1
796.8855,358.29855,10.387451,16.53601,0.0894697,1,-1,-1
311.61194,373.25815,11.872131,22.570374,0.08930364,1,-1,-1
317.38712,320.25485,9.258514,14.181488,0.089199245,1,-1,-1
766.902,384.8402,8.71637,20.254425,0.08910215,3,-1,-1
341.21344,391.29388,10.861694,23.89746,0.08895725,1,-1,-1
824.51715,372.53687,9.130554,16.78659,0.088936776,2,-1,-1
843.48065,418.2054,7.454468,12.809692,0.088929564,2,-1,-1
21.650404,349.6742,9.670902,19.518738,0.08891991,1,-1,-1
766.902,384.8402,8.71637,20.254425,0.08880973,10,-1,-1
72.95212,744.49835,23.073112,32.57068,0.088682115,3,-1,-1
206.87978,331.29547,8.840668,12.393219,0.08847737,10,-1,-1
859.644,382.65897,18.017456,29.668762,0.088434905,1,-1,-1
82.60786,355.6205,60.066032,36.14203,0.08841896,4,-1,-1
154.05576,358.17142,63.36374,31.173706,0.08816123,4,-1,-1
339.10706,372.02972,12.071259,21.990967,0.08814654,1,-1,-1
96.07728,354.33777,6.709656,15.654205,0.08812198,1,-1,-1
1136.7657,704.3745,37.94568,22.080383,0.08809772,7,-1,-1
291.66885,317.96738,6.113434,11.627838,0.08795914,2,-1,-1
359.89062,307.5542,5.314148,13.016357,0.08779234,1,-1,-1
364.71146,386.5704,17.697021,26.427216,0.087714046,1,-1,-1
333.252,466.58694,20.232391,37.88803,0.087557495,10,-1,-1
837.3211,415.29575,12.414124,17.619263,0.08750576,10,-1,-1
13.410895,348.60477,8.128739,18.21112,0.08732939,1,-1,-1
840.66077,416.00278,6.4780273,12.620697,0.08727431,2,-1,-1
286.0469,317.4082,5.801056,11.959747,0.087269515,1,-1,-1
779.68445,360.795,8.727661,19.277252,0.08726883,2,-1,-1
79.74171,342.15128,8.350151,18.319672,0.08705765,1,-1,-1
234.60002,375.03696,12.745743,20.678375,0.08697605,2,-1,-1
52.305862,536.00507,20.515175,44.446167,0.086868316,3,-1,-1
3.4445212,523.6997,20.406607,26.311157,0.08685681,3,-1,-1
309.10336,402.39178,15.847382,22.660583,0.0868454,1,-1,-1
775.50757,355.67398,31.724548,19.539368,0.086716235,8,-1,-1
312.57614,528.4736,18.010712,39.348328,0.086657524,1,-1,-1
351.83215,382.52084,18.770996,30.457764,0.08649555,1,-1,-1
318.2485,406.02405,11.087799,21.443024,0.08648023,1,-1,-1
337.18628,471.73044,11.115204,29.780884,0.086419374,1,-1,-1
207.55508,331.07294,6.938034,12.204895,0.086345315,2,-1,-1
65.955826,346.11362,10.793922,18.100739,0.08623269,1,-1,-1
320.36533,312.88953,5.627228,13.022095,0.08615267,1,-1,-1
834.8492,373.6921,6.3398438,14.119232,0.08580771,1,-1,-1
158.78253,360.6645,41.21762,22.644623,0.085760355,5,-1,-1
812.23535,376.05588,16.123291,17.27118,0.08571902,1,-1,-1
817.3814,375.3059,8.418762,17.251312,0.08550039,2,-1,-1
756.1765,349.4813,7.708618,16.508148,0.085490346,1,-1,-1
212.21982,331.01947,7.0335846,12.405121,0.08533168,2,-1,-1
398.4102,306.5865,5.9129333,13.290894,0.08529982,1,-1,-1
840.1309,416.18243,7.314026,12.832123,0.08529523,1,-1,-1
42.209225,388.1813,20.822323,18.182312,0.08522728,3,-1,-1
50.561604,331.53018,9.060425,18.31903,0.08488658,1,-1,-1
819.7633,364.74918,8.543579,18.109528,0.08474061,1,-1,-1
859.03705,364.67645,8.547607,20.511627,0.08449519,1,-1,-1
258.1863,432.11658,36.036865,24.45752,0.08437902,10,-1,-1
370.01877,290.03857,25.789917,14.082092,0.08429304,5,-1,-1
758.3853,374.68713,12.074158,16.320587,0.08398774,3,-1,-1
232.53311,325.14566,7.38974,14.346161,0.083913,1,-1,-1
342.07938,404.78845,10.393127,22.79898,0.08363986,1,-1,-1
775.31085,356.25952,18.355347,17.753998,0.0835506,4,-1,-1
374.8768,380.17377,16.431183,29.939789,0.0835121,1,-1,-1
824.41394,364.28766,8.558411,17.903137,0.08341855,1,-1,-1
802.62646,376.82428,17.217224,16.72754,0.08318761,3,-1,-1
65.667755,332.3084,9.154259,19.328491,0.0831233,1,-1,-1
37.411633,352.6858,11.872089,18.664429,0.083048016,1,-1,-1
817.6487,367.9061,8.508789,17.56427,0.08296853,1,-1,-1
800.3313,382.60297,10.358215,17.725067,0.08292633,1,-1,-1
334.92136,306.78836,5.573059,11.503387,0.08260453,1,-1,-1
803.56024,361.06583,9.095276,15.178284,0.0824914,2,-1,-1
402.76715,303.32367,5.4484253,13.1449585,0.08246228,1,-1,-1
808.0627,379.09973,14.24054,13.350647,0.08214781,10,-1,-1
5.7809525,519.18243,44.02348,31.13861,0.082111865,3,-1,-1
221.66159,330.7255,7.9023743,13.5961,0.08211103,1,-1,-1
757.2417,375.73135,8.067383,19.169312,0.08192974,1,-1,-1
56.3376,334.0854,16.403648,18.468262,0.08190936,10,-1,-1
382.9518,303.42496,5.745941,13.79599,0.08180612,1,-1,-1
862.981,383.24783,9.744507,22.395416,0.08159649,1,-1,-1
803.8169,373.4994,9.366699,17.17508,0.08148578,1,-1,-1
813.9054,379.70932,9.377747,16.593872,0.08147231,1,-1,-1
394.71634,440.0495,32.394745,24.623718,0.081250995,3,-1,-1
307.97568,366.51257,24.332062,14.96225,0.08124766,3,-1,-1
810.0658,349.979,7.5742188,14.9010315,0.08124682,1,-1,-1
93.134056,356.77017,18.780373,17.8768,0.081208944,1,-1,-1
96.866646,369.90756,6.6462936,13.696075,0.08077416,1,-1,-1
778.3625,496.3085,15.666138,37.176483,0.080616,4,-1,-1
938.18335,398.9571,7.2348633,13.060974,0.08057481,1,-1,-1
1203.8108,394.28592,10.20166,16.369995,0.08050141,1,-1,-1
815.50714,376.29095,11.192017,16.228577,0.08043495,3,-1,-1
697.69653,429.54053,10.890991,21.241455,0.080402285,1,-1,-1
795.3587,381.98297,8.549561,19.000427,0.08038026,2,-1,-1
795.64825,378.3224,8.374084,18.617645,0.080298096,1,-1,-1
1215.5393,385.41013,25.615479,20.951752,0.08027056,3,-1,-1
93.792366,372.2327,20.505623,18.947906,0.0800904,10,-1,-1
101.70228,366.76404,16.653389,16.578247,0.07983896,1,-1,-1
243.62177,377.54654,9.639114,18.250122,0.07980654,1,-1,-1
93.07238,361.49677,41.335793,20.25827,0.07978007,5,-1,-1
31.88999,338.49536,8.839979,19.779358,0.07976717,1,-1,-1
795.5099,385.66934,8.042114,17.319305,0.079734564,1,-1,-1
305.20288,317.18994,6.12442,13.324127,0.0796496,1,-1,-1
1220.3867,385.19168,24.157227,23.750366,0.07962906,1,-1,-1
1223.3684,388.90054,15.142822,16.174988,0.07949144,2,-1,-1
810.74316,375.56522,8.200134,14.265381,0.079473525,2,-1,-1
801.1625,368.1032,7.635498,14.582642,0.07934293,2,-1,-1
775.3818,355.4518,32.10254,19.91681,0.079271644,6,-1,-1
719.3332,483.55142,11.50946,23.658203,0.07920611,1,-1,-1
231.6014,372.92105,8.825317,18.144196,0.07910356,1,-1,-1
802.0301,500.18573,11.6519165,26.414124,0.079096794,1,-1,-1
142.31787,356.81598,32.294357,17.46756,0.07902911,4,-1,-1
780.6276,505.82367,10.65033,28.686096,0.07893413,1,-1,-1
1128.4746,697.50726,55.12744,31.08374,0.07889643,3,-1,-1
1046.7897,718.3633,31.741333,65.00891,0.07885525,4,-1,-1
416.97998,298.31155,5.216034,11.627686,0.07882121,1,-1,-1
318.76273,325.97708,9.471619,15.667206,0.07875836,1,-1,-1
378.9214,303.3258,5.859741,14.055054,0.07868567,1,-1,-1
174.22754,362.33954,58.061996,28.56717,0.07861596,4,-1,-1
140.52286,362.1853,56.58853,27.51654,0.07861176,4,-1,-1
362.90225,389.67447,10.4002075,22.464905,0.07850811,1,-1,-1
762.7773,344.71167,45.89447,25.845398,0.07840267,4,-1,-1
86.21788,362.03958,9.242477,18.621582,0.078342766,1,-1,-1
862.1329,390.13513,11.239319,22.413208,0.07813528,2,-1,-1
831.1724,371.47818,16.291504,22.315887,0.07802674,1,-1,-1
1217.0707,388.40335,13.355469,17.845428,0.07792306,1,-1,-1
106.32372,482.19498,35.939293,26.845703,0.07791656,3,-1,-1
174.49323,326.91574,12.824265,18.576508,0.0777576,1,-1,-1
799.7331,373.64175,10.333313,15.667999,0.0777159,1,-1,-1
337.71582,382.23026,9.754822,22.048279,0.077688485,1,-1,-1
786.35736,454.16956,12.580383,25.93689,0.077676296,4,-1,-1
893.77277,418.0881,11.782288,27.085052,0.077619284,4,-1,-1
833.93335,376.28665,8.0147705,16.395721,0.07756308,1,-1,-1
97.07351,346.9283,9.827766,18.528717,0.077436805,1,-1,-1
0.0,474.36115,15.522497,36.515076,0.07737112,4,-1,-1
803.22565,379.08258,10.337952,15.681274,0.077231646,10,-1,-1
810.1348,375.06366,10.532166,15.407379,0.07720539,1,-1,-1
1206.3949,434.8262,20.935913,30.170135,0.077196985,4,-1,-1
308.18558,399.53827,10.714386,19.641815,0.07718119,1,-1,-1
295.05386,316.70102,6.3827515,12.628418,0.07717836,2,-1,-1
1221.7133,389.89285,16.183228,19.09671,0.07698795,3,-1,-1
834.48334,373.02505,10.997131,18.645752,0.07687849,2,-1,-1
342.04398,368.10522,10.012817,20.43634,0.07684931,1,-1,-1
332.37338,372.77625,10.427185,19.117249,0.07677132,1,-1,-1
25.663233,349.53583,16.68289,26.960938,0.07671195,1,-1,-1
774.897,348.0993,9.78949,20.221344,0.076467276,1,-1,-1
771.5054,355.2431,10.636902,16.01184,0.076406896,1,-1,-1
381.8894,444.42746,26.69397,28.674042,0.0763922,3,-1,-1
47.577473,335.40814,8.610443,18.453278,0.07623339,2,-1,-1
294.4018,319.72635,7.3417664,13.450867,0.07615873,1,-1,-1
648.6385,798.1294,39.47815,80.182434,0.0760636,10,-1,-1
839.1645,472.36502,11.506348,18.954773,0.0759913,10,-1,-1
760.9584,344.8396,27.276978,19.185303,0.075944126,4,-1,-1
608.7545,451.57306,16.810852,34.575745,0.0758647,1,-1,-1
718.6417,403.83884,14.127258,20.419128,0.07581779,10,-1,-1
775.277,354.9998,32.43866,20.723724,0.07576841,7,-1,-1
230.57918,358.95627,60.763657,36.69275,0.07576427,4,-1,-1
352.82394,394.86908,9.946411,23.803802,0.075754255,1,-1,-1
90.4939,366.79803,9.321243,17.622375,0.075742155,1,-1,-1
174.29886,333.01147,8.06987,17.237305,0.0757412,1,-1,-1
114.55259,368.82297,7.784149,15.857178,0.07572442,1,-1,-1
801.614,362.25488,7.079773,11.743103,0.07570207,1,-1,-1
127.57564,352.1976,76.04332,34.0679,0.07566941,4,-1,-1
70.57498,341.11832,7.3994217,13.979065,0.07557273,2,-1,-1
738.6909,359.66348,8.126587,18.008392,0.07549065,1,-1,-1
374.37286,282.93942,4.698578,10.369293,0.07546756,1,-1,-1
800.949,347.63104,25.812805,16.87384,0.07543987,4,-1,-1
316.66257,317.81064,6.517456,13.503204,0.07542482,1,-1,-1
766.8377,391.2754,11.224243,19.494568,0.075387776,1,-1,-1
67.31418,340.01846,7.9709854,14.663696,0.075321764,2,-1,-1
803.5491,365.2811,8.890686,18.840302,0.07524356,1,-1,-1
824.153,372.61255,10.6380005,16.895203,0.0752365,10,-1,-1
54.484013,348.3047,9.815739,18.131256,0.07518059,1,-1,-1
860.0591,707.6802,25.230957,47.61505,0.07514164,10,-1,-1
798.0758,364.3569,9.990845,16.331635,0.074970245,2,-1,-1
16.95965,359.59476,10.595867,19.363434,0.074899286,1,-1,-1
803.1518,383.83575,11.086853,13.911072,0.074808955,2,-1,-1
28.222717,339.6378,7.8269577,17.660187,0.074723065,1,-1,-1
820.3807,375.96106,6.9522095,11.566925,0.07471168,1,-1,-1
544.01013,420.4176,33.387207,24.793,0.0746879,3,-1,-1
336.35962,382.89917,16.067017,29.027893,0.074680805,1,-1,-1
16.402044,351.4254,16.430048,26.606812,0.07466617,1,-1,-1
66.79845,337.73987,10.200119,17.656403,0.074644566,3,-1,-1
863.42444,397.33408,8.322266,14.058014,0.07462326,1,-1,-1
780.8283,362.98444,7.4838257,16.312012,0.07451546,1,-1,-1
218.10509,330.80792,7.5602875,13.775482,0.074459404,1,-1,-1
0.0,522.40875,29.05786,27.615173,0.074419886,10,-1,-1
0.0,467.45306,22.175425,53.78192,0.07441154,1,-1,-1
555.69666,424.29846,26.627136,29.954468,0.07431549,3,-1,-1
777.062,364.70273,31.041443,15.352081,0.074308455,10,-1,-1
61.535015,341.1849,9.01218,19.50055,0.0741677,1,-1,-1
818.75757,372.82126,9.433777,17.642761,0.07412356,10,-1,-1
420.64294,403.80368,21.191254,21.067078,0.074115396,3,-1,-1
319.5429,367.60956,9.472626,19.02658,0.07396445,1,-1,-1
768.85077,345.84534,36.625183,22.884857,0.07348308,8,-1,-1
779.51746,355.44366,8.116577,15.836426,0.07343724,1,-1,-1
204.49228,331.65448,6.7525635,12.352509,0.07338604,1,-1,-1
740.6384,361.43835,8.238403,19.58191,0.07333219,10,-1,-1
266.82648,354.89243,7.7987976,14.679016,0.07322508,1,-1,-1
540.86475,429.14957,36.351868,26.250214,0.07307953,3,-1,-1
256.00772,368.19504,8.23233,17.55423,0.07306975,1,-1,-1
801.4469,362.75345,7.3688354,10.780762,0.0730491,2,-1,-1
774.0467,344.87097,18.90509,19.771484,0.07303941,5,-1,-1
773.0525,359.6587,7.527588,15.154297,0.072992444,2,-1,-1
328.45477,391.79364,11.149506,21.547455,0.07288805,2,-1,-1
774.66534,357.17795,18.60376,15.633942,0.07279441,10,-1,-1
357.07373,380.68832,10.285217,21.286957,0.07270938,1,-1,-1
64.20181,335.34784,14.800507,21.988617,0.07255113,1,-1,-1
775.66907,381.57748,8.558289,19.60315,0.07251629,1,-1,-1
1206.7919,383.84485,11.54834,23.513977,0.0724839,1,-1,-1
813.0746,381.26437,10.94519,16.12622,0.07245299,2,-1,-1
360.05292,303.7374,4.8800354,12.664215,0.072387606,1,-1,-1
648.55194,798.0152,38.51239,80.987915,0.07207629,4,-1,-1
704.62366,480.93323,23.190308,34.036255,0.072027326,1,-1,-1
91.57424,359.12704,6.246147,14.507019,0.07200572,1,-1,-1
222.59073,326.21338,7.5768433,14.821747,0.07199359,1,-1,-1
100.559975,366.7077,7.20916,12.540619,0.07194087,1,-1,-1
0.76754844,485.28784,11.612946,24.251495,0.071940154,1,-1,-1
93.07238,361.49677,41.335793,20.25827,0.07186419,10,-1,-1
755.163,374.44315,13.055176,14.517944,0.071861506,1,-1,-1
715.0912,482.44647,16.149475,34.163757,0.07167286,4,-1,-1
362.17007,376.4158,9.801697,22.707397,0.07159391,1,-1,-1
67.10029,337.16153,6.653137,13.291565,0.0714975,1,-1,-1
363.83383,304.01288,5.8759766,13.367218,0.071463466,1,-1,-1
192.07727,361.14575,61.852493,31.405518,0.07134351,4,-1,-1
3.5286744,521.62994,21.532862,26.728699,0.07125807,2,-1,-1
