889.07294,65.67976,34.830444,40.283287,0.97283804,4,-1,-1
13.747392,25.973282,71.292305,56.75975,0.96891934,4,-1,-1
879.402,0.65470225,30.777771,33.87643,0.74663067,4,-1,-1
13.111536,23.218191,70.14188,61.594406,0.3822109,5,-1,-1
13.111536,23.218191,70.14188,61.594406,0.20980918,6,-1,-1
877.05273,9.090574,32.724365,41.024788,0.14335728,4,-1,-1
91.564476,0.0,56.543633,15.753819,0.12032816,4,-1,-1
12.558753,23.275991,70.871605,61.178543,0.11852616,9,-1,-1
13.111536,23.218191,70.14188,61.594406,0.08248994,1,-1,-1
140.54436,0.15328671,53.958908,30.388895,0.08132297,4,-1,-1
879.1041,23.516071,34.4989,34.97332,0.07917029,4,-1,-1
13.111536,23.218191,70.14188,61.594406,0.077646434,8,-1,-1
140.54436,0.15328671,53.958908,30.388895,0.07124111,5,-1,-1
878.9278,4.3588014,32.320312,42.167133,0.062231958,5,-1,-1
883.2857,43.91486,32.310974,34.587482,0.056615144,4,-1,-1
878.9278,4.3588014,32.320312,42.167133,0.05047685,9,-1,-1
