884.79395,463.42038,70.53229,52.00583,0.99999595,4,-1,-1
806.5425,420.5404,66.02997,47.1875,0.999995,4,-1,-1
575.7553,382.8655,68.21716,48.00583,0.99998784,4,-1,-1
631.4911,321.00314,47.206665,35.95465,0.9999772,4,-1,-1
482.67157,480.13483,69.84558,52.70233,0.99997306,4,-1,-1
796.47125,578.25366,77.64697,59.210693,0.99997145,4,-1,-1
850.97046,484.1496,69.29254,53.4104,0.99995816,4,-1,-1
625.65155,477.58102,170.62097,157.47531,0.9998963,9,-1,-1
357.5462,164.23865,75.37802,51.074295,0.99982107,9,-1,-1
659.825,603.7415,124.64618,109.15466,0.9994999,9,-1,-1
779.5257,515.7455,77.28314,62.981506,0.9994848,4,-1,-1
1361.2544,279.57758,37.695435,70.18237,0.945544,5,-1,-1
645.0466,551.0074,142.45563,137.28699,0.9315734,9,-1,-1
1301.0186,371.0041,62.898438,86.84372,0.8980042,5,-1,-1
632.8229,456.1841,67.052734,54.527557,0.8786062,5,-1,-1
1146.074,701.58673,55.590942,85.05994,0.8563452,4,-1,-1
1147.1472,701.7563,56.438477,84.89038,0.7942294,10,-1,-1
324.92188,124.11166,23.14853,38.533257,0.7906022,5,-1,-1
1015.5153,484.81985,32.099304,21.579285,0.582257,10,-1,-1
1263.1686,575.35657,78.74011,86.943054,0.5774089,4,-1,-1
1302.447,371.0579,62.622192,86.019196,0.5566727,6,-1,-1
633.2006,456.11218,67.74786,54.28894,0.55410963,4,-1,-1
1361.6517,278.21698,37.298096,72.65442,0.50385684,6,-1,-1
1361.7402,280.05222,37.209595,71.5318,0.38353217,9,-1,-1
324.89798,124.15065,23.375854,38.227005,0.37711662,4,-1,-1
873.25494,469.99103,64.47577,55.25769,0.36047226,4,-1,-1
2.2615232,149.39153,28.659939,26.633484,0.32997024,7,-1,-1
816.6566,654.5018,15.464966,39.087708,0.31259918,1,-1,-1
19.403635,148.07674,34.32863,23.639893,0.30190283,8,-1,-1
2.0361269,148.70592,28.885181,26.72026,0.29449362,8,-1,-1
26.393724,145.95251,37.5188,21.758255,0.28843337,8,-1,-1
20.853178,150.4112,35.252457,23.31282,0.26273108,7,-1,-1
12.689383,149.70222,30.148825,24.744736,0.25344533,7,-1,-1
12.689383,149.70222,30.148825,24.744736,0.20834783,8,-1,-1
1150.9353,469.6693,31.75476,41.4581,0.19593742,1,-1,-1
33.439327,138.6411,37.31309,19.553085,0.18606871,8,-1,-1
794.4368,557.4223,73.75604,62.743774,0.18543229,4,-1,-1
1262.8256,573.71545,78.98511,87.756165,0.18123603,5,-1,-1
759.1959,547.06744,31.180115,27.96637,0.18044153,4,-1,-1
834.1037,671.98035,17.15857,38.365845,0.17858079,1,-1,-1
1302.1323,371.05566,63.55066,85.89734,0.16722298,9,-1,-1
759.5558,546.60944,30.168213,27.35376,0.16701135,7,-1,-1
324.8638,124.26848,23.38913,38.12175,0.16437447,6,-1,-1
0.38848737,173.84846,29.766226,20.830093,0.15326676,4,-1,-1
1145.7921,701.74316,55.8219,84.9035,0.1532535,8,-1,-1
27.14859,146.31523,37.62876,22.736694,0.14456639,7,-1,-1
0.426094,162.89685,23.872215,29.019745,0.129854,4,-1,-1
1147.2408,701.3259,55.958008,85.32074,0.12640482,5,-1,-1
759.1959,547.06744,31.180115,27.96637,0.12438765,10,-1,-1
324.8638,124.26848,23.38913,38.12175,0.109728605,1,-1,-1
1146.9946,700.9271,56.75293,85.71954,0.10913482,1,-1,-1
0.43791223,152.35593,26.475592,27.88272,0.10848197,4,-1,-1
1157.1921,441.891,103.2052,156.90997,0.10710335,6,-1,-1
1015.5153,484.81985,32.099304,21.579285,0.10291931,3,-1,-1
0.8043792,154.2245,26.989168,26.268692,0.10163781,10,-1,-1
23.722576,140.15636,32.91126,22.666412,0.10006103,8,-1,-1
12.689383,149.70222,30.148825,24.744736,0.09626335,10,-1,-1
634.0897,454.78302,64.89545,56.065857,0.09623018,9,-1,-1
20.853178,150.4112,35.252457,23.31282,0.09148309,4,-1,-1
0.0,155.72943,21.645733,29.287735,0.09025821,8,-1,-1
19.629177,159.27446,36.70859,21.07965,0.0866279,7,-1,-1
865.7996,427.54688,24.4469,23.447937,0.08654848,10,-1,-1
20.853178,150.4112,35.252457,23.31282,0.08591133,10,-1,-1
729.6796,525.1142,60.64099,49.933716,0.08540806,4,-1,-1
0.0,155.72943,21.645733,29.287735,0.085166335,7,-1,-1
1352.7743,486.171,31.738892,29.82016,0.08289075,1,-1,-1
0.45930058,171.41719,28.563757,21.916763,0.07942781,10,-1,-1
2.5123746,157.73079,32.51876,23.81865,0.07915825,8,-1,-1
1346.3193,484.6361,37.04651,28.82251,0.07686192,10,-1,-1
0.45930058,171.41719,28.563757,21.916763,0.07578096,7,-1,-1
909.07825,197.09535,29.401428,18.702393,0.07565528,10,-1,-1
659.62103,602.48254,125.724915,112.052124,0.07496965,5,-1,-1
12.689383,149.70222,30.148825,24.744736,0.07361731,4,-1,-1
6.8170075,142.1812,30.062082,23.139023,0.07261056,8,-1,-1
0.6543397,170.85815,23.378983,26.01065,0.07235414,5,-1,-1
1302.2328,371.92548,62.984863,84.83908,0.07194352,4,-1,-1
34.59939,151.19331,36.68553,21.04573,0.07135278,8,-1,-1
1.391283,180.48148,22.010408,28.35669,0.06798971,4,-1,-1
988.12946,468.866,17.0484,32.65689,0.06779742,1,-1,-1
46.32149,147.07124,38.241398,20.900803,0.06702742,8,-1,-1
1147.2408,701.3259,55.958008,85.32074,0.066685885,3,-1,-1
2.8278768,149.19072,28.78386,27.55368,0.06616986,2,-1,-1
760.9302,553.2219,34.074768,32.34619,0.06519058,4,-1,-1
1015.97485,484.64822,32.093994,21.575775,0.064379305,7,-1,-1
21.960772,150.44705,37.36467,22.652191,0.06297186,5,-1,-1
1015.4083,484.77856,32.325195,21.345123,0.061989427,1,-1,-1
21.960772,150.44705,37.36467,22.652191,0.061701983,1,-1,-1
722.76276,594.7266,24.486267,35.45587,0.061036557,1,-1,-1
779.465,540.3745,26.973938,36.385376,0.059816867,1,-1,-1
1163.1301,473.82425,27.191284,41.737457,0.05888903,1,-1,-1
759.3239,547.8453,29.813965,27.77478,0.05857101,5,-1,-1
34.59939,151.19331,36.68553,21.04573,0.0585621,7,-1,-1
27.14859,146.31523,37.62876,22.736694,0.05847022,4,-1,-1
834.1037,671.98035,17.15857,38.365845,0.0576258,10,-1,-1
1164.8776,459.852,25.693726,38.56784,0.057204515,1,-1,-1
14.583696,147.08527,29.888247,24.945114,0.05631143,2,-1,-1
865.7996,427.54688,24.4469,23.447937,0.055993825,7,-1,-1
865.7996,427.54688,24.4469,23.447937,0.055731595,3,-1,-1
815.05273,654.88934,16.679993,38.54065,0.05538264,10,-1,-1
759.1959,547.06744,31.180115,27.96637,0.05523753,1,-1,-1
716.23834,605.1243,22.82489,31.396118,0.054342926,1,-1,-1
20.736835,150.36133,35.288776,23.008148,0.053926915,3,-1,-1
0.45930058,171.41719,28.563757,21.916763,0.053281754,8,-1,-1
865.7996,427.54688,24.4469,23.447937,0.052406102,1,-1,-1
26.393724,145.95251,37.5188,21.758255,0.052284062,10,-1,-1
33.439327,138.6411,37.31309,19.553085,0.05212468,7,-1,-1
23.722576,140.15636,32.91126,22.666412,0.05172184,7,-1,-1
902.7105,194.13536,24.09668,24.6745,0.050329626,10,-1,-1
1146.8564,475.79706,23.73108,36.63849,0.050190747,1,-1,-1
