783.0827,447.682,19.325195,39.15274,0.812423,1,-1,-1
740.24854,332.169,15.873291,31.617523,0.7673352,1,-1,-1
778.4746,31.625488,7.5492554,19.62355,0.7367419,1,-1,-1
648.98816,163.40024,11.611145,27.35878,0.7363633,1,-1,-1
840.4293,242.82462,12.726379,29.40561,0.7206068,1,-1,-1
623.3778,154.18001,11.708069,27.091766,0.6943182,1,-1,-1
784.8987,36.263744,7.3292236,17.35466,0.67156965,1,-1,-1
755.90753,56.19217,9.223022,18.407578,0.5452681,1,-1,-1
744.269,531.7182,19.93872,42.675415,0.5419379,1,-1,-1
739.31134,208.98312,8.002502,17.480804,0.4966082,1,-1,-1
123.49199,569.0534,22.194962,39.793274,0.45990428,1,-1,-1
734.2074,461.6408,15.111816,29.43277,0.45368433,1,-1,-1
747.1915,476.18417,15.563538,26.813904,0.4323377,1,-1,-1
830.6098,453.36508,19.677246,40.6492,0.42112434,3,-1,-1
1079.3068,261.6479,13.177002,27.568085,0.366234,1,-1,-1
721.9434,88.91184,9.454956,19.395485,0.35933143,1,-1,-1
1079.3068,261.6479,13.177002,27.568085,0.33286005,2,-1,-1
1094.4229,268.63565,12.2960205,20.47113,0.33088803,1,-1,-1
559.4262,204.87796,40.236023,59.848022,0.3262418,4,-1,-1
830.6098,453.36508,19.677246,40.6492,0.30394605,1,-1,-1
1086.9608,0.0,10.659668,14.474616,0.30149922,1,-1,-1
740.5245,538.10693,13.258301,34.92627,0.28619817,1,-1,-1
782.6248,31.240116,7.097229,17.26675,0.27593118,1,-1,-1
721.9434,88.91184,9.454956,19.395485,0.26701286,2,-1,-1
780.257,35.359188,7.41626,17.92503,0.26488227,1,-1,-1
717.20166,238.32608,8.856201,15.848846,0.26466978,1,-1,-1
1237.0895,370.9525,59.206543,37.43402,0.2633481,4,-1,-1
1094.4229,268.63565,12.2960205,20.47113,0.2548498,2,-1,-1
679.241,134.27365,10.23822,13.157211,0.24516046,3,-1,-1
714.6928,10.051767,8.814148,16.222055,0.23593336,1,-1,-1
840.485,250.0995,7.245117,20.56392,0.23168933,1,-1,-1
757.4166,545.3699,15.1536255,30.847717,0.23036179,1,-1,-1
1082.1455,269.67072,11.9279785,21.235077,0.21868747,1,-1,-1
835.7107,285.31458,8.849609,15.414124,0.21510446,1,-1,-1
694.9135,132.61578,8.597351,11.986069,0.2070502,3,-1,-1
602.093,73.79499,24.101013,22.800919,0.20676962,4,-1,-1
713.0932,9.932884,11.233093,26.49205,0.20365867,1,-1,-1
1187.9265,0.0,35.571045,19.059925,0.20062286,4,-1,-1
695.0367,133.27611,8.694641,11.54834,0.19973388,10,-1,-1
1308.1729,477.27322,20.46997,24.649445,0.19673803,1,-1,-1
493.48315,449.14352,19.121216,28.026184,0.19636089,1,-1,-1
663.2433,167.77365,9.587463,23.524796,0.19617543,1,-1,-1
1081.2334,260.93008,9.117676,17.151245,0.19119227,1,-1,-1
669.26917,146.84543,9.668701,20.273438,0.18445739,3,-1,-1
786.53143,33.644123,5.65979,14.715336,0.1835761,1,-1,-1
562.23553,102.06889,8.950745,15.602287,0.18341616,1,-1,-1
744.269,531.7182,19.93872,42.675415,0.18297186,2,-1,-1
744.6094,254.14595,9.058411,11.8871,0.1817497,2,-1,-1
669.50037,146.76181,9.276794,20.251373,0.1816991,10,-1,-1
789.8905,61.233704,42.00818,16.95752,0.18050545,4,-1,-1
835.7107,285.31458,8.849609,15.414124,0.17594838,2,-1,-1
770.24963,264.0967,9.0303955,14.3220825,0.17569095,1,-1,-1
1271.7255,389.5302,19.99524,18.653198,0.17409265,10,-1,-1
1082.3308,270.82718,11.463623,19.412262,0.17350972,2,-1,-1
312.4239,15.794741,13.597687,7.664978,0.1695739,10,-1,-1
669.7286,147.22905,8.858765,19.507172,0.16910148,1,-1,-1
1192.876,2.3547118,29.52832,16.449268,0.16873139,10,-1,-1
716.5212,575.5637,23.26416,62.15973,0.16829199,1,-1,-1
844.455,245.41199,7.444397,24.247711,0.16598397,1,-1,-1
1079.2975,260.4237,11.311523,17.480988,0.16325322,2,-1,-1
770.49274,264.05923,8.632324,14.490295,0.16316178,2,-1,-1
786.7624,68.68402,36.769897,15.867371,0.16307095,4,-1,-1
670.3047,142.23643,11.223999,19.840164,0.1628511,3,-1,-1
648.86755,163.44127,11.768982,27.4982,0.1625252,2,-1,-1
675.7916,135.22581,13.242554,14.405441,0.1623337,10,-1,-1
775.8315,28.479118,13.174744,23.181198,0.16030845,1,-1,-1
682.3748,132.32953,9.130798,13.429947,0.15992707,3,-1,-1
651.0376,163.05544,7.3377075,20.102905,0.15594193,1,-1,-1
689.10443,216.09242,10.687073,14.688553,0.15444541,2,-1,-1
559.4262,204.87796,40.236023,59.848022,0.15218037,5,-1,-1
689.5513,200.54233,8.912231,14.234177,0.15086341,1,-1,-1
768.0882,71.70032,47.71393,20.433434,0.15055284,4,-1,-1
675.34796,137.16147,10.13385,14.943222,0.15036893,3,-1,-1
755.718,56.354572,9.65271,17.899014,0.14686981,2,-1,-1
755.5429,53.879284,15.012329,22.781284,0.14581493,1,-1,-1
724.0968,89.953476,7.0061646,12.6497345,0.14523217,1,-1,-1
313.49545,0.0,22.80429,10.184503,0.1451118,10,-1,-1
1350.0825,504.32285,20.592041,32.73642,0.1434544,1,-1,-1
650.9225,170.7262,7.7041626,21.23227,0.14339015,1,-1,-1
753.59296,534.9812,15.80188,37.785706,0.14283746,1,-1,-1
700.92303,227.37982,9.358276,13.891922,0.14167094,2,-1,-1
768.02997,71.55982,47.877686,21.097267,0.14080295,5,-1,-1
552.8512,203.38794,32.99536,48.794464,0.13847798,4,-1,-1
1208.4374,441.05844,16.92163,27.14096,0.13657978,1,-1,-1
700.9263,227.40382,9.445007,13.7535095,0.13544929,1,-1,-1
648.80804,163.2257,11.8151245,27.580719,0.13523918,4,-1,-1
1196.8219,0.0,63.60144,18.362848,0.13461238,4,-1,-1
715.6289,9.424387,8.03717,16.834578,0.1345689,2,-1,-1
1240.0756,368.81128,54.34961,40.65616,0.13424751,10,-1,-1
569.7027,222.71727,35.122253,56.978012,0.13413325,4,-1,-1
746.6202,475.73502,16.103638,26.648224,0.13380346,2,-1,-1
694.9853,132.60143,8.229065,11.9608,0.13346168,1,-1,-1
315.8815,0.0,19.592163,9.695873,0.13171086,4,-1,-1
670.3047,142.23643,11.223999,19.840164,0.1295318,10,-1,-1
717.20166,238.32608,8.856201,15.848846,0.12947646,2,-1,-1
670.3047,142.23643,11.223999,19.840164,0.12729764,1,-1,-1
768.63947,134.36464,5.0684204,6.152771,0.12644619,2,-1,-1
779.90955,29.113253,8.171875,17.813341,0.12624049,1,-1,-1
1094.4229,268.63565,12.2960205,20.47113,0.12601277,10,-1,-1
834.75964,281.42474,13.371887,21.35852,0.12568766,2,-1,-1
853.2158,150.36307,10.723938,14.0924835,0.12551704,2,-1,-1
724.0968,89.953476,7.0061646,12.6497345,0.12483692,2,-1,-1
1084.3646,265.51053,8.220215,19.906067,0.12438211,1,-1,-1
689.0801,215.87852,11.355469,16.055603,0.124112874,1,-1,-1
691.3144,131.98376,10.003723,11.471558,0.12369308,3,-1,-1
694.9853,132.60143,8.229065,11.9608,0.123595715,2,-1,-1
669.50037,146.76181,9.276794,20.251373,0.122092515,2,-1,-1
798.97577,274.33243,9.946472,13.868378,0.121534705,1,-1,-1
830.6098,453.36508,19.677246,40.6492,0.12102634,10,-1,-1
853.35596,150.31541,10.104919,14.298492,0.12082982,1,-1,-1
674.7509,140.30371,9.64093,13.917587,0.12058133,10,-1,-1
391.43835,62.187374,26.480469,14.872715,0.1205467,4,-1,-1
799.4776,274.95935,9.062927,13.651886,0.1201396,2,-1,-1
552.4065,203.26653,64.95947,74.29817,0.12005189,4,-1,-1
115.846146,551.73553,33.83748,58.851074,0.11849728,1,-1,-1
757.4166,545.3699,15.1536255,30.847717,0.11803338,2,-1,-1
672.9772,140.63051,9.404175,15.296066,0.11786708,3,-1,-1
1016.79645,56.415474,7.6538696,13.799423,0.115255564,1,-1,-1
681.871,134.05592,8.951233,12.581131,0.11467302,10,-1,-1
643.99054,159.79373,14.280945,29.272034,0.114437014,1,-1,-1
740.92365,156.17677,8.454651,11.751068,0.11373803,1,-1,-1
743.13367,254.04767,11.109863,11.74234,0.11314687,1,-1,-1
768.4865,144.29732,5.041321,6.640793,0.112612575,2,-1,-1
673.8764,135.53484,17.31128,13.497391,0.11233473,3,-1,-1
697.2219,129.55833,10.326904,14.6901245,0.1118305,2,-1,-1
768.4853,134.88849,5.7470703,9.47435,0.11182377,2,-1,-1
830.0805,453.96533,20.490112,39.048676,0.11115876,2,-1,-1
834.75964,281.42474,13.371887,21.35852,0.11026341,1,-1,-1
670.3047,142.23643,11.223999,19.840164,0.11011186,2,-1,-1
916.9912,51.520306,17.379456,26.82603,0.10855588,1,-1,-1
740.31836,536.8041,14.018982,34.665894,0.108353734,2,-1,-1
716.5212,575.5637,23.26416,62.15973,0.108144194,10,-1,-1
559.57135,205.49153,40.889282,59.84178,0.10770604,6,-1,-1
728.20654,312.06717,7.3898926,19.219543,0.10711542,1,-1,-1
672.16284,138.02321,15.799988,18.69487,0.106610954,3,-1,-1
128.80354,576.01135,13.23114,31.250183,0.10539132,1,-1,-1
1083.764,263.14853,10.356445,20.728577,0.10487151,2,-1,-1
83.273735,490.2017,52.612602,40.437836,0.10470286,1,-1,-1
345.97104,35.19697,6.592346,12.827972,0.10341877,10,-1,-1
346.31342,36.43228,5.7986755,10.942974,0.10339019,1,-1,-1
602.1396,74.182434,24.68103,22.196533,0.103253365,5,-1,-1
785.42847,35.943222,7.0338135,16.58654,0.10259241,2,-1,-1
783.17535,448.02966,18.309753,38.08426,0.10158765,4,-1,-1
313.3138,15.851094,11.18338,7.848626,0.101150066,1,-1,-1
784.02466,39.64313,5.8275757,15.186157,0.10091776,1,-1,-1
660.05255,344.24124,30.329285,48.901306,0.10026741,4,-1,-1
1273.421,390.23685,15.856323,15.37439,0.09975186,2,-1,-1
789.8905,61.233704,42.00818,16.95752,0.09932047,5,-1,-1
743.72473,254.6898,10.597412,11.006699,0.09885195,10,-1,-1
631.028,206.12209,11.230164,18.219955,0.09885043,2,-1,-1
787.10516,38.788284,4.5300903,12.880432,0.09878194,1,-1,-1
758.0862,548.2771,13.151306,28.471802,0.09833887,10,-1,-1
684.48083,132.27046,13.481689,11.505432,0.097711086,3,-1,-1
1181.1617,0.0,62.431152,24.65743,0.097622186,4,-1,-1
749.1576,538.0023,11.886169,37.994568,0.09736842,1,-1,-1
678.7848,132.47684,19.043945,15.643692,0.09595242,3,-1,-1
676.24304,135.38797,12.729126,14.0151825,0.09565249,2,-1,-1
769.33325,259.22955,13.143494,20.305237,0.09559658,1,-1,-1
672.9732,136.81941,15.299683,19.494873,0.09556866,10,-1,-1
1133.2399,0.0,14.031372,18.97123,0.09523001,1,-1,-1
651.5227,164.56624,6.875305,19.607315,0.09505823,2,-1,-1
1182.8484,7.6843233,19.77063,16.71822,0.094744414,4,-1,-1
1078.2142,271.42957,13.000366,22.275848,0.094561666,2,-1,-1
756.128,56.364685,8.865723,18.433655,0.09431201,10,-1,-1
319.7829,70.60815,5.6958313,9.369202,0.09372684,1,-1,-1
1078.9895,265.824,13.817017,25.51712,0.09365231,10,-1,-1
1078.2142,271.42957,13.000366,22.275848,0.09361085,1,-1,-1
1019.0071,55.40445,8.46936,14.202438,0.09348336,1,-1,-1
319.47,0.0,15.212555,6.8174367,0.093028694,10,-1,-1
689.6581,129.70807,16.199707,15.609314,0.09264547,3,-1,-1
716.8025,8.885335,6.508911,11.804685,0.092513144,1,-1,-1
1207.4548,363.77426,89.785645,52.649445,0.09202564,4,-1,-1
1023.77734,41.320076,8.132935,14.430798,0.09126696,1,-1,-1
602.1396,74.182434,24.68103,22.196533,0.091171294,10,-1,-1
559.57135,205.49153,40.889282,59.84178,0.09078205,9,-1,-1
653.4648,165.83252,7.784363,21.58728,0.09038249,1,-1,-1
779.1967,30.575254,7.6453857,19.537485,0.09031132,2,-1,-1
732.89386,461.42776,16.775085,29.044525,0.09019062,2,-1,-1
897.2277,100.84921,9.473633,22.88977,0.09015182,1,-1,-1
345.2402,24.525969,22.728302,18.180094,0.08987525,10,-1,-1
315.3035,16.774542,7.687439,6.5504227,0.08983156,2,-1,-1
650.9225,170.7262,7.7041626,21.23227,0.08980805,2,-1,-1
631.2676,206.77194,10.774536,17.125885,0.089298755,1,-1,-1
1181.8809,4.6890836,26.287354,15.90896,0.08898923,10,-1,-1
315.3035,16.774542,7.687439,6.5504227,0.08895674,10,-1,-1
316.26944,17.133581,6.098114,5.97381,0.08879727,1,-1,-1
1086.9608,0.0,10.659668,14.474616,0.08879435,2,-1,-1
312.87006,13.215021,18.362823,10.959633,0.0877465,10,-1,-1
830.9335,281.42197,13.066772,18.913696,0.087733746,1,-1,-1
830.9335,281.42197,13.066772,18.913696,0.08764061,2,-1,-1
770.2295,264.1847,9.147034,14.201569,0.08758798,10,-1,-1
1073.1862,460.1799,17.001343,19.295776,0.087239146,1,-1,-1
740.4242,332.21228,15.183777,31.482117,0.08702952,4,-1,-1
713.20685,9.774253,11.687134,22.556355,0.08684385,2,-1,-1
757.4032,55.69213,6.441162,13.584984,0.08672872,1,-1,-1
861.823,161.48328,17.96698,21.060226,0.086210996,2,-1,-1
840.485,250.0995,7.245117,20.56392,0.08600384,2,-1,-1
719.69604,84.05627,14.292725,21.391632,0.08585867,1,-1,-1
689.155,200.34369,10.268677,14.508026,0.085541844,2,-1,-1
41.540367,127.58039,51.935043,27.577492,0.08540517,4,-1,-1
1273.5079,390.15668,10.107178,11.144226,0.085317224,2,-1,-1
1276.5052,390.64432,10.9470215,10.845245,0.08512911,2,-1,-1
1081.1951,264.304,8.529541,19.801208,0.08511919,2,-1,-1
916.6656,52.067177,18.088257,26.117058,0.08507547,2,-1,-1
717.0964,86.64816,13.554138,24.139328,0.08502534,1,-1,-1
1076.0474,264.0894,22.872314,30.364838,0.08497691,1,-1,-1
291.72546,0.0,44.835052,19.83321,0.08483276,4,-1,-1
663.5881,169.3862,8.545532,19.502533,0.08347669,2,-1,-1
1159.5798,156.24948,239.94092,162.03137,0.0830099,9,-1,-1
1084.1117,258.9522,8.051025,16.336304,0.082769126,1,-1,-1
1090.977,265.83704,19.91858,27.394226,0.08271417,1,-1,-1
345.45807,29.77777,18.484436,18.19409,0.08270937,10,-1,-1
1353.5023,489.17303,20.786743,34.372375,0.08185521,1,-1,-1
739.9598,331.26877,15.880188,32.039093,0.08141172,2,-1,-1
647.88586,169.28047,7.5388184,21.175873,0.08091211,1,-1,-1
764.1412,144.1531,9.226868,7.6137543,0.08085197,2,-1,-1
1097.1174,269.02094,7.0266113,14.709412,0.08074191,2,-1,-1
713.4691,8.441067,8.159119,13.621092,0.08041802,1,-1,-1
765.7838,133.12811,6.501648,7.24144,0.08034018,2,-1,-1
768.02997,71.55982,47.877686,21.097267,0.08024728,6,-1,-1
289.74573,431.46103,40.91626,91.75687,0.079980284,1,-1,-1
1132.146,34.933758,55.615967,39.1116,0.079720646,6,-1,-1
676.3132,135.17981,12.309448,14.4995575,0.07911289,1,-1,-1
783.0827,447.682,19.325195,39.15274,0.07903221,2,-1,-1
844.97614,356.04013,15.819214,36.875427,0.07877764,1,-1,-1
1204.9108,4.562912,17.066772,13.130993,0.078534156,10,-1,-1
830.8306,453.57047,19.46112,40.310486,0.07848224,7,-1,-1
747.2179,475.54324,15.463928,27.174286,0.07846674,4,-1,-1
697.5439,223.2145,14.084473,19.010239,0.07845709,1,-1,-1
1187.9265,0.0,35.571045,19.059925,0.07818362,5,-1,-1
1083.8052,261.20273,7.980957,15.905426,0.07817045,2,-1,-1
758.0862,548.2771,13.151306,28.471802,0.078100175,3,-1,-1
754.29486,58.990356,7.869751,15.394165,0.07790783,1,-1,-1
78.65794,154.9178,30.150497,25.140503,0.07771984,3,-1,-1
1178.1165,4.6162987,16.298828,15.274403,0.07765657,10,-1,-1
741.2207,470.9152,18.213623,29.061676,0.077117085,1,-1,-1
1098.3923,267.14426,8.696411,14.785126,0.07677847,1,-1,-1
1076.0474,264.0894,22.872314,30.364838,0.07656294,2,-1,-1
1178.2853,7.411901,17.501709,18.744013,0.076450855,4,-1,-1
661.8865,345.09628,28.537354,47.414276,0.07638544,1,-1,-1
1097.4526,267.45374,11.4782715,17.20993,0.07636741,2,-1,-1
748.2128,538.6888,27.379211,40.92993,0.07621923,1,-1,-1
648.27045,163.70554,7.9611816,20.676636,0.07620576,1,-1,-1
742.00494,211.70972,6.3756714,15.180954,0.07611203,1,-1,-1
840.4293,242.82462,12.726379,29.40561,0.0760203,4,-1,-1
768.6412,139.371,5.4249268,10.333908,0.076012254,2,-1,-1
766.4985,20.26092,7.008484,14.611437,0.075835526,1,-1,-1
648.21655,163.52097,12.692505,26.96025,0.0757308,10,-1,-1
839.1527,286.1018,8.398193,15.041809,0.07572892,1,-1,-1
437.539,45.55691,4.983032,9.339584,0.07521227,1,-1,-1
946.6047,50.01762,7.511963,11.794716,0.07472667,1,-1,-1
736.03766,207.25044,15.693359,18.538834,0.074616045,1,-1,-1
1232.0607,346.34863,73.82495,65.13608,0.074320436,4,-1,-1
343.6633,585.79944,19.461823,40.44403,0.07414299,1,-1,-1
747.0344,533.0832,16.240479,41.976746,0.07405996,10,-1,-1
749.39856,533.5011,12.023804,32.606873,0.073931426,2,-1,-1
1045.6383,386.95844,170.43579,137.5138,0.07392976,6,-1,-1
321.10553,0.0,15.08139,6.621228,0.07370949,4,-1,-1
659.6918,372.91202,14.731323,34.91147,0.07358214,1,-1,-1
343.74365,492.0059,20.343903,27.023346,0.073408455,1,-1,-1
1085.584,0.0,8.683228,11.541026,0.07340363,1,-1,-1
739.8966,208.93997,5.654236,12.228012,0.07325047,1,-1,-1
697.5439,223.2145,14.084473,19.010239,0.07310209,2,-1,-1
1084.2291,274.91302,8.167847,17.454315,0.0730468,1,-1,-1
1078.33,263.00552,9.585327,17.46521,0.072604865,1,-1,-1
313.9729,0.0,21.855194,10.525078,0.07255301,1,-1,-1
190.32918,166.74422,15.924149,28.038422,0.072526485,1,-1,-1
753.59296,534.9812,15.80188,37.785706,0.07250601,2,-1,-1
799.3157,275.27994,9.376709,13.022644,0.07247782,10,-1,-1
679.1318,137.57018,8.641602,15.979965,0.07235825,3,-1,-1
785.59564,28.877052,7.3615723,16.450817,0.07180333,1,-1,-1
319.90176,0.0,14.429749,7.005933,0.07147941,2,-1,-1
784.36523,35.635765,4.534912,12.154186,0.07147649,1,-1,-1
829.9741,0.35687158,8.138672,17.70316,0.071323246,1,-1,-1
1078.2778,270.11377,8.491943,18.594543,0.071320474,2,-1,-1
678.0224,133.4159,20.144775,14.830093,0.07128212,10,-1,-1
776.35315,33.2929,7.3342285,16.540958,0.07123554,1,-1,-1
1253.3776,384.95193,40.78528,25.94696,0.071186036,10,-1,-1
768.72455,260.16464,13.70874,18.549896,0.07104638,2,-1,-1
624.84454,155.78307,8.168945,22.744125,0.070762694,2,-1,-1
946.69727,50.31273,6.9295044,11.025906,0.070724815,2,-1,-1
749.8149,482.40076,10.979553,23.789185,0.07062608,1,-1,-1
315.20596,617.2598,24.748962,41.414368,0.07019451,1,-1,-1
723.0764,89.43113,8.058289,17.749771,0.07019356,10,-1,-1
309.76538,0.0,29.237823,16.376673,0.070147336,4,-1,-1
719.60596,11.1856165,7.8045044,17.052197,0.070115626,1,-1,-1
690.3584,134.01746,11.268005,10.70134,0.06992307,10,-1,-1
691.3155,130.35362,13.991089,14.4646,0.06978172,2,-1,-1
576.09247,235.6005,26.410767,34.722534,0.06977236,4,-1,-1
721.48676,90.19341,7.1084595,12.934265,0.06958082,1,-1,-1
777.0518,66.60247,50.28705,23.38079,0.0691714,4,-1,-1
663.3973,180.40266,9.955383,22.49701,0.06912795,1,-1,-1
563.05646,205.47243,17.012512,33.430832,0.06883392,1,-1,-1
746.7338,255.05464,5.5700684,9.632645,0.06881443,2,-1,-1
1181.552,4.547732,28.115479,15.568417,0.068639725,4,-1,-1
672.2804,348.31824,17.463257,27.85083,0.068569005,1,-1,-1
660.68646,344.44177,29.804626,48.46698,0.06855005,10,-1,-1
391.59232,62.42323,25.932098,14.561787,0.068427056,10,-1,-1
653.4348,165.05371,7.649658,20.18721,0.068394005,2,-1,-1
859.7642,163.7974,13.090759,18.47705,0.06838775,2,-1,-1
745.6293,332.75748,7.8101196,19.682373,0.06838399,1,-1,-1
494.13617,449.36075,18.039612,27.81311,0.06837636,2,-1,-1
688.8277,215.59454,14.953125,21.52275,0.068216294,2,-1,-1
1013.33655,250.76639,10.783325,19.03534,0.06803781,1,-1,-1
725.862,91.34418,8.796387,16.115952,0.06795332,1,-1,-1
758.9194,553.5419,10.422974,21.315369,0.067946225,1,-1,-1
624.6986,155.81065,9.018555,17.038467,0.06782395,1,-1,-1
1170.5704,0.0,48.134644,23.197353,0.06778097,4,-1,-1
1082.3754,259.22778,13.066406,22.868225,0.06764543,1,-1,-1
712.26904,9.783214,12.381226,27.655476,0.06755465,4,-1,-1
1198.4484,0.0,61.433838,18.210222,0.067486346,5,-1,-1
1271.4291,391.696,9.233154,8.404602,0.06746295,2,-1,-1
596.78906,368.66513,7.909973,17.626007,0.06731582,1,-1,-1
834.2553,284.32974,12.085449,18.515442,0.06730193,3,-1,-1
1191.8506,2.975448,20.18335,15.397235,0.06729072,4,-1,-1
312.69962,16.25258,6.724884,7.35306,0.06688535,1,-1,-1
309.76538,0.0,29.237823,16.376673,0.06683484,10,-1,-1
1180.2686,7.7662163,13.304565,17.983208,0.06670529,10,-1,-1
844.65234,251.96016,6.948303,19.888962,0.066614956,2,-1,-1
1026.377,40.655205,8.515381,15.095043,0.06659752,1,-1,-1
781.25275,62.79721,50.891357,26.899536,0.066372216,6,-1,-1
569.4178,223.55443,35.81964,54.20778,0.066223115,5,-1,-1
859.5618,38.958076,23.0,30.38118,0.06621659,10,-1,-1
728.0721,79.02108,7.175476,14.681198,0.06603366,1,-1,-1
830.0968,285.1088,8.118774,14.361389,0.06601146,1,-1,-1
786.7624,68.68402,36.769897,15.867371,0.06599733,5,-1,-1
319.90176,0.0,14.429749,7.005933,0.06598768,1,-1,-1
1099.1238,269.51822,7.385376,12.503204,0.065862656,2,-1,-1
1081.5587,274.81952,8.417847,14.944824,0.0656583,2,-1,-1
317.71814,16.983383,8.500366,6.3131237,0.06561592,1,-1,-1
762.80853,83.65228,38.320374,15.242195,0.06552571,4,-1,-1
745.2449,341.5145,7.9434204,20.986511,0.06539479,1,-1,-1
753.81305,131.16635,20.684998,22.63501,0.06527355,2,-1,-1
717.8848,235.65329,12.529358,20.57666,0.06520575,1,-1,-1
1277.8654,388.37137,8.417114,10.077179,0.064991504,2,-1,-1
716.2805,574.835,23.315125,63.628357,0.06489539,4,-1,-1
755.90753,56.19217,9.223022,18.407578,0.06467679,4,-1,-1
1141.2609,7.729747,13.138672,24.740433,0.064596295,1,-1,-1
777.0518,66.60247,50.28705,23.38079,0.064474136,5,-1,-1
688.32855,131.72797,17.627136,15.011978,0.06433055,10,-1,-1
897.6991,102.06394,8.612549,21.27108,0.06432924,2,-1,-1
765.12964,22.222334,6.470276,15.718981,0.064276785,1,-1,-1
835.8893,285.284,8.6605835,15.272186,0.06417385,10,-1,-1
904.2557,360.85318,16.932617,29.256775,0.0641422,1,-1,-1
780.3667,37.440098,4.2944946,13.530327,0.06408614,1,-1,-1
756.0253,56.367985,9.171082,18.218166,0.06394592,3,-1,-1
845.364,255.43335,5.70105,16.14389,0.06388855,1,-1,-1
312.85248,15.362375,12.277313,8.513931,0.063737035,2,-1,-1
283.59555,411.74677,50.63498,111.98767,0.063678026,4,-1,-1
689.5912,216.34637,9.11145,14.139755,0.06352681,10,-1,-1
725.28076,89.03058,4.8357544,10.072189,0.06302109,1,-1,-1
719.25867,90.09071,14.616638,22.960457,0.062978,2,-1,-1
778.32715,453.0065,18.534973,32.792633,0.06290862,1,-1,-1
602.75555,61.685123,29.8703,36.36246,0.06290305,4,-1,-1
758.4595,57.152866,9.064026,14.545635,0.06289384,1,-1,-1
1082.026,262.00372,7.2695312,13.551361,0.06285599,2,-1,-1
674.18555,138.47844,13.219177,16.543472,0.06282407,2,-1,-1
1012.4538,254.96057,10.813049,22.33255,0.062811196,1,-1,-1
1199.5521,4.153395,23.487305,13.965963,0.06277597,4,-1,-1
852.64624,151.854,6.9786377,13.737106,0.06273705,1,-1,-1
1092.6289,270.99725,10.202515,15.63385,0.06263736,2,-1,-1
602.1396,74.182434,24.68103,22.196533,0.06241405,7,-1,-1
779.9716,30.46729,5.1990967,13.180639,0.06226456,1,-1,-1
1092.6289,270.99725,10.202515,15.63385,0.062128186,1,-1,-1
687.153,212.20566,16.481018,26.85884,0.061916023,1,-1,-1
695.45605,67.69497,6.7370605,15.00219,0.06190893,1,-1,-1
784.93634,36.358692,7.352295,17.119057,0.061872274,3,-1,-1
1273.7949,384.96414,12.684082,15.593689,0.061605483,2,-1,-1
690.1341,216.71248,8.30481,10.944183,0.06145525,1,-1,-1
758.2256,554.8889,11.703857,18.765076,0.06141925,2,-1,-1
725.28076,89.03058,4.8357544,10.072189,0.06139168,2,-1,-1
236.39413,121.90056,46.406494,26.626114,0.061373174,4,-1,-1
766.1134,71.44731,47.245056,22.431244,0.0613617,8,-1,-1
741.4096,208.67049,7.9283447,13.12677,0.061174184,1,-1,-1
670.50256,148.86552,6.368164,14.334473,0.06115654,3,-1,-1
77.182205,154.2809,32.212822,26.9608,0.06101516,10,-1,-1
317.02222,17.253992,9.658905,5.778967,0.061009437,2,-1,-1
618.7558,22.646273,12.023743,22.499292,0.060973763,1,-1,-1
331.85522,55.695675,5.552246,8.171875,0.060929418,1,-1,-1
917.3745,239.89534,17.807434,30.93077,0.06082788,1,-1,-1
737.71564,208.33104,9.2908325,18.222824,0.06078592,2,-1,-1
602.1396,74.182434,24.68103,22.196533,0.06077543,8,-1,-1
563.9172,206.97858,22.771484,36.218567,0.060548604,4,-1,-1
1087.0449,270.79962,8.966187,16.597076,0.060421377,1,-1,-1
724.60474,94.872116,6.0949097,13.628273,0.060400724,1,-1,-1
697.2219,129.55833,10.326904,14.6901245,0.060197502,1,-1,-1
1197.5201,0.0,19.644165,15.174811,0.06013459,4,-1,-1
1017.5202,58.61704,5.079651,9.444202,0.060126573,1,-1,-1
1182.7175,8.247261,18.778809,16.079573,0.06001413,10,-1,-1
1073.4658,460.75287,16.619507,18.353394,0.059742898,2,-1,-1
1191.9098,4.510464,18.840454,13.1885395,0.059667826,10,-1,-1
686.9831,201.08905,14.138245,23.269623,0.0594396,1,-1,-1
830.8306,453.57047,19.46112,40.310486,0.059422582,8,-1,-1
629.3247,209.92531,9.560242,14.697205,0.059404552,1,-1,-1
717.88293,238.55045,5.8723145,11.222519,0.05938232,1,-1,-1
876.80054,97.88938,7.8363037,14.569374,0.059355557,1,-1,-1
1013.33655,250.76639,10.783325,19.03534,0.059285372,2,-1,-1
317.02222,17.253992,9.658905,5.778967,0.05926913,10,-1,-1
1193.3143,5.513082,27.639404,17.607765,0.059191555,4,-1,-1
1087.0449,270.79962,8.966187,16.597076,0.059080213,2,-1,-1
552.4065,203.26653,64.95947,74.29817,0.05907002,5,-1,-1
734.2999,461.79608,14.8168335,29.121643,0.059069455,4,-1,-1
787.1541,37.104874,4.8722534,11.444977,0.058975816,2,-1,-1
1394.7948,31.55457,4.725952,12.677799,0.058922887,1,-1,-1
84.246025,472.61636,72.23208,60.80185,0.058887213,1,-1,-1
624.289,30.139444,13.94635,30.149698,0.058866233,1,-1,-1
676.9712,134.64615,7.234375,13.082703,0.05868697,3,-1,-1
714.5572,240.22525,14.33844,22.871857,0.058653146,1,-1,-1
127.11993,164.53049,15.163918,19.202652,0.058495015,1,-1,-1
946.71075,47.893974,7.1070557,11.295567,0.058488607,10,-1,-1
1284.5026,94.74702,115.01819,55.923073,0.058355093,6,-1,-1
839.20856,286.351,8.421997,14.455078,0.058253348,2,-1,-1
1085.0375,274.8332,6.8796387,14.806183,0.05817327,2,-1,-1
1018.03613,56.359116,8.005493,13.934494,0.058138788,2,-1,-1
601.0573,55.642906,50.451843,38.593452,0.058134288,4,-1,-1
743.533,532.36884,20.809814,43.156555,0.05810851,3,-1,-1
314.57443,13.40502,8.779114,8.156851,0.05808139,2,-1,-1
1200.7067,0.0,24.635498,15.777912,0.05804184,10,-1,-1
1188.5938,0.0,25.796265,15.311961,0.05795303,10,-1,-1
58.987705,9.667777,10.101543,7.1598444,0.057899207,1,-1,-1
629.3247,209.92531,9.560242,14.697205,0.057807773,2,-1,-1
696.1295,133.08607,4.8239136,9.533356,0.057682097,3,-1,-1
773.78534,264.87256,7.643799,13.420837,0.057671428,1,-1,-1
861.6623,154.84642,18.808594,25.731308,0.057648867,1,-1,-1
1159.5798,156.24948,239.94092,162.03137,0.057476997,6,-1,-1
673.5875,137.72977,14.07843,17.824219,0.057426244,1,-1,-1
1247.4829,107.045746,5.3760986,9.958977,0.057388723,1,-1,-1
322.18365,2.0329247,9.115601,5.8859415,0.057385087,2,-1,-1
752.5425,130.42732,22.74176,23.643768,0.057283938,7,-1,-1
627.7204,157.0916,8.009644,18.292542,0.057251632,1,-1,-1
1078.6049,263.92828,8.277588,15.291504,0.057193577,2,-1,-1
648.21655,163.52097,12.692505,26.96025,0.057112873,3,-1,-1
1076.4208,462.67032,11.58728,13.785522,0.056844592,1,-1,-1
544.78094,203.90273,67.95886,75.98256,0.05680242,9,-1,-1
313.9729,0.0,21.855194,10.525078,0.056780666,5,-1,-1
1078.2778,270.11377,8.491943,18.594543,0.05676633,1,-1,-1
859.56445,163.52882,14.1015625,18.640656,0.056699574,1,-1,-1
1081.8865,274.16776,8.095825,15.826355,0.056690484,1,-1,-1
716.5212,575.5637,23.26416,62.15973,0.05657029,3,-1,-1
725.4312,89.37085,9.020569,14.616562,0.056505173,2,-1,-1
757.4032,55.69213,6.441162,13.584984,0.056426227,2,-1,-1
740.5245,538.10693,13.258301,34.92627,0.056277603,10,-1,-1
1058.7146,14.44128,8.100342,14.559984,0.056247443,1,-1,-1
621.8078,23.249186,8.266113,9.531256,0.05614555,1,-1,-1
742.8797,540.335,8.332764,25.48877,0.056004554,2,-1,-1
720.9971,93.05924,7.8703003,16.977478,0.05586937,1,-1,-1
698.0865,132.30347,6.944763,11.329803,0.05578938,3,-1,-1
389.99573,55.92224,37.74356,21.502853,0.05574152,4,-1,-1
1238.7968,370.07108,56.483643,39.428467,0.055639952,5,-1,-1
740.92365,156.17677,8.454651,11.751068,0.055630803,2,-1,-1
681.09625,353.19476,13.617493,33.33896,0.055618584,1,-1,-1
566.38275,206.14948,11.518372,23.851486,0.055476367,1,-1,-1
666.037,149.6783,15.231201,22.092865,0.055469602,3,-1,-1
342.02023,31.106699,13.143646,17.665297,0.055440992,10,-1,-1
623.3421,154.25339,11.979553,27.426437,0.05543068,4,-1,-1
1087.1099,0.0,10.352783,14.51268,0.055362403,4,-1,-1
841.74493,254.32458,5.081604,14.615356,0.055264443,2,-1,-1
741.80725,341.2304,8.424072,19.325317,0.05525878,1,-1,-1
1094.2494,268.78238,12.269287,20.392365,0.055182636,3,-1,-1
1056.6741,442.8323,13.550415,12.650421,0.055146337,1,-1,-1
768.9437,265.4863,7.588928,11.648651,0.055020005,2,-1,-1
671.2938,135.48068,10.2352295,17.561432,0.054993063,3,-1,-1
675.2611,343.63132,13.890198,23.684296,0.0549587,1,-1,-1
653.66315,166.95483,14.209351,26.210434,0.054938912,1,-1,-1
1096.7402,269.54642,7.1810303,13.753113,0.05490938,1,-1,-1
1090.977,265.83704,19.91858,27.394226,0.054879993,2,-1,-1
859.60614,154.93806,24.090942,23.254807,0.05458623,2,-1,-1
719.6486,240.21431,7.5217285,11.245544,0.054583192,1,-1,-1
322.71158,0.0,8.367828,5.466591,0.054557115,2,-1,-1
1076.1797,440.5169,129.80688,77.359924,0.054511964,6,-1,-1
1280.8121,388.1298,8.630493,10.743134,0.054473996,2,-1,-1
768.02057,142.51755,6.491394,10.784531,0.05441457,2,-1,-1
509.5971,123.72524,6.5441895,18.176262,0.054337025,1,-1,-1
346.7287,34.4593,11.6380005,12.40374,0.05417353,10,-1,-1
783.02075,31.610142,6.4473877,16.283314,0.054142654,2,-1,-1
768.62396,263.2061,7.51886,13.1458435,0.054075807,1,-1,-1
746.7338,255.05464,5.5700684,9.632645,0.054002702,1,-1,-1
346.4996,40.313206,4.6376343,8.202236,0.05387208,1,-1,-1
619.31464,151.96779,21.41748,31.913696,0.053848,1,-1,-1
681.4561,136.93875,6.1483765,11.325211,0.053844303,3,-1,-1
291.72546,0.0,44.835052,19.83321,0.053826272,10,-1,-1
660.955,162.60742,14.107971,22.602661,0.053808004,1,-1,-1
748.2128,538.6888,27.379211,40.92993,0.053778738,2,-1,-1
834.4489,285.24246,7.19812,12.866089,0.05374056,2,-1,-1
680.60626,348.32098,8.483887,16.353882,0.053705215,1,-1,-1
126.2133,571.74774,17.885529,36.085876,0.05364436,2,-1,-1
747.2827,533.04834,15.894043,41.579956,0.05363366,4,-1,-1
765.47546,134.63344,6.472473,10.092331,0.053561747,2,-1,-1
662.7662,172.74425,10.33313,23.406967,0.053548366,3,-1,-1
1247.9657,111.02175,4.484253,6.7172623,0.053467095,1,-1,-1
562.2461,205.55684,27.29596,43.02173,0.053460985,5,-1,-1
765.2734,128.96475,5.8341675,10.579086,0.053433865,2,-1,-1
724.36597,84.697556,7.1376953,14.502075,0.053431004,1,-1,-1
1200.7068,3.025543,13.869751,15.360374,0.053411514,10,-1,-1
708.68,9.323338,18.05841,19.932264,0.053381026,1,-1,-1
630.20874,206.4786,13.223572,18.282593,0.053376436,10,-1,-1
1130.1461,0.0,22.940918,24.965746,0.053342223,1,-1,-1
1060.5835,457.01794,30.104614,38.12018,0.05333838,1,-1,-1
79.697975,154.36108,27.88021,26.214294,0.053317487,1,-1,-1
1346.0005,506.93982,28.565796,42.54657,0.05325672,1,-1,-1
