920.2223,439.15625,156.86035,119.28021,0.99999964,4,-1,-1
965.93115,504.6505,147.1914,132.42133,0.99999046,4,-1,-1
551.5036,573.7492,167.19,87.1676,0.9999855,4,-1,-1
553.9685,472.68317,164.9834,90.36749,0.99995774,4,-1,-1
961.2925,761.4538,153.39209,135.32861,0.99992764,4,-1,-1
879.7744,362.85477,172.18433,112.87045,0.9998168,4,-1,-1
856.55756,1.285994,150.59094,75.08607,0.99885744,4,-1,-1
467.0178,104.74192,184.73502,92.763954,0.9977278,4,-1,-1
978.0594,858.0067,163.19598,143.88092,0.9923171,4,-1,-1
983.2817,609.4232,141.71698,145.42554,0.9762914,5,-1,-1
477.99692,180.54485,193.30344,107.89494,0.976172,5,-1,-1
989.78345,970.4482,184.41528,78.23932,0.97382706,4,-1,-1
884.89856,258.98645,158.74377,127.46307,0.9672882,4,-1,-1
500.27362,289.91266,169.77527,97.01453,0.95564747,6,-1,-1
567.1071,393.62698,157.21631,71.18027,0.95366776,4,-1,-1
577.75055,665.69977,172.0523,97.7547,0.932006,4,-1,-1
902.4892,396.96732,160.19708,115.989716,0.8843272,4,-1,-1
1252.369,564.4148,146.69958,78.5625,0.8670496,4,-1,-1
887.5818,255.89699,163.87341,128.04927,0.8082255,5,-1,-1
982.7093,225.3241,81.26544,82.51196,0.78467304,5,-1,-1
986.03406,914.4654,170.72083,123.84259,0.6988028,4,-1,-1
476.8868,180.06596,195.49692,115.46022,0.65927225,6,-1,-1
626.6559,923.6684,157.66821,121.682434,0.6545731,4,-1,-1
638.42114,987.71765,146.67767,59.52368,0.4719053,4,-1,-1
1199.0033,459.91608,192.80408,83.951294,0.3842859,4,-1,-1
573.55286,664.8449,177.07611,107.70776,0.35050672,6,-1,-1
815.1194,764.14276,24.008362,37.067017,0.3304485,1,-1,-1
983.1281,615.111,143.41595,140.5456,0.24469644,4,-1,-1
474.83224,160.16028,183.5773,106.00485,0.23920062,4,-1,-1
713.17786,727.67926,51.350098,39.37854,0.22232372,10,-1,-1
882.9286,159.26428,70.78015,96.46846,0.21841952,5,-1,-1
941.6303,237.81102,109.64398,104.20787,0.2035898,5,-1,-1
887.5818,255.89699,163.87341,128.04927,0.18088958,6,-1,-1
493.56332,282.86194,174.68936,103.30664,0.17620769,5,-1,-1
627.3746,921.961,155.5437,123.55658,0.17310068,5,-1,-1
1199.4158,459.85583,192.30176,85.453186,0.16803753,1,-1,-1
557.6585,526.98236,166.95233,97.54248,0.16598874,4,-1,-1
1207.089,460.10724,187.86462,85.73871,0.16418362,5,-1,-1
877.3304,367.83313,178.46686,106.5462,0.16248178,5,-1,-1
493.56332,282.86194,174.68936,103.30664,0.14071915,4,-1,-1
981.73596,225.85834,81.8457,83.2233,0.12722191,4,-1,-1
884.5735,258.45956,160.81409,127.851105,0.11987695,9,-1,-1
627.3183,922.6086,156.24396,123.14703,0.11518702,8,-1,-1
572.72144,666.1031,177.52252,104.11749,0.1132724,5,-1,-1
636.5075,973.34564,128.0755,75.34186,0.10926375,10,-1,-1
882.9286,159.26428,70.78015,96.46846,0.10038626,4,-1,-1
983.42676,614.9436,142.33984,140.5299,0.093308896,1,-1,-1
629.6962,922.99896,155.11377,119.25311,0.08967745,10,-1,-1
117.412544,154.05069,23.743034,39.22238,0.083989054,1,-1,-1
479.54996,181.34668,193.70132,112.96539,0.08238059,8,-1,-1
711.471,728.507,51.95575,38.44464,0.079215884,1,-1,-1
1239.1348,537.45264,159.99023,108.323425,0.07739037,5,-1,-1
857.6704,1.6451812,148.71423,74.92311,0.077278584,2,-1,-1
573.06,664.20215,176.4881,105.5307,0.074674934,9,-1,-1
986.1543,222.57921,78.81677,82.16078,0.073280066,9,-1,-1
468.0682,149.74278,185.98038,96.83009,0.07271886,5,-1,-1
628.39703,919.53986,162.93573,127.2962,0.07258847,7,-1,-1
626.83307,1001.28143,165.67853,47.406067,0.072071314,3,-1,-1
626.83307,1001.28143,165.67853,47.406067,0.07085806,5,-1,-1
878.1276,150.2905,152.44147,107.68536,0.07033548,6,-1,-1
478.58966,179.6829,191.51886,110.35011,0.06771317,9,-1,-1
1200.8007,459.63266,191.03845,84.87503,0.06468335,10,-1,-1
629.273,922.16144,163.42212,126.52606,0.06448284,1,-1,-1
629.273,922.16144,163.42212,126.52606,0.06369704,2,-1,-1
575.1862,395.99216,122.46985,70.84378,0.061661035,5,-1,-1
467.86923,109.12019,180.23813,85.593475,0.060863256,5,-1,-1
722.3137,726.60596,42.72412,38.966614,0.06057647,2,-1,-1
988.8222,223.23103,76.57025,81.173355,0.059485346,1,-1,-1
711.7622,727.9808,52.08844,38.82373,0.059077203,3,-1,-1
891.86633,161.73857,165.62952,106.052414,0.058866113,4,-1,-1
988.67725,224.24243,76.50903,80.58127,0.05775997,6,-1,-1
474.83224,160.16028,183.5773,106.00485,0.05573979,7,-1,-1
138.84204,376.53937,24.081009,42.57791,0.053515255,1,-1,-1
1198.1683,459.1359,192.56714,85.98917,0.051113635,3,-1,-1
814.18964,764.28503,24.086914,36.91632,0.050647676,10,-1,-1
