677.0173,665.78955,84.237976,124.16913,0.9999564,4,-1,-1
636.80493,544.74603,51.15088,71.19507,0.999266,4,-1,-1
570.8263,551.0115,50.989258,58.967834,0.9992591,4,-1,-1
574.71704,498.11472,39.576294,48.786957,0.9833827,4,-1,-1
201.64383,628.0133,77.0278,48.66327,0.9760002,10,-1,-1
579.1088,630.29706,61.29657,97.954895,0.8165183,6,-1,-1
230.85435,607.80566,34.05168,58.887756,0.6466957,2,-1,-1
579.73883,630.8401,60.990112,97.036316,0.63397974,4,-1,-1
223.4469,617.4161,31.308716,54.388794,0.62150264,2,-1,-1
250.86131,585.67554,27.347733,62.544617,0.52098864,2,-1,-1
214.59038,622.5701,26.13385,49.833862,0.48467413,2,-1,-1
241.69182,594.04175,31.075974,64.84546,0.47681126,2,-1,-1
205.67345,625.56506,67.36525,49.268555,0.38770688,2,-1,-1
251.57414,585.48474,27.43779,61.345703,0.32665813,1,-1,-1
718.10754,408.1229,35.063416,27.034332,0.2290608,4,-1,-1
571.4126,525.82825,46.55243,60.13147,0.16993481,4,-1,-1
258.89783,592.0861,28.347382,57.173157,0.16255662,2,-1,-1
221.67172,617.5291,45.0632,52.777588,0.13397658,10,-1,-1
242.70209,595.0431,29.442596,61.68341,0.1296686,1,-1,-1
212.0138,621.6191,36.85898,48.77234,0.12278825,10,-1,-1
227.79482,630.32385,34.248306,49.73468,0.1189529,2,-1,-1
274.09146,584.73334,24.52066,45.687866,0.104828775,1,-1,-1
284.65787,77.27869,44.777374,29.845856,0.08886659,1,-1,-1
237.7743,624.1734,43.670853,42.67859,0.087997586,2,-1,-1
836.3988,291.71426,47.64154,23.173004,0.08553654,4,-1,-1
206.53415,624.8549,25.073471,48.117676,0.08105266,2,-1,-1
221.67172,617.5291,45.0632,52.777588,0.07823348,1,-1,-1
212.0138,621.6191,36.85898,48.77234,0.071250916,1,-1,-1
259.7482,584.5514,28.557465,53.67578,0.0706158,1,-1,-1
579.4705,630.993,61.60608,98.10693,0.0578323,5,-1,-1
285.62314,77.92198,46.51059,27.788689,0.05730456,3,-1,-1
636.7022,544.54083,50.891785,71.49219,0.05567369,1,-1,-1
682.4264,677.5363,76.78497,113.17908,0.055065274,5,-1,-1
550.15967,389.26712,38.681274,31.625122,0.05378887,4,-1,-1
