788.9936,541.99603,42.513794,94.417725,0.9999292,1,-1,-1
146.45976,144.10219,40.483826,62.472504,0.99532986,1,-1,-1
289.4479,182.17941,36.586243,78.23056,0.98361933,1,-1,-1
183.98294,116.345505,37.31656,67.33562,0.94789755,1,-1,-1
1687.7357,262.63004,36.881226,62.121155,0.92972565,1,-1,-1
347.97958,69.518105,24.014862,65.51127,0.91020346,1,-1,-1
1637.1617,259.98578,52.46936,84.57352,0.90648764,1,-1,-1
1251.3403,377.4725,52.102417,95.51544,0.7359667,1,-1,-1
1649.0359,266.0847,63.53296,86.489746,0.7063162,1,-1,-1
311.86588,74.24565,24.901459,59.37993,0.66240525,1,-1,-1
581.897,388.07416,57.20636,75.46869,0.5673325,1,-1,-1
528.1176,7.3177447,41.56726,28.12378,0.36640465,1,-1,-1
1635.5513,289.81033,31.191406,57.765167,0.2707724,1,-1,-1
148.6269,175.74303,39.02112,45.15155,0.22522739,1,-1,-1
1674.7661,268.41418,46.53955,74.14108,0.22331157,1,-1,-1
1668.19,306.72598,41.695435,49.282104,0.21482232,1,-1,-1
154.6358,136.83536,37.780563,53.56224,0.17424363,1,-1,-1
516.6381,4.23608,41.848267,29.23338,0.1401416,1,-1,-1
527.5704,6.3817425,41.878174,27.534594,0.13436782,3,-1,-1
290.81946,185.66089,54.42459,93.086945,0.1318253,1,-1,-1
295.82343,210.73761,39.278442,57.454193,0.12586918,1,-1,-1
166.39175,132.93608,41.118668,62.249176,0.11790711,1,-1,-1
143.90259,181.95856,30.395615,44.340225,0.10703659,1,-1,-1
291.3181,189.2146,44.1297,77.955444,0.086049736,3,-1,-1
579.8529,431.96292,55.032715,37.331696,0.07845417,1,-1,-1
1264.422,375.05252,37.33191,67.274445,0.0689598,1,-1,-1
150.50589,159.97935,33.308624,58.092224,0.06260905,3,-1,-1
298.8274,220.1739,35.709686,53.444138,0.06194082,3,-1,-1
1641.996,307.84082,43.946533,47.60678,0.059558064,1,-1,-1
304.3102,232.25163,41.961365,42.922775,0.056848347,1,-1,-1
142.25562,137.81256,37.074905,48.952194,0.052364856,1,-1,-1
