599.05634,313.2296,35.91864,53.94522,0.9113389,4,-1,-1
610.3609,448.61786,44.591125,68.343994,0.91069996,4,-1,-1
587.14825,384.57663,41.211792,60.34607,0.90163493,4,-1,-1
869.4745,472.85284,41.762817,55.442932,0.89416516,4,-1,-1
970.9003,818.2964,73.12152,118.35339,0.8900156,4,-1,-1
609.0849,259.51477,35.320374,50.15097,0.88788843,4,-1,-1
613.75793,217.03337,33.211487,45.916153,0.88422024,4,-1,-1
696.0098,376.4882,37.30237,64.14548,0.88307655,4,-1,-1
928.37573,532.48315,51.654663,74.3996,0.8697295,4,-1,-1
959.92035,721.345,64.18463,86.25305,0.85730755,4,-1,-1
549.8367,518.2274,55.596252,78.49628,0.849259,4,-1,-1
914.04987,452.1683,46.01233,57.864105,0.84245354,4,-1,-1
844.6739,309.49414,35.000183,48.443054,0.8424101,4,-1,-1
883.4272,231.75449,30.625793,40.581146,0.8276514,4,-1,-1
894.6493,321.41046,39.19873,48.123108,0.82298464,4,-1,-1
880.0424,582.716,46.36499,67.29651,0.81071615,5,-1,-1
887.00916,274.8728,36.437195,45.834015,0.7730436,4,-1,-1
801.4602,817.4664,62.47113,138.24103,0.7563125,5,-1,-1
989.9079,489.2991,37.45758,22.927094,0.71196926,10,-1,-1
879.15045,192.18549,44.69922,28.965637,0.636271,4,-1,-1
375.78912,997.45636,51.39154,30.755188,0.6099971,4,-1,-1
944.1348,610.4304,64.03943,83.16467,0.607547,4,-1,-1
543.1642,866.06647,46.439697,22.394836,0.6002531,10,-1,-1
845.6443,58.665268,24.593933,28.448418,0.59688973,4,-1,-1
361.90274,1022.25885,55.227234,27.133484,0.56140584,4,-1,-1
856.88165,167.1062,38.143433,31.58493,0.4966126,4,-1,-1
612.68695,236.78366,34.355164,51.58658,0.47578526,4,-1,-1
866.8132,129.5068,32.468628,39.719376,0.4743104,5,-1,-1
1040.9563,668.9129,38.704468,27.957886,0.46972302,10,-1,-1
375.78912,997.45636,51.39154,30.755188,0.46095824,10,-1,-1
1002.6963,528.73486,28.221436,23.727173,0.453065,10,-1,-1
1052.9705,705.4436,35.057007,22.851807,0.44452405,10,-1,-1
808.63354,7.8613057,8.986206,14.629999,0.43939918,10,-1,-1
827.35114,0.0,21.642456,12.98464,0.4054115,4,-1,-1
852.30426,41.037895,23.17389,21.888966,0.40292257,4,-1,-1
986.66376,460.03442,40.520813,24.75412,0.40185663,10,-1,-1
1004.7147,539.1954,30.517822,18.40155,0.3726285,10,-1,-1
1266.5573,974.96484,29.587646,24.378784,0.36798775,4,-1,-1
701.8896,0.0,9.274841,13.799176,0.33513632,1,-1,-1
708.7097,0.0,9.565308,18.086897,0.33057562,1,-1,-1
849.3262,16.196657,22.499573,24.388678,0.32723486,4,-1,-1
809.4637,5.9129086,7.814392,12.346577,0.32656628,2,-1,-1
866.3318,129.28792,33.12207,40.57022,0.31911752,4,-1,-1
633.7492,160.35982,23.961365,19.361328,0.31827235,10,-1,-1
641.69464,133.70499,23.54956,17.93077,0.31598184,10,-1,-1
1016.04224,561.1274,29.466553,16.83789,0.31586576,3,-1,-1
848.29425,4.3692756,16.323914,15.43865,0.3149448,4,-1,-1
829.66724,10.075353,16.56897,13.7477045,0.31002483,10,-1,-1
848.6271,17.600023,23.628113,27.221273,0.30637804,5,-1,-1
856.88165,167.1062,38.143433,31.58493,0.30523852,5,-1,-1
800.9193,815.7024,63.33026,140.13025,0.29028398,4,-1,-1
848.4419,17.066835,24.130127,28.671328,0.28959194,6,-1,-1
830.27277,8.0616255,15.612488,15.093921,0.27423978,4,-1,-1
362.86533,1023.6497,53.793915,25.742615,0.27087513,10,-1,-1
809.98376,3.7316008,7.045532,10.034255,0.26552087,2,-1,-1
943.489,609.96625,66.92963,84.610596,0.26510775,5,-1,-1
1009.47156,541.33514,29.141846,17.882385,0.26448962,3,-1,-1
829.1299,10.160163,17.013367,13.82363,0.26159778,7,-1,-1
849.73,28.816751,24.77118,31.431982,0.25835705,4,-1,-1
849.2284,30.303698,26.046509,29.96958,0.2567298,6,-1,-1
994.8261,401.05246,17.880737,25.477966,0.25022727,10,-1,-1
930.4923,7.863617,11.693054,17.452406,0.24902907,10,-1,-1
633.5157,151.67178,29.940369,32.245758,0.2475285,4,-1,-1
1001.0042,530.1069,16.974976,23.49353,0.24133149,10,-1,-1
849.73,28.816751,24.77118,31.431982,0.23670167,5,-1,-1
1018.6167,576.6222,32.75476,17.124329,0.23564246,3,-1,-1
866.8132,129.5068,32.468628,39.719376,0.23450696,6,-1,-1
828.1053,0.0,30.50238,18.080173,0.23341304,4,-1,-1
832.5873,11.621465,10.755432,10.642169,0.23121604,2,-1,-1
942.998,377.09567,28.581299,17.005981,0.22966567,3,-1,-1
829.66724,10.075353,16.56897,13.7477045,0.21764463,8,-1,-1
577.6502,742.9898,9.451782,17.45404,0.21607873,1,-1,-1
827.3895,0.0,22.655212,13.081839,0.21388692,5,-1,-1
809.6611,10.375129,7.4175415,11.19238,0.21205336,2,-1,-1
1016.04224,561.1274,29.466553,16.83789,0.21103498,10,-1,-1
1018.8507,576.5557,31.872314,17.224976,0.21073902,10,-1,-1
809.9297,6.1649003,7.2859497,11.35601,0.20866323,10,-1,-1
1292.2816,999.627,8.602661,17.393616,0.20556518,1,-1,-1
830.147,10.973368,7.907715,11.420839,0.2025114,2,-1,-1
1117.4528,485.78787,38.419556,55.71939,0.19759244,4,-1,-1
879.5037,191.29234,45.22406,30.06427,0.1940313,5,-1,-1
632.7922,159.51054,28.640137,39.05664,0.1921533,4,-1,-1
1051.0648,699.04565,54.4115,31.869324,0.18919837,10,-1,-1
635.7779,130.73375,29.677917,27.225235,0.18885729,4,-1,-1
852.33765,40.68797,23.40149,22.346592,0.18727928,5,-1,-1
847.59375,3.9895918,15.660828,15.613829,0.18446904,10,-1,-1
853.22363,14.763058,18.026611,15.81892,0.18438223,4,-1,-1
1019.4364,564.9891,36.60034,17.72638,0.18388867,3,-1,-1
632.67737,153.90765,28.272339,19.386993,0.18329081,10,-1,-1
1002.56055,529.2082,28.160522,22.252747,0.18322083,3,-1,-1
561.7633,1021.42676,56.67798,27.965576,0.18289885,4,-1,-1
1234.4993,395.05066,55.984253,69.78693,0.18203095,4,-1,-1
650.02527,136.3127,16.41217,14.307327,0.18158323,10,-1,-1
10.631293,726.4248,11.46844,17.838806,0.17880967,1,-1,-1
645.0807,136.43713,15.090698,13.12442,0.17559564,10,-1,-1
837.6622,9.602043,9.259155,13.580437,0.17441812,1,-1,-1
543.1642,866.06647,46.439697,22.394836,0.17298514,4,-1,-1
913.4086,451.8117,46.765686,57.724426,0.17078504,5,-1,-1
837.6622,9.602043,9.259155,13.580437,0.17076045,10,-1,-1
5.357063,720.33704,17.885208,24.921204,0.17022923,1,-1,-1
635.8682,140.16289,27.5802,16.990692,0.1666193,10,-1,-1
840.9475,11.605125,5.5462036,10.522612,0.16588789,2,-1,-1
806.725,11.668998,8.870605,10.386315,0.16408426,10,-1,-1
930.80426,7.8860884,10.930664,16.097466,0.16287962,2,-1,-1
851.08936,2.0295331,11.676575,13.412496,0.16206971,4,-1,-1
627.00885,144.27,40.937317,48.797134,0.15908101,4,-1,-1
833.3622,11.234095,9.330994,11.0372505,0.1585513,10,-1,-1
984.45056,460.91977,43.885376,24.19992,0.15780309,4,-1,-1
836.8808,4.4378705,28.087769,18.258251,0.15727916,4,-1,-1
591.19086,140.86903,14.670959,35.138367,0.15704545,10,-1,-1
931.5647,8.060993,10.478455,21.635849,0.15373588,1,-1,-1
848.22675,17.882631,24.256592,27.579306,0.15356421,9,-1,-1
845.3144,56.381428,27.49054,30.815922,0.15318742,5,-1,-1
847.8648,11.53489,9.47821,9.6476965,0.15190199,10,-1,-1
638.07306,141.28613,14.515747,14.4767,0.15155727,10,-1,-1
869.7073,169.27138,62.28058,35.905396,0.15078658,4,-1,-1
633.85095,160.30757,23.975769,19.280655,0.14970028,4,-1,-1
1251.4226,170.3735,38.72339,57.050003,0.14904162,4,-1,-1
1335.9537,998.92365,22.771729,34.04657,0.14867476,1,-1,-1
698.96295,0.0,9.513367,12.469,0.14852676,1,-1,-1
639.0141,163.31381,18.657593,10.588974,0.14807156,10,-1,-1
834.32294,7.723724,8.255188,11.865335,0.14744794,2,-1,-1
711.9808,1.974598,7.873169,17.748411,0.14700797,1,-1,-1
871.28644,22.516602,19.072632,20.659668,0.14660487,4,-1,-1
988.42145,205.8632,10.083984,23.648468,0.14658758,1,-1,-1
913.3373,220.48999,10.60553,16.511703,0.14623591,1,-1,-1
638.41925,135.79846,15.893616,15.203506,0.1461738,10,-1,-1
866.72424,110.849396,33.478027,48.720062,0.14562827,4,-1,-1
849.0132,0.0,20.289001,16.423578,0.14556488,4,-1,-1
846.9622,8.887234,14.311218,13.679253,0.14511499,10,-1,-1
942.998,377.09567,28.581299,17.005981,0.14440653,10,-1,-1
838.4203,0.0,24.319458,14.709919,0.14435342,4,-1,-1
1017.80023,545.73706,36.645203,18.242126,0.14431521,3,-1,-1
1012.7816,546.45337,26.741089,18.864014,0.14394793,3,-1,-1
698.4488,0.0,16.871643,15.362327,0.14178264,1,-1,-1
934.45715,9.510623,9.798035,20.755436,0.14161196,10,-1,-1
960.0633,720.05963,63.6286,86.74768,0.14101896,5,-1,-1
849.3203,3.3097746,20.97174,22.431622,0.14083454,4,-1,-1
829.1444,9.929498,16.629883,14.122529,0.1388616,2,-1,-1
837.6622,9.602043,9.259155,13.580437,0.13861474,2,-1,-1
886.1284,274.99545,38.441406,45.412994,0.13764375,5,-1,-1
865.6557,127.88024,35.971497,42.315544,0.13750386,9,-1,-1
548.53424,517.85535,57.127747,80.02521,0.13731861,5,-1,-1
829.8097,11.355386,9.137939,11.018153,0.13731298,10,-1,-1
994.13306,492.23724,23.872864,16.59198,0.13606617,10,-1,-1
1234.4993,395.05066,55.984253,69.78693,0.13566843,5,-1,-1
1288.8307,439.66708,11.600952,17.633118,0.13566548,1,-1,-1
1225.527,1006.60706,29.031128,21.601562,0.13530356,4,-1,-1
840.74426,11.189502,5.5113525,11.309863,0.13330203,1,-1,-1
1277.0111,1014.48126,7.212036,14.37616,0.13134152,1,-1,-1
807.76764,5.486009,9.416565,16.216251,0.13130659,3,-1,-1
804.41345,13.017408,11.268921,15.863792,0.13099751,10,-1,-1
854.25,9.317602,15.057983,15.582132,0.1309796,4,-1,-1
651.64294,141.6046,16.56018,12.745438,0.1309304,10,-1,-1
994.1648,462.75778,26.770752,18.565826,0.13091975,10,-1,-1
897.6419,15.6748705,9.719666,18.25742,0.13024512,1,-1,-1
830.03864,10.28868,14.829712,13.424945,0.13010633,1,-1,-1
709.3683,0.0,6.7557373,12.604442,0.12980947,1,-1,-1
639.34406,155.74117,18.258606,14.816589,0.12940395,10,-1,-1
853.7543,20.13732,25.487305,25.145842,0.12803811,4,-1,-1
927.1088,534.54175,52.53546,73.082886,0.12638077,5,-1,-1
6.136087,719.05475,11.981585,20.480408,0.12599859,1,-1,-1
855.02313,0.0,29.125488,14.478978,0.12569532,4,-1,-1
1002.7597,522.2924,33.12567,23.019348,0.12549019,10,-1,-1
1001.0042,530.1069,16.974976,23.49353,0.12546939,3,-1,-1
871.28644,22.516602,19.072632,20.659668,0.12542337,10,-1,-1
833.5827,0.0,30.247192,16.34825,0.12536001,5,-1,-1
879.98267,582.8924,46.57959,67.93054,0.12519953,4,-1,-1
826.93146,0.0,24.768555,13.354158,0.124982595,6,-1,-1
881.9066,184.61426,61.858337,38.01584,0.12479311,4,-1,-1
612.684,130.71812,48.98816,28.63031,0.12445927,4,-1,-1
840.74426,11.189502,5.5113525,11.309863,0.12445158,10,-1,-1
864.1236,102.651886,28.563293,34.579834,0.12403944,4,-1,-1
842.55554,51.61829,24.409424,28.92368,0.123582006,4,-1,-1
806.5971,5.068428,9.721985,14.660076,0.12342468,10,-1,-1
580.8227,744.20404,7.9733276,14.555969,0.123036176,1,-1,-1
845.3453,55.764202,27.60559,32.709408,0.122612655,6,-1,-1
810.0104,0.0,8.044128,10.097422,0.122407466,2,-1,-1
650.6678,159.78062,28.420471,17.92276,0.12229121,10,-1,-1
848.6032,14.797855,28.523682,39.49188,0.12216446,4,-1,-1
561.1598,1021.43933,57.376038,27.953003,0.12078038,5,-1,-1
882.49255,18.593763,9.014221,16.830973,0.12044847,1,-1,-1
849.03424,7.0320635,9.345093,11.356284,0.12009424,10,-1,-1
995.6701,452.82544,38.507507,19.85382,0.11986679,10,-1,-1
640.0412,164.71034,15.137573,15.351807,0.1197336,10,-1,-1
935.0453,10.708179,9.051392,18.890099,0.1193341,1,-1,-1
855.9345,167.75386,36.023743,31.412064,0.119321376,6,-1,-1
638.33875,148.47845,28.803223,28.492188,0.11921224,10,-1,-1
597.8969,139.25322,14.331177,36.066208,0.119125634,10,-1,-1
1052.9705,705.4436,35.057007,22.851807,0.119120896,3,-1,-1
642.7314,161.66414,19.946655,15.845383,0.11897752,10,-1,-1
622.224,35.474678,52.621216,33.860474,0.1183742,4,-1,-1
840.32697,7.8697557,6.708374,11.237988,0.117590964,2,-1,-1
1010.60614,540.3493,36.18805,19.696533,0.117238164,10,-1,-1
599.84406,138.49503,9.182495,26.604507,0.1170769,10,-1,-1
925.8801,5.4891505,12.934998,14.992348,0.11682528,10,-1,-1
932.1442,6.4672165,7.8512573,13.168816,0.11651999,2,-1,-1
996.3289,403.14307,15.838135,22.812775,0.11591041,1,-1,-1
1237.0195,397.59445,55.29077,70.304596,0.11577493,10,-1,-1
851.9001,6.904534,10.912598,17.069185,0.11571506,4,-1,-1
598.97754,313.21912,36.244507,54.174774,0.1155065,1,-1,-1
1052.7869,705.95044,35.970703,22.303528,0.115413606,1,-1,-1
1192.3326,989.046,22.656128,19.988525,0.11531845,1,-1,-1
1276.6201,1016.2714,46.437866,33.12091,0.114943445,9,-1,-1
1247.932,997.96063,7.9785156,14.135376,0.11458099,1,-1,-1
637.56964,151.6983,16.240906,13.460739,0.114346206,10,-1,-1
809.0273,5.303671,8.486145,15.385262,0.1139614,1,-1,-1
993.846,466.10614,40.856018,22.343262,0.11382878,10,-1,-1
848.68585,9.351381,8.622742,13.991047,0.11358151,1,-1,-1
1267.9636,1032.6343,6.725342,11.149048,0.1132738,1,-1,-1
1213.7175,1031.6426,28.027466,17.749756,0.11301947,4,-1,-1
543.1642,866.06647,46.439697,22.394836,0.112972766,7,-1,-1
931.8338,6.8940973,8.452454,12.81183,0.11258304,10,-1,-1
893.34607,8.1183195,16.192383,15.05222,0.112072945,10,-1,-1
972.725,818.3626,72.066895,117.64044,0.11164349,5,-1,-1
1289.8182,327.47342,17.731445,28.087524,0.11164126,1,-1,-1
829.8097,11.355386,9.137939,11.018153,0.11155224,1,-1,-1
848.7031,4.6119146,11.530273,15.577737,0.11142549,1,-1,-1
1282.3348,1028.3456,36.078613,21.046753,0.11116308,4,-1,-1
626.6693,131.38591,35.47357,20.481262,0.110975355,10,-1,-1
893.9908,321.528,39.566284,47.739105,0.11095521,5,-1,-1
1133.6777,12.598092,42.043457,71.20847,0.11065191,4,-1,-1
1224.7073,1025.2399,15.777222,14.38147,0.11020753,4,-1,-1
883.4272,231.75449,30.625793,40.581146,0.10994893,1,-1,-1
1225.9017,1030.6323,13.648193,14.661255,0.10993552,4,-1,-1
607.73285,259.40533,37.834595,49.84604,0.10978615,5,-1,-1
834.4453,10.762737,7.755371,11.7614765,0.109499395,1,-1,-1
832.48224,12.598943,17.6651,9.6413355,0.10913244,10,-1,-1
700.51556,0.0,12.177368,14.0949745,0.10880676,10,-1,-1
579.1722,742.2221,12.737671,20.305664,0.1087921,1,-1,-1
614.3647,217.86275,32.39325,45.05101,0.108759224,5,-1,-1
849.2284,30.303698,26.046509,29.96958,0.10875866,9,-1,-1
543.44037,866.041,45.79016,22.632019,0.10866797,3,-1,-1
847.5784,8.691851,12.424927,14.126747,0.10860267,4,-1,-1
868.44476,108.655525,30.339783,46.837776,0.10849509,5,-1,-1
610.452,448.90588,44.516296,68.23901,0.10841465,5,-1,-1
489.53317,248.83493,61.305084,32.258514,0.108403504,4,-1,-1
863.8134,107.72439,39.361084,52.823174,0.10822785,6,-1,-1
851.3608,17.01677,14.502319,17.179882,0.1077497,4,-1,-1
805.1824,3.5737593,14.200623,21.055958,0.10752112,10,-1,-1
868.6308,472.30338,43.171387,55.435455,0.10685849,5,-1,-1
1278.6421,1019.3088,42.211426,30.083557,0.10620734,6,-1,-1
361.01807,1023.15045,55.104645,26.241882,0.105754405,1,-1,-1
640.5877,136.00917,18.70288,14.76712,0.10575259,4,-1,-1
708.7097,0.0,9.565308,18.086897,0.10575259,10,-1,-1
1039.9564,669.56,60.56555,35.541443,0.10561678,10,-1,-1
846.0758,0.0,15.728455,9.264057,0.10559654,4,-1,-1
695.9494,376.91998,36.809082,63.944763,0.10550058,1,-1,-1
848.44495,11.653055,7.5822144,9.72625,0.10531032,2,-1,-1
1281.7762,1012.18756,8.596069,14.18634,0.10530293,1,-1,-1
886.918,167.50052,62.961304,42.54924,0.10527077,4,-1,-1
1232.2404,1003.22473,27.601685,21.597778,0.10523552,4,-1,-1
895.56177,8.357336,14.0563965,17.10741,0.10497257,4,-1,-1
845.4301,49.720535,16.550537,14.869453,0.10476321,4,-1,-1
609.85187,140.81297,15.667114,35.36461,0.10457364,10,-1,-1
592.08685,138.93585,12.8758545,30.817963,0.10454646,1,-1,-1
644.5624,133.78975,19.278076,16.570526,0.10426882,2,-1,-1
840.32697,7.8697557,6.708374,11.237988,0.10421279,1,-1,-1
1221.3468,984.76843,11.274048,12.50592,0.103604406,1,-1,-1
1242.2194,977.0368,12.80896,14.632263,0.10357484,1,-1,-1
826.5745,0.0,24.33783,12.326528,0.10347214,10,-1,-1
831.54803,0.0,31.977783,15.720501,0.10318917,6,-1,-1
847.7576,13.365787,9.606995,17.757725,0.1031709,1,-1,-1
830.5031,7.121139,6.649658,12.012318,0.103106946,2,-1,-1
807.13824,0.0,10.561157,16.435217,0.102980286,2,-1,-1
852.3224,5.9637146,9.373108,11.733152,0.10295871,10,-1,-1
1140.4447,0.0,42.10498,38.139107,0.10285279,4,-1,-1
871.77783,22.934492,17.949768,19.877619,0.10273683,1,-1,-1
1266.4662,975.69116,30.214844,22.792725,0.10272506,5,-1,-1
1224.9702,1014.063,25.406982,18.424316,0.10255787,4,-1,-1
706.76697,0.0,14.908813,23.25856,0.102329046,1,-1,-1
848.29425,4.3692756,16.323914,15.43865,0.102137506,5,-1,-1
881.9952,14.934255,13.310852,18.88472,0.102120996,10,-1,-1
806.72375,12.311524,8.841492,9.238938,0.10193896,2,-1,-1
1002.06793,533.9115,12.364441,21.686035,0.101768345,1,-1,-1
573.628,740.5596,14.676392,23.19989,0.101712525,1,-1,-1
897.3972,16.181599,10.188538,17.70345,0.10169256,10,-1,-1
1019.8574,564.4092,35.438477,18.80194,0.10142398,10,-1,-1
660.0218,161.21503,16.284546,15.603348,0.1013647,10,-1,-1
899.7848,17.195086,11.392578,19.021788,0.10096091,10,-1,-1
1237.6927,394.06165,57.678955,69.65115,0.10090718,8,-1,-1
666.99634,159.17935,11.753784,17.827774,0.1009022,1,-1,-1
849.2087,5.6633472,9.580566,13.696007,0.10078502,2,-1,-1
876.41656,19.530563,11.172485,16.511646,0.100666255,1,-1,-1
270.0569,673.5553,9.396027,19.434692,0.10036245,1,-1,-1
638.452,128.5103,20.192749,26.538544,0.100212455,10,-1,-1
1317.7737,972.8282,11.530151,21.37799,0.09978971,1,-1,-1
895.43713,3.791882,20.71875,23.582945,0.09927404,4,-1,-1
826.93146,0.0,24.768555,13.354158,0.099233,9,-1,-1
885.8172,177.38057,40.264526,27.422333,0.09915277,4,-1,-1
1282.2958,1009.9988,30.368408,27.152222,0.09907138,4,-1,-1
988.82117,488.215,39.238403,24.02951,0.098814815,4,-1,-1
648.02185,160.71336,11.021851,14.454849,0.098799706,10,-1,-1
851.4221,36.519352,19.57959,18.066319,0.09765902,4,-1,-1
649.1173,133.24023,9.447327,13.496429,0.097041935,2,-1,-1
581.1316,141.75333,14.875305,33.992966,0.09696707,10,-1,-1
1217.6761,1015.5378,28.428223,21.553772,0.09689522,4,-1,-1
1275.2471,1012.6186,11.76123,14.134949,0.09689042,1,-1,-1
1004.37695,533.72986,18.453247,17.347778,0.09678486,10,-1,-1
1012.7721,544.6532,22.14795,13.997009,0.096485734,10,-1,-1
849.0487,5.3899117,17.190002,15.904598,0.09614232,6,-1,-1
587.33594,383.84058,40.826416,61.528046,0.09598136,1,-1,-1
852.3473,24.820545,18.12915,18.764763,0.09589431,4,-1,-1
845.8814,0.0,34.254456,21.896587,0.09572697,4,-1,-1
695.62946,376.83603,37.25824,63.213654,0.095675886,5,-1,-1
712.2933,0.0,8.058716,12.461831,0.09517041,1,-1,-1
599.0327,137.8795,12.732605,32.920303,0.095136106,1,-1,-1
934.3118,9.691476,9.963745,20.160511,0.09497455,2,-1,-1
1294.15,997.02686,9.585205,18.962585,0.09495309,1,-1,-1
800.61584,817.4157,64.49341,138.42688,0.094379574,9,-1,-1
1221.3262,1018.7129,20.741089,14.365967,0.09437874,4,-1,-1
1091.4414,490.2483,10.516113,23.413574,0.09436104,1,-1,-1
459.28992,964.4168,9.02243,23.76941,0.09425196,1,-1,-1
827.64813,0.0,21.654053,13.739727,0.09392664,8,-1,-1
640.02,141.92885,19.028503,10.783524,0.09376216,10,-1,-1
848.51697,16.091484,23.789246,30.88412,0.09345886,8,-1,-1
807.0814,2.808747,8.529297,10.24811,0.0934194,2,-1,-1
583.7223,182.44675,12.906982,30.298492,0.09336528,1,-1,-1
851.72797,1.968635,10.318237,12.364544,0.093330175,10,-1,-1
642.2838,131.8586,14.526428,17.00177,0.093122184,10,-1,-1
807.13824,0.0,10.561157,16.435217,0.09304446,10,-1,-1
1019.39575,545.564,35.43701,19.423157,0.092926234,10,-1,-1
1194.0115,987.989,32.479736,22.450012,0.092739195,10,-1,-1
868.9641,15.07521,25.041199,25.216831,0.092705965,4,-1,-1
893.20044,12.40349,9.299255,18.19776,0.09265646,1,-1,-1
648.9389,131.90074,9.820923,16.01828,0.092559576,10,-1,-1
642.674,152.62627,21.990906,18.163895,0.09243533,10,-1,-1
879.4169,189.88571,47.44458,32.420425,0.0924319,6,-1,-1
1014.30145,524.70306,41.908752,22.485046,0.09189165,10,-1,-1
600.8977,140.85133,22.653564,41.696915,0.09173086,4,-1,-1
845.45807,11.823455,35.54828,46.11656,0.09155795,6,-1,-1
681.68365,0.0,27.414001,15.840403,0.09151518,10,-1,-1
1319.0948,968.6823,13.061157,20.76654,0.091435075,1,-1,-1
1002.58704,534.84625,10.891113,20.178772,0.09135246,10,-1,-1
362.28473,1034.9662,47.148163,14.426147,0.09122831,4,-1,-1
989.9913,489.52835,36.58136,22.63852,0.09113023,3,-1,-1
635.55695,161.39143,20.899536,16.568436,0.09102973,2,-1,-1
1287.355,954.9305,35.585083,25.08551,0.09066427,4,-1,-1
695.8546,0.0,21.400818,16.133097,0.09060988,10,-1,-1
610.452,448.90588,44.516296,68.23901,0.090601414,1,-1,-1
617.418,166.30478,40.824524,34.937897,0.090539485,4,-1,-1
998.1389,442.76834,34.140625,19.429565,0.09016368,10,-1,-1
873.4523,170.30629,56.48358,33.715378,0.09003216,5,-1,-1
842.2231,11.233352,14.656738,11.629115,0.09002951,10,-1,-1
931.42865,6.7120214,9.339661,14.307573,0.08991006,1,-1,-1
1041.4684,668.90924,36.32837,27.877136,0.08988336,3,-1,-1
835.1479,6.116013,13.172791,15.069904,0.08987087,1,-1,-1
639.19653,142.50516,10.35437,11.620956,0.08983749,2,-1,-1
639.34125,137.98843,10.382935,11.486969,0.08973068,10,-1,-1
629.9212,164.24469,29.340271,23.679337,0.089693934,10,-1,-1
851.9166,6.941708,18.04779,10.775848,0.08965349,4,-1,-1
873.14264,143.43622,29.576416,27.142914,0.08963117,4,-1,-1
709.0148,0.0,10.439514,18.199202,0.08949441,3,-1,-1
548.53424,517.85535,57.127747,80.02521,0.089469075,1,-1,-1
933.64716,6.118629,10.664917,15.403885,0.08905229,10,-1,-1
807.1667,7.2856207,8.2074585,9.032701,0.08902949,2,-1,-1
1232.5188,1011.9704,16.215576,13.745911,0.08888209,4,-1,-1
644.5624,133.78975,19.278076,16.570526,0.08872828,1,-1,-1
1338.9099,998.5442,16.49121,22.506836,0.08836928,1,-1,-1
1278.6421,1019.3088,42.211426,30.083557,0.08815619,5,-1,-1
835.1479,6.116013,13.172791,15.069904,0.08792144,4,-1,-1
615.5279,148.92044,44.11023,32.710648,0.0879038,4,-1,-1
12.344618,750.6507,20.677423,26.834839,0.08762854,1,-1,-1
988.82117,488.215,39.238403,24.02951,0.0876165,1,-1,-1
844.9283,0.0,38.941833,32.012856,0.08760211,6,-1,-1
1291.471,439.1636,7.685791,13.333801,0.0876002,1,-1,-1
913.0768,220.9131,11.422363,15.8203125,0.08749387,3,-1,-1
853.5425,40.913292,23.99469,23.087128,0.08736259,6,-1,-1
990.65137,198.31454,11.66748,28.482895,0.08696592,1,-1,-1
1236.6592,395.0721,58.99646,70.51898,0.086817205,7,-1,-1
998.5652,205.23447,10.536743,23.425049,0.08675656,1,-1,-1
1052.7869,705.95044,35.970703,22.303528,0.08659217,2,-1,-1
361.31122,1023.75336,54.15149,25.638977,0.086579144,5,-1,-1
1019.2235,569.6678,41.956665,21.777588,0.086337745,3,-1,-1
625.10614,124.252235,45.583008,44.499306,0.08630046,4,-1,-1
1365.8969,1027.9468,17.837036,15.595825,0.08625668,1,-1,-1
856.1953,4.7468095,21.348755,19.181192,0.08623406,4,-1,-1
1134.8253,15.186737,40.502075,66.562935,0.08618507,5,-1,-1
852.55853,13.55261,11.366882,17.607065,0.08610955,1,-1,-1
678.88275,0.0,31.817017,16.500504,0.085987,4,-1,-1
701.8896,0.0,9.274841,13.799176,0.08591288,2,-1,-1
508.45255,256.60165,40.03537,21.588379,0.08590305,10,-1,-1
1107.9955,499.2984,60.68921,59.380005,0.08572006,4,-1,-1
1229.005,1022.49365,13.76001,12.873779,0.08567542,4,-1,-1
10.631293,726.4248,11.46844,17.838806,0.08540192,2,-1,-1
1014.9425,568.6155,30.17163,20.788452,0.08524063,3,-1,-1
654.3564,145.51233,16.406555,12.767044,0.08500719,10,-1,-1
886.1284,274.99545,38.441406,45.412994,0.08497408,6,-1,-1
1273.6696,1012.8237,7.915161,13.363281,0.084800154,1,-1,-1
845.5576,12.33589,7.099365,9.669519,0.08440754,2,-1,-1
858.79486,15.70537,17.392212,16.816816,0.08439079,4,-1,-1
423.67117,49.242157,10.280029,21.589363,0.084382445,10,-1,-1
805.90814,4.272551,11.2099,18.038364,0.08432147,2,-1,-1
884.68195,0.0,29.275085,14.417005,0.08428645,4,-1,-1
857.9207,167.1809,34.208435,30.651993,0.084098965,9,-1,-1
830.8796,7.277206,14.078125,15.373268,0.08406919,5,-1,-1
1276.6201,1016.2714,46.437866,33.12091,0.08404228,4,-1,-1
585.1992,385.0304,42.813293,60.31427,0.08399981,5,-1,-1
1286.081,1005.21747,8.423706,17.951782,0.08369824,1,-1,-1
1056.7742,843.8519,17.88623,32.780457,0.08336252,1,-1,-1
852.9241,8.157331,9.042786,15.335918,0.08323464,1,-1,-1
577.9362,745.56714,6.944763,11.863342,0.08306512,1,-1,-1
666.08215,160.39215,14.726624,17.489685,0.08302203,10,-1,-1
805.331,16.362106,8.414734,10.308832,0.08297151,10,-1,-1
848.66626,7.3038936,10.12677,10.619116,0.08291763,4,-1,-1
832.5873,11.621465,10.755432,10.642169,0.082802325,7,-1,-1
978.94617,453.3873,41.125793,21.223785,0.08275357,10,-1,-1
898.64246,19.67759,6.1749268,12.68074,0.082650214,1,-1,-1
943.36224,609.43225,68.3111,86.30377,0.08260596,6,-1,-1
845.36646,12.159506,7.677429,10.333578,0.08252251,10,-1,-1
852.1282,13.884481,25.286499,24.288733,0.08208534,5,-1,-1
623.4125,139.4987,34.522827,20.148605,0.082066715,10,-1,-1
981.65894,226.40503,10.296143,22.294037,0.081920356,1,-1,-1
829.66254,10.65164,16.271362,12.8942375,0.08191991,3,-1,-1
881.4146,15.4535475,14.124878,18.088463,0.08183637,1,-1,-1
852.3559,0.0,19.5896,8.700521,0.08182004,4,-1,-1
893.46216,11.194689,15.628296,21.887793,0.08179161,10,-1,-1
1271.671,981.02655,17.36438,16.184875,0.08176434,4,-1,-1
631.9421,162.07819,19.730652,13.20813,0.08175194,10,-1,-1
835.52106,7.977029,6.0804443,11.330789,0.08174816,1,-1,-1
635.16394,127.2884,31.055725,34.769234,0.08141339,10,-1,-1
844.87384,10.913523,8.548096,13.218422,0.08137435,1,-1,-1
852.88306,172.8301,9.121765,21.300766,0.081368506,1,-1,-1
869.7055,174.98405,37.458435,29.450928,0.08128953,4,-1,-1
1216.59,1004.7206,40.17993,31.447266,0.08087185,4,-1,-1
870.04144,34.049034,17.062378,14.694519,0.08081788,4,-1,-1
589.8881,140.3993,9.200439,23.314056,0.08070153,10,-1,-1
841.5104,5.564764,18.859924,13.034456,0.0806815,4,-1,-1
671.6174,159.12332,9.675903,18.33464,0.080667734,1,-1,-1
848.29425,4.3692756,16.323914,15.43865,0.080618024,8,-1,-1
6.24343,729.08777,13.597079,13.275757,0.080531985,1,-1,-1
883.4272,231.75449,30.625793,40.581146,0.080368906,5,-1,-1
845.4959,0.0,26.995178,15.712638,0.08023986,5,-1,-1
1227.2656,1036.3458,11.369873,11.904785,0.08022067,4,-1,-1
657.1992,159.35355,13.634399,16.325302,0.080146134,10,-1,-1
650.7765,138.90546,7.116394,9.017746,0.08013812,2,-1,-1
701.67615,0.0,9.747925,13.337739,0.08011845,4,-1,-1
421.85596,49.408447,10.756226,21.730202,0.07988569,1,-1,-1
849.6992,7.1920395,6.7008667,11.07659,0.0797486,1,-1,-1
645.9079,132.59755,15.257141,15.622116,0.07940757,4,-1,-1
599.76776,137.37277,8.924805,23.456192,0.079325825,1,-1,-1
607.79645,152.84329,19.960266,28.512054,0.07912508,10,-1,-1
1092.5474,491.99646,18.32666,41.53595,0.07903153,1,-1,-1
3.5777109,718.69727,10.392518,19.163513,0.07899186,1,-1,-1
847.2276,14.422986,12.047302,15.87777,0.07899147,4,-1,-1
1262.2288,441.94598,18.037598,20.355988,0.07875928,10,-1,-1
709.25323,0.0,10.035278,17.789743,0.07871708,2,-1,-1
877.12476,187.33162,33.215942,28.503891,0.07868287,4,-1,-1
830.262,0.0,14.573914,9.33359,0.07864079,4,-1,-1
646.0194,138.09126,13.862122,10.470886,0.07863623,2,-1,-1
876.3561,23.128632,12.291931,15.1410675,0.07860944,10,-1,-1
896.9083,12.0110235,17.383484,23.805916,0.07860547,4,-1,-1
847.8648,11.53489,9.47821,9.6476965,0.07860413,3,-1,-1
1236.0125,999.98145,22.063354,17.433594,0.07849601,4,-1,-1
543.1642,866.06647,46.439697,22.394836,0.07844001,8,-1,-1
651.2673,160.36081,14.0372925,14.998413,0.078418195,10,-1,-1
827.4737,0.0,20.614014,13.245518,0.078377575,7,-1,-1
998.9178,428.07047,32.763245,27.630005,0.07834798,10,-1,-1
852.2578,2.5623517,9.486511,10.496412,0.07822457,2,-1,-1
1236.6592,395.0721,58.99646,70.51898,0.07797745,6,-1,-1
809.58875,3.5386655,7.656128,10.559571,0.077652395,1,-1,-1
820.77905,0.0,7.343872,8.307814,0.07765019,2,-1,-1
652.19336,131.18068,10.931641,17.916672,0.07761243,10,-1,-1
820.40314,0.0,8.194397,8.718108,0.07756737,1,-1,-1
821.6976,0.0,15.501343,8.897398,0.07754719,4,-1,-1
632.469,141.53036,15.772339,14.365295,0.077222526,10,-1,-1
874.9535,116.02577,26.368286,32.622803,0.07721871,4,-1,-1
996.3529,404.1628,15.927002,21.317657,0.07705659,2,-1,-1
985.5905,208.63324,10.262878,22.406693,0.0770151,1,-1,-1
894.6493,321.41046,39.19873,48.123108,0.07688275,1,-1,-1
1218.3522,1027.479,22.625366,16.255005,0.076806605,4,-1,-1
845.2048,12.524736,35.13452,36.75757,0.07666054,5,-1,-1
1267.4542,441.81378,15.648315,20.829712,0.07662973,1,-1,-1
1339.7094,1000.70715,11.222046,16.487793,0.07660407,1,-1,-1
1280.0139,437.6478,21.432617,24.899567,0.0765883,10,-1,-1
854.8723,35.414917,24.77893,22.232098,0.076547146,4,-1,-1
647.7544,132.52827,26.861877,19.891449,0.07651588,10,-1,-1
843.3973,5.1122184,13.207764,15.88628,0.076138645,1,-1,-1
591.64374,139.03851,47.54077,51.916565,0.075894475,4,-1,-1
852.063,11.024678,11.099182,9.875937,0.0758585,10,-1,-1
1236.7244,1000.3451,20.98938,17.311096,0.07568914,1,-1,-1
1044.1898,692.4588,39.555786,40.061157,0.07525644,10,-1,-1
1099.6747,334.6123,20.874878,33.21878,0.07516748,1,-1,-1
652.40204,136.46107,11.4729,13.937881,0.075134665,2,-1,-1
850.74554,33.27778,24.996155,29.426483,0.075059414,8,-1,-1
830.0235,8.021093,16.122192,15.366993,0.074971884,6,-1,-1
869.5147,472.5147,42.170532,56.017334,0.07494971,1,-1,-1
1118.159,485.22565,36.712036,56.612244,0.07493952,5,-1,-1
848.6066,18.951612,7.341858,14.943426,0.07493651,1,-1,-1
912.7788,219.93417,11.812744,17.42334,0.07489917,2,-1,-1
830.2898,6.9423585,7.5617065,13.057245,0.074640036,1,-1,-1
610.1926,139.1581,14.904602,31.256485,0.07458705,1,-1,-1
998.51074,535.6077,27.434814,22.925476,0.07437357,10,-1,-1
848.0048,1.9466677,12.898254,13.76707,0.07436609,2,-1,-1
1167.3467,957.16046,15.682495,19.887207,0.074334264,1,-1,-1
1229.7828,1015.01025,15.063477,14.57959,0.074264675,4,-1,-1
1087.5162,490.95123,16.182861,36.098083,0.07399729,1,-1,-1
660.9207,32.200386,13.9375,17.20868,0.07396644,10,-1,-1
1315.878,970.99725,10.820557,17.70282,0.07389966,1,-1,-1
1287.2896,1006.7189,34.291016,23.402344,0.0738377,4,-1,-1
