376.26605,139.6826,30.678741,31.764282,0.89304066,1,-1,-1
506.01282,616.0866,23.963318,32.405334,0.774346,1,-1,-1
433.7392,22.30693,27.043884,40.58815,0.75856596,1,-1,-1
493.76556,697.88074,22.756653,27.016968,0.75557756,1,-1,-1
421.8461,378.02,26.611115,17.786835,0.7341285,1,-1,-1
475.7674,29.595695,25.15033,36.520775,0.7280053,1,-1,-1
513.0492,737.14105,18.50769,24.804138,0.70870155,1,-1,-1
474.8675,429.75406,19.410858,25.858215,0.7001002,1,-1,-1
508.8444,72.262764,24.489532,37.127182,0.69657314,1,-1,-1
433.21866,229.73232,22.797394,20.27919,0.68115693,1,-1,-1
505.99265,27.224657,21.10379,27.924719,0.6735127,1,-1,-1
523.3205,551.35657,24.59784,28.586243,0.66223246,1,-1,-1
406.93164,192.55402,21.151764,19.927261,0.6608584,1,-1,-1
504.34595,286.96643,22.580566,26.520447,0.6517266,1,-1,-1
437.40158,345.5582,24.39267,19.866852,0.64782715,1,-1,-1
408.49918,319.1907,21.847595,21.078217,0.63432986,1,-1,-1
415.05066,87.53604,29.698761,29.82685,0.6295411,1,-1,-1
504.66718,410.66962,25.089966,24.030273,0.62623143,1,-1,-1
402.31027,235.59668,27.487701,29.873352,0.61653435,1,-1,-1
435.20953,193.24478,24.839355,25.989395,0.6150648,1,-1,-1
527.6318,652.09143,22.1875,25.191162,0.6063611,1,-1,-1
517.0942,333.29507,21.553162,19.116913,0.6054928,1,-1,-1
469.88803,307.32584,17.147247,19.727997,0.599943,1,-1,-1
561.59625,258.41302,53.575012,26.741425,0.5968051,3,-1,-1
475.4351,79.45541,27.731384,31.77005,0.5915148,1,-1,-1
659.12225,300.5951,48.924927,24.900482,0.5831304,3,-1,-1
427.76013,170.34177,19.66336,17.651596,0.5779808,1,-1,-1
423.88,0.0,37.01938,23.661736,0.57344466,1,-1,-1
550.5038,14.7398815,27.09253,36.16951,0.5616533,1,-1,-1
549.9495,297.5892,21.229614,22.609375,0.5532418,1,-1,-1
377.46933,64.34638,26.377136,31.047592,0.55087197,1,-1,-1
422.6285,304.2639,19.549377,16.61261,0.54493546,1,-1,-1
593.70294,299.12527,42.21045,29.244873,0.5444147,3,-1,-1
557.89276,210.96135,51.575317,25.493042,0.53985953,10,-1,-1
484.0299,40.523396,20.754913,31.715488,0.53611654,1,-1,-1
359.15613,19.353277,26.476501,29.829153,0.53596747,1,-1,-1
500.78406,321.69806,21.889343,19.656128,0.5234631,1,-1,-1
442.2599,305.11877,21.814667,21.470642,0.51864535,1,-1,-1
393.3161,22.619875,28.244446,30.212381,0.51297516,1,-1,-1
519.57654,210.59045,26.87323,30.731903,0.5107943,1,-1,-1
360.83612,39.54431,24.952515,27.7304,0.5057014,1,-1,-1
448.74927,504.08463,26.30423,33.16342,0.4995327,1,-1,-1
431.61383,325.22372,20.097778,15.010071,0.49647433,1,-1,-1
356.17242,106.185875,26.34372,29.846565,0.4955485,1,-1,-1
500.272,238.6316,24.336273,29.796432,0.49136272,1,-1,-1
262.53134,43.026215,40.879456,33.782814,0.48262236,1,-1,-1
389.5213,285.89954,24.638458,19.318848,0.47681245,1,-1,-1
518.2681,204.73859,26.702026,21.78508,0.4745381,1,-1,-1
491.54785,735.24664,19.829132,20.410156,0.46948487,1,-1,-1
553.9534,136.72124,51.824097,28.045868,0.46070755,10,-1,-1
473.724,258.77145,24.35437,24.185364,0.45146716,1,-1,-1
472.38968,535.85693,23.118103,26.858398,0.45059547,1,-1,-1
360.30365,47.885754,25.068329,31.220097,0.44980314,1,-1,-1
379.0819,39.40669,26.413849,25.776302,0.44884372,1,-1,-1
484.31097,237.70393,18.140076,19.255722,0.44198263,1,-1,-1
385.10995,267.24115,26.583374,22.161499,0.44135648,1,-1,-1
645.66284,152.78387,45.101135,23.133133,0.43619233,3,-1,-1
581.0391,281.67093,48.328064,34.358948,0.43030807,3,-1,-1
659.1364,300.59085,49.585754,25.541931,0.4261552,10,-1,-1
558.52075,211.63887,50.314575,24.483551,0.42236668,3,-1,-1
544.7699,375.2556,15.799133,14.692078,0.42181778,1,-1,-1
441.2591,144.22026,27.345337,18.017853,0.41297758,1,-1,-1
638.51404,265.29037,53.90503,27.56668,0.40660274,10,-1,-1
602.9562,510.21756,56.705383,22.710663,0.40581512,3,-1,-1
364.85403,319.33325,20.923004,16.640747,0.40196976,1,-1,-1
450.0564,269.13873,23.203522,22.999634,0.3997265,1,-1,-1
552.8187,185.05641,46.843567,27.541,0.39633238,10,-1,-1
528.24475,393.96228,13.895813,13.692535,0.39537227,1,-1,-1
636.91656,263.2279,56.99518,29.07074,0.39153692,3,-1,-1
351.34387,276.77713,22.611603,21.89505,0.38707983,1,-1,-1
468.3168,545.32684,21.212982,21.275024,0.38648018,1,-1,-1
650.96265,165.50403,48.581787,33.75229,0.38206285,10,-1,-1
556.64685,196.69061,50.269165,26.827316,0.3801819,10,-1,-1
586.06604,312.60876,37.5979,28.870209,0.37188226,3,-1,-1
469.2184,268.98724,22.421906,21.04837,0.36737213,1,-1,-1
660.59216,311.8732,49.440186,25.74643,0.36236203,3,-1,-1
448.64255,504.07657,26.572144,33.353363,0.3601303,10,-1,-1
588.9004,426.7427,49.70868,33.28894,0.35965163,3,-1,-1
555.28644,424.85483,18.477295,22.548187,0.35175663,1,-1,-1
457.0132,178.14497,19.748962,24.557648,0.34210053,1,-1,-1
561.55005,257.97272,53.9693,27.806274,0.34057236,10,-1,-1
573.38824,693.6189,25.182495,33.09149,0.33619952,1,-1,-1
347.07123,80.56923,27.481567,30.620163,0.33540255,1,-1,-1
649.70886,165.69391,49.847168,34.18512,0.3349102,3,-1,-1
637.9791,679.15405,43.756653,25.79065,0.3348889,10,-1,-1
378.45105,89.31301,25.760986,34.831055,0.33162862,1,-1,-1
599.2968,468.00525,45.60956,25.168457,0.3310281,3,-1,-1
567.11725,469.49036,20.476807,26.557953,0.32971328,1,-1,-1
408.49918,319.1907,21.847595,21.078217,0.3202948,2,-1,-1
650.4201,165.41821,49.65149,33.60103,0.32026008,1,-1,-1
420.32297,502.92612,27.499481,24.456573,0.32007003,1,-1,-1
487.01733,371.60266,15.506317,17.59021,0.3130421,1,-1,-1
335.64954,297.0702,10.724915,20.516785,0.3127848,1,-1,-1
437.50372,141.82385,22.805023,17.981384,0.31275886,1,-1,-1
386.55652,281.04053,22.239258,19.95877,0.31251544,1,-1,-1
463.83527,260.93558,24.317566,23.25769,0.3120342,1,-1,-1
529.7709,462.8526,18.006104,15.959534,0.3114206,1,-1,-1
599.67053,467.5663,44.69586,24.72342,0.30924058,10,-1,-1
351.2215,86.39378,29.61911,45.667374,0.30352765,1,-1,-1
565.74384,333.66833,47.41638,23.950073,0.3030879,3,-1,-1
450.27042,110.40106,28.269562,23.830704,0.3024422,1,-1,-1
374.2724,62.025753,20.286987,23.668003,0.30136764,1,-1,-1
574.5016,766.409,26.382507,21.134949,0.3008249,1,-1,-1
441.34024,265.74448,17.30655,18.267761,0.29972634,1,-1,-1
831.21674,678.12115,33.53711,33.829468,0.2949564,3,-1,-1
349.91946,375.8126,36.937225,31.52597,0.29371125,1,-1,-1
516.4979,359.3485,12.493774,16.415344,0.2910359,1,-1,-1
450.9174,168.67984,25.021759,31.110413,0.2889198,1,-1,-1
354.73257,283.45944,21.79837,18.971405,0.28887808,1,-1,-1
581.05786,634.6938,19.204163,23.884338,0.28758124,1,-1,-1
736.53876,606.89404,10.244263,9.318726,0.28732342,1,-1,-1
589.4785,299.03107,45.377075,30.338715,0.2861115,10,-1,-1
328.00354,57.10567,27.557922,24.375546,0.28599796,1,-1,-1
583.2353,329.71075,45.80963,26.454193,0.28597048,3,-1,-1
370.40082,52.909573,31.469727,35.67764,0.2843143,1,-1,-1
502.6234,361.9587,22.86261,21.011871,0.28094432,1,-1,-1
301.97003,52.56347,24.30365,23.481789,0.28072602,1,-1,-1
557.38116,196.3234,48.115723,27.574142,0.27949968,3,-1,-1
647.35535,155.61679,39.252502,18.44133,0.27461898,10,-1,-1
582.04364,280.87524,46.40265,35.502472,0.27456483,10,-1,-1
345.4394,56.319786,22.860565,25.89212,0.27426147,1,-1,-1
358.04367,55.766056,19.673706,27.921993,0.27368635,1,-1,-1
456.58084,266.81024,22.75354,23.584015,0.2715847,1,-1,-1
364.67154,319.49695,21.128021,16.285034,0.2686721,2,-1,-1
663.9025,141.83475,31.097412,16.990677,0.2677441,10,-1,-1
662.0341,378.3895,26.288086,22.4505,0.26767132,1,-1,-1
433.16183,229.68428,22.758667,20.463379,0.265817,2,-1,-1
383.68845,73.63104,22.21994,23.945793,0.26468223,1,-1,-1
617.89703,539.41455,38.882324,23.214294,0.26169673,10,-1,-1
476.6167,77.72709,19.061035,24.758026,0.26155597,1,-1,-1
617.7733,539.7038,39.653076,22.73639,0.26141196,3,-1,-1
494.5711,375.93915,19.28479,18.512695,0.26060712,1,-1,-1
563.9143,679.0156,24.725342,25.502197,0.25909096,1,-1,-1
602.9562,510.21756,56.705383,22.710663,0.25608113,10,-1,-1
553.4633,185.40456,45.293335,25.84404,0.25552413,3,-1,-1
639.7088,330.58673,45.61621,28.682678,0.25533664,10,-1,-1
644.90326,140.6412,49.30182,30.823639,0.25388277,3,-1,-1
665.6558,233.82718,45.45294,30.699432,0.25385335,10,-1,-1
642.6136,123.72001,44.531616,27.578941,0.24919397,10,-1,-1
477.6535,536.0502,14.42981,20.164856,0.24793565,1,-1,-1
435.84775,142.07042,14.691132,15.455963,0.24667671,1,-1,-1
351.35156,276.96896,22.613556,21.693329,0.24590346,2,-1,-1
433.0865,229.31915,23.131897,20.80017,0.24297899,10,-1,-1
660.1628,311.17416,50.219543,26.644348,0.24131215,10,-1,-1
499.7828,242.04916,17.766083,20.623932,0.2387904,1,-1,-1
563.1362,265.42358,53.537903,31.652954,0.23371723,3,-1,-1
618.6634,559.2801,43.51886,27.441406,0.23274022,10,-1,-1
449.12668,503.80084,25.45932,33.23346,0.23228115,3,-1,-1
665.6558,233.82718,45.45294,30.699432,0.2314462,3,-1,-1
641.7507,330.8518,42.12738,28.174774,0.2309593,3,-1,-1
551.2047,173.7235,47.777405,27.345291,0.2302604,10,-1,-1
350.22897,375.91406,36.672363,31.52185,0.23024994,2,-1,-1
604.01953,608.70715,53.80664,33.029358,0.22974488,3,-1,-1
422.6285,304.2639,19.549377,16.61261,0.22775775,2,-1,-1
376.70438,77.17576,26.96405,35.764313,0.22757384,1,-1,-1
518.81775,209.45468,28.261963,31.49234,0.22702983,10,-1,-1
564.89606,146.23792,52.935913,28.36493,0.22578242,10,-1,-1
331.62177,20.558826,28.743988,24.743572,0.22571,1,-1,-1
593.1014,624.32825,23.161377,28.279724,0.2239765,1,-1,-1
497.13666,732.7437,16.562317,18.847778,0.22322488,1,-1,-1
627.7691,98.21307,50.06726,27.432396,0.22264469,10,-1,-1
475.15512,535.5552,18.33844,25.996948,0.22240138,10,-1,-1
591.42377,372.28168,30.752747,21.23581,0.22185397,1,-1,-1
519.13116,210.6968,18.76831,22.302094,0.22138098,1,-1,-1
595.65533,344.08905,52.13617,29.866302,0.22108227,3,-1,-1
647.1296,148.50494,48.538452,31.187622,0.21672401,10,-1,-1
585.6076,312.83966,38.720276,28.812225,0.21619135,10,-1,-1
385.88858,266.65808,25.912903,25.756226,0.21607986,10,-1,-1
476.18707,78.12262,20.375366,23.734558,0.21210426,2,-1,-1
650.426,139.35619,45.19702,26.779022,0.21064204,10,-1,-1
724.6853,376.03784,35.357056,48.174377,0.20839998,3,-1,-1
637.3032,679.2388,44.747864,25.885376,0.20683262,3,-1,-1
484.31097,237.70393,18.140076,19.255722,0.20677191,2,-1,-1
509.3371,330.55493,23.527039,22.282074,0.20669821,1,-1,-1
565.9736,463.60468,22.016663,31.308258,0.20514539,3,-1,-1
567.8161,696.48456,25.54657,23.838196,0.2051171,1,-1,-1
359.1793,33.462944,21.339111,25.810192,0.20509684,1,-1,-1
441.2591,144.22026,27.345337,18.017853,0.20446074,2,-1,-1
659.359,317.1716,57.693604,33.23819,0.20374522,3,-1,-1
521.8487,205.31285,23.8844,20.506653,0.20351881,2,-1,-1
630.35016,511.2129,34.56024,18.023743,0.20343977,3,-1,-1
536.1477,104.76215,58.071655,33.198463,0.20327783,10,-1,-1
633.69293,248.56343,34.646423,18.817429,0.2028713,1,-1,-1
633.6999,244.75992,50.627136,23.933228,0.20252588,10,-1,-1
491.5914,737.58545,18.2193,17.51355,0.20245555,2,-1,-1
500.66428,322.0687,21.805573,19.2359,0.20029846,2,-1,-1
589.2767,348.29373,36.12738,25.664032,0.19914255,3,-1,-1
493.3023,740.52954,13.182617,14.537537,0.19874465,1,-1,-1
339.66144,21.593204,34.147827,30.676819,0.19859985,1,-1,-1
574.7538,272.60342,50.368713,32.69214,0.19755843,3,-1,-1
467.941,550.00757,11.763184,12.84613,0.19754449,1,-1,-1
474.7929,79.77533,28.582275,31.221634,0.19713849,2,-1,-1
506.44812,628.2438,18.790527,20.405884,0.19670287,1,-1,-1
436.0673,0.0,36.045837,20.749712,0.19622582,1,-1,-1
575.7825,156.53033,48.37378,26.266174,0.19553253,10,-1,-1
345.39243,61.774662,27.259674,31.39429,0.19516486,1,-1,-1
683.3557,316.58694,56.627563,34.022156,0.19438463,10,-1,-1
577.0577,156.92322,46.805054,25.607834,0.19336942,1,-1,-1
722.48395,269.21338,16.95935,22.618591,0.19230601,1,-1,-1
412.16177,107.17058,20.181519,28.13971,0.19128537,1,-1,-1
740.329,639.2509,18.724426,21.972229,0.1908676,1,-1,-1
504.63162,237.61086,17.735382,21.86522,0.18995288,1,-1,-1
558.60956,433.16013,14.572693,14.947479,0.18860498,1,-1,-1
437.337,346.08368,25.173065,19.331085,0.18834636,2,-1,-1
637.6989,680.93,39.568115,23.437195,0.18754724,1,-1,-1
664.4926,119.64255,19.45868,20.16359,0.18627837,1,-1,-1
571.9152,278.9916,40.100525,35.412476,0.18614033,10,-1,-1
604.01953,608.70715,53.80664,33.029358,0.18480799,10,-1,-1
595.4961,331.81226,43.087036,29.3544,0.18461654,3,-1,-1
598.3735,285.2852,35.890076,28.051605,0.18446752,3,-1,-1
535.52295,95.593636,61.93689,36.954628,0.18399242,8,-1,-1
519.9829,206.49571,16.526733,16.975769,0.18315291,1,-1,-1
484.31097,237.70393,18.140076,19.255722,0.18277246,10,-1,-1
431.0631,325.047,21.769073,14.92627,0.18212724,2,-1,-1
607.661,332.48032,48.974792,31.104614,0.18113688,3,-1,-1
279.31113,31.537903,36.414917,39.271095,0.18029568,1,-1,-1
687.974,507.00488,53.614197,29.106628,0.18003526,3,-1,-1
389.86353,285.56876,23.976654,19.199463,0.18003508,2,-1,-1
401.9385,235.55983,23.183289,23.283188,0.17878082,2,-1,-1
672.6929,659.95325,34.155334,18.01239,0.17859343,10,-1,-1
686.515,260.41638,54.780518,30.01242,0.17803702,3,-1,-1
643.33606,122.90498,43.672302,28.188828,0.17741203,3,-1,-1
585.1264,421.29758,48.15399,25.474915,0.1763505,3,-1,-1
575.7225,156.60796,48.867493,26.03476,0.17600921,3,-1,-1
562.7064,266.63815,55.399048,31.211945,0.17574516,10,-1,-1
591.42377,372.28168,30.752747,21.23581,0.17491427,3,-1,-1
469.96808,307.62347,16.812225,19.22049,0.17194918,2,-1,-1
462.37518,263.95227,16.183716,17.845703,0.17113408,1,-1,-1
724.54504,265.29037,16.934143,19.194763,0.17107469,1,-1,-1
663.9025,141.83475,31.097412,16.990677,0.17045024,3,-1,-1
606.3812,373.526,16.190674,19.022522,0.17024899,1,-1,-1
663.2901,659.3391,22.440308,12.474487,0.1698322,1,-1,-1
733.3756,264.37918,17.40149,19.161652,0.16973382,1,-1,-1
723.77466,596.6415,9.733032,8.70636,0.16916254,1,-1,-1
734.7964,608.3032,9.485474,9.635559,0.16882667,1,-1,-1
523.8571,390.90884,21.034119,18.90625,0.16840312,1,-1,-1
597.4034,445.91074,32.46759,17.626282,0.16817999,3,-1,-1
441.65482,272.5964,13.052948,11.837921,0.16787434,1,-1,-1
566.0665,475.45923,15.515625,17.102936,0.16779792,1,-1,-1
591.42377,372.28168,30.752747,21.23581,0.16777927,10,-1,-1
312.34256,52.443317,38.93094,29.179195,0.16753203,1,-1,-1
558.1218,426.35092,13.657776,14.000641,0.16752467,1,-1,-1
550.3168,298.66977,19.81305,20.160522,0.16748807,2,-1,-1
370.024,40.99085,25.313782,25.582539,0.16717684,1,-1,-1
613.2297,574.7601,41.8703,27.584778,0.16671735,10,-1,-1
448.01816,262.49384,24.302551,22.345825,0.16660437,1,-1,-1
676.8687,315.26825,58.89612,27.297363,0.16601914,3,-1,-1
474.59943,536.4494,19.660065,24.360046,0.16552448,3,-1,-1
518.80646,209.7491,28.766663,31.495987,0.1653082,3,-1,-1
342.23886,102.00146,34.550568,41.118706,0.16436127,1,-1,-1
471.92426,27.917036,22.477905,27.683249,0.16361704,1,-1,-1
639.5291,683.70026,14.518616,13.679321,0.16356945,1,-1,-1
576.68286,481.87167,9.904968,14.415222,0.16342306,1,-1,-1
275.27338,51.046715,40.0549,26.061546,0.16335896,1,-1,-1
342.41345,242.25624,30.997925,23.260757,0.16284958,1,-1,-1
639.3947,683.2418,29.13507,17.091858,0.1625889,10,-1,-1
491.29697,373.59717,14.4409485,17.703705,0.16178235,1,-1,-1
633.4467,243.54156,51.584717,26.330597,0.16167146,3,-1,-1
590.29047,623.63934,26.440369,28.773315,0.16103566,3,-1,-1
619.02374,552.12915,41.183838,25.538208,0.16091207,3,-1,-1
558.5882,211.38115,50.079773,25.240433,0.16060337,1,-1,-1
500.78757,364.66443,21.969757,21.527008,0.16011596,10,-1,-1
469.08655,541.01746,21.489868,24.947876,0.160027,10,-1,-1
561.1783,282.2338,37.474182,29.769043,0.15973201,1,-1,-1
415.74542,318.67468,21.671387,19.885803,0.15940586,1,-1,-1
517.0942,333.29507,21.553162,19.116913,0.15919262,2,-1,-1
567.68176,688.67694,22.070374,18.963257,0.15917236,1,-1,-1
423.53223,501.45413,33.272797,28.464813,0.15916085,10,-1,-1
463.75812,539.1956,28.788727,32.306824,0.15885869,1,-1,-1
756.72406,604.9824,6.614685,11.406494,0.15868616,1,-1,-1
596.7716,439.09146,43.28662,26.814697,0.15776277,3,-1,-1
358.908,26.928898,17.493134,25.714554,0.15746766,1,-1,-1
574.325,695.19696,24.388672,30.396362,0.15718943,2,-1,-1
570.5558,689.8239,29.221436,38.881042,0.1570664,10,-1,-1
670.8932,232.94824,39.300537,21.5392,0.15688136,1,-1,-1
472.38968,535.85693,23.118103,26.858398,0.1567581,2,-1,-1
553.6379,185.12334,44.616455,26.155945,0.15563622,1,-1,-1
357.00504,61.56502,27.17569,31.468685,0.15555826,1,-1,-1
596.41943,343.9766,51.757263,29.540833,0.15519679,10,-1,-1
403.2277,24.111982,32.8237,39.51951,0.15514868,1,-1,-1
577.99054,703.2502,18.949951,26.41034,0.15514329,1,-1,-1
349.9054,375.4423,36.509247,31.439667,0.1550611,10,-1,-1
354.81894,283.29892,21.88742,18.830353,0.1548891,2,-1,-1
664.457,659.5927,32.07898,14.753296,0.15452343,10,-1,-1
587.6137,357.07196,37.291138,27.967194,0.15406552,3,-1,-1
443.5929,266.0379,13.92218,10.925171,0.15359572,1,-1,-1
427.91785,170.4809,19.942902,17.660934,0.15295121,2,-1,-1
384.43997,267.53033,27.559235,21.326202,0.15265128,2,-1,-1
535.8678,95.32978,60.28943,37.31095,0.15232992,5,-1,-1
746.38446,646.4531,12.884827,15.255432,0.15232486,1,-1,-1
534.2469,458.72708,18.4422,12.882202,0.15231386,1,-1,-1
437.0527,345.3255,25.156952,19.984009,0.15167183,10,-1,-1
452.01663,113.16103,40.675446,37.689583,0.15151724,1,-1,-1
457.3696,176.96957,19.955902,25.352524,0.15140235,10,-1,-1
408.3251,319.3694,22.081024,20.947876,0.15102932,10,-1,-1
561.71606,278.55652,34.609863,35.82422,0.15077305,10,-1,-1
490.05585,237.19116,14.310791,15.67627,0.15045193,1,-1,-1
553.64136,136.94789,51.275696,27.376083,0.15029526,3,-1,-1
426.73276,2.341149,24.186066,28.517216,0.14986521,1,-1,-1
637.7422,262.9946,54.717285,28.047028,0.14917877,1,-1,-1
586.4341,312.39334,21.618774,26.969727,0.14917237,1,-1,-1
610.1938,376.03748,9.808044,15.189972,0.14895976,1,-1,-1
448.04245,505.08246,26.571655,30.649597,0.14891979,2,-1,-1
571.35315,694.00195,21.436768,20.457397,0.1487391,2,-1,-1
696.7262,492.0688,22.995483,12.782928,0.14873296,1,-1,-1
567.11725,469.49036,20.476807,26.557953,0.148507,2,-1,-1
331.71774,99.345505,31.427246,50.584747,0.14843878,1,-1,-1
347.07123,80.56923,27.481567,30.620163,0.14819562,2,-1,-1
434.24283,169.04248,21.722107,19.327972,0.14800778,1,-1,-1
555.77264,425.40198,17.289795,19.212189,0.14796516,2,-1,-1
685.0187,329.3655,55.039795,31.32248,0.14767712,3,-1,-1
581.7542,317.50143,30.549316,22.462372,0.14722818,3,-1,-1
390.30643,288.23047,17.166931,12.983429,0.14672157,1,-1,-1
487.2851,239.10597,22.563354,20.761124,0.14660808,1,-1,-1
517.8135,204.29428,28.007568,23.570694,0.14630124,10,-1,-1
565.91205,463.8757,22.510864,32.506775,0.14621577,10,-1,-1
537.0963,550.8692,9.440247,13.65741,0.14612848,1,-1,-1
450.41614,110.02522,38.876007,29.782455,0.14594448,10,-1,-1
562.54895,247.05453,52.562195,29.036499,0.1459133,3,-1,-1
402.69568,236.48631,19.560822,18.605988,0.1455976,1,-1,-1
611.624,596.6533,42.928528,22.626892,0.14559737,3,-1,-1
646.54865,154.186,42.52594,21.499893,0.14532784,1,-1,-1
481.98767,88.05967,22.378143,28.116234,0.14511335,1,-1,-1
500.05417,380.5101,12.814789,15.46579,0.14498684,1,-1,-1
618.46576,558.6494,43.23108,28.594666,0.14452106,1,-1,-1
501.61435,371.06927,21.277313,18.861328,0.1443713,1,-1,-1
473.3884,429.15662,20.45163,26.074005,0.14415243,10,-1,-1
454.7109,177.74126,21.73584,24.67517,0.14353889,2,-1,-1
640.58765,742.1337,22.378357,15.919373,0.14302146,1,-1,-1
551.8727,16.658531,17.144043,27.97551,0.14297584,1,-1,-1
421.8461,378.02,26.611115,17.786835,0.14283115,2,-1,-1
563.94324,258.00195,28.246887,25.163666,0.14229688,3,-1,-1
581.8114,0.0,16.126953,17.134447,0.1422664,1,-1,-1
553.75305,174.44571,42.671997,26.575424,0.14226583,3,-1,-1
572.1036,694.4951,18.467163,17.548279,0.1421713,1,-1,-1
554.56665,136.5885,52.400208,28.177917,0.14215857,1,-1,-1
351.52542,500.2198,21.611938,33.804382,0.1416817,10,-1,-1
665.14307,655.40314,46.07715,27.468994,0.14165533,10,-1,-1
423.5756,0.0,37.582825,22.576183,0.14165214,10,-1,-1
496.52905,739.39667,11.52298,13.577332,0.14112231,2,-1,-1
519.9595,218.2187,18.89801,21.298584,0.14079678,1,-1,-1
569.5289,283.3636,46.73889,28.142273,0.1406624,3,-1,-1
627.7847,513.2617,33.1084,16.972595,0.14057001,10,-1,-1
440.72974,143.78229,28.28122,18.738647,0.14001778,10,-1,-1
536.1477,104.76215,58.071655,33.198463,0.13892403,7,-1,-1
398.7963,30.427015,27.68811,30.102766,0.13877755,1,-1,-1
579.96564,261.4123,38.88806,18.847992,0.13866842,3,-1,-1
588.89667,352.59167,29.156738,20.24115,0.13848475,10,-1,-1
640.0297,683.26807,23.860596,16.183167,0.13825476,1,-1,-1
583.2353,329.71075,45.80963,26.454193,0.13799831,10,-1,-1
423.88,0.0,37.01938,23.661736,0.1378578,2,-1,-1
467.13556,258.67133,24.26828,17.576447,0.13783592,1,-1,-1
617.6966,539.6623,39.7265,22.469116,0.13783509,1,-1,-1
488.84604,152.93611,28.986053,30.882812,0.13767517,1,-1,-1
574.33356,475.06973,13.153687,21.881775,0.13738382,1,-1,-1
365.7543,19.42573,32.639984,34.998917,0.1370874,1,-1,-1
621.1269,552.4977,45.15442,25.689148,0.13682789,10,-1,-1
599.2751,434.7949,38.394226,21.183563,0.13680932,3,-1,-1
642.30414,331.5894,41.453613,26.216156,0.13674262,1,-1,-1
618.1004,558.83997,44.667603,28.532654,0.13671187,3,-1,-1
297.49496,36.657745,31.698517,39.504837,0.13664553,1,-1,-1
736.2242,606.7229,10.924072,9.782715,0.13593757,2,-1,-1
613.00836,575.2702,40.997498,26.91864,0.1359221,1,-1,-1
601.6062,510.9567,48.39984,18.445953,0.13585985,1,-1,-1
714.2937,50.934147,33.466858,18.162685,0.13558435,3,-1,-1
584.21466,425.5213,52.923523,33.12387,0.13552415,10,-1,-1
450.27042,110.40106,28.269562,23.830704,0.13529754,2,-1,-1
467.99323,545.5616,21.501099,20.838318,0.1352545,2,-1,-1
659.359,317.1716,57.693604,33.23819,0.13506502,10,-1,-1
435.61472,192.34834,17.595642,17.062546,0.13460827,1,-1,-1
439.84634,146.17392,12.86908,11.647919,0.13439122,1,-1,-1
612.7718,575.46326,41.34143,26.694702,0.13436306,3,-1,-1
433.21866,229.73232,22.797394,20.27919,0.13426653,3,-1,-1
614.3486,464.02856,34.68756,24.37143,0.13416687,3,-1,-1
535.52295,95.593636,61.93689,36.954628,0.13400519,6,-1,-1
433.76096,499.96384,37.283386,34.756073,0.1339809,10,-1,-1
570.32556,339.76974,40.655518,27.550781,0.13356426,3,-1,-1
637.57385,291.52878,57.54889,30.612122,0.13336483,3,-1,-1
402.32568,235.61185,27.17566,29.565613,0.13323018,10,-1,-1
448.30917,164.19095,18.250305,24.893616,0.13316229,1,-1,-1
492.17767,740.91174,12.442139,12.566528,0.1330182,2,-1,-1
381.20895,40.667583,23.396088,23.812725,0.13294187,2,-1,-1
435.1274,192.46861,24.791107,25.914963,0.13207507,10,-1,-1
588.93365,351.9486,28.296326,21.094604,0.13190603,1,-1,-1
658.98883,300.42682,50.120605,26.237946,0.13178939,1,-1,-1
452.77313,110.541885,10.679871,14.217377,0.13173777,1,-1,-1
723.3439,255.06653,26.797852,29.690704,0.13171074,1,-1,-1
472.14587,543.7082,14.106018,17.623413,0.13161427,1,-1,-1
565.7672,333.50452,48.018127,25.937256,0.13148135,10,-1,-1
423.5756,0.0,37.582825,22.576183,0.13109675,4,-1,-1
564.12476,682.67615,31.847534,46.744934,0.13108346,1,-1,-1
479.23898,535.6493,9.066193,15.884338,0.13102674,1,-1,-1
487.71808,372.45273,12.815491,13.18222,0.1309962,2,-1,-1
560.1789,260.02435,47.685608,21.788452,0.13092306,1,-1,-1
584.6967,629.1089,34.338806,31.305664,0.13078359,1,-1,-1
346.4093,89.506935,26.796509,33.91632,0.13056543,1,-1,-1
662.0341,378.3895,26.288086,22.4505,0.1302962,2,-1,-1
612.5603,514.2713,41.12378,15.426697,0.13024181,3,-1,-1
379.45395,289.41104,24.15268,18.153473,0.13012904,1,-1,-1
527.7214,206.60051,16.40216,15.678253,0.130018,1,-1,-1
749.1972,658.8007,18.35437,16.423645,0.12996307,1,-1,-1
562.63684,676.5104,30.034607,37.2594,0.1297321,10,-1,-1
476.74557,542.2554,12.721588,12.401489,0.12972558,1,-1,-1
488.06192,371.74387,18.231049,20.08432,0.12950683,10,-1,-1
652.46436,680.5666,28.373291,16.601013,0.12928683,10,-1,-1
558.5319,197.22408,51.703735,26.901855,0.12899673,1,-1,-1
460.93423,115.71772,19.091156,19.985878,0.12899053,1,-1,-1
639.54315,683.8183,13.838928,12.976685,0.12896511,2,-1,-1
518.2681,204.73859,26.702026,21.78508,0.12896115,3,-1,-1
389.5213,285.89954,24.638458,19.318848,0.12879685,10,-1,-1
481.7867,263.2855,16.765594,17.025543,0.12874654,1,-1,-1
546.7926,199.43407,59.588806,40.220917,0.12856916,3,-1,-1
374.10583,320.31845,11.618225,14.4436035,0.12854606,1,-1,-1
552.53314,301.01385,14.311523,16.678802,0.12853137,1,-1,-1
554.8475,424.87558,19.604431,24.109772,0.12836534,10,-1,-1
574.40155,766.5318,26.32019,21.012146,0.12808794,2,-1,-1
561.21246,424.25055,10.677063,10.970795,0.12731278,1,-1,-1
669.4488,259.43713,44.953125,27.641602,0.12728462,10,-1,-1
327.86478,56.846943,28.603058,24.587437,0.12721798,2,-1,-1
544.31384,199.97723,65.34485,41.42041,0.12717587,10,-1,-1
528.53253,394.05267,12.272461,12.985352,0.12716597,2,-1,-1
571.2486,195.90381,51.690186,33.403595,0.12715903,10,-1,-1
301.97003,52.56347,24.30365,23.481789,0.12694556,2,-1,-1
399.71887,289.9637,19.853271,15.354248,0.12687787,1,-1,-1
643.06805,254.22583,67.70642,41.530396,0.12659082,3,-1,-1
356.17242,106.185875,26.34372,29.846565,0.12627178,2,-1,-1
576.2949,701.1636,18.240112,17.606873,0.12596583,1,-1,-1
441.97134,305.51718,21.258728,20.619751,0.12519601,2,-1,-1
519.9829,206.49571,16.526733,16.975769,0.12517133,2,-1,-1
262.54602,42.727222,40.802338,34.181873,0.12499732,2,-1,-1
561.5744,165.81647,54.57892,29.916534,0.12490702,10,-1,-1
500.67078,364.5832,22.036987,21.373138,0.124901295,2,-1,-1
499.37408,239.54501,22.255493,26.890839,0.124705285,2,-1,-1
438.00253,142.22989,20.134491,17.014984,0.124693066,2,-1,-1
467.67212,550.1907,12.284393,12.522766,0.12462056,2,-1,-1
587.6137,357.07196,37.291138,27.967194,0.12433258,1,-1,-1
424.4197,0.0,23.574402,18.44215,0.124240816,1,-1,-1
687.974,507.00488,53.614197,29.106628,0.12376639,10,-1,-1
579.3828,767.38776,49.967773,20.156189,0.123505354,1,-1,-1
526.7891,550.8806,19.31305,18.832825,0.12318936,1,-1,-1
535.8888,94.49354,63.590576,37.834435,0.123171896,4,-1,-1
737.4182,267.92755,11.48877,14.194122,0.122590095,1,-1,-1
563.0102,677.7304,28.088074,30.836304,0.122376084,3,-1,-1
633.69293,248.56343,34.646423,18.817429,0.12230319,3,-1,-1
477.32266,541.63293,11.2821045,14.039856,0.12211332,2,-1,-1
632.18854,257.2797,52.521484,29.430054,0.12210387,10,-1,-1
664.0483,120.153206,20.184692,23.458076,0.1217711,10,-1,-1
650.93787,228.7034,64.5965,43.920837,0.12165213,3,-1,-1
554.56665,136.5885,52.400208,28.177917,0.12156671,4,-1,-1
654.91626,140.27074,40.55957,22.696503,0.121516645,1,-1,-1
511.5835,360.4481,17.416443,23.010773,0.12109363,1,-1,-1
585.2152,311.51013,41.60138,30.014923,0.12084201,1,-1,-1
601.7827,333.7753,25.769775,23.55835,0.12065816,3,-1,-1
683.0796,456.86655,25.908997,17.482544,0.120657235,1,-1,-1
658.3313,135.32256,32.04901,16.082092,0.1205115,10,-1,-1
438.63507,271.41736,19.037079,21.066223,0.12033892,1,-1,-1
436.26767,345.9283,15.656372,15.042236,0.120306104,1,-1,-1
586.43604,310.09384,31.80835,20.831696,0.1197412,3,-1,-1
469.96164,540.0406,19.876038,26.148438,0.119696766,3,-1,-1
678.7323,456.4351,33.98175,28.857605,0.11959842,1,-1,-1
571.2486,195.90381,51.690186,33.403595,0.11931363,3,-1,-1
698.34467,107.44362,11.880554,9.952667,0.1192399,1,-1,-1
640.4282,734.2265,41.733093,27.598145,0.11913663,1,-1,-1
724.4825,398.9937,36.424988,40.602264,0.119132966,3,-1,-1
706.3215,478.29105,23.72876,14.798706,0.11898157,1,-1,-1
508.43796,619.18726,15.588226,24.611084,0.118956625,1,-1,-1
584.88983,427.7644,32.688232,17.653015,0.11876422,3,-1,-1
516.4979,359.3485,12.493774,16.415344,0.11831826,2,-1,-1
498.73935,376.34668,16.832245,19.862183,0.11831087,10,-1,-1
662.65497,656.0756,45.331787,23.432678,0.11820912,1,-1,-1
430.04834,502.76724,24.62555,27.010223,0.11820635,1,-1,-1
549.2675,293.59344,22.947815,25.634949,0.117768615,10,-1,-1
586.0017,632.0523,13.127869,18.851074,0.11759564,1,-1,-1
370.2939,4.534341,30.072266,31.04512,0.117581904,1,-1,-1
607.661,332.48032,48.974792,31.104614,0.117400736,10,-1,-1
736.96893,632.76013,27.187012,31.15393,0.11734989,1,-1,-1
524.0438,552.66583,23.37976,27.345276,0.117156655,10,-1,-1
686.515,260.41638,54.780518,30.01242,0.117131144,10,-1,-1
572.36145,765.48566,32.490234,22.058289,0.11712253,10,-1,-1
513.1579,737.4197,17.988647,24.586365,0.11698148,2,-1,-1
664.6945,328.6139,57.133545,28.492554,0.11665973,3,-1,-1
600.7852,613.74316,57.522278,33.094543,0.11638969,1,-1,-1
609.9311,524.47107,47.74414,30.853455,0.11630207,10,-1,-1
590.5326,434.42413,32.527405,22.67395,0.11615494,3,-1,-1
502.01746,362.16718,24.03418,16.285217,0.11569607,2,-1,-1
481.44928,79.66416,11.12973,13.244652,0.11549133,2,-1,-1
564.3654,680.30597,17.938843,17.504028,0.115398765,1,-1,-1
377.4418,26.061834,32.32782,36.264053,0.115354806,1,-1,-1
485.18826,81.28103,25.55127,30.63118,0.115315765,1,-1,-1
558.89496,432.27444,14.244751,15.875702,0.11514005,2,-1,-1
599.4125,262.17056,58.16211,30.264679,0.11505723,3,-1,-1
642.6136,123.72001,44.531616,27.578941,0.11498693,1,-1,-1
453.54712,111.10832,18.440826,17.429443,0.114970386,1,-1,-1
575.01514,318.0319,50.923523,31.615936,0.11494103,3,-1,-1
499.37408,239.54501,22.255493,26.890839,0.11492509,10,-1,-1
441.2663,265.87595,17.076233,18.761047,0.11485201,10,-1,-1
637.8224,507.9274,41.22888,23.04953,0.11484924,3,-1,-1
587.4369,316.67303,24.283813,27.1409,0.11463058,2,-1,-1
430.73358,174.72821,19.272186,16.963058,0.1145584,1,-1,-1
637.27246,113.40912,47.926697,29.2052,0.11452067,10,-1,-1
