118.854675,976.2756,80.45853,45.388367,0.9999978,4,-1,-1
1034.8634,983.1517,74.08569,36.93036,0.99995315,4,-1,-1
156.72508,926.79297,72.081375,38.189636,0.9997617,4,-1,-1
288.82236,991.9101,63.766907,55.073914,0.9995177,5,-1,-1
285.50284,953.5306,71.91962,38.86841,0.9992871,4,-1,-1
1012.09735,879.8822,65.11615,29.471924,0.9990654,4,-1,-1
534.6043,708.8059,87.30487,191.97467,0.99903035,6,-1,-1
88.5265,1024.0637,85.9163,24.62378,0.9989362,4,-1,-1
1021.9308,909.61224,67.84656,33.305237,0.997134,4,-1,-1
204.69566,950.52203,74.90138,88.859436,0.9961248,5,-1,-1
589.94653,612.1629,43.941956,85.69025,0.99545777,6,-1,-1
187.63379,894.21173,69.440674,36.434326,0.9944868,4,-1,-1
673.70184,380.7317,34.751038,60.885742,0.99407744,9,-1,-1
626.50397,868.20874,59.44104,180.47876,0.99407274,6,-1,-1
1039.7604,1025.5085,81.86023,23.178955,0.9922372,4,-1,-1
609.7266,499.4064,54.63629,119.345184,0.99222195,6,-1,-1
489.07843,870.0111,46.16693,86.73071,0.99191403,6,-1,-1
426.41684,979.10254,63.370148,69.58496,0.9918972,6,-1,-1
250.61894,833.12067,60.196274,36.6073,0.9897795,5,-1,-1
515.9892,667.77313,76.298584,176.54767,0.9880824,6,-1,-1
863.7917,986.8089,72.661194,56.725037,0.9721875,4,-1,-1
521.9621,921.61304,44.254578,90.04669,0.9666122,5,-1,-1
872.4565,747.4885,55.66974,34.39923,0.9454057,5,-1,-1
557.0215,543.54987,58.9433,132.39886,0.8929448,6,-1,-1
538.1306,811.0931,55.376953,89.09949,0.8787303,6,-1,-1
899.8742,935.6433,39.144653,30.51715,0.8777267,4,-1,-1
997.5449,816.504,62.300537,31.644104,0.8762863,4,-1,-1
1035.4512,941.29913,64.80859,37.483887,0.8294865,4,-1,-1
499.43066,808.5915,38.101074,56.31732,0.7957034,6,-1,-1
1012.16705,846.0767,61.934387,29.75299,0.75491583,5,-1,-1
860.9868,780.32404,51.280884,24.219055,0.7238444,4,-1,-1
219.98868,866.40674,57.169006,32.61505,0.7184452,5,-1,-1
918.85156,792.2419,28.294617,36.00952,0.69632584,4,-1,-1
1006.24194,792.2641,56.318237,26.815125,0.67740047,4,-1,-1
706.5329,311.31674,27.504272,46.57895,0.66220707,9,-1,-1
720.1618,261.46664,27.033691,49.571167,0.6511829,6,-1,-1
641.0521,391.87277,30.899231,54.75708,0.6443752,9,-1,-1
1012.19904,846.9861,61.754578,28.974731,0.63085663,4,-1,-1
641.1793,392.39258,32.615112,55.221863,0.5681966,6,-1,-1
687.1886,284.20706,30.605408,54.355316,0.5438542,9,-1,-1
640.152,865.9897,44.395264,106.42273,0.53419584,6,-1,-1
1035.3419,941.48553,66.15259,37.288025,0.5173376,5,-1,-1
723.2707,311.53653,30.34967,46.382233,0.5172755,9,-1,-1
686.18866,284.37405,31.413635,54.06241,0.50459933,6,-1,-1
606.00006,447.72095,44.62677,79.988464,0.46124998,6,-1,-1
711.34796,310.30414,29.917175,47.86313,0.45820287,6,-1,-1
555.8158,542.477,58.83484,129.6814,0.43974137,9,-1,-1
887.34125,804.32715,36.668457,30.139221,0.43419537,4,-1,-1
220.59807,867.11707,56.179398,32.641235,0.43293545,4,-1,-1
1005.57074,791.6559,56.71051,27.137756,0.39775544,5,-1,-1
499.43066,808.5915,38.101074,56.31732,0.38223344,4,-1,-1
723.2707,311.53653,30.34967,46.382233,0.34697187,6,-1,-1
498.94293,808.5779,38.62378,55.885742,0.33909053,7,-1,-1
905.21704,799.31683,35.799866,30.101501,0.32274917,4,-1,-1
997.24677,816.10724,63.522278,31.324585,0.29994625,5,-1,-1
1035.3419,941.48553,66.15259,37.288025,0.29800653,6,-1,-1
203.8546,951.1619,75.94072,87.67255,0.29524496,9,-1,-1
891.79706,863.23737,36.03351,32.90454,0.29284477,4,-1,-1
521.3219,922.6898,43.340576,88.90454,0.29203114,6,-1,-1
579.2807,582.6954,46.794678,111.54108,0.2699185,6,-1,-1
521.1983,921.928,44.305786,90.18219,0.26982296,9,-1,-1
614.3828,412.91116,23.54895,44.14734,0.25212497,6,-1,-1
863.4422,982.83936,72.2168,60.966553,0.2245915,5,-1,-1
512.1046,663.1656,66.95178,119.3078,0.19675156,9,-1,-1
917.13196,792.1474,28.637085,37.97589,0.1944573,5,-1,-1
598.8982,516.0294,28.523071,42.030823,0.17458075,4,-1,-1
1088.33,812.75903,39.36853,26.349731,0.17147535,4,-1,-1
507.31897,693.9675,61.237793,118.72479,0.1674186,6,-1,-1
720.3846,260.93204,26.622192,50.0477,0.15882021,9,-1,-1
430.73807,496.4803,39.830994,24.456055,0.15691221,4,-1,-1
1017.59766,890.8033,67.560425,36.102234,0.15237683,4,-1,-1
919.3625,792.20667,28.17212,35.711243,0.14447877,6,-1,-1
891.79706,863.23737,36.03351,32.90454,0.14409289,5,-1,-1
489.20343,868.89557,44.721497,89.31891,0.13876405,9,-1,-1
712.70905,259.64755,26.98706,39.399597,0.13585931,6,-1,-1
887.34125,804.32715,36.668457,30.139221,0.13464081,5,-1,-1
1092.1533,802.24396,35.674316,25.14795,0.12792268,4,-1,-1
863.4422,982.83936,72.2168,60.966553,0.11516395,6,-1,-1
873.9964,937.4934,56.79358,27.697021,0.11305329,4,-1,-1
1088.33,812.75903,39.36853,26.349731,0.11296067,5,-1,-1
588.97894,514.3792,71.7912,148.60791,0.111700445,6,-1,-1
860.8117,780.0699,52.18872,24.387207,0.11064643,5,-1,-1
601.0742,504.59894,26.737732,43.409912,0.10664341,6,-1,-1
726.2439,333.00528,26.784363,46.010498,0.10268003,9,-1,-1
1015.7845,714.6214,42.932068,22.095459,0.09855452,5,-1,-1
521.3219,922.6898,43.340576,88.90454,0.09553024,4,-1,-1
684.63586,300.20648,28.438171,48.443176,0.0951691,9,-1,-1
488.04025,869.6618,46.969086,87.33539,0.09447652,5,-1,-1
1092.1533,802.24396,35.674316,25.14795,0.0943456,5,-1,-1
208.07982,876.205,58.68489,36.13867,0.093832165,4,-1,-1
220.40396,867.09937,56.314087,31.539185,0.09216866,1,-1,-1
873.96765,915.07166,46.676636,23.447937,0.09064862,4,-1,-1
488.53864,870.0412,44.94861,87.99481,0.08883318,4,-1,-1
1087.564,820.11304,54.31482,22.845764,0.087699234,4,-1,-1
902.37286,933.658,36.241272,32.422485,0.08715734,5,-1,-1
1012.1166,846.33704,62.069458,29.838196,0.086877346,6,-1,-1
614.26587,412.38065,24.283386,43.685272,0.08594024,9,-1,-1
1016.3692,711.35614,37.986633,24.606323,0.0857245,6,-1,-1
1016.3692,711.35614,37.986633,24.606323,0.0853982,4,-1,-1
888.78577,875.66705,38.43988,31.45514,0.08149654,4,-1,-1
872.2814,747.2615,55.611084,34.4917,0.08060306,6,-1,-1
514.94666,660.42535,65.086975,107.67041,0.07891932,6,-1,-1
1032.8794,964.26025,72.1427,41.653687,0.07781044,4,-1,-1
672.6107,278.5064,26.64032,40.680237,0.07633871,9,-1,-1
699.95917,302.84506,27.091248,53.35376,0.07595241,6,-1,-1
604.50165,498.213,32.86798,43.459045,0.074099004,4,-1,-1
678.9398,280.35397,28.151367,49.175446,0.0733197,9,-1,-1
635.5696,404.3454,29.876831,48.516052,0.073161215,6,-1,-1
474.73355,668.03925,23.68045,42.02655,0.072439104,1,-1,-1
614.26587,412.38065,24.283386,43.685272,0.071603745,4,-1,-1
905.21704,799.31683,35.799866,30.101501,0.07140255,5,-1,-1
589.5074,608.08014,44.401367,88.57782,0.07011461,9,-1,-1
905.21704,799.31683,35.799866,30.101501,0.06891832,6,-1,-1
202.56798,808.2408,33.314896,36.98755,0.06859043,8,-1,-1
860.8117,780.0699,52.18872,24.387207,0.068410546,10,-1,-1
672.6107,278.5064,26.64032,40.680237,0.06777516,6,-1,-1
599.3518,515.4639,28.213928,40.87207,0.06761894,5,-1,-1
724.52545,341.271,29.91455,38.12787,0.06760663,4,-1,-1
678.9398,280.35397,28.151367,49.175446,0.06365731,6,-1,-1
296.75137,778.6738,23.859497,37.55603,0.061861157,1,-1,-1
866.36334,803.6308,51.071106,25.134827,0.061437517,4,-1,-1
472.9467,668.1334,23.49176,41.530823,0.060768038,8,-1,-1
917.13196,792.1474,28.637085,37.97589,0.059092492,9,-1,-1
281.8554,787.5165,27.733917,31.870178,0.05887887,1,-1,-1
877.3622,814.8892,43.282837,24.802795,0.058461368,4,-1,-1
919.3625,792.20667,28.17212,35.711243,0.056803197,7,-1,-1
726.2439,333.00528,26.784363,46.010498,0.056348354,6,-1,-1
609.7827,497.59232,52.959778,121.39993,0.055944383,9,-1,-1
918.34863,791.1556,28.062683,37.45282,0.055546075,8,-1,-1
884.4192,906.2387,45.67212,24.05719,0.05538851,4,-1,-1
726.2439,333.00528,26.784363,46.010498,0.053932518,5,-1,-1
887.34125,804.32715,36.668457,30.139221,0.05287829,6,-1,-1
604.4502,410.2488,25.605835,44.697693,0.052102298,6,-1,-1
1024.7267,707.9246,38.37329,25.102234,0.051061302,5,-1,-1
614.3828,412.91116,23.54895,44.14734,0.050962895,5,-1,-1
919.3625,792.20667,28.17212,35.711243,0.050234973,1,-1,-1
1070.751,714.78467,37.71643,26.508728,0.050126076,5,-1,-1
