298.2395,291.63992,36.16867,76.69241,0.60182196,6,-1,-1
429.32913,696.5422,48.773956,33.58905,0.5951079,8,-1,-1
779.8716,239.92107,19.370972,38.265213,0.5043429,1,-1,-1
658.5002,257.3763,17.466187,40.09668,0.50263095,1,-1,-1
428.67557,697.1215,49.86386,33.285645,0.42287397,4,-1,-1
788.7641,82.79928,21.766296,29.753242,0.38992262,1,-1,-1
374.42606,731.44025,17.421906,39.384766,0.26493818,10,-1,-1
428.94516,696.6123,48.82376,33.78412,0.25429055,7,-1,-1
676.2549,0.6992535,37.262634,19.515821,0.23956954,4,-1,-1
374.42606,731.44025,17.421906,39.384766,0.23805055,7,-1,-1
753.9495,756.8844,28.577026,24.835754,0.2169087,2,-1,-1
422.1677,727.17664,18.448547,37.54004,0.2134026,1,-1,-1
429.85217,733.3513,20.071655,36.793274,0.1978505,1,-1,-1
690.2291,280.4874,25.09668,28.883392,0.19141403,1,-1,-1
690.2291,280.4874,25.09668,28.883392,0.18523231,2,-1,-1
674.1629,278.3884,19.035217,39.295135,0.17339838,1,-1,-1
766.65607,754.54865,19.512634,30.490662,0.1608516,2,-1,-1
465.91217,733.87476,18.346375,35.606262,0.14562753,10,-1,-1
413.05994,722.11816,19.674194,40.70685,0.14287943,10,-1,-1
761.83655,755.7883,23.874512,26.694702,0.13991478,1,-1,-1
654.4491,264.93262,18.047302,44.667633,0.1391024,1,-1,-1
413.31644,721.8177,20.028412,40.594727,0.13614187,1,-1,-1
689.89764,280.61456,23.598328,31.960571,0.13584402,10,-1,-1
424.44,732.6345,19.61203,37.25183,0.13328412,10,-1,-1
482.73254,730.14667,17.617096,37.512756,0.13043624,1,-1,-1
663.1459,261.62933,18.476929,38.732117,0.12899524,1,-1,-1
424.0484,735.91174,19.87738,37.20642,0.1232838,1,-1,-1
750.7767,725.6754,18.639526,30.699158,0.12169543,1,-1,-1
474.64917,728.3828,17.50061,36.710205,0.120704114,1,-1,-1
666.7537,275.26666,18.947021,40.350586,0.11861709,1,-1,-1
465.91217,733.87476,18.346375,35.606262,0.116630614,1,-1,-1
473.66888,731.09467,20.175323,35.911682,0.116135836,10,-1,-1
482.73254,730.14667,17.617096,37.512756,0.11210987,10,-1,-1
689.42365,285.61215,22.380066,36.548462,0.11058217,2,-1,-1
346.15732,255.70052,20.658752,31.81746,0.11046389,10,-1,-1
428.67557,697.1215,49.86386,33.285645,0.10618889,10,-1,-1
658.5002,257.3763,17.466187,40.09668,0.10572618,2,-1,-1
490.31006,731.57465,17.390228,36.065796,0.10338682,10,-1,-1
1009.0782,339.05838,22.386658,25.807465,0.102823466,1,-1,-1
779.651,240.04715,19.609558,39.60321,0.10260731,10,-1,-1
422.1677,727.17664,18.448547,37.54004,0.10180175,2,-1,-1
297.79062,288.86826,36.68036,79.5159,0.10049948,7,-1,-1
768.8982,540.37805,19.50061,31.980347,0.0995529,1,-1,-1
413.31644,721.8177,20.028412,40.594727,0.09854066,7,-1,-1
345.8351,262.1882,20.95346,28.675018,0.09445563,3,-1,-1
436.4058,735.2681,19.744995,37.606506,0.091676444,1,-1,-1
429.85217,733.3513,20.071655,36.793274,0.09097397,2,-1,-1
490.31006,731.57465,17.390228,36.065796,0.09020719,1,-1,-1
429.27545,696.59674,48.79129,33.126404,0.08951512,1,-1,-1
420.89984,722.26544,18.07492,37.305176,0.08387673,10,-1,-1
345.59503,236.50229,20.306763,40.509064,0.07979664,10,-1,-1
731.885,704.8126,22.32843,27.469055,0.07869598,1,-1,-1
689.8901,285.33597,22.3042,38.510437,0.077394605,1,-1,-1
402.78284,542.22046,25.241638,26.346008,0.0750376,2,-1,-1
339.70438,246.5066,20.923859,32.505417,0.07298553,10,-1,-1
464.0519,739.0,18.269043,32.44055,0.07197246,2,-1,-1
674.1629,278.3884,19.035217,39.295135,0.071795106,2,-1,-1
337.87637,236.13344,19.723297,33.107407,0.07122859,10,-1,-1
374.42606,731.44025,17.421906,39.384766,0.07057926,2,-1,-1
226.27159,766.91736,38.35237,19.72931,0.07017517,10,-1,-1
429.8793,709.99866,26.231354,32.649353,0.06887099,1,-1,-1
428.67557,697.1215,49.86386,33.285645,0.06850761,5,-1,-1
412.26447,722.0909,20.60913,40.679504,0.06838125,3,-1,-1
753.02075,761.3314,28.130127,22.705322,0.06721029,10,-1,-1
657.59216,280.4002,20.756714,38.295074,0.06686604,1,-1,-1
465.91217,733.87476,18.346375,35.606262,0.066708386,4,-1,-1
298.5044,290.65518,34.73294,78.76706,0.066470474,1,-1,-1
448.67267,729.79095,17.139069,38.974182,0.0661985,1,-1,-1
667.5492,170.75412,18.670166,30.46968,0.06609917,1,-1,-1
657.59216,280.4002,20.756714,38.295074,0.0648976,3,-1,-1
497.72778,249.74762,19.700256,33.659668,0.06425294,1,-1,-1
761.16223,564.15753,19.587036,36.17981,0.06339827,1,-1,-1
413.31644,721.8177,20.028412,40.594727,0.062655866,2,-1,-1
345.05652,261.66086,21.232025,28.585144,0.062272996,2,-1,-1
753.02075,761.3314,28.130127,22.705322,0.06167856,1,-1,-1
421.63153,727.9578,20.47284,35.64789,0.061394513,7,-1,-1
424.86777,710.9143,39.58029,26.840637,0.061028183,7,-1,-1
467.42203,724.3267,19.55661,36.005676,0.06085342,1,-1,-1
689.89764,280.61456,23.598328,31.960571,0.060361773,3,-1,-1
761.5265,541.90234,20.369202,36.03247,0.06030056,1,-1,-1
422.9204,704.5476,52.700836,54.268677,0.05892089,7,-1,-1
424.44,732.6345,19.61203,37.25183,0.05873388,3,-1,-1
665.2379,276.82208,20.42041,38.83441,0.058453828,2,-1,-1
459.96753,734.12994,17.670166,37.193848,0.058313876,1,-1,-1
692.30707,296.11557,26.584412,29.847137,0.05824083,2,-1,-1
433.06702,728.06866,24.238525,32.9104,0.05809176,1,-1,-1
731.885,704.8126,22.32843,27.469055,0.05666268,2,-1,-1
429.2527,696.5383,49.031525,33.25354,0.055805296,2,-1,-1
658.014,270.57376,19.62378,42.92276,0.05574459,2,-1,-1
374.96744,731.6824,16.711426,40.310547,0.055545002,1,-1,-1
779.8716,239.92107,19.370972,38.265213,0.05543825,2,-1,-1
497.1437,733.0821,18.124542,33.961487,0.054985553,1,-1,-1
673.9032,267.9043,19.317932,34.068665,0.05481586,1,-1,-1
433.60013,699.28906,45.275665,62.213745,0.054726094,8,-1,-1
345.8351,262.1882,20.95346,28.675018,0.054642886,1,-1,-1
462.7414,742.9187,20.234009,29.685608,0.054110855,3,-1,-1
424.0484,735.91174,19.87738,37.20642,0.053476095,2,-1,-1
345.59503,236.50229,20.306763,40.509064,0.053414732,3,-1,-1
497.1437,733.0821,18.124542,33.961487,0.053266883,10,-1,-1
756.23486,723.2001,20.63562,31.51184,0.052937448,1,-1,-1
490.74637,733.0013,17.59076,35.25067,0.052933663,7,-1,-1
415.77637,732.4924,19.039948,39.40851,0.052900374,10,-1,-1
568.4207,164.95233,42.68463,15.676331,0.05238855,4,-1,-1
226.27159,766.91736,38.35237,19.72931,0.051626295,3,-1,-1
730.89105,706.42773,27.29663,23.775574,0.05152887,10,-1,-1
374.42606,731.44025,17.421906,39.384766,0.051126093,4,-1,-1
460.33197,742.65796,19.133484,30.744019,0.050452083,10,-1,-1
436.4058,735.2681,19.744995,37.606506,0.05023983,10,-1,-1
