455.15637,124.976875,103.22461,48.765144,0.8902968,4,-1,-1
809.7873,85.20955,106.582886,47.35092,0.85956407,4,-1,-1
104.95141,129.13861,121.538536,56.995712,0.83105063,4,-1,-1
418.34802,94.90665,103.845276,46.82773,0.7970988,4,-1,-1
133.43492,89.84503,117.88341,57.404938,0.7701315,5,-1,-1
1150.5914,120.02292,122.94006,62.778305,0.7617824,5,-1,-1
850.39325,105.23492,98.88965,51.392708,0.7347436,4,-1,-1
943.1388,77.70343,97.80115,45.214706,0.7317038,4,-1,-1
1304.178,128.07797,95.34277,49.86563,0.70000565,4,-1,-1
1086.9032,79.75319,86.76318,47.086433,0.6900203,4,-1,-1
1179.6876,62.891205,167.91125,82.33186,0.6570238,9,-1,-1
1149.682,122.63349,124.37805,63.90992,0.6349231,9,-1,-1
706.57996,117.082954,92.200134,46.77787,0.5756075,4,-1,-1
949.8645,90.87291,181.81543,96.34717,0.5740535,6,-1,-1
731.5501,136.51457,110.255554,54.18524,0.57281065,5,-1,-1
576.9447,89.33782,84.993164,51.62249,0.563202,4,-1,-1
275.55374,95.722466,109.8707,53.572136,0.531264,5,-1,-1
0.0,102.74297,53.84161,50.352364,0.4919742,4,-1,-1
695.38806,93.94846,76.86554,39.64492,0.45922142,4,-1,-1
881.58514,152.76938,47.570923,31.108688,0.4470128,10,-1,-1
947.517,90.3503,184.17755,100.52459,0.4300743,9,-1,-1
275.69476,95.54693,110.11664,53.70388,0.4149199,4,-1,-1
694.79767,93.96889,77.37518,39.215195,0.35970607,5,-1,-1
1353.4045,102.12386,18.21997,23.58458,0.34242755,3,-1,-1
227.73883,444.7138,37.953888,63.967102,0.33920956,10,-1,-1
1329.5688,99.05731,20.772095,24.074768,0.31421965,3,-1,-1
576.8327,89.13493,83.85132,49.265854,0.3117544,5,-1,-1
1288.1871,418.31653,43.87378,43.2088,0.29986936,1,-1,-1
1278.9506,323.60114,22.089233,36.454956,0.29968262,1,-1,-1
851.2468,103.05514,98.609314,52.854927,0.29413706,5,-1,-1
704.6836,114.651955,92.61206,49.644997,0.29105794,5,-1,-1
104.66489,127.76765,126.67667,59.161247,0.27079573,5,-1,-1
214.48349,470.96478,29.596848,53.847412,0.26598,1,-1,-1
1195.1897,328.7792,23.23413,34.944397,0.26164192,1,-1,-1
1323.2102,97.64736,17.553833,25.06427,0.25503027,3,-1,-1
754.2329,74.26574,16.464233,32.22191,0.2515468,1,-1,-1
967.22845,449.0953,27.078247,52.9234,0.24490395,1,-1,-1
725.79504,129.71878,114.57941,58.651688,0.24450675,9,-1,-1
880.9142,151.98195,47.243652,31.317642,0.2417711,7,-1,-1
1343.4258,100.45676,21.26416,23.446678,0.24065214,3,-1,-1
1234.8417,54.03512,12.262451,11.556526,0.23900208,1,-1,-1
132.57712,89.73343,119.07971,58.58017,0.23380947,4,-1,-1
1325.3341,343.31686,57.115967,37.35367,0.22416952,4,-1,-1
1349.2848,322.65735,35.3562,34.97467,0.22122702,1,-1,-1
12.62667,370.03455,26.816528,35.9028,0.22073928,1,-1,-1
1326.139,98.967964,18.635498,23.673752,0.2182698,1,-1,-1
222.43768,440.66928,34.188965,49.16983,0.21541205,10,-1,-1
1221.0966,44.954884,12.33313,18.788239,0.21450648,1,-1,-1
941.539,77.74945,96.029724,45.286453,0.21254489,5,-1,-1
1087.1515,79.90238,87.66235,47.032433,0.20643592,5,-1,-1
894.0548,151.9307,29.705261,28.944534,0.2046186,2,-1,-1
1326.0106,98.989586,19.718994,23.501816,0.20273447,10,-1,-1
1325.5178,343.63565,57.065674,36.817688,0.20267218,1,-1,-1
1229.7799,53.167522,17.72644,15.998402,0.2009314,3,-1,-1
1179.9369,65.56334,149.6654,73.111404,0.1949512,5,-1,-1
709.139,124.64293,109.41046,56.673416,0.19185996,5,-1,-1
725.79504,129.71878,114.57941,58.651688,0.18933335,6,-1,-1
1216.8306,51.41252,11.6727295,18.315727,0.189246,1,-1,-1
1229.7799,53.167522,17.72644,15.998402,0.18662131,1,-1,-1
1234.8165,53.745937,11.934326,12.510853,0.18517599,2,-1,-1
956.18884,451.57733,28.620483,48.334717,0.18342358,1,-1,-1
1304.0193,126.61189,95.501465,53.260117,0.1803498,5,-1,-1
1337.7504,97.542755,15.59314,24.54412,0.17873007,3,-1,-1
1209.9427,47.21102,9.860718,13.997486,0.17859864,1,-1,-1
214.48349,470.96478,29.596848,53.847412,0.17481565,10,-1,-1
1325.2439,344.358,57.16565,36.084137,0.16745934,10,-1,-1
215.57805,473.01147,26.531174,45.91461,0.16616258,2,-1,-1
725.79504,129.71878,114.57941,58.651688,0.16610551,4,-1,-1
907.25745,150.70503,16.000793,27.497131,0.16527277,2,-1,-1
0.0,103.03161,54.12499,49.66004,0.16445059,10,-1,-1
1216.9631,47.014103,12.841431,16.664223,0.16342342,1,-1,-1
1353.4045,102.12386,18.21997,23.58458,0.16290027,10,-1,-1
240.16644,459.6636,26.137207,44.848114,0.16195872,10,-1,-1
224.8643,444.3664,38.241257,56.110504,0.1606121,3,-1,-1
1353.5529,102.63653,17.69983,22.725418,0.15239352,1,-1,-1
221.88857,459.97067,33.49437,59.052216,0.15183914,10,-1,-1
1219.5437,52.85782,19.049316,17.11631,0.1489155,3,-1,-1
1288.1871,418.31653,43.87378,43.2088,0.14567015,2,-1,-1
1181.6216,65.50979,148.8396,72.85642,0.1454092,6,-1,-1
1337.0242,100.133896,23.136108,23.294357,0.14481997,10,-1,-1
1286.0303,417.8511,47.56787,43.10736,0.14422381,10,-1,-1
1229.8439,54.363914,11.58374,11.431618,0.14399076,1,-1,-1
970.1032,96.69636,155.80109,76.03748,0.14354295,5,-1,-1
880.8543,152.10313,48.75128,31.292404,0.14276946,3,-1,-1
901.2636,145.40692,16.731201,31.347565,0.13880864,2,-1,-1
1003.3152,78.79556,121.272095,54.321304,0.13770068,4,-1,-1
1220.8872,53.068436,15.676636,17.034248,0.13746783,1,-1,-1
190.37401,365.68478,23.443573,35.160675,0.13502619,1,-1,-1
880.12854,151.77327,48.823425,32.221207,0.13329521,8,-1,-1
956.56696,450.22543,30.024841,50.07367,0.13299525,10,-1,-1
754.0789,73.65752,16.15802,31.534958,0.12850365,2,-1,-1
695.0764,94.33353,77.42322,39.377914,0.1277439,6,-1,-1
1373.6874,120.49838,25.833374,28.788406,0.12774312,4,-1,-1
1368.2592,103.00252,20.375,21.902878,0.12765253,3,-1,-1
957.515,462.1446,17.851685,36.924408,0.12728724,1,-1,-1
1345.8595,341.00162,31.94104,35.162384,0.12595752,1,-1,-1
881.4801,152.57281,47.91504,30.668625,0.12564951,4,-1,-1
0.0,102.74297,53.84161,50.352364,0.12521115,1,-1,-1
1293.4294,417.2695,27.26941,33.311157,0.12398183,1,-1,-1
576.8327,89.13493,83.85132,49.265854,0.12354624,6,-1,-1
1372.3376,103.94793,19.523682,20.77678,0.122959316,2,-1,-1
1390.6185,95.43754,8.902222,25.27797,0.12290031,2,-1,-1
1379.9427,103.64015,16.23999,19.982903,0.12176338,2,-1,-1
965.96075,449.98508,29.2052,51.286804,0.12171152,2,-1,-1
956.2993,450.91522,27.642883,49.667603,0.12138036,2,-1,-1
1336.2944,100.45413,17.282349,22.220825,0.12038651,1,-1,-1
1390.6185,95.43754,8.902222,25.27797,0.11894125,1,-1,-1
980.4153,123.652405,146.41003,70.27513,0.11879638,5,-1,-1
1226.433,55.145115,10.276123,12.056454,0.11767909,1,-1,-1
1304.5527,428.47623,29.426147,31.135529,0.11569354,1,-1,-1
1383.2678,96.94845,16.25293,27.692062,0.11534375,1,-1,-1
902.04034,142.7483,14.799255,32.941574,0.114854306,1,-1,-1
1304.0193,126.61189,95.501465,53.260117,0.114195734,9,-1,-1
237.97218,456.17007,27.774307,46.03705,0.113469064,3,-1,-1
240.16644,459.6636,26.137207,44.848114,0.113438815,1,-1,-1
981.7166,81.70603,85.229675,38.77716,0.112131,4,-1,-1
1325.7208,98.87453,21.084595,23.996407,0.11208671,2,-1,-1
1333.0776,341.14386,34.333252,34.075012,0.1113264,1,-1,-1
242.02083,462.1817,23.696762,41.33792,0.11128625,2,-1,-1
1330.428,150.56873,16.952637,31.006668,0.111222684,1,-1,-1
1208.1134,45.4174,14.414795,19.240543,0.11084214,1,-1,-1
879.1274,140.67555,44.830566,36.240448,0.10971722,10,-1,-1
0.0,102.74297,53.84161,50.352364,0.10934371,5,-1,-1
705.8377,116.3802,89.91608,47.95613,0.10715774,6,-1,-1
1358.2699,97.12102,16.453003,25.790703,0.10679364,3,-1,-1
1353.6832,102.011505,17.788696,24.012741,0.10547677,2,-1,-1
154.02943,427.84464,28.352234,44.168182,0.10495958,1,-1,-1
887.6974,153.63666,24.810486,26.414398,0.10473099,2,-1,-1
453.5779,123.91405,107.220184,50.402466,0.1045008,5,-1,-1
214.3615,447.14993,31.983292,59.41977,0.10407665,10,-1,-1
907.415,150.05753,15.369202,29.108307,0.103925824,1,-1,-1
1181.1979,66.49812,152.07495,70.75119,0.10383463,4,-1,-1
1371.5969,103.96432,21.034546,20.341667,0.1036779,10,-1,-1
1333.8654,336.52655,47.917603,42.492188,0.103581846,2,-1,-1
219.56163,475.11545,19.031677,34.938232,0.10354644,1,-1,-1
1150.5114,120.9159,122.933716,62.00286,0.102965325,4,-1,-1
888.8327,150.18471,36.878235,32.703476,0.101836294,1,-1,-1
1300.2864,419.6872,19.90271,29.12918,0.100477695,2,-1,-1
1252.2258,37.0152,147.29492,102.77228,0.10043973,9,-1,-1
224.96176,443.82645,38.210175,56.760406,0.10012445,2,-1,-1
1222.4364,43.434093,8.35437,15.708618,0.09982446,1,-1,-1
958.7997,99.267586,162.5387,73.79075,0.09883976,4,-1,-1
102.82845,367.039,22.972939,35.695923,0.09843716,1,-1,-1
220.77005,471.8049,18.29956,32.74472,0.09819654,2,-1,-1
1317.745,100.149704,17.828247,23.5335,0.09726158,3,-1,-1
1350.7673,323.119,34.055786,34.89322,0.09670317,2,-1,-1
1214.5503,51.251575,17.899658,18.850254,0.09666589,3,-1,-1
957.7121,461.58862,17.199768,37.58374,0.09640545,2,-1,-1
1069.4181,84.37082,77.294556,37.879196,0.095493495,4,-1,-1
1376.6279,113.61271,22.892822,29.598,0.09507695,10,-1,-1
226.04105,445.70782,35.42627,53.564575,0.09506056,1,-1,-1
1381.5787,96.768524,17.942017,23.349487,0.093755096,2,-1,-1
967.6764,448.38132,26.995605,53.903503,0.09365764,10,-1,-1
1297.4908,432.24088,40.48523,43.410248,0.09327975,1,-1,-1
1368.2052,99.69167,20.64038,24.103958,0.09323281,1,-1,-1
1227.957,53.575493,20.295288,15.29113,0.092963606,10,-1,-1
1304.5527,428.47623,29.426147,31.135529,0.092953295,2,-1,-1
1348.2592,323.0692,35.99243,34.185974,0.09125486,10,-1,-1
885.5161,162.11447,47.841125,30.102127,0.090779394,10,-1,-1
1337.6481,321.73798,48.433716,44.078003,0.09035504,4,-1,-1
12.878057,370.0138,26.960209,35.902985,0.08908293,2,-1,-1
214.3615,447.14993,31.983292,59.41977,0.08828443,1,-1,-1
1229.876,52.2001,17.302124,17.899853,0.08758941,2,-1,-1
691.37244,104.04392,92.65021,50.62377,0.08736649,4,-1,-1
898.9378,152.96074,23.244507,26.53267,0.08693528,10,-1,-1
942.8066,77.06506,96.20184,45.63549,0.08684921,1,-1,-1
227.33456,469.7342,16.929413,32.272858,0.08670044,2,-1,-1
237.68637,457.97006,16.924057,34.74817,0.086360484,2,-1,-1
1304.8915,417.50076,27.08545,31.871155,0.08615756,1,-1,-1
1208.9979,52.843895,20.98767,20.009254,0.08594209,1,-1,-1
219.54573,463.4032,36.638443,51.280457,0.08500451,2,-1,-1
749.5774,72.646515,16.639465,28.78724,0.08489469,1,-1,-1
1379.9427,103.64015,16.23999,19.982903,0.08483216,1,-1,-1
248.63348,474.41754,16.378601,29.61377,0.084383905,2,-1,-1
576.5975,89.39117,83.98932,49.809746,0.08433801,8,-1,-1
224.8643,444.3664,38.241257,56.110504,0.084052324,7,-1,-1
1286.0303,417.8511,47.56787,43.10736,0.08395001,3,-1,-1
696.2047,92.72765,74.144104,40.19854,0.0838148,8,-1,-1
221.88857,459.97067,33.49437,59.052216,0.083241135,1,-1,-1
1019.29205,82.5197,47.693665,30.610558,0.0831323,4,-1,-1
1336.9642,98.1577,16.979858,24.09365,0.082246184,2,-1,-1
1279.4786,324.78238,19.880981,35.029816,0.082194895,2,-1,-1
1225.6261,48.651405,15.037964,22.802322,0.0819819,1,-1,-1
1380.9048,97.94417,18.615967,25.140442,0.0815275,10,-1,-1
1363.3824,323.91504,20.086182,29.021942,0.0813635,1,-1,-1
1303.7867,127.59845,95.73401,51.518692,0.08114934,6,-1,-1
851.2468,103.05514,98.609314,52.854927,0.079946876,6,-1,-1
1349.1282,323.84177,34.644653,32.773956,0.07972956,3,-1,-1
1379.618,107.01504,10.256226,14.342537,0.079520196,2,-1,-1
1220.3195,44.521145,22.65918,20.775936,0.07943669,1,-1,-1
1374.0303,105.27327,17.836426,22.288834,0.07871902,1,-1,-1
1315.1013,430.80234,18.9646,21.378448,0.07815266,2,-1,-1
279.88464,361.42145,19.102722,34.80768,0.078050226,1,-1,-1
1307.6914,436.74817,20.370117,24.767334,0.07787153,2,-1,-1
1308.3065,98.59313,15.2948,23.56057,0.077807784,1,-1,-1
87.756165,106.22773,20.309792,36.90452,0.07744476,1,-1,-1
1353.1025,109.83555,21.619751,21.53463,0.077439874,3,-1,-1
1216.9274,45.958443,13.571411,20.61586,0.07725397,2,-1,-1
1335.2057,321.20474,51.61743,48.313232,0.07722783,1,-1,-1
1229.8439,54.363914,11.58374,11.431618,0.07692531,2,-1,-1
899.49854,159.08366,23.693848,39.445007,0.07603347,2,-1,-1
981.59283,123.19931,144.80609,73.299545,0.075573534,6,-1,-1
247.26976,470.24496,17.734146,30.977142,0.07541025,1,-1,-1
0.0,103.03161,54.12499,49.66004,0.07540831,7,-1,-1
850.39325,105.23492,98.88965,51.392708,0.07540029,10,-1,-1
944.7729,77.5308,91.68939,44.84401,0.0750491,10,-1,-1
1221.0966,44.954884,12.33313,18.788239,0.07445413,2,-1,-1
1346.1957,96.95415,13.207153,23.625687,0.07421994,3,-1,-1
1360.7816,98.22829,34.671997,25.833473,0.07386589,10,-1,-1
1219.534,51.67198,26.555176,19.718697,0.07370582,10,-1,-1
1299.3179,436.24146,19.056152,23.610779,0.07350385,2,-1,-1
1220.4934,49.48405,7.706299,12.70443,0.07314283,1,-1,-1
1086.8358,80.048935,86.3866,47.150864,0.07298219,1,-1,-1
1324.6993,343.52795,57.765015,35.350067,0.07223165,8,-1,-1
1164.3262,44.08639,12.738647,27.0806,0.07210982,1,-1,-1
851.6889,104.97433,98.69281,52.02877,0.071887225,1,-1,-1
102.82845,367.039,22.972939,35.695923,0.07186794,2,-1,-1
962.6357,70.27222,111.67474,60.152008,0.07177442,4,-1,-1
1347.1313,97.64562,31.56018,26.732407,0.07171646,3,-1,-1
1354.7247,333.42,25.404541,22.939423,0.071645856,1,-1,-1
1324.7739,342.53262,29.677124,33.13495,0.07142988,1,-1,-1
957.7121,461.58862,17.199768,37.58374,0.070960164,10,-1,-1
242.99875,470.40903,24.472412,52.744293,0.070934564,10,-1,-1
700.462,93.36043,71.64264,38.373886,0.07074401,1,-1,-1
1379.9442,124.254745,19.576538,23.728607,0.07070753,10,-1,-1
1217.5948,46.17272,18.046143,18.454773,0.07062453,3,-1,-1
214.48349,470.96478,29.596848,53.847412,0.0705463,3,-1,-1
418.42386,92.98343,106.78885,49.075974,0.07015127,5,-1,-1
1305.5636,129.48544,93.95715,50.684723,0.07010445,1,-1,-1
224.54314,442.4305,29.664963,38.783173,0.06991631,3,-1,-1
1304.8915,417.50076,27.08545,31.871155,0.06958032,2,-1,-1
810.2178,84.79169,105.88263,47.1277,0.06929457,1,-1,-1
1374.7008,112.86291,24.819946,32.371407,0.069084555,1,-1,-1
947.4058,66.9194,117.719666,54.76143,0.06903732,6,-1,-1
1354.9265,98.05701,12.47876,22.95108,0.06903455,3,-1,-1
1335.1172,462.56726,27.244385,37.81595,0.06903276,1,-1,-1
703.97894,115.84465,99.36536,53.193726,0.069022864,9,-1,-1
1326.8629,96.45669,37.705322,28.431763,0.06898448,3,-1,-1
1214.9944,51.546898,33.337524,20.903526,0.06855455,3,-1,-1
228.58548,466.85266,34.214417,65.51605,0.06845093,10,-1,-1
697.37805,94.58338,77.54126,36.319206,0.06841457,7,-1,-1
1333.7628,103.14283,12.393921,18.626732,0.06831294,3,-1,-1
1003.3152,78.79556,121.272095,54.321304,0.06796682,5,-1,-1
1086.8358,80.048935,86.3866,47.150864,0.06787157,10,-1,-1
154.67323,428.93597,19.225906,31.833832,0.06781384,1,-1,-1
1390.0132,98.53918,9.507568,25.011375,0.06771675,10,-1,-1
757.3461,97.181915,15.940308,28.721634,0.06752467,1,-1,-1
0.0,103.03161,54.12499,49.66004,0.06733754,8,-1,-1
214.3615,447.14993,31.983292,59.41977,0.0671832,3,-1,-1
848.44794,104.306564,101.54712,52.026016,0.0671646,7,-1,-1
1214.6509,49.865112,11.5271,13.22105,0.067088306,1,-1,-1
576.5975,89.39117,83.98932,49.809746,0.067049116,7,-1,-1
1025.3263,83.2751,78.31726,38.586296,0.06685844,4,-1,-1
1315.1013,430.80234,18.9646,21.378448,0.066732764,1,-1,-1
1355.945,108.38248,11.908936,18.484062,0.06630871,3,-1,-1
1358.2699,97.12102,16.453003,25.790703,0.066233605,1,-1,-1
1210.4713,47.381004,9.524536,11.497555,0.06607953,2,-1,-1
1326.4767,96.90678,10.674316,21.442787,0.066000015,3,-1,-1
1360.7816,98.22829,34.671997,25.833473,0.065781415,3,-1,-1
1195.4008,328.98703,22.848999,34.584045,0.065683424,2,-1,-1
1239.3348,53.510998,9.66626,13.466213,0.06561133,1,-1,-1
885.8143,154.50945,44.261658,43.104614,0.06554252,2,-1,-1
1072.379,105.67676,126.83911,77.07741,0.06537789,9,-1,-1
1373.6874,120.49838,25.833374,28.788406,0.06535432,5,-1,-1
1234.9989,52.88153,7.972046,10.397179,0.06523478,1,-1,-1
160.43756,433.29352,18.377502,31.547241,0.0652107,1,-1,-1
1379.5393,107.06505,10.374268,14.00238,0.06511712,1,-1,-1
1080.1957,68.74176,97.6991,59.638657,0.06501728,9,-1,-1
1343.5454,99.71593,20.619263,24.2976,0.06487322,1,-1,-1
216.08752,431.6986,56.296204,67.509155,0.06484833,10,-1,-1
1222.0422,50.419247,10.440796,10.851265,0.06458318,1,-1,-1
947.0109,88.979065,18.574402,33.031296,0.06455442,1,-1,-1
1350.4867,336.05795,22.4281,20.357819,0.0644604,2,-1,-1
1295.4641,426.8204,21.10962,31.189056,0.06409216,1,-1,-1
1338.6987,103.226494,13.105713,18.612679,0.06404987,10,-1,-1
757.47015,74.406296,9.621765,22.49514,0.063943505,1,-1,-1
895.2614,141.05257,28.396912,34.89862,0.063745975,1,-1,-1
880.7236,149.87791,14.854309,28.421356,0.06365299,1,-1,-1
227.33456,469.7342,16.929413,32.272858,0.06329638,1,-1,-1
221.88857,459.97067,33.49437,59.052216,0.06312603,3,-1,-1
1341.5818,353.62448,38.861206,29.769989,0.06306103,1,-1,-1
1360.9203,96.6585,35.01416,29.507584,0.062443018,1,-1,-1
1295.24,423.21393,22.327148,37.79956,0.062383384,2,-1,-1
1217.2018,52.808914,11.037109,16.42218,0.06188622,2,-1,-1
1376.5428,103.96296,21.75476,19.684967,0.061840534,3,-1,-1
892.8915,154.49957,31.390503,23.775055,0.06179613,3,-1,-1
1206.7963,55.61926,27.985718,17.385586,0.061636567,3,-1,-1
1208.9979,52.843895,20.98767,20.009254,0.06150791,10,-1,-1
876.22095,99.84302,107.82654,61.118973,0.06137958,4,-1,-1
1358.2699,97.12102,16.453003,25.790703,0.06135899,2,-1,-1
236.83092,455.4776,17.555313,30.976135,0.061338723,1,-1,-1
1217.4354,52.51798,29.854004,19.126667,0.061299235,1,-1,-1
894.5483,148.90904,14.218323,28.862137,0.06101629,2,-1,-1
1327.0593,340.18582,55.831177,38.60556,0.06095147,3,-1,-1
894.01715,147.80377,15.593689,30.624283,0.060818553,1,-1,-1
1231.4094,50.12549,12.271362,14.321205,0.060574025,1,-1,-1
103.0844,129.78857,121.59912,56.081863,0.060399562,10,-1,-1
1226.7213,55.006584,9.663696,12.659622,0.060383797,2,-1,-1
1305.5636,129.48544,93.95715,50.684723,0.06031087,10,-1,-1
748.38995,73.12421,28.970886,38.82467,0.06030512,1,-1,-1
1221.3445,52.30181,14.567627,18.15886,0.060292035,2,-1,-1
1215.6675,41.485863,15.212769,17.81697,0.060276866,1,-1,-1
455.62717,125.26493,103.2905,48.03382,0.060234666,1,-1,-1
695.0764,94.33353,77.42322,39.377914,0.060224652,9,-1,-1
1213.8938,45.687424,18.323486,18.582886,0.060216784,10,-1,-1
744.3483,75.05116,18.441345,34.47728,0.06021267,1,-1,-1
1274.3964,412.67505,63.518433,63.367523,0.06016162,1,-1,-1
243.83614,475.18387,23.903366,47.035187,0.06009808,1,-1,-1
224.96176,443.82645,38.210175,56.760406,0.060066193,8,-1,-1
1307.6272,98.28863,16.432373,24.03849,0.05962822,3,-1,-1
1003.3152,78.79556,121.272095,54.321304,0.059289843,6,-1,-1
2.677071,104.765976,49.489597,47.088867,0.058989704,2,-1,-1
944.7729,77.5308,91.68939,44.84401,0.058883965,7,-1,-1
0.0,538.17456,18.255047,20.338501,0.05888143,1,-1,-1
1389.0481,103.57551,10.472656,26.010063,0.058874667,1,-1,-1
275.66953,95.57846,110.28528,53.592346,0.058857054,6,-1,-1
660.58417,311.27435,33.148315,14.430054,0.058617115,5,-1,-1
1384.9594,110.50472,14.561401,27.884941,0.058616787,1,-1,-1
1308.4009,430.8807,19.043701,21.796692,0.0585815,2,-1,-1
1374.8265,115.364426,24.694214,25.084244,0.058160007,3,-1,-1
1346.259,343.9329,31.366089,29.806671,0.05799818,2,-1,-1
887.6974,153.63666,24.810486,26.414398,0.0579139,10,-1,-1
1224.9099,52.56828,12.286133,10.733658,0.057175964,1,-1,-1
883.24994,149.27055,18.604614,28.150314,0.057019174,2,-1,-1
1325.2592,342.64087,56.650513,36.783417,0.05690992,7,-1,-1
152.2497,426.56198,34.847946,52.14978,0.056909353,3,-1,-1
1324.0756,90.95965,16.059448,23.521454,0.056670398,3,-1,-1
1230.9613,55.36262,7.112671,9.225918,0.0566338,1,-1,-1
1300.1205,431.19717,36.287598,44.517,0.05647728,2,-1,-1
1335.2057,321.20474,51.61743,48.313232,0.056410164,10,-1,-1
216.66759,476.40182,18.0598,33.358215,0.056405783,2,-1,-1
228.58548,466.85266,34.214417,65.51605,0.056399524,2,-1,-1
864.29456,142.11731,69.1839,45.952545,0.05634725,4,-1,-1
1069.319,91.01948,14.591187,27.764946,0.056293935,1,-1,-1
1234.4725,55.27468,14.528564,11.38913,0.05601722,3,-1,-1
1021.6448,82.28447,43.940918,29.019829,0.055918843,10,-1,-1
1072.5974,78.22957,99.40759,49.016754,0.055915326,6,-1,-1
1351.258,335.49973,19.771606,22.162048,0.05583626,1,-1,-1
1335.2261,461.5793,26.779907,36.545013,0.055811346,2,-1,-1
0.0,105.07786,53.554317,46.309303,0.05568862,6,-1,-1
1380.1652,111.51913,19.35559,30.235756,0.055382878,2,-1,-1
1361.1461,123.14225,38.374634,25.785896,0.055244893,10,-1,-1
231.34901,85.01684,15.678055,31.10427,0.055196702,1,-1,-1
190.37401,365.68478,23.443573,35.160675,0.05515048,2,-1,-1
944.3443,77.71796,90.73004,44.100937,0.055033743,8,-1,-1
228.58548,466.85266,34.214417,65.51605,0.054991126,1,-1,-1
242.99875,470.40903,24.472412,52.744293,0.05474788,2,-1,-1
1211.6974,48.663853,7.7857666,8.71822,0.054745764,1,-1,-1
864.3942,140.56638,66.35919,49.53914,0.05472371,7,-1,-1
864.29456,142.11731,69.1839,45.952545,0.054577917,10,-1,-1
1384.5859,98.69593,10.932495,18.734177,0.05428186,2,-1,-1
214.33777,454.12692,55.009064,84.06955,0.05426511,10,-1,-1
1222.9645,53.701504,9.617432,13.052677,0.05394715,1,-1,-1
12.534571,370.02423,29.489042,36.22281,0.05366826,3,-1,-1
1365.8114,97.50434,19.489136,25.191093,0.05363521,2,-1,-1
1028.4827,82.64618,31.933228,22.929352,0.05358708,1,-1,-1
1317.745,100.149704,17.828247,23.5335,0.05353704,1,-1,-1
895.59644,156.06647,29.171814,44.04515,0.053248942,1,-1,-1
1278.6129,323.64795,22.407593,36.628082,0.05322334,3,-1,-1
1382.2515,104.71614,9.766113,14.072044,0.053104937,2,-1,-1
1324.6993,343.52795,57.765015,35.350067,0.053088456,5,-1,-1
1379.9442,124.254745,19.576538,23.728607,0.052876383,1,-1,-1
1370.7257,107.482994,15.866333,27.526451,0.052858025,1,-1,-1
1337.6691,348.74374,17.971191,27.01706,0.052803546,1,-1,-1
1194.8318,0.8390492,120.609985,59.851658,0.05226168,9,-1,-1
1327.6334,90.15448,20.27478,25.642784,0.052233458,3,-1,-1
973.1753,455.76343,15.4227295,45.059723,0.05189082,1,-1,-1
0.0,556.4423,56.49106,90.45441,0.051793545,4,-1,-1
152.2497,426.56198,34.847946,52.14978,0.05169636,10,-1,-1
849.1873,104.88829,100.29932,51.8219,0.05166793,8,-1,-1
1181.9061,52.472782,128.91797,65.47809,0.051603347,9,-1,-1
754.3192,74.31105,16.034302,32.474762,0.051458925,10,-1,-1
1345.8595,341.00162,31.94104,35.162384,0.05137381,10,-1,-1
968.8165,449.50647,25.29956,51.871216,0.0512487,4,-1,-1
1333.116,343.64233,33.83728,29.14978,0.050952733,2,-1,-1
1325.6207,96.60777,12.487671,23.542358,0.05088514,2,-1,-1
1358.3081,348.5312,18.970947,26.88324,0.050861537,1,-1,-1
867.9954,143.46188,61.057434,44.37448,0.050778776,5,-1,-1
1389.1398,99.29338,10.380981,24.00998,0.050757527,3,-1,-1
1232.788,48.808075,17.30774,17.039192,0.05074677,1,-1,-1
864.29456,142.11731,69.1839,45.952545,0.050670624,8,-1,-1
1380.1652,111.51913,19.35559,30.235756,0.050662607,4,-1,-1
1308.4287,98.027145,15.279297,23.66642,0.05045727,2,-1,-1
1357.8285,97.41336,17.531128,24.909729,0.05034983,10,-1,-1
980.4153,123.652405,146.41003,70.27513,0.050270706,4,-1,-1
1213.0764,47.60264,19.27246,13.262192,0.050172985,3,-1,-1
