241.21223,697.25714,86.6436,85.562805,0.9999995,4,-1,-1
538.3133,399.6866,51.142395,43.57718,0.999995,4,-1,-1
861.62506,188.75926,39.602234,33.040054,0.99998575,4,-1,-1
591.57245,349.71072,52.81726,44.966736,0.9999567,4,-1,-1
644.9809,298.47314,52.361023,44.145905,0.99995303,4,-1,-1
825.50415,225.12312,39.77893,33.599472,0.99987566,4,-1,-1
710.7605,328.33627,47.826355,38.88211,0.9996189,4,-1,-1
828.7451,184.64545,37.927856,30.334045,0.9995793,4,-1,-1
727.3767,201.61519,44.325134,33.848495,0.99898666,4,-1,-1
795.14465,215.74258,35.94452,35.53647,0.998441,4,-1,-1
739.15186,164.63217,39.028687,28.6501,0.9976888,4,-1,-1
648.06195,348.45987,46.029175,39.377808,0.9948638,4,-1,-1
309.75665,481.18872,152.6229,142.96814,0.9915477,4,-1,-1
307.20218,481.54068,155.49927,136.96335,0.9885305,5,-1,-1
1245.4026,187.85765,153.54724,118.18117,0.9675654,9,-1,-1
784.9934,180.10274,41.17743,34.568283,0.9274806,4,-1,-1
765.7834,36.47158,33.39447,22.780666,0.8531797,4,-1,-1
693.6481,208.49083,111.2276,120.87947,0.8384291,9,-1,-1
710.2016,20.863018,40.5484,24.677876,0.8299774,4,-1,-1
738.7128,0.35002586,80.25256,33.0422,0.7741178,6,-1,-1
806.9537,219.88133,37.992188,34.510178,0.67965674,4,-1,-1
752.6545,164.93022,37.618713,28.97525,0.671252,4,-1,-1
827.4018,32.68576,31.229736,23.178452,0.63713914,4,-1,-1
777.7774,165.34589,33.499573,29.500854,0.6300848,4,-1,-1
765.88904,27.390488,33.878662,21.974041,0.58565205,4,-1,-1
698.66284,3.2183046,45.294678,26.921558,0.54529065,4,-1,-1
773.55524,273.59412,40.23059,37.313477,0.5416308,4,-1,-1
1221.3796,424.8299,28.509521,37.277557,0.5412756,4,-1,-1
1019.2404,16.752167,20.632019,35.158585,0.5341524,1,-1,-1
789.05774,195.18987,40.087402,37.490585,0.38844323,4,-1,-1
738.7128,0.35002586,80.25256,33.0422,0.34130973,9,-1,-1
692.6971,207.10223,118.749756,121.7771,0.3383825,6,-1,-1
773.6766,273.6706,40.297546,36.94171,0.29763654,1,-1,-1
1087.2772,750.75885,17.452515,35.37555,0.27812767,1,-1,-1
698.72314,4.0584536,45.34845,25.434025,0.2617671,5,-1,-1
48.89794,207.87656,48.950607,26.402328,0.210902,4,-1,-1
657.8907,2.878531,41.084534,18.308031,0.20104659,5,-1,-1
657.8907,2.878531,41.084534,18.308031,0.19887546,4,-1,-1
1302.808,235.50276,23.55127,32.47795,0.18989581,2,-1,-1
52.22234,199.57,58.25874,31.82837,0.18739218,5,-1,-1
648.0585,348.27612,46.417908,39.55127,0.1764153,7,-1,-1
1302.6759,236.42653,23.669556,32.36107,0.16410679,1,-1,-1
703.6658,19.55883,42.3349,25.642376,0.16398346,5,-1,-1
773.25665,273.3337,40.47534,37.39453,0.15582722,8,-1,-1
57.170265,199.93459,53.720375,29.20111,0.15494156,4,-1,-1
827.4018,32.68576,31.229736,23.178452,0.14901796,5,-1,-1
777.7163,164.86244,33.274048,29.029251,0.14732105,5,-1,-1
65.914154,184.37895,36.381638,21.181396,0.14477044,4,-1,-1
784.36053,180.72328,38.989807,34.175278,0.14045149,5,-1,-1
695.26666,16.78425,44.545166,26.371538,0.13654503,4,-1,-1
773.7328,272.28464,40.346375,37.2706,0.13338453,5,-1,-1
274.19305,70.886086,45.219788,21.315163,0.13145733,4,-1,-1
812.9361,182.29628,40.32495,31.43686,0.13096526,4,-1,-1
640.90076,9.70822,47.014038,20.156706,0.12964681,4,-1,-1
1237.5453,183.57788,161.40454,126.08032,0.12809446,6,-1,-1
710.3803,327.69284,48.73822,39.563232,0.1273736,10,-1,-1
758.1586,20.942377,43.200745,22.246603,0.12423912,4,-1,-1
921.65845,152.40898,18.39447,34.904465,0.12264177,10,-1,-1
649.15247,9.246782,41.397766,20.326775,0.12060854,5,-1,-1
53.279583,193.28673,65.004654,38.76494,0.114290625,6,-1,-1
211.0314,236.86386,26.36087,30.66629,0.11256111,1,-1,-1
274.19305,70.886086,45.219788,21.315163,0.10527918,5,-1,-1
649.6091,0.0,47.247437,15.068809,0.1032677,4,-1,-1
785.19434,180.45293,40.49176,34.392715,0.10098806,6,-1,-1
921.6892,152.63385,18.330566,34.516052,0.09996641,1,-1,-1
784.47034,167.19946,39.38208,34.697037,0.0996041,4,-1,-1
51.157738,208.69597,45.37278,26.357544,0.09599444,5,-1,-1
65.914154,184.37895,36.381638,21.181396,0.09523904,5,-1,-1
665.6976,7.8510695,37.991577,20.734795,0.09460643,4,-1,-1
785.0366,180.11693,39.76239,35.274796,0.093835235,7,-1,-1
692.3884,0.0,46.09015,17.947977,0.0891183,4,-1,-1
266.93024,60.431946,34.622345,22.984291,0.082984954,4,-1,-1
665.6976,7.8510695,37.991577,20.734795,0.082499176,5,-1,-1
697.6857,2.4609094,46.095947,26.094063,0.08043495,6,-1,-1
666.4856,0.0,45.758484,14.230788,0.07910156,4,-1,-1
630.3859,14.196499,48.326965,19.938572,0.07855192,4,-1,-1
49.398403,215.87917,37.981075,21.256989,0.07766724,4,-1,-1
210.62004,236.20291,27.591858,29.92279,0.07612872,2,-1,-1
1247.649,30.85832,83.01123,60.660347,0.07574007,6,-1,-1
773.53845,273.58362,40.467896,37.26178,0.07448444,7,-1,-1
632.2522,5.1564636,50.89026,21.014051,0.07355657,5,-1,-1
765.88904,27.390488,33.878662,21.974041,0.07322237,5,-1,-1
308.24878,481.38193,154.30392,137.43661,0.073084295,1,-1,-1
266.93024,60.431946,34.622345,22.984291,0.071650416,5,-1,-1
1276.8007,232.89622,28.535156,27.10524,0.07124114,4,-1,-1
773.6766,273.6706,40.297546,36.94171,0.07008195,2,-1,-1
785.19434,180.45293,40.49176,34.392715,0.06992799,1,-1,-1
698.72314,4.0584536,45.34845,25.434025,0.06901127,9,-1,-1
776.8304,165.19453,35.127686,28.941086,0.06899628,1,-1,-1
1301.1967,237.5715,23.908691,30.799286,0.068010956,4,-1,-1
58.4158,195.31802,44.690006,25.654724,0.06706783,5,-1,-1
663.03925,336.21332,34.338013,23.927551,0.065595,7,-1,-1
773.6931,273.76822,40.024536,37.29178,0.0652307,10,-1,-1
1301.1967,237.5715,23.908691,30.799286,0.06499362,7,-1,-1
643.6858,309.18628,50.934265,54.789307,0.06462413,4,-1,-1
1245.6176,38.429058,24.624756,27.027493,0.06459549,4,-1,-1
628.69464,4.052389,48.762817,20.318209,0.064386725,4,-1,-1
765.1901,35.860683,34.83069,23.069462,0.06402317,5,-1,-1
649.6091,0.0,47.247437,15.068809,0.063848674,5,-1,-1
1296.7189,142.774,91.61487,37.770966,0.063777864,9,-1,-1
660.1581,336.29633,34.55005,23.523346,0.06235221,3,-1,-1
55.865738,188.23433,106.43326,41.757523,0.06186813,6,-1,-1
50.678383,193.2392,50.934944,24.520203,0.060482115,4,-1,-1
1175.9321,204.35101,17.315674,37.17688,0.06011024,1,-1,-1
650.9631,14.82871,41.915833,20.134525,0.05988905,4,-1,-1
1019.2404,16.752167,20.632019,35.158585,0.05874738,10,-1,-1
1019.2404,16.752167,20.632019,35.158585,0.058150887,2,-1,-1
709.8387,21.210169,41.129333,23.990225,0.056800842,1,-1,-1
664.9527,334.83365,32.784668,26.250153,0.056638956,10,-1,-1
1296.7189,142.774,91.61487,37.770966,0.05594617,6,-1,-1
623.8571,16.278116,47.239258,19.41609,0.05584371,5,-1,-1
1302.9438,236.38646,23.574951,32.484085,0.055461347,10,-1,-1
666.4856,0.0,45.758484,14.230788,0.05534032,5,-1,-1
676.6458,14.15447,35.13037,24.91907,0.05490315,4,-1,-1
921.6892,152.63385,18.330566,34.516052,0.05359626,4,-1,-1
692.3884,0.0,46.09015,17.947977,0.05277458,5,-1,-1
686.6281,5.741226,41.25946,26.664345,0.052603364,4,-1,-1
261.58463,57.82319,26.940369,24.99134,0.052165627,4,-1,-1
629.3661,0.0,47.58142,16.096664,0.052076697,4,-1,-1
703.6658,19.55883,42.3349,25.642376,0.051434875,6,-1,-1
779.04694,171.27277,39.249695,31.564346,0.05136028,5,-1,-1
686.6281,5.741226,41.25946,26.664345,0.05070287,5,-1,-1
1384.6473,258.41943,14.30249,43.932983,0.05022192,1,-1,-1
