800.5228,636.15424,125.81018,116.631226,0.99999833,6,-1,-1
341.68994,341.8312,29.850922,33.140564,0.27197725,6,-1,-1
320.0986,325.14944,34.743134,28.586884,0.22201958,6,-1,-1
864.06024,652.0287,39.581787,26.303589,0.15819424,4,-1,-1
342.70023,342.49155,29.447266,32.80423,0.08893564,5,-1,-1
320.0986,325.14944,34.743134,28.586884,0.07711545,9,-1,-1
340.2143,340.47433,30.646667,33.45694,0.0769864,9,-1,-1
341.68994,341.8312,29.850922,33.140564,0.06444588,4,-1,-1
793.38086,634.07025,131.11414,122.47937,0.06317407,9,-1,-1
807.93115,1000.7202,26.839722,47.549805,0.058500707,4,-1,-1
864.06024,652.0287,39.581787,26.303589,0.055172503,5,-1,-1
323.43753,333.59073,39.00116,32.001404,0.05515644,6,-1,-1
1362.5356,954.4805,35.632935,29.55542,0.052101642,4,-1,-1
