723.3188,156.47072,38.021423,74.94925,0.96642905,4,-1,-1
412.96967,469.83426,40.227264,73.41263,0.9577668,4,-1,-1
423.1135,284.3969,38.66458,75.52533,0.95222324,4,-1,-1
717.2158,654.265,35.165955,69.467896,0.94075155,4,-1,-1
670.32837,136.02873,39.38629,74.68742,0.9348806,4,-1,-1
585.9178,856.8972,56.37256,78.492065,0.9276489,4,-1,-1
711.06903,729.4801,40.30005,80.07086,0.91195494,4,-1,-1
719.53455,465.17413,34.715942,76.14343,0.9092319,4,-1,-1
721.5711,554.4468,36.123352,76.201294,0.9026419,4,-1,-1
677.07263,393.7559,35.5448,66.32358,0.90092725,4,-1,-1
718.63007,367.4142,37.461487,71.815155,0.87353617,4,-1,-1
424.79858,63.749634,35.00641,77.526886,0.83108145,4,-1,-1
726.9357,62.622234,36.832397,81.810745,0.8064147,4,-1,-1
421.4381,151.98595,41.13498,90.68758,0.7565019,4,-1,-1
674.2824,530.4329,30.258545,63.64331,0.73289615,5,-1,-1
730.2954,0.0,32.0213,48.698578,0.72344315,4,-1,-1
421.8038,0.0,40.391937,49.428158,0.5856097,4,-1,-1
463.584,870.4249,41.73581,70.97009,0.57107425,4,-1,-1
463.584,870.4249,41.73581,70.97009,0.4759369,5,-1,-1
443.6532,775.4782,25.41629,13.758362,0.45803595,10,-1,-1
781.46454,941.4308,71.13556,38.916992,0.41377577,4,-1,-1
746.0433,248.18733,15.864075,22.819443,0.4093158,10,-1,-1
650.0204,144.46565,13.3480835,26.427216,0.39413083,10,-1,-1
335.33456,324.93304,15.6041565,19.782867,0.3812063,1,-1,-1
649.444,144.68253,11.832642,19.80577,0.3782367,1,-1,-1
333.51895,358.7764,10.882385,13.491058,0.35717952,1,-1,-1
746.2259,250.7293,15.256409,19.24968,0.33813232,2,-1,-1
674.0439,386.9349,10.736389,11.228149,0.3192219,1,-1,-1
765.7603,243.57687,15.5008545,22.971375,0.30802858,3,-1,-1
717.38947,923.75397,9.460876,15.010742,0.3056635,1,-1,-1
421.7588,152.04352,41.0123,90.28363,0.28050423,5,-1,-1
781.5927,940.1716,71.052795,41.65332,0.26838392,8,-1,-1
782.5533,973.95844,43.20703,24.800903,0.26741284,10,-1,-1
781.4497,940.54565,71.28772,40.75946,0.26700997,10,-1,-1
649.9571,158.51599,15.39978,19.39386,0.2651053,10,-1,-1
674.2271,529.75415,30.236267,63.354675,0.26279214,4,-1,-1
358.54453,871.8389,26.542603,14.594727,0.2587012,10,-1,-1
782.43335,940.6019,70.357666,42.050415,0.25825018,5,-1,-1
768.3655,858.7253,12.137634,20.826233,0.23887444,1,-1,-1
746.2259,250.7293,15.256409,19.24968,0.23851016,1,-1,-1
793.9117,984.59753,30.30896,18.650757,0.23108661,10,-1,-1
659.6218,184.60147,10.3497925,13.542999,0.2260713,1,-1,-1
781.5927,940.1716,71.052795,41.65332,0.22132412,7,-1,-1
421.9149,0.0,39.850494,49.008465,0.21512717,5,-1,-1
650.7753,162.78867,15.131226,14.419464,0.20799696,1,-1,-1
766.0867,244.73131,14.112915,21.672195,0.20252186,1,-1,-1
658.9342,182.43227,10.510925,14.926346,0.1929586,10,-1,-1
376.4459,862.47906,14.060089,14.524902,0.19092813,1,-1,-1
356.60056,861.9666,13.899963,16.439331,0.19024321,10,-1,-1
768.11676,240.74995,23.575806,18.223251,0.18836626,3,-1,-1
362.94678,860.178,25.026337,21.087585,0.18454343,10,-1,-1
782.80084,891.48663,20.911804,19.122498,0.18324485,10,-1,-1
262.07462,770.1579,49.871155,55.691223,0.18276906,4,-1,-1
378.94955,0.0,60.217285,48.539463,0.18221009,4,-1,-1
335.33456,324.93304,15.6041565,19.782867,0.1777316,10,-1,-1
380.66586,862.7974,9.810913,10.404907,0.17579225,1,-1,-1
765.7603,243.57687,15.5008545,22.971375,0.17511088,10,-1,-1
335.05307,324.46268,16.131134,21.805084,0.1748198,3,-1,-1
303.8935,340.66876,13.97345,13.214355,0.17213148,1,-1,-1
773.02924,241.82576,15.579651,16.539902,0.17203838,1,-1,-1
357.2694,868.75146,10.443237,15.404236,0.17046916,1,-1,-1
778.6533,974.50195,32.94464,19.6828,0.1702807,10,-1,-1
729.9058,0.0,31.967102,48.62543,0.16980287,5,-1,-1
784.57245,975.63086,34.28296,24.156616,0.16520345,3,-1,-1
649.311,145.23468,11.176636,17.112534,0.16419324,10,-1,-1
783.10254,890.9146,12.428223,20.08728,0.1633485,1,-1,-1
364.21896,872.3837,19.647736,13.907593,0.16093755,1,-1,-1
794.74255,983.8787,28.430542,19.221252,0.16069514,3,-1,-1
373.69455,861.8747,16.50769,12.052734,0.15805966,10,-1,-1
524.84283,609.0869,6.352173,13.968506,0.15254882,1,-1,-1
782.80084,891.48663,20.911804,19.122498,0.15165353,3,-1,-1
780.1921,886.84265,11.391846,20.658142,0.1511611,1,-1,-1
356.17838,867.25586,19.802216,19.07135,0.14932162,10,-1,-1
651.70374,161.70636,13.665466,15.384247,0.14891875,2,-1,-1
765.54926,240.11394,27.041565,20.906418,0.14889166,10,-1,-1
329.2381,323.2277,22.719604,31.02481,0.14416957,3,-1,-1
779.6442,245.01393,11.739807,11.860397,0.14385593,1,-1,-1
333.71594,358.96143,10.481903,13.2925415,0.142789,2,-1,-1
357.2694,868.75146,10.443237,15.404236,0.13930327,2,-1,-1
443.928,775.72943,25.084625,13.213867,0.13824573,4,-1,-1
650.25995,144.71135,11.775513,19.693954,0.13699448,2,-1,-1
778.8025,962.102,58.388,39.342896,0.13563547,10,-1,-1
770.4469,883.9113,11.221191,16.600891,0.13314691,1,-1,-1
357.06363,861.59344,11.530762,14.560486,0.13300192,1,-1,-1
373.66187,874.8804,13.066376,12.235779,0.13295504,1,-1,-1
353.80966,860.6379,25.316986,22.170776,0.13271692,10,-1,-1
778.482,965.3399,59.239136,35.444824,0.13222408,8,-1,-1
328.29694,323.66232,23.917145,29.717224,0.13208017,1,-1,-1
445.21304,775.5987,24.770752,13.581604,0.13154328,1,-1,-1
378.55917,862.6589,11.148651,17.698914,0.12966871,10,-1,-1
450.06412,775.7232,16.061005,10.479675,0.12966672,10,-1,-1
790.0677,976.6991,25.824402,24.731567,0.1289016,10,-1,-1
424.57462,598.1427,13.406738,15.4852295,0.12857687,1,-1,-1
727.03436,62.459328,37.34851,81.44744,0.1284138,5,-1,-1
525.362,610.04755,9.493164,17.70514,0.12778696,1,-1,-1
335.9453,324.91068,14.345245,18.804688,0.12756783,2,-1,-1
423.56747,285.27338,37.173553,74.03183,0.12750429,1,-1,-1
746.0433,248.18733,15.864075,22.819443,0.12730348,3,-1,-1
368.87378,874.46295,15.99585,12.863464,0.12663543,10,-1,-1
779.1388,971.1415,52.123047,28.116028,0.12562221,7,-1,-1
263.3193,825.46985,26.428192,14.380066,0.12453738,10,-1,-1
357.0651,867.83997,10.997589,16.63379,0.12425271,10,-1,-1
363.57803,860.1591,18.097046,13.341736,0.124155015,10,-1,-1
356.96274,871.15344,18.517456,14.299194,0.12408057,1,-1,-1
319.36798,821.1678,7.047119,12.979675,0.121808976,1,-1,-1
768.0563,243.37607,14.561768,19.187653,0.120669514,2,-1,-1
792.5528,918.814,19.306519,19.35144,0.119868785,10,-1,-1
329.72147,355.09988,16.162018,18.87033,0.11882228,1,-1,-1
782.321,941.0712,69.88995,39.87195,0.11862132,6,-1,-1
674.0757,386.9079,10.560425,11.217468,0.11823049,2,-1,-1
654.15283,180.32416,11.822937,16.52214,0.118062854,1,-1,-1
662.09235,182.95692,9.589844,12.386932,0.11717427,1,-1,-1
368.13153,872.9904,17.491516,13.170227,0.11558619,2,-1,-1
765.5282,240.09482,21.354797,22.778778,0.11477998,1,-1,-1
790.72437,969.6997,57.96588,26.804932,0.11429477,10,-1,-1
448.8517,776.10187,12.63269,9.793579,0.11355728,2,-1,-1
652.58264,150.08041,11.1657715,23.177505,0.11341831,1,-1,-1
772.1292,243.07965,18.070007,14.943512,0.11294013,2,-1,-1
374.163,861.1275,17.56961,23.03424,0.11282164,10,-1,-1
423.9597,63.28564,35.325745,77.82559,0.11234012,5,-1,-1
715.7837,919.68195,14.199585,21.871948,0.11193606,1,-1,-1
412.99112,469.50854,40.3414,73.234314,0.111608,1,-1,-1
659.1504,182.97157,10.406494,13.231125,0.11130503,2,-1,-1
729.9058,0.0,31.967102,48.62543,0.111255646,10,-1,-1
791.8986,892.57574,14.521179,17.064148,0.11088401,10,-1,-1
449.18298,778.8616,10.812225,10.476135,0.110812575,2,-1,-1
808.782,874.1479,10.476501,20.47882,0.11032364,1,-1,-1
671.68164,386.3699,10.825012,16.628601,0.109636426,1,-1,-1
423.23135,0.0,39.227448,47.384743,0.10846147,10,-1,-1
376.77817,868.16156,12.910858,18.25354,0.10817844,1,-1,-1
750.1297,249.88992,10.512146,14.780151,0.10754326,2,-1,-1
777.89526,888.57355,17.200134,21.25116,0.107298404,3,-1,-1
463.86276,870.52875,40.950684,70.18097,0.10595173,6,-1,-1
372.04797,860.91785,19.857086,20.930847,0.105808705,1,-1,-1
376.4459,862.47906,14.060089,14.524902,0.10534778,2,-1,-1
777.0284,882.47064,10.675842,19.23523,0.10484204,1,-1,-1
768.32495,858.683,12.115112,20.90448,0.10463637,10,-1,-1
767.7496,238.22302,14.530579,17.809662,0.10406718,1,-1,-1
436.1239,775.1367,37.41281,19.3797,0.103918344,10,-1,-1
796.5999,977.53595,41.52948,21.141113,0.10380748,10,-1,-1
431.58942,1033.7621,34.25644,15.630249,0.103168696,10,-1,-1
772.1292,243.07965,18.070007,14.943512,0.10302332,10,-1,-1
778.953,974.5363,30.29956,19.06543,0.102359,3,-1,-1
373.93906,871.7904,13.115082,14.900757,0.10107869,10,-1,-1
646.51807,146.17679,18.005371,36.712418,0.10100624,10,-1,-1
357.19293,862.20935,12.820557,15.489075,0.1009137,2,-1,-1
768.162,858.32166,12.394653,21.511963,0.100777954,3,-1,-1
647.8277,142.37912,17.232056,27.338272,0.10074851,1,-1,-1
368.35535,861.19037,14.466248,14.667908,0.10066852,1,-1,-1
454.29565,776.33466,9.058807,9.0303955,0.10024667,2,-1,-1
747.54486,240.59885,13.245056,24.492096,0.10018721,10,-1,-1
676.87036,392.30646,35.5683,67.93643,0.099544406,5,-1,-1
337.96353,326.24292,10.580505,12.6171875,0.09806171,1,-1,-1
357.81668,871.2203,17.093445,13.074097,0.097414404,2,-1,-1
371.7199,873.6648,11.029755,10.363281,0.097060055,2,-1,-1
359.84662,872.7831,25.103485,13.3897705,0.096559286,3,-1,-1
718.08624,367.36795,38.497803,71.77637,0.0965364,5,-1,-1
779.72656,976.93567,8.447327,15.101379,0.095526576,1,-1,-1
791.8986,892.57574,14.521179,17.064148,0.09532699,3,-1,-1
762.644,245.53168,30.10553,20.951477,0.095157325,3,-1,-1
380.27106,8.238082,42.937103,31.180134,0.09463301,4,-1,-1
674.49554,529.9379,29.959595,63.911194,0.094620645,6,-1,-1
424.5766,64.81156,34.556396,76.21842,0.09371206,10,-1,-1
366.75214,868.9551,23.975464,18.537598,0.09351438,10,-1,-1
649.2482,143.913,9.616516,13.255615,0.09297311,1,-1,-1
656.80273,165.0438,9.976746,12.920929,0.0925588,1,-1,-1
775.79126,375.33997,17.982117,14.79422,0.09223926,3,-1,-1
661.51544,183.83873,10.676025,15.867874,0.09223208,10,-1,-1
964.367,0.0,37.29828,42.894325,0.09205446,4,-1,-1
675.0102,389.11115,7.653137,11.646759,0.09153128,1,-1,-1
657.36725,168.84956,14.400269,29.723328,0.09082547,10,-1,-1
380.66586,862.7974,9.810913,10.404907,0.09048805,2,-1,-1
444.63602,775.22833,23.846039,14.215698,0.08993921,2,-1,-1
527.3214,614.3007,8.361572,16.276917,0.0897294,1,-1,-1
453.26727,778.99713,10.811035,10.319763,0.08897185,2,-1,-1
585.9174,856.933,56.66107,78.47406,0.08863413,1,-1,-1
793.88104,920.5147,13.151428,16.55481,0.08819321,1,-1,-1
653.1242,146.48123,8.929077,13.927551,0.08775774,1,-1,-1
421.8038,0.0,40.391937,49.428158,0.08759266,6,-1,-1
676.42865,387.85657,9.669617,14.327026,0.08729622,1,-1,-1
732.5664,92.143166,25.349243,52.115562,0.08700499,4,-1,-1
462.54425,870.49036,43.73465,71.188416,0.08697447,8,-1,-1
765.4137,245.85762,13.333313,19.830063,0.08656564,2,-1,-1
426.12918,599.37006,8.210815,11.781494,0.08650288,1,-1,-1
355.8986,860.6168,16.22171,22.561157,0.086363375,1,-1,-1
777.89526,888.57355,17.200134,21.25116,0.08609912,10,-1,-1
835.52625,755.954,15.95752,48.508972,0.08538404,1,-1,-1
674.49554,529.9379,29.959595,63.911194,0.08524537,8,-1,-1
368.78903,859.98346,12.122253,20.403687,0.08460793,10,-1,-1
744.86865,255.18585,13.267395,12.340546,0.08448294,2,-1,-1
360.3604,861.8757,9.927032,11.259155,0.08366606,1,-1,-1
649.6218,144.53345,11.392395,20.471313,0.08343384,3,-1,-1
789.77997,893.2473,19.426208,26.702698,0.08336422,10,-1,-1
711.46716,728.40497,39.744446,81.8598,0.08306676,5,-1,-1
267.71677,163.76006,26.8544,37.85585,0.08278778,1,-1,-1
423.9597,63.28564,35.325745,77.82559,0.08276442,1,-1,-1
796.28723,225.00711,17.276794,34.829895,0.08263609,8,-1,-1
376.55298,862.04456,13.902191,17.85852,0.082304746,3,-1,-1
446.18698,776.1304,7.273712,9.274109,0.08205217,1,-1,-1
340.178,943.6983,15.448883,33.169495,0.08188406,1,-1,-1
358.0129,867.3498,8.426025,10.772339,0.081820875,1,-1,-1
372.2518,872.6865,10.207001,12.541626,0.08146769,1,-1,-1
448.21274,778.0552,13.986938,11.499451,0.08127847,1,-1,-1
721.3686,554.21454,37.061035,76.329346,0.08100602,5,-1,-1
303.42682,343.69177,12.477509,15.385376,0.080528736,1,-1,-1
448.21274,778.0552,13.986938,11.499451,0.08034149,10,-1,-1
765.7557,250.86356,10.4262085,15.325562,0.079855084,1,-1,-1
798.3879,224.03043,16.123352,36.117004,0.07964155,10,-1,-1
374.44397,875.2528,12.059204,11.703796,0.07946193,2,-1,-1
317.799,965.2642,10.608398,18.452393,0.07941279,1,-1,-1
358.62665,872.1054,14.687225,11.592712,0.0793398,10,-1,-1
656.80273,165.0438,9.976746,12.920929,0.07930425,2,-1,-1
384.9468,975.64545,11.046204,19.347412,0.07927647,1,-1,-1
382.6625,974.7609,19.751984,22.596497,0.07907018,1,-1,-1
776.03015,375.41852,17.360046,13.316376,0.07879132,10,-1,-1
421.4407,1028.5566,62.279083,20.835693,0.07798907,4,-1,-1
329.2381,323.2277,22.719604,31.02481,0.077831864,10,-1,-1
654.26373,179.7242,10.950928,17.635422,0.07746965,10,-1,-1
779.6442,245.01393,11.739807,11.860397,0.07729116,2,-1,-1
779.88226,977.178,22.436707,13.267151,0.07647988,10,-1,-1
773.9729,245.04156,15.16394,20.1427,0.07644898,3,-1,-1
450.4838,776.51587,15.683777,9.00238,0.07615319,1,-1,-1
972.9868,0.0,25.269592,22.263086,0.07615104,4,-1,-1
796.28723,225.00711,17.276794,34.829895,0.07541868,7,-1,-1
1011.0447,0.0,59.385742,36.32249,0.07534799,4,-1,-1
782.90283,961.75085,70.8678,38.895264,0.07530519,7,-1,-1
381.2543,975.144,24.100128,22.085388,0.07506341,3,-1,-1
768.35065,858.45703,12.614319,20.765564,0.074934065,2,-1,-1
815.2245,975.92334,37.141113,19.569336,0.07472435,10,-1,-1
769.6165,244.4814,10.693909,14.305435,0.074342996,1,-1,-1
747.54486,240.59885,13.245056,24.492096,0.07422459,2,-1,-1
428.271,24.27714,37.004303,78.64356,0.074009895,4,-1,-1
765.7666,236.51038,10.659546,19.66507,0.073927075,1,-1,-1
805.1722,908.6225,8.71521,20.120178,0.07388824,1,-1,-1
794.3298,987.5731,21.652954,15.399048,0.073741674,1,-1,-1
782.9334,938.1433,35.741455,20.025269,0.07353976,10,-1,-1
729.8804,0.0,32.076294,48.53684,0.07345429,6,-1,-1
443.928,775.72943,25.084625,13.213867,0.07316443,3,-1,-1
382.3999,980.02374,10.760162,17.736206,0.0730207,1,-1,-1
380.66586,862.7974,9.810913,10.404907,0.07274377,10,-1,-1
421.8038,0.0,40.391937,49.428158,0.07267034,9,-1,-1
261.16446,824.86224,16.710144,14.274963,0.07260305,1,-1,-1
422.71326,1031.005,21.248657,18.38733,0.07247168,1,-1,-1
444.88873,1034.9727,32.23709,14.419678,0.07233438,10,-1,-1
319.67908,969.0852,6.9690247,11.934204,0.072318256,1,-1,-1
649.3976,145.12202,11.870789,22.168793,0.07198647,4,-1,-1
357.3599,858.0672,10.702148,16.244751,0.071956605,10,-1,-1
656.68115,180.20532,15.508972,18.898499,0.071903646,1,-1,-1
737.57635,934.08325,8.881775,15.760132,0.07174817,1,-1,-1
358.0129,867.3498,8.426025,10.772339,0.07162896,2,-1,-1
330.14737,323.7491,21.34903,28.031464,0.071618974,2,-1,-1
359.2668,857.44324,14.229828,14.111877,0.07141888,1,-1,-1
796.5999,977.53595,41.52948,21.141113,0.071386695,3,-1,-1
357.64188,867.058,29.207092,20.335327,0.07128352,1,-1,-1
369.09796,860.2872,16.745453,14.029663,0.07125369,2,-1,-1
766.11554,243.82114,9.650574,16.741089,0.070954055,1,-1,-1
365.11264,872.07117,15.467712,12.40448,0.07085577,10,-1,-1
267.31693,162.05399,27.243042,42.92662,0.07077974,10,-1,-1
361.80933,861.1311,27.392395,18.48285,0.070533454,3,-1,-1
783.16144,958.75464,70.0332,42.58795,0.07053095,4,-1,-1
262.77545,827.9312,16.77414,11.184631,0.0701035,10,-1,-1
730.3487,0.0,31.475769,48.28923,0.06986022,1,-1,-1
775.1969,882.2412,13.830872,20.21753,0.06950107,3,-1,-1
446.4971,776.16187,6.5156555,9.464355,0.06930739,2,-1,-1
797.02356,919.8398,23.585205,19.726685,0.069262594,10,-1,-1
298.94516,336.0916,19.079926,21.754852,0.069114715,1,-1,-1
653.1034,147.20724,8.934387,18.809372,0.0690898,10,-1,-1
746.1547,389.47623,9.534302,15.802673,0.06868598,1,-1,-1
342.76236,948.3298,10.259399,24.858948,0.06857753,1,-1,-1
795.73413,983.3574,18.994324,16.539917,0.06854096,10,-1,-1
704.0338,304.5632,7.151306,10.937347,0.06824356,1,-1,-1
443.52005,1036.2906,18.123596,13.101685,0.06813094,10,-1,-1
358.47946,858.0449,16.3302,13.371704,0.06791744,10,-1,-1
729.8804,0.0,32.076294,48.53684,0.06784907,9,-1,-1
783.66284,973.62537,40.528748,25.369263,0.06779507,8,-1,-1
792.2203,909.0196,18.053894,25.260376,0.06779206,10,-1,-1
672.6124,381.87692,12.4557495,14.196625,0.06770596,1,-1,-1
779.4737,968.86914,53.935364,31.207275,0.06766328,3,-1,-1
741.8984,253.50949,22.846558,20.633423,0.06725651,10,-1,-1
776.92804,239.92831,11.44519,18.86853,0.06724933,3,-1,-1
431.58942,1033.7621,34.25644,15.630249,0.06724706,4,-1,-1
369.60812,975.1838,30.304047,23.13208,0.06702536,10,-1,-1
380.7622,0.0,56.013,47.661346,0.067017525,5,-1,-1
381.43097,973.9964,23.863922,24.078735,0.066908956,10,-1,-1
421.96188,0.0,39.724365,48.529087,0.066809654,1,-1,-1
744.3686,254.28975,15.026245,14.441147,0.06680912,10,-1,-1
343.4747,944.45026,17.385132,40.12677,0.066336334,1,-1,-1
303.8935,340.66876,13.97345,13.214355,0.06616399,2,-1,-1
750.3658,248.98642,9.775391,16.09549,0.06604478,1,-1,-1
659.3485,182.11865,10.948975,16.166946,0.0659045,3,-1,-1
661.9589,185.09238,10.634216,17.622787,0.065873325,1,-1,-1
711.12036,728.9293,40.718994,81.12952,0.065838635,1,-1,-1
677.0866,393.51782,35.634033,66.887024,0.06582552,1,-1,-1
444.84048,775.11127,14.911285,12.268738,0.06581855,10,-1,-1
779.852,971.7739,27.200378,15.965576,0.06573963,10,-1,-1
327.50998,335.82925,15.546387,17.853088,0.06567916,1,-1,-1
783.66284,973.62537,40.528748,25.369263,0.06560969,1,-1,-1
264.5703,826.1051,24.292175,13.500732,0.06551677,1,-1,-1
332.63208,352.00586,10.753174,17.594757,0.0655092,1,-1,-1
488.48953,557.40674,9.360504,16.655945,0.06541625,1,-1,-1
372.0582,860.3079,8.666809,13.512085,0.06539941,1,-1,-1
437.97757,774.11615,34.75125,19.540283,0.06490764,4,-1,-1
376.94888,873.97046,9.11676,9.948547,0.0647845,1,-1,-1
445.57364,777.8192,10.239044,12.068054,0.064688295,1,-1,-1
450.425,779.1363,7.770569,10.134766,0.064243525,1,-1,-1
757.3451,246.57327,26.649475,24.677582,0.064059824,10,-1,-1
793.43274,913.9145,10.948547,20.024231,0.06386119,1,-1,-1
793.74963,916.9438,11.539429,18.73938,0.06382772,10,-1,-1
372.0878,976.05066,26.039124,21.324463,0.06376037,3,-1,-1
262.183,771.9793,50.72232,56.555725,0.063333035,5,-1,-1
654.5662,163.37561,12.914612,15.403595,0.06331983,10,-1,-1
784.1841,892.7307,10.895752,20.216553,0.06331441,3,-1,-1
359.76187,871.867,11.189026,11.655823,0.062935084,1,-1,-1
365.02454,859.44037,20.416016,24.161987,0.062844634,1,-1,-1
784.58844,524.56494,11.533203,16.026306,0.06284273,1,-1,-1
716.98157,654.1723,35.7312,69.55444,0.062223196,5,-1,-1
660.37573,183.30443,7.7510986,10.860886,0.062037587,1,-1,-1
767.81836,863.15607,11.585632,25.140503,0.06202972,1,-1,-1
450.52478,776.58374,7.755951,8.470886,0.06200379,1,-1,-1
793.058,919.4008,17.547485,18.19458,0.061979264,3,-1,-1
652.58264,150.08041,11.1657715,23.177505,0.06191969,2,-1,-1
775.6284,240.19176,9.687744,15.090363,0.061836928,1,-1,-1
798.3879,224.03043,16.123352,36.117004,0.061821014,3,-1,-1
815.2245,975.92334,37.141113,19.569336,0.061759353,3,-1,-1
673.61053,387.05447,10.688538,16.19928,0.061649323,10,-1,-1
661.51544,183.83873,10.676025,15.867874,0.06148815,2,-1,-1
781.46454,941.4308,71.13556,38.916992,0.06142938,1,-1,-1
318.94235,956.4859,11.648285,25.13208,0.061383724,1,-1,-1
648.71533,161.04189,18.787903,33.44513,0.061312318,10,-1,-1
804.5226,229.06853,10.721985,22.62416,0.06119147,1,-1,-1
361.26718,862.3204,8.795685,10.24707,0.06066984,2,-1,-1
796.57184,227.81514,16.202942,32.175247,0.06060314,1,-1,-1
655.4218,181.26584,7.263855,13.131805,0.06008005,1,-1,-1
775.5868,375.28198,10.755249,13.84491,0.06001869,1,-1,-1
808.7434,875.0231,10.693115,19.802063,0.0598751,10,-1,-1
372.2518,872.6865,10.207001,12.541626,0.05967492,10,-1,-1
650.2286,160.21585,15.048279,17.460907,0.059656084,3,-1,-1
926.00616,372.54562,8.527527,17.198608,0.059470057,1,-1,-1
338.21863,326.16364,10.352478,13.012909,0.0593915,2,-1,-1
451.36063,776.0662,6.1474,9.993591,0.059081882,2,-1,-1
780.4656,984.7381,34.419617,19.263672,0.059063584,10,-1,-1
436.41995,1033.9916,27.20456,15.400757,0.05882728,1,-1,-1
463.584,870.4249,41.73581,70.97009,0.05870086,9,-1,-1
648.2673,153.04578,18.092041,26.930695,0.058338463,1,-1,-1
764.4166,239.33087,24.090027,24.31897,0.05831194,2,-1,-1
778.14844,977.2823,17.019714,13.92926,0.058241546,1,-1,-1
747.54486,240.59885,13.245056,24.492096,0.05817628,1,-1,-1
360.65414,861.44275,9.581177,12.103821,0.05817589,10,-1,-1
783.16144,958.75464,70.0332,42.58795,0.058077842,5,-1,-1
787.4905,891.37585,13.055664,20.361755,0.057857364,1,-1,-1
779.06366,470.37878,13.499939,16.051636,0.05784297,1,-1,-1
241.50177,823.0763,39.624023,17.042786,0.057831615,10,-1,-1
736.63245,67.84263,48.307983,74.68247,0.05775708,4,-1,-1
356.21826,861.5151,15.3211975,18.479614,0.057533443,3,-1,-1
658.5277,175.76768,10.236938,19.334213,0.057508856,1,-1,-1
283.11285,176.15637,10.249573,11.096207,0.057403266,1,-1,-1
284.5496,384.07117,9.618744,12.379913,0.05739695,1,-1,-1
362.60788,858.27185,7.703125,12.080078,0.057323247,1,-1,-1
443.6532,775.4782,25.41629,13.758362,0.057261348,7,-1,-1
456.57193,678.1645,6.1048584,10.472351,0.057057172,1,-1,-1
271.40356,168.08493,22.623535,22.045074,0.056969643,1,-1,-1
711.46716,728.40497,39.744446,81.8598,0.056809038,10,-1,-1
289.8729,133.07361,10.688202,17.269287,0.05665317,1,-1,-1
263.77332,825.6084,25.499146,14.229553,0.056637943,3,-1,-1
445.8084,778.22327,8.75296,11.178345,0.056364268,2,-1,-1
781.4573,939.1469,25.163391,33.660706,0.05633518,10,-1,-1
264.9188,156.2717,46.503845,47.827393,0.056270123,4,-1,-1
443.6532,775.4782,25.41629,13.758362,0.056085885,8,-1,-1
358.5872,862.64923,8.709869,11.061096,0.05601242,2,-1,-1
932.08875,372.8294,7.3307495,16.737701,0.055778027,1,-1,-1
775.27496,878.7687,9.861633,19.976135,0.055767536,1,-1,-1
444.84048,775.11127,14.911285,12.268738,0.05567184,1,-1,-1
454.693,779.43396,8.785736,9.575806,0.055490643,1,-1,-1
676.9607,392.63367,35.22174,67.13141,0.055416524,10,-1,-1
269.9485,824.09985,28.296814,16.82489,0.05540493,10,-1,-1
784.1841,892.7307,10.895752,20.216553,0.05533454,10,-1,-1
329.0529,346.33292,14.053864,19.98285,0.05527681,1,-1,-1
352.80756,982.93365,9.141907,13.52063,0.05525264,1,-1,-1
347.06946,945.7792,12.133514,26.625793,0.05514574,1,-1,-1
422.71326,1031.005,21.248657,18.38733,0.055079013,10,-1,-1
784.83167,931.9364,50.054443,26.880615,0.05507353,10,-1,-1
455.23987,776.4532,7.6619873,8.6553955,0.055067003,1,-1,-1
363.2618,858.4598,16.839722,12.792786,0.05506593,1,-1,-1
371.07062,861.03876,11.777588,11.8220215,0.054986358,10,-1,-1
767.9628,237.84851,13.522339,18.741394,0.054968864,2,-1,-1
779.06366,470.37878,13.499939,16.051636,0.054804444,2,-1,-1
719.53455,465.17413,34.715942,76.14343,0.05470231,1,-1,-1
408.23877,711.79486,7.1307983,8.800415,0.054678082,1,-1,-1
377.15057,863.5563,11.247131,8.14386,0.054557353,1,-1,-1
275.89236,826.7461,13.42807,14.203796,0.054392487,1,-1,-1
370.16928,866.28973,21.535278,21.222717,0.054263085,3,-1,-1
778.6691,471.5089,12.665405,16.259674,0.054218203,10,-1,-1
353.25528,0.0,60.56024,33.518387,0.054119617,4,-1,-1
793.6685,969.1599,23.117126,32.32263,0.054053634,1,-1,-1
717.1335,654.57245,35.469788,69.37085,0.053959817,1,-1,-1
358.72363,869.495,26.856384,17.444885,0.053810745,2,-1,-1
262.54175,819.4983,39.062683,21.052856,0.053798884,4,-1,-1
372.91138,867.8663,17.630829,19.356201,0.053779155,2,-1,-1
788.7454,893.5929,11.393433,21.098877,0.053744555,3,-1,-1
723.54504,156.41516,38.100586,74.987076,0.05364579,1,-1,-1
791.90265,923.38934,23.622253,23.631836,0.053503305,10,-1,-1
749.70044,389.96323,12.3125,14.235413,0.053433955,1,-1,-1
781.95844,893.02954,8.257629,15.670776,0.05336997,1,-1,-1
670.5093,374.05173,11.225342,21.066467,0.053313643,1,-1,-1
776.80566,373.31006,27.689453,19.024994,0.053278387,3,-1,-1
747.3267,249.91634,25.541382,17.949417,0.053263307,3,-1,-1
377.3175,873.6194,8.333588,10.582642,0.053114414,2,-1,-1
421.7588,152.04352,41.0123,90.28363,0.05307266,10,-1,-1
524.58826,605.4659,6.0198975,13.411194,0.053070575,1,-1,-1
462.54425,870.49036,43.73465,71.188416,0.05303374,10,-1,-1
52.512985,836.4265,9.259949,16.845642,0.053009868,1,-1,-1
368.59024,860.74445,18.324219,13.016785,0.05294308,3,-1,-1
791.5209,909.25867,28.602356,31.981445,0.052864343,10,-1,-1
800.3372,988.0086,34.109253,15.666626,0.052758396,3,-1,-1
357.0651,867.83997,10.997589,16.63379,0.05275306,3,-1,-1
374.5845,975.33655,22.566376,22.754395,0.052741736,1,-1,-1
766.7845,252.97453,16.452087,12.612595,0.052666336,3,-1,-1
370.60532,864.6795,12.751709,17.40393,0.052509516,1,-1,-1
380.27106,8.238082,42.937103,31.180134,0.052407265,10,-1,-1
338.35483,834.539,8.868134,17.526062,0.052391738,1,-1,-1
358.34784,873.41345,8.086029,12.429749,0.05226305,1,-1,-1
330.5737,335.55264,19.44577,35.62906,0.05200833,1,-1,-1
423.57056,1029.0679,58.952698,20.324463,0.05175534,10,-1,-1
356.17838,867.25586,19.802216,19.07135,0.0516662,3,-1,-1
331.79092,332.6483,13.67334,18.528656,0.051648915,1,-1,-1
799.3074,238.88162,11.564453,20.38562,0.05157253,10,-1,-1
425.95718,1033.0227,11.767181,16.369629,0.05153334,1,-1,-1
1146.3884,515.4922,6.7683105,13.494507,0.051498502,1,-1,-1
354.7184,852.5513,19.721039,26.189453,0.051401198,10,-1,-1
353.2323,7.9673886,71.15607,37.655567,0.05134651,4,-1,-1
746.868,248.97995,14.692078,21.291931,0.051316053,4,-1,-1
1011.0447,0.0,59.385742,36.32249,0.051277548,5,-1,-1
774.9222,369.41086,18.129333,16.598755,0.051260084,3,-1,-1
739.519,0.0,47.52246,44.25136,0.05121094,4,-1,-1
373.20676,872.2878,13.867126,13.949585,0.05114895,3,-1,-1
585.9178,856.8972,56.37256,78.492065,0.05108744,5,-1,-1
791.0806,896.7927,16.627747,20.87677,0.051069915,3,-1,-1
781.0104,885.0804,7.8357544,16.427551,0.050919563,1,-1,-1
468.42642,1039.4471,12.285095,9.94519,0.050878733,1,-1,-1
964.367,0.0,37.29828,42.894325,0.05068153,1,-1,-1
786.9099,971.6974,33.956238,28.32544,0.050634354,2,-1,-1
1030.0039,0.0,33.702637,16.837828,0.05051294,4,-1,-1
774.2059,881.64667,15.658081,21.469788,0.050439775,10,-1,-1
776.7548,374.12402,26.67926,17.753906,0.050403625,10,-1,-1
421.76752,152.46382,40.601166,90.042786,0.05031538,6,-1,-1
778.6691,471.5089,12.665405,16.259674,0.0502685,3,-1,-1
432.66367,776.1138,28.86325,12.372253,0.050257355,10,-1,-1
750.3435,256.21136,9.1033325,15.085541,0.05025378,2,-1,-1
359.18945,865.1241,11.738586,14.692383,0.050240517,1,-1,-1
790.7077,913.31226,11.84021,18.488098,0.05022174,10,-1,-1
718.63007,367.4142,37.461487,71.815155,0.050165683,1,-1,-1
270.6633,828.93054,16.51706,10.147034,0.05015704,10,-1,-1
746.0433,248.18733,15.864075,22.819443,0.050097078,7,-1,-1
