197.90375,502.71878,26.443771,45.961823,0.8404076,1,-1,-1
513.5807,415.14172,16.377502,40.045258,0.71833986,1,-1,-1
786.3829,332.83398,18.634827,34.95758,0.635739,1,-1,-1
314.43604,470.65887,20.767517,36.4722,0.4254446,1,-1,-1
807.9984,340.47314,19.589233,31.451416,0.37629116,1,-1,-1
295.61234,462.77682,18.351807,34.834747,0.31930247,1,-1,-1
1069.8593,60.35068,50.38452,21.85802,0.26913103,5,-1,-1
123.86434,657.4868,19.7313,31.975586,0.2449669,1,-1,-1
318.23453,478.17664,21.349487,34.927124,0.23297012,1,-1,-1
1069.8593,60.35068,50.38452,21.85802,0.22491127,4,-1,-1
318.38757,391.2385,16.562744,36.289978,0.21675509,1,-1,-1
1213.5316,274.16354,18.805054,35.485992,0.19714245,1,-1,-1
1054.8921,80.81869,36.186768,19.420288,0.19309643,4,-1,-1
777.652,310.869,21.38031,26.784363,0.18729031,1,-1,-1
310.11353,465.79617,19.343872,34.853363,0.17549577,1,-1,-1
1043.5616,80.42329,34.428467,19.15525,0.1620512,4,-1,-1
314.5753,467.72394,21.71167,34.64688,0.15409634,2,-1,-1
1043.5616,80.42329,34.428467,19.15525,0.1410861,5,-1,-1
1054.8921,80.81869,36.186768,19.420288,0.13404772,5,-1,-1
827.50305,352.54413,14.872925,38.98221,0.13086197,1,-1,-1
807.60974,340.59485,19.990906,31.645111,0.13034332,2,-1,-1
316.36163,473.1168,22.310272,37.562317,0.13001016,10,-1,-1
1373.7644,234.12416,25.185425,24.839676,0.12761113,5,-1,-1
994.4854,64.65577,37.01483,17.258873,0.12751046,4,-1,-1
786.3829,332.83398,18.634827,34.95758,0.12175244,2,-1,-1
1063.4614,84.31847,37.86975,17.934174,0.11056414,4,-1,-1
228.45618,462.3803,20.493134,31.216095,0.1103268,1,-1,-1
1065.801,56.653343,40.72693,19.585503,0.10809153,4,-1,-1
994.4854,64.65577,37.01483,17.258873,0.10439837,5,-1,-1
1063.6609,67.64946,45.944336,19.703987,0.099535555,4,-1,-1
1214.822,273.12848,21.460083,30.299866,0.09840414,2,-1,-1
1037.4165,85.90907,36.089355,18.63655,0.09512082,4,-1,-1
1088.0916,61.22837,44.57849,20.986656,0.09250367,4,-1,-1
1373.7644,234.12416,25.185425,24.839676,0.091201425,4,-1,-1
197.29794,502.92007,27.419296,45.797638,0.0893777,2,-1,-1
1065.801,56.653343,40.72693,19.585503,0.087244034,5,-1,-1
927.0214,266.65778,17.239014,32.856354,0.08647174,1,-1,-1
1069.149,179.94182,18.17456,34.07451,0.08595967,1,-1,-1
317.79068,480.01752,21.063202,33.317993,0.08574134,2,-1,-1
1071.876,60.544765,51.135864,22.14484,0.08434138,6,-1,-1
780.35504,334.92218,19.593445,37.437286,0.08285692,1,-1,-1
995.24927,57.119858,36.352905,18.423843,0.08214891,4,-1,-1
1337.8623,293.69315,27.718628,28.189606,0.08164844,2,-1,-1
1030.0509,284.26898,21.062866,32.12903,0.08052015,1,-1,-1
1218.4194,269.67563,20.9198,30.856384,0.0792447,1,-1,-1
1063.8146,66.67016,39.545532,20.523857,0.0769096,5,-1,-1
1067.2974,84.65789,39.444458,17.65654,0.07444179,5,-1,-1
311.99496,559.70056,15.452789,43.7312,0.073845506,1,-1,-1
1231.0444,274.18814,23.959473,25.278198,0.07255399,2,-1,-1
1071.9822,80.15184,44.535645,18.991272,0.068531334,4,-1,-1
778.383,319.21524,20.28888,36.570923,0.06772697,1,-1,-1
1100.3812,40.80412,39.647217,16.726154,0.066278905,5,-1,-1
314.43604,470.65887,20.767517,36.4722,0.06554937,3,-1,-1
983.5627,63.32199,36.042175,19.525192,0.06359857,4,-1,-1
1081.7494,104.7759,29.855713,21.585,0.06261814,4,-1,-1
1068.8503,47.415276,40.921387,18.369911,0.062543064,4,-1,-1
1100.3812,40.80412,39.647217,16.726154,0.061863452,4,-1,-1
957.5695,269.77182,14.869324,41.891113,0.06025359,1,-1,-1
227.52618,462.87854,21.454193,27.771027,0.060251147,2,-1,-1
1023.64404,227.88135,16.937012,33.22357,0.05741605,1,-1,-1
295.61234,462.77682,18.351807,34.834747,0.056764007,10,-1,-1
983.5627,63.32199,36.042175,19.525192,0.055111438,5,-1,-1
1231.0444,274.18814,23.959473,25.278198,0.054993212,1,-1,-1
1115.987,60.64485,26.525757,23.640846,0.054500908,4,-1,-1
312.75583,458.96756,21.592804,32.816742,0.053651124,1,-1,-1
197.29794,502.92007,27.419296,45.797638,0.05282083,3,-1,-1
1071.9822,80.15184,44.535645,18.991272,0.052540064,5,-1,-1
871.17944,181.65404,23.205383,28.425247,0.05250916,5,-1,-1
1069.8141,48.10746,36.82422,21.404274,0.051934212,5,-1,-1
742.6069,339.7495,16.527344,44.252167,0.05183205,1,-1,-1
1088.0916,61.22837,44.57849,20.986656,0.051402748,5,-1,-1
212.01682,571.29785,21.605164,38.393005,0.050308406,1,-1,-1
1037.4165,85.90907,36.089355,18.63655,0.05005437,5,-1,-1
