74.97877,270.55453,33.926003,19.240631,0.66751456,5,-1,-1
869.9858,614.9356,21.19336,29.622498,0.64107877,1,-1,-1
339.0575,500.36942,24.919434,24.856476,0.56756204,1,-1,-1
113.15707,107.82687,36.941322,20.699463,0.5516853,10,-1,-1
621.8544,464.42575,22.286255,28.374146,0.5444529,1,-1,-1
186.91621,450.19247,19.469818,30.526459,0.5105252,1,-1,-1
600.4329,458.94473,17.417969,31.996643,0.4031153,1,-1,-1
1231.4232,640.43994,33.921387,22.972961,0.39411533,2,-1,-1
1099.5739,559.0064,23.094604,27.232056,0.37680462,1,-1,-1
92.90383,244.30075,29.999725,28.68341,0.37136948,8,-1,-1
1091.6724,527.1855,59.328247,28.537537,0.3633209,7,-1,-1
1091.9559,527.4789,58.90796,28.331055,0.36307883,8,-1,-1
1091.7502,527.3955,59.643677,28.801697,0.33785886,10,-1,-1
1009.24255,514.2841,24.041382,29.094116,0.3180385,8,-1,-1
122.48674,454.71106,22.4646,27.464355,0.31707016,1,-1,-1
42.317234,96.07251,37.553257,20.425896,0.29582906,1,-1,-1
1228.8639,649.2368,34.197144,16.76886,0.26466787,2,-1,-1
180.84026,443.4143,19.24292,32.950134,0.23685575,1,-1,-1
1176.8088,65.61421,20.945679,30.445366,0.22897205,1,-1,-1
185.75612,439.92145,21.805573,29.606049,0.22385097,1,-1,-1
1103.964,557.8753,29.103394,24.320679,0.22290409,1,-1,-1
1101.6952,557.9819,30.880371,23.098328,0.21651307,10,-1,-1
465.5289,17.187563,39.82547,29.230547,0.21319667,5,-1,-1
151.27048,304.46152,23.567795,29.855194,0.21183273,9,-1,-1
1099.5739,559.0064,23.094604,27.232056,0.20975998,2,-1,-1
81.38132,157.0345,27.241737,23.496536,0.20121151,10,-1,-1
263.7815,5.1168284,35.819458,17.920483,0.20003253,10,-1,-1
113.9414,57.220867,37.527367,20.61961,0.19601488,8,-1,-1
144.70477,463.46515,19.878723,30.02478,0.19434786,1,-1,-1
34.18026,89.87222,40.48073,19.17752,0.18544307,1,-1,-1
26.78565,146.61621,34.13772,22.387054,0.17640078,10,-1,-1
136.67674,427.77377,24.035538,27.106262,0.17542353,1,-1,-1
1103.964,557.8753,29.103394,24.320679,0.17361549,2,-1,-1
1087.1528,557.646,21.166992,31.870544,0.17229497,1,-1,-1
97.52276,413.1588,18.485268,31.12445,0.17139438,1,-1,-1
274.6139,1.7072659,33.26767,18.717564,0.1699295,10,-1,-1
655.76575,574.0883,39.96527,16.82965,0.16744518,10,-1,-1
81.32561,159.28612,30.437424,21.480362,0.1664888,8,-1,-1
1174.3344,209.83124,29.014648,23.491028,0.16513857,7,-1,-1
1068.5765,552.8011,22.182007,25.676636,0.1650222,1,-1,-1
79.41994,169.68076,28.86451,21.39389,0.16372532,10,-1,-1
167.6516,162.95529,31.80275,20.28975,0.16264147,10,-1,-1
1010.11597,514.3153,24.03064,28.3443,0.16209292,7,-1,-1
0.0,272.50204,62.955914,39.71295,0.16118407,6,-1,-1
194.5452,241.24142,22.133087,33.081543,0.15580103,6,-1,-1
104.85209,71.594345,31.038017,20.658272,0.14963517,8,-1,-1
74.71925,243.20602,43.691658,27.953766,0.14894998,8,-1,-1
185.82907,459.72897,20.001831,33.970123,0.14694941,1,-1,-1
237.73854,40.196198,18.546432,33.193848,0.14655435,6,-1,-1
100.8518,128.6217,34.604225,32.800552,0.14499536,8,-1,-1
29.955786,72.30216,41.27137,15.665817,0.14180806,10,-1,-1
143.48857,140.08817,26.61943,24.056793,0.13858375,1,-1,-1
221.97182,103.33884,21.125595,32.380234,0.1354939,5,-1,-1
81.00068,223.68123,33.3593,17.806305,0.13539368,10,-1,-1
1199.8586,56.14473,26.012817,24.642624,0.12896952,10,-1,-1
1093.9492,563.65186,25.92395,29.275635,0.12815312,1,-1,-1
179.33061,456.91544,19.181046,35.092743,0.12704498,1,-1,-1
1199.6086,57.601284,24.427124,23.81548,0.1262756,1,-1,-1
53.775585,168.57292,21.158672,30.083221,0.12583318,1,-1,-1
79.41994,169.68076,28.86451,21.39389,0.12565878,8,-1,-1
1174.3344,209.83124,29.014648,23.491028,0.12525448,10,-1,-1
1075.6641,525.4973,21.160889,30.752075,0.1250825,1,-1,-1
107.061516,74.98035,34.750603,19.816223,0.1244798,10,-1,-1
30.406,76.35165,39.468346,15.506714,0.122709274,1,-1,-1
113.03248,27.626677,27.74688,24.343576,0.122071445,1,-1,-1
160.54872,463.35883,20.179611,30.825256,0.122006774,1,-1,-1
308.36914,494.69516,22.739258,24.99649,0.118901044,1,-1,-1
655.76575,574.0883,39.96527,16.82965,0.118508756,2,-1,-1
173.53226,463.29776,18.676926,32.45282,0.118398994,1,-1,-1
1093.339,527.2671,57.39856,28.907043,0.11806998,3,-1,-1
1090.3281,549.4499,37.560547,21.35492,0.116069585,10,-1,-1
1068.272,548.5539,23.423706,26.366577,0.10961434,3,-1,-1
1164.955,244.25224,26.518066,28.903,0.10775417,7,-1,-1
37.49305,227.9785,19.236412,32.653854,0.10767332,7,-1,-1
64.30713,240.2927,21.211098,26.815247,0.10730243,8,-1,-1
125.639435,243.87602,26.387619,23.327347,0.10677144,10,-1,-1
1076.0288,551.45154,22.181519,30.015137,0.10449797,1,-1,-1
53.555775,87.02016,29.636234,22.66787,0.10353845,1,-1,-1
0.0,271.7264,62.963852,42.788025,0.10280615,5,-1,-1
111.69163,435.1978,21.319542,27.547028,0.1013104,1,-1,-1
74.97877,270.55453,33.926003,19.240631,0.10088882,8,-1,-1
113.03248,27.626677,27.74688,24.343576,0.099734694,2,-1,-1
79.41994,169.68076,28.86451,21.39389,0.09967616,3,-1,-1
1009.24255,514.2841,24.041382,29.094116,0.099469036,1,-1,-1
1070.3302,522.4148,23.697632,24.202698,0.09933996,1,-1,-1
1097.5809,552.829,30.588745,25.082764,0.098181844,1,-1,-1
91.920715,247.98846,31.610039,25.462494,0.09784037,7,-1,-1
1052.0798,494.2027,22.671753,28.757507,0.097355664,10,-1,-1
101.47036,94.772545,36.878166,19.08387,0.09649664,10,-1,-1
127.49705,455.47034,27.707771,23.242584,0.09614745,1,-1,-1
113.19432,107.50095,36.56308,21.09658,0.09540865,1,-1,-1
1101.6952,557.9819,30.880371,23.098328,0.09430456,3,-1,-1
92.90383,244.30075,29.999725,28.68341,0.09418258,10,-1,-1
255.0263,7.5470324,36.933105,18.552166,0.09368315,10,-1,-1
128.93669,435.26572,22.290451,27.76947,0.09218761,1,-1,-1
1076.3213,548.5387,34.752075,21.837097,0.091926575,10,-1,-1
37.66644,50.71304,36.30975,20.567593,0.09096211,5,-1,-1
44.785744,96.67134,35.427956,20.662903,0.0903427,2,-1,-1
655.76575,574.0883,39.96527,16.82965,0.09029421,1,-1,-1
95.45554,91.35611,32.129745,20.901695,0.09003332,10,-1,-1
89.09726,159.85207,35.41835,22.62439,0.08996779,8,-1,-1
120.87773,455.83505,26.292404,24.758514,0.08993858,2,-1,-1
53.712032,100.71447,36.090725,20.499313,0.08982256,1,-1,-1
164.18094,194.98325,30.14302,19.903854,0.089137405,10,-1,-1
113.19432,107.50095,36.56308,21.09658,0.088959426,2,-1,-1
83.63837,223.48221,33.138206,17.671326,0.08815688,3,-1,-1
143.48857,140.08817,26.61943,24.056793,0.08808455,2,-1,-1
1069.4567,257.20422,20.77246,29.701935,0.08740294,2,-1,-1
112.305016,96.916,33.18023,21.201897,0.08645779,10,-1,-1
1285.0636,261.4242,25.218994,21.374084,0.08603507,4,-1,-1
119.58532,448.45575,22.271965,26.735779,0.08596343,1,-1,-1
1069.1718,541.8772,21.5354,28.474121,0.08589274,1,-1,-1
1176.8088,65.61421,20.945679,30.445366,0.08540398,2,-1,-1
1052.0798,494.2027,22.671753,28.757507,0.084926486,8,-1,-1
108.146576,60.384087,35.989532,22.691208,0.0848341,8,-1,-1
102.219536,70.26038,28.916588,22.07296,0.08423209,10,-1,-1
100.50477,129.18414,34.677666,32.421616,0.083530545,7,-1,-1
89.09726,159.85207,35.41835,22.62439,0.08328125,10,-1,-1
162.6639,274.43842,35.973648,18.913635,0.082330376,6,-1,-1
81.38132,157.0345,27.241737,23.496536,0.082054764,2,-1,-1
1230.7618,640.5037,34.72632,22.539124,0.081192166,1,-1,-1
190.23653,107.51657,28.323624,21.286194,0.08113846,10,-1,-1
83.04223,155.5566,27.660835,23.746689,0.08111429,1,-1,-1
169.17737,162.18903,30.707321,20.614334,0.080899954,7,-1,-1
1081.2079,547.71857,26.408691,27.648254,0.08087012,1,-1,-1
1076.3213,548.5387,34.752075,21.837097,0.08065882,3,-1,-1
1126.9579,423.8497,18.323242,35.534363,0.080345124,10,-1,-1
53.52063,168.5033,21.052437,29.95018,0.08028713,10,-1,-1
1090.3281,549.4499,37.560547,21.35492,0.07996297,3,-1,-1
167.44826,162.56909,29.980713,22.145264,0.079840064,1,-1,-1
92.90383,244.30075,29.999725,28.68341,0.07977724,5,-1,-1
1052.0798,494.2027,22.671753,28.757507,0.079503864,1,-1,-1
185.64859,155.44534,24.917236,24.088516,0.078869075,1,-1,-1
99.32037,138.32693,35.086014,25.799454,0.07765469,10,-1,-1
1009.24255,514.2841,24.041382,29.094116,0.07702169,2,-1,-1
1161.1936,307.19742,22.254272,39.552704,0.07654661,5,-1,-1
1054.7831,489.32425,29.939331,23.211395,0.07632214,10,-1,-1
623.52924,425.71375,26.172974,21.86502,0.07631615,1,-1,-1
1010.11597,514.3153,24.03064,28.3443,0.07597569,5,-1,-1
1090.252,527.50006,53.07495,27.840271,0.07578224,1,-1,-1
159.10872,168.17285,26.852676,22.161682,0.07534549,1,-1,-1
1089.2606,536.9705,37.92517,24.480774,0.075223744,10,-1,-1
1171.8297,217.4649,30.838135,22.11708,0.0748333,7,-1,-1
81.38132,157.0345,27.241737,23.496536,0.07482383,3,-1,-1
178.19696,430.77774,21.94551,31.591705,0.07457319,1,-1,-1
139.33463,460.87857,19.67157,30.417023,0.07410118,1,-1,-1
81.32561,159.28612,30.437424,21.480362,0.07387793,7,-1,-1
1174.6991,209.61357,30.632324,22.864517,0.07334107,3,-1,-1
103.21692,430.24094,24.153809,26.227753,0.07296631,1,-1,-1
167.6516,162.95529,31.80275,20.28975,0.0727914,3,-1,-1
172.86714,269.38275,29.77922,20.228455,0.07248554,6,-1,-1
64.76336,237.446,21.333427,27.358566,0.07206777,7,-1,-1
32.32307,93.62216,40.35091,20.221428,0.071385145,2,-1,-1
1124.1523,424.87183,18.216797,35.99701,0.07105899,1,-1,-1
1082.6962,525.1557,43.91577,21.60846,0.07087931,8,-1,-1
161.27937,188.5457,29.181732,21.16507,0.070649475,10,-1,-1
29.18072,76.84891,39.153305,15.939377,0.07030633,2,-1,-1
41.228424,79.30863,35.78173,17.726059,0.070275396,1,-1,-1
161.02406,174.64822,22.074326,27.293915,0.070034534,1,-1,-1
109.45598,87.60991,37.18994,18.153534,0.06900048,10,-1,-1
66.54629,236.89494,20.601364,29.56279,0.06880048,1,-1,-1
236.53348,39.707478,19.614868,32.767445,0.06875494,5,-1,-1
163.42656,168.37894,31.555008,20.82109,0.06841031,10,-1,-1
1098.7184,556.4708,21.89038,29.08313,0.06790429,10,-1,-1
193.39293,176.33844,29.25972,22.599304,0.0678792,7,-1,-1
1174.3344,209.83124,29.014648,23.491028,0.067008585,8,-1,-1
142.94868,454.3687,22.129883,27.584412,0.06694025,1,-1,-1
91.920715,247.98846,31.610039,25.462494,0.06668925,4,-1,-1
151.91896,465.5188,21.495575,29.68573,0.066467196,1,-1,-1
156.49098,204.12288,28.735977,21.020844,0.06638175,10,-1,-1
194.5452,241.24142,22.133087,33.081543,0.06635627,5,-1,-1
1183.3768,65.5102,21.40918,31.95124,0.06615785,1,-1,-1
167.6516,162.95529,31.80275,20.28975,0.06607881,2,-1,-1
90.19116,152.29561,34.72448,23.09938,0.065963924,8,-1,-1
1009.24255,514.2841,24.041382,29.094116,0.065871686,10,-1,-1
94.849365,223.074,30.168839,20.890839,0.06586915,10,-1,-1
166.4648,194.90488,30.027176,19.911484,0.0656243,7,-1,-1
182.48315,429.69162,25.71994,26.54007,0.065512866,1,-1,-1
185.64859,155.44534,24.917236,24.088516,0.06533697,2,-1,-1
0.0,272.50204,62.955914,39.71295,0.06510949,9,-1,-1
76.86832,178.16408,28.05223,21.10492,0.06499377,3,-1,-1
172.62994,157.0566,32.77423,20.7518,0.064778835,10,-1,-1
143.48857,140.08817,26.61943,24.056793,0.06475711,3,-1,-1
1091.6843,527.6279,60.354736,28.860413,0.06444129,4,-1,-1
1070.3302,522.4148,23.697632,24.202698,0.064382195,10,-1,-1
1089.2606,536.9705,37.92517,24.480774,0.06419402,1,-1,-1
150.6993,144.52258,23.06282,29.195007,0.06415132,1,-1,-1
108.876434,76.50305,36.040726,19.318054,0.06364456,8,-1,-1
270.06525,4.6606812,34.980804,20.100681,0.06351927,3,-1,-1
1161.1936,307.19742,22.254272,39.552704,0.06341055,4,-1,-1
89.04823,243.61359,30.02929,28.298431,0.06335786,3,-1,-1
78.80041,191.77238,24.205818,26.775757,0.06329012,1,-1,-1
102.219536,70.26038,28.916588,22.07296,0.06323463,1,-1,-1
1097.5809,552.829,30.588745,25.082764,0.063189656,2,-1,-1
221.97182,103.33884,21.125595,32.380234,0.06261572,6,-1,-1
93.16506,91.56273,28.936348,21.615341,0.06254706,1,-1,-1
90.19116,152.29561,34.72448,23.09938,0.06247586,10,-1,-1
26.414783,148.6231,34.02849,23.007965,0.062400967,3,-1,-1
1171.746,247.44612,29.01123,28.338058,0.062336832,7,-1,-1
79.41994,169.68076,28.86451,21.39389,0.06218621,1,-1,-1
1227.8293,649.8815,34.37903,17.10498,0.061656624,1,-1,-1
160.19212,177.3296,26.677216,21.903076,0.061258763,10,-1,-1
113.1348,28.97708,28.974556,24.121729,0.06121382,8,-1,-1
86.043625,260.02896,32.97177,23.791199,0.060879916,8,-1,-1
26.38675,146.16771,33.86538,22.01123,0.06078285,8,-1,-1
1084.0128,571.23865,31.673584,22.22406,0.060542196,1,-1,-1
172.62994,157.0566,32.77423,20.7518,0.060239613,3,-1,-1
127.42574,462.61157,22.172707,29.11081,0.06015581,1,-1,-1
92.88369,142.91095,34.435356,23.41777,0.060036004,8,-1,-1
1067.5826,548.5529,28.715942,23.311462,0.059927344,10,-1,-1
34.188442,78.042076,40.585506,16.099327,0.059793383,10,-1,-1
1098.7184,556.4708,21.89038,29.08313,0.059738904,3,-1,-1
255.0263,7.5470324,36.933105,18.552166,0.059581608,3,-1,-1
78.99255,191.70012,23.567764,26.777832,0.059422016,3,-1,-1
1073.6613,553.00806,23.128174,27.321472,0.059218198,3,-1,-1
1192.5486,62.18837,25.01709,28.071037,0.059140682,1,-1,-1
29.180422,160.5342,29.870497,22.168625,0.058818936,10,-1,-1
1172.8401,217.0503,32.192993,22.686005,0.05857554,3,-1,-1
169.17737,162.18903,30.707321,20.614334,0.058394313,8,-1,-1
161.13617,185.18538,22.35167,29.459366,0.058351994,1,-1,-1
683.0162,612.22705,20.687622,28.614075,0.058142453,1,-1,-1
186.0964,446.9459,20.841965,29.74759,0.058114797,2,-1,-1
1054.7831,489.32425,29.939331,23.211395,0.057732075,8,-1,-1
53.52063,168.5033,21.052437,29.95018,0.05762875,2,-1,-1
53.555775,87.02016,29.636234,22.66787,0.057607055,2,-1,-1
91.81335,226.86574,34.20347,19.614517,0.057570368,3,-1,-1
84.27364,237.89252,42.59787,29.31778,0.057467878,8,-1,-1
172.62994,157.0566,32.77423,20.7518,0.05712661,2,-1,-1
172.22693,429.98584,19.174088,32.635925,0.056810737,1,-1,-1
136.43585,427.18356,22.780426,28.61261,0.05674061,10,-1,-1
1054.7831,489.32425,29.939331,23.211395,0.05657938,1,-1,-1
165.07701,278.71964,36.653503,17.155365,0.056517124,4,-1,-1
1165.1285,244.95224,26.642456,27.34085,0.056429,4,-1,-1
125.639435,243.87602,26.387619,23.327347,0.056355715,3,-1,-1
103.05014,103.13268,35.790863,20.398827,0.055690646,10,-1,-1
32.32307,93.62216,40.35091,20.221428,0.05561924,8,-1,-1
1131.8031,423.0636,23.795166,33.11496,0.055300653,10,-1,-1
154.55513,166.2365,20.430908,30.134003,0.05527419,1,-1,-1
84.786934,171.75041,33.273766,20.855484,0.055073053,7,-1,-1
1073.2238,256.54697,19.071533,30.740326,0.05495149,1,-1,-1
1165.1285,244.95224,26.642456,27.34085,0.054660708,10,-1,-1
339.0575,500.36942,24.919434,24.856476,0.054602623,2,-1,-1
76.38588,177.71838,31.448685,20.420471,0.054553688,10,-1,-1
64.30713,240.2927,21.211098,26.815247,0.05436468,10,-1,-1
1057.1582,498.66504,24.905884,27.322205,0.05416912,10,-1,-1
91.53028,171.12242,34.14437,21.615067,0.053916484,8,-1,-1
1126.9579,423.8497,18.323242,35.534363,0.05383736,3,-1,-1
1082.6962,525.1557,43.91577,21.60846,0.053831697,7,-1,-1
143.48857,140.08817,26.61943,24.056793,0.05372885,10,-1,-1
74.29666,226.66794,33.540802,18.854599,0.05357021,10,-1,-1
110.38665,67.969986,39.141945,22.281479,0.053465366,8,-1,-1
1082.6962,525.1557,43.91577,21.60846,0.053418875,10,-1,-1
29.408062,139.37831,32.515095,21.48053,0.05328542,10,-1,-1
1070.1997,523.9935,31.318726,20.579773,0.05306557,7,-1,-1
91.53028,171.12242,34.14437,21.615067,0.052988976,10,-1,-1
194.5452,241.24142,22.133087,33.081543,0.05294749,4,-1,-1
81.00068,223.68123,33.3593,17.806305,0.052946597,7,-1,-1
134.04115,238.91988,30.841675,20.022324,0.05280295,10,-1,-1
101.47036,94.772545,36.878166,19.08387,0.05264622,1,-1,-1
75.66884,245.18059,33.561356,23.78395,0.05264327,7,-1,-1
160.19212,177.3296,26.677216,21.903076,0.05263263,2,-1,-1
140.48923,424.0658,25.507034,26.364227,0.052454054,10,-1,-1
90.90736,417.03348,21.61058,30.158386,0.05233708,1,-1,-1
127.43643,165.81259,20.354187,31.01564,0.052261174,1,-1,-1
135.61577,444.6337,21.435379,28.401306,0.05215487,1,-1,-1
95.87267,425.9524,22.81717,28.208466,0.052148283,1,-1,-1
100.996895,128.10567,34.037285,33.420837,0.05210659,1,-1,-1
45.291855,96.18127,35.20562,21.296906,0.052075118,10,-1,-1
156.49098,204.12288,28.735977,21.020844,0.0520283,7,-1,-1
113.77171,107.849174,36.67929,20.749214,0.051743478,3,-1,-1
78.80041,191.77238,24.205818,26.775757,0.051710963,10,-1,-1
100.42379,128.27438,34.714653,32.8412,0.051484644,2,-1,-1
56.46681,80.98621,27.871792,20.816574,0.051469922,1,-1,-1
1069.2946,527.38605,23.22998,25.160461,0.051424652,3,-1,-1
30.056707,93.57378,37.4608,21.31205,0.05135861,1,-1,-1
1080.9728,539.7408,29.623047,25.520935,0.05133781,1,-1,-1
169.2762,199.64384,25.599442,23.695969,0.05132878,10,-1,-1
74.9629,270.83453,34.44536,19.064423,0.051184356,10,-1,-1
156.49098,204.12288,28.735977,21.020844,0.051152706,3,-1,-1
125.639435,243.87602,26.387619,23.327347,0.05112073,7,-1,-1
174.70813,262.67825,27.521057,20.3974,0.050366223,4,-1,-1
166.4648,194.90488,30.027176,19.911484,0.050130278,3,-1,-1
88.06301,243.71455,36.617912,28.617905,0.05002439,1,-1,-1
