403.63806,467.7667,102.678955,101.14761,0.8986832,4,-1,-1
126.289116,576.44653,194.31921,85.68524,0.88729393,4,-1,-1
1009.6029,154.06877,72.99426,27.832413,0.8320402,4,-1,-1
695.60474,566.0208,89.55267,115.1402,0.8234755,4,-1,-1
147.15013,721.97833,175.37788,189.26758,0.82040364,4,-1,-1
1011.5649,168.33199,78.54999,32.426956,0.7563634,4,-1,-1
774.6015,340.54276,22.02533,40.327972,0.7076705,10,-1,-1
1083.5681,289.45242,19.763428,39.768707,0.70191807,1,-1,-1
47.296898,479.56842,62.940056,50.016174,0.70105135,10,-1,-1
550.97473,175.5882,27.427246,16.5522,0.66055536,10,-1,-1
732.74554,831.39734,38.364197,62.52478,0.64694214,2,-1,-1
816.3543,41.98589,7.827759,14.094696,0.6334951,2,-1,-1
925.5616,275.4149,10.797424,25.951782,0.6311242,1,-1,-1
1469.9856,913.8607,76.80237,51.25171,0.62395614,10,-1,-1
1003.4797,180.36884,81.717224,36.67238,0.6202654,4,-1,-1
900.29517,477.86066,19.708984,31.921356,0.59752166,2,-1,-1
896.9614,484.9124,31.195496,51.062622,0.5789081,7,-1,-1
775.72076,336.17688,18.315186,33.99164,0.5774061,2,-1,-1
762.33435,160.50151,12.596741,22.739288,0.5768175,2,-1,-1
555.209,103.62532,21.094788,13.328804,0.57229656,10,-1,-1
1461.5464,875.01385,78.642944,58.722473,0.5683495,10,-1,-1
691.0496,379.9979,20.425293,28.759155,0.56524837,2,-1,-1
976.72723,12.516998,37.833862,24.21983,0.56357056,5,-1,-1
863.9282,12.034744,12.549011,18.528692,0.55535305,8,-1,-1
898.50244,151.2534,24.42572,26.408463,0.54996634,7,-1,-1
1247.5027,582.2052,67.592285,89.0957,0.54631245,7,-1,-1
896.6093,299.5532,28.70581,48.18814,0.54080284,8,-1,-1
718.0758,789.0672,71.28894,146.15198,0.53659034,7,-1,-1
790.32855,238.05449,21.786133,34.814163,0.535773,7,-1,-1
1160.5175,720.29114,122.09729,97.25177,0.53363115,5,-1,-1
429.09717,197.74736,82.52493,42.67279,0.5325351,5,-1,-1
1146.6893,671.4177,58.141846,41.541992,0.5298171,10,-1,-1
1053.7885,667.9708,57.94568,36.10193,0.5253763,10,-1,-1
679.4087,351.9264,47.030945,70.581635,0.5006046,8,-1,-1
816.6426,45.84016,8.225586,14.795883,0.49788427,2,-1,-1
763.0808,169.8382,12.170105,20.52246,0.49645573,10,-1,-1
816.573,48.9877,8.423645,13.2496605,0.4935248,10,-1,-1
872.7884,24.388714,15.08905,16.978245,0.4902267,7,-1,-1
521.2657,175.09416,27.372437,20.019363,0.48447394,10,-1,-1
883.87695,116.98031,22.32965,21.554527,0.4832259,7,-1,-1
521.24426,175.44714,27.526306,19.741562,0.48073757,3,-1,-1
793.2699,240.17786,17.655273,24.887238,0.47965613,2,-1,-1
864.48486,64.9169,15.289551,23.85968,0.47539946,8,-1,-1
1114.1696,266.18964,41.58191,57.07361,0.4749954,8,-1,-1
870.1655,44.72086,7.977844,13.827049,0.47197625,2,-1,-1
1159.8267,721.1045,123.44263,94.82941,0.46787414,8,-1,-1
716.0853,788.563,74.002075,147.23383,0.4678142,8,-1,-1
717.794,270.99506,36.767883,54.66162,0.4624676,8,-1,-1
924.5034,266.09116,10.617126,22.74469,0.45310268,1,-1,-1
732.5497,831.7401,39.469604,62.207947,0.44911692,1,-1,-1
798.111,69.01043,10.818054,17.400848,0.44802564,2,-1,-1
872.98975,132.68257,28.165283,23.754364,0.4470476,7,-1,-1
437.97812,175.31944,15.791138,18.156921,0.4395184,10,-1,-1
885.4382,60.65311,30.874329,29.945034,0.43859875,6,-1,-1
892.6858,142.35863,15.50885,25.066818,0.43830207,1,-1,-1
894.8422,99.68841,10.294678,18.199463,0.43287772,2,-1,-1
863.95825,11.872306,12.412598,19.031372,0.43142056,7,-1,-1
971.8204,86.69766,70.63739,33.726784,0.4305297,6,-1,-1
875.34644,22.294296,10.0616455,14.312222,0.43009266,2,-1,-1
956.8457,33.976852,6.5200806,14.815571,0.4266785,1,-1,-1
679.32745,352.7095,46.714966,69.76184,0.42575854,7,-1,-1
797.73553,73.55289,12.038757,16.263191,0.42566073,10,-1,-1
437.19473,175.38329,16.424194,18.387268,0.42222333,3,-1,-1
1137.5853,317.28528,41.384277,58.645782,0.42156452,8,-1,-1
816.512,48.968716,8.584534,13.224682,0.42123595,3,-1,-1
864.8417,65.9187,14.818787,22.573174,0.42121804,7,-1,-1
429.8138,197.02948,82.05301,43.902176,0.42028356,4,-1,-1
1019.9567,235.02615,54.56378,45.927124,0.4185941,8,-1,-1
918.4911,275.2603,10.112793,24.032654,0.41805503,1,-1,-1
936.12103,936.39215,70.22595,124.78937,0.41092873,8,-1,-1
1061.6359,689.5222,48.733032,23.702332,0.40751588,10,-1,-1
1002.4733,114.452415,31.757141,25.716927,0.40064645,8,-1,-1
911.83124,40.329082,6.974304,15.916626,0.39926988,1,-1,-1
891.4836,35.20288,18.536316,19.654644,0.39687988,7,-1,-1
505.61887,207.20023,21.30478,17.879013,0.39686048,10,-1,-1
930.30725,271.59967,9.443909,20.7482,0.3955532,1,-1,-1
936.12103,936.39215,70.22595,124.78937,0.39296818,7,-1,-1
1001.58636,114.69139,31.034851,25.588928,0.39183313,7,-1,-1
617.2573,74.69447,27.737427,27.566643,0.39131042,7,-1,-1
896.3597,299.29156,29.017273,48.311523,0.38941422,6,-1,-1
768.80884,4.2436643,13.16217,19.098557,0.38340062,8,-1,-1
894.2298,109.073425,13.886414,16.213425,0.38305292,10,-1,-1
894.69403,147.79652,10.328735,23.679596,0.3829683,1,-1,-1
725.50555,39.111313,28.321106,32.055267,0.38153762,8,-1,-1
963.77435,79.65152,25.56073,29.823738,0.3811738,8,-1,-1
907.7069,33.698544,6.5405884,17.819355,0.37918216,1,-1,-1
1048.5813,655.80347,53.44812,39.5506,0.37783274,10,-1,-1
896.981,149.99792,25.522095,29.40767,0.37773973,8,-1,-1
505.43808,207.5302,21.416473,17.7827,0.37629437,3,-1,-1
891.68915,35.151848,18.160889,19.797932,0.3757663,8,-1,-1
885.18823,60.35378,31.023926,29.986675,0.3666461,8,-1,-1
1006.18866,78.73764,8.2630005,15.8787,0.36580598,1,-1,-1
870.5795,49.972965,7.5584106,13.015705,0.36532193,10,-1,-1
1025.1842,284.617,59.374268,49.610504,0.35944158,7,-1,-1
617.2573,74.69447,27.737427,27.566643,0.35739997,8,-1,-1
883.87695,116.98031,22.32965,21.554527,0.35618988,8,-1,-1
975.5119,39.696163,10.953735,13.982254,0.35148242,7,-1,-1
1024.7373,286.94,58.721924,48.602264,0.3493139,8,-1,-1
896.7492,485.38614,30.755554,51.107086,0.34916294,8,-1,-1
994.1115,38.68216,22.408997,14.090988,0.3484518,7,-1,-1
1049.1979,672.8357,46.469727,25.73584,0.34431276,10,-1,-1
1055.621,252.76744,14.8897705,24.093979,0.3420545,2,-1,-1
218.51588,352.78824,19.722687,21.273773,0.34005028,10,-1,-1
921.2699,269.23834,10.772339,25.421692,0.3386492,1,-1,-1
591.54254,87.762535,21.51233,17.274727,0.33792633,10,-1,-1
873.30255,132.70398,27.129944,23.659103,0.33625937,8,-1,-1
901.5769,34.814583,6.8322754,17.780663,0.33396828,1,-1,-1
894.3702,143.61494,13.763794,22.59555,0.3334186,2,-1,-1
1403.5453,652.7141,17.487305,27.661682,0.3288725,10,-1,-1
1002.1036,91.132034,41.015198,27.38758,0.32820815,8,-1,-1
1247.5027,582.2052,67.592285,89.0957,0.32658136,8,-1,-1
725.5431,38.62008,28.900696,32.20777,0.3260442,6,-1,-1
955.353,949.78467,40.757874,35.908997,0.32593095,2,-1,-1
892.52325,35.562973,7.7561646,18.301743,0.3255662,1,-1,-1
725.4554,38.50051,29.211304,32.551476,0.3252598,5,-1,-1
873.45166,24.99365,14.126953,16.077291,0.3234867,8,-1,-1
1029.3893,271.36218,35.453247,31.690063,0.3227421,7,-1,-1
976.72723,12.516998,37.833862,24.21983,0.32267034,8,-1,-1
1019.08997,235.05206,55.704224,43.89856,0.32193187,7,-1,-1
798.2838,73.83233,11.431152,15.374344,0.32009646,7,-1,-1
1017.2675,301.9043,14.320618,29.222168,0.31779152,1,-1,-1
870.0523,44.187004,8.4453125,15.124382,0.31398374,10,-1,-1
893.49115,15.162021,7.0111694,12.728503,0.31220496,10,-1,-1
768.80884,4.2436643,13.16217,19.098557,0.31092107,7,-1,-1
790.4377,237.84488,21.996887,35.338684,0.30940092,8,-1,-1
717.4763,272.43848,38.36389,54.170197,0.3075347,7,-1,-1
976.62354,12.648337,37.957153,23.91003,0.3065138,6,-1,-1
1020.7061,234.06883,54.098938,46.900864,0.30337495,6,-1,-1
550.97473,175.5882,27.427246,16.5522,0.30108926,3,-1,-1
1047.6824,261.57993,25.904297,24.27414,0.3005496,10,-1,-1
646.52606,56.76862,24.967163,16.204975,0.29955253,7,-1,-1
1242.2433,531.4703,23.58081,30.278687,0.29878533,2,-1,-1
966.0105,42.109665,8.606934,11.955139,0.29588628,10,-1,-1
586.93475,89.089676,19.026062,17.073105,0.29531318,10,-1,-1
924.5141,337.8273,10.517273,19.60556,0.29476225,3,-1,-1
762.98456,168.20969,12.272278,21.69249,0.29228327,2,-1,-1
894.96497,100.86543,10.569458,18.62394,0.2912882,1,-1,-1
1032.6562,106.920525,9.400391,20.40033,0.29057598,1,-1,-1
896.359,104.45782,11.398682,19.8208,0.29025206,1,-1,-1
895.42035,104.96272,12.380371,19.23172,0.2896773,2,-1,-1
816.43054,41.967304,7.914978,14.063606,0.28959703,1,-1,-1
1042.5208,260.57568,29.915161,26.450134,0.2895513,7,-1,-1
894.6744,103.04372,11.648987,16.74038,0.28740987,10,-1,-1
987.5994,42.005505,14.140991,12.951118,0.28654635,7,-1,-1
1138.6836,650.0194,61.873657,38.28772,0.2861585,10,-1,-1
896.6093,299.5532,28.70581,48.18814,0.28513485,7,-1,-1
1177.2247,330.20474,17.73584,27.20932,0.28129274,10,-1,-1
987.2614,77.10631,27.811646,16.556084,0.28103083,7,-1,-1
870.03265,44.44288,8.049927,14.362473,0.28074083,1,-1,-1
899.1453,479.50803,22.645874,42.319366,0.2785121,7,-1,-1
710.73627,11.062473,10.678772,13.808992,0.2782818,8,-1,-1
893.47906,136.87796,11.67395,20.438232,0.27820188,2,-1,-1
964.1118,79.60909,24.405823,29.357742,0.27722022,7,-1,-1
906.6556,97.28519,10.850647,20.21212,0.27588016,2,-1,-1
878.84985,118.80972,25.676147,31.353867,0.27522844,7,-1,-1
935.6199,934.6568,71.84009,125.01788,0.27211738,6,-1,-1
1028.9712,272.06378,36.55298,36.43457,0.2716856,8,-1,-1
1082.8809,290.94458,20.439575,38.656097,0.27132022,2,-1,-1
1127.4486,570.2962,79.910034,99.5072,0.27054745,8,-1,-1
917.1334,280.86826,10.114319,24.241974,0.27041155,1,-1,-1
873.233,25.826244,14.483154,15.245895,0.27014506,10,-1,-1
1160.3,721.25684,122.95166,96.12836,0.2700503,6,-1,-1
334.59937,469.99283,24.38211,37.00296,0.26925427,1,-1,-1
893.47906,136.87796,11.67395,20.438232,0.2691167,1,-1,-1
897.09564,37.548336,7.689636,16.838905,0.26881385,1,-1,-1
590.8388,87.356186,22.14801,17.805016,0.2661072,7,-1,-1
797.73553,73.55289,12.038757,16.263191,0.26572603,3,-1,-1
736.59344,16.268589,7.6968384,13.803669,0.26538852,1,-1,-1
1002.1036,91.132034,41.015198,27.38758,0.26517874,5,-1,-1
1001.94794,39.485126,15.759888,12.205353,0.26394892,10,-1,-1
896.2541,150.21208,18.34082,24.094223,0.26383114,1,-1,-1
886.62396,133.97743,12.903076,22.606674,0.26342213,1,-1,-1
965.50433,41.646362,9.550903,12.643589,0.2628821,7,-1,-1
983.4947,74.7557,28.626892,19.21495,0.26249766,8,-1,-1
701.39923,120.128815,47.14923,39.26149,0.2615276,8,-1,-1
1113.7587,265.5415,41.572266,58.345154,0.26111725,7,-1,-1
1439.3129,806.6375,36.534424,29.796814,0.2607097,3,-1,-1
710.6237,788.0666,82.578064,149.3451,0.2604324,6,-1,-1
890.6521,139.19919,11.748779,22.255112,0.26019692,1,-1,-1
816.76697,46.143826,8.021301,14.20105,0.258911,1,-1,-1
763.0808,169.8382,12.170105,20.52246,0.2577532,3,-1,-1
794.91376,237.90895,12.007019,20.417862,0.2577034,2,-1,-1
1127.4486,570.2962,79.910034,99.5072,0.2573329,7,-1,-1
883.63257,116.90591,22.25055,20.385689,0.25678578,10,-1,-1
1643.8381,51.735817,35.851562,21.409462,0.25635105,4,-1,-1
1249.2916,527.8685,39.24121,39.669006,0.25611126,2,-1,-1
890.23755,142.01195,20.78894,27.117508,0.25581962,7,-1,-1
975.86804,40.074333,10.3029175,13.478268,0.25488853,10,-1,-1
893.2876,14.09941,7.4034424,13.846225,0.25430295,1,-1,-1
269.95023,325.54846,20.26773,34.694977,0.25259033,1,-1,-1
893.75507,34.2794,13.019409,20.068073,0.25139296,1,-1,-1
685.0001,374.70938,21.348755,31.900024,0.25053933,2,-1,-1
717.84,10.952869,7.7819824,14.820715,0.24999774,1,-1,-1
1463.028,877.1036,76.11682,58.02588,0.24978787,7,-1,-1
916.3729,40.002632,8.518433,15.727604,0.24816412,1,-1,-1
1067.4655,680.39966,44.602905,27.121521,0.24746606,10,-1,-1
1134.9583,316.17975,42.490234,58.548676,0.2468032,7,-1,-1
718.4386,7.549024,13.119263,15.522217,0.24671522,7,-1,-1
797.55426,68.581764,10.598999,17.95388,0.24616379,1,-1,-1
710.54346,11.080384,10.856079,13.69373,0.24558786,7,-1,-1
975.5406,39.52174,11.12384,13.953999,0.24554843,8,-1,-1
1055.9109,692.60187,14.994995,24.945984,0.24453977,1,-1,-1
877.4886,118.90956,28.126709,33.02829,0.24379236,8,-1,-1
1056.5073,139.27779,17.115845,12.395187,0.24330541,10,-1,-1
863.95825,11.872306,12.412598,19.031372,0.24327594,6,-1,-1
968.9498,41.07086,12.875549,12.995701,0.2426424,7,-1,-1
964.19543,79.48922,24.228455,29.602692,0.24160871,5,-1,-1
967.37463,114.95623,30.028809,16.04284,0.24081725,10,-1,-1
888.883,122.22673,29.96399,21.382065,0.24072394,7,-1,-1
906.6556,97.28519,10.850647,20.21212,0.2406635,1,-1,-1
773.1064,0.0,16.82666,10.548693,0.24014828,4,-1,-1
80.84262,485.7487,27.445786,36.40146,0.23956361,2,-1,-1
715.9337,10.170228,10.3168335,15.616572,0.23772803,7,-1,-1
1115.0787,266.3382,41.13208,54.47989,0.23640576,5,-1,-1
1019.47064,339.23212,23.792542,26.998413,0.23591754,10,-1,-1
1134.9583,316.17975,42.490234,58.548676,0.2357164,6,-1,-1
972.34296,42.50473,6.1657104,11.641842,0.23500785,1,-1,-1
983.90796,38.689636,23.891296,15.192539,0.23495886,7,-1,-1
1247.0356,528.9447,24.636597,26.573853,0.23285967,2,-1,-1
1024.7373,286.94,58.721924,48.602264,0.23234746,6,-1,-1
51.774765,481.35004,58.256798,48.408142,0.23211357,2,-1,-1
1580.4574,67.691345,38.4646,16.198563,0.23175943,4,-1,-1
915.6447,111.05689,9.63562,21.523811,0.23172772,1,-1,-1
895.79596,299.47745,29.390991,47.744446,0.23133007,5,-1,-1
887.0885,120.94737,13.121338,22.618378,0.22991711,1,-1,-1
715.9337,10.170228,10.3168335,15.616572,0.22961691,8,-1,-1
964.1118,79.60909,24.405823,29.357742,0.22841224,4,-1,-1
899.63995,108.29206,10.06189,18.303421,0.22821432,1,-1,-1
971.6062,87.06112,71.872925,33.93705,0.22811258,8,-1,-1
894.2298,109.073425,13.886414,16.213425,0.22808367,3,-1,-1
889.98785,140.03287,13.064941,20.967209,0.22752702,2,-1,-1
915.67145,121.22184,10.022461,21.018196,0.22748739,1,-1,-1
676.73755,120.06572,12.991943,12.838623,0.22548282,3,-1,-1
971.8204,86.69766,70.63739,33.726784,0.22542503,5,-1,-1
893.1737,12.931052,7.5474243,13.885846,0.22476375,2,-1,-1
954.921,950.78186,40.22931,33.45984,0.22430432,1,-1,-1
1158.6979,720.91724,124.42151,95.220825,0.22398528,7,-1,-1
899.749,142.5242,10.4053955,20.298141,0.2237792,1,-1,-1
876.8379,22.122314,7.2749023,11.597893,0.22310671,1,-1,-1
476.43008,145.31454,18.408875,16.845001,0.22286534,10,-1,-1
1020.7061,234.06883,54.098938,46.900864,0.22172788,5,-1,-1
1006.5449,100.538666,35.95703,26.93531,0.22099233,8,-1,-1
775.72076,336.17688,18.315186,33.99164,0.22063518,1,-1,-1
1016.0803,287.6293,15.99585,37.49286,0.22038186,1,-1,-1
887.9824,111.919754,22.935364,23.488815,0.22035867,7,-1,-1
741.62164,19.02857,7.696533,13.852964,0.22000852,1,-1,-1
988.6114,24.099918,26.905884,17.787567,0.2175436,8,-1,-1
928.88245,276.96872,10.81604,24.75415,0.21749985,1,-1,-1
875.8572,136.7387,18.286621,17.501877,0.21744573,7,-1,-1
885.33856,60.69155,30.955017,29.815598,0.21659568,4,-1,-1
1022.5024,271.78085,48.849304,45.957184,0.21655169,7,-1,-1
679.32745,352.7095,46.714966,69.76184,0.21574372,6,-1,-1
558.2649,174.75584,16.302368,15.65303,0.21574289,2,-1,-1
902.7783,125.33046,19.167908,16.998032,0.2156345,10,-1,-1
872.9573,22.538681,8.5979,11.375153,0.21542948,2,-1,-1
1177.4761,330.7477,17.091919,26.129028,0.215363,3,-1,-1
720.51056,808.25037,54.213318,96.71655,0.21478257,2,-1,-1
1045.8156,252.18597,16.047607,24.801239,0.21446118,2,-1,-1
887.31616,58.904892,29.961304,31.82534,0.2143941,5,-1,-1
919.7968,117.02781,9.804749,21.400673,0.21337822,1,-1,-1
991.49304,77.226204,22.53003,17.182983,0.21333346,10,-1,-1
977.039,38.877388,7.5507812,10.672356,0.2125571,2,-1,-1
872.87787,23.971308,15.054382,17.19507,0.21251181,2,-1,-1
703.4935,132.92813,41.81543,24.04628,0.2123059,7,-1,-1
1005.6618,333.08127,32.91681,21.293732,0.21201709,10,-1,-1
898.7197,108.750175,10.903381,17.149338,0.21168345,2,-1,-1
911.83124,40.329082,6.974304,15.916626,0.21157652,2,-1,-1
695.22095,565.18115,90.96753,118.76874,0.21087086,5,-1,-1
885.18823,60.35378,31.023926,29.986675,0.20978168,7,-1,-1
966.5103,42.404137,7.8430786,11.2788925,0.2089121,2,-1,-1
881.89233,134.65608,30.91632,21.694992,0.2086609,7,-1,-1
997.2543,91.4438,47.944702,28.86232,0.20817116,4,-1,-1
907.6701,115.59229,11.800171,19.033318,0.20691234,2,-1,-1
896.1948,36.112873,9.2146,18.511982,0.20664659,7,-1,-1
1470.796,1051.1838,70.10217,26.192383,0.20561367,3,-1,-1
1439.3186,806.7097,36.265747,30.137207,0.20558038,10,-1,-1
897.25433,149.44035,24.973145,29.604477,0.20537165,10,-1,-1
795.5378,245.54366,10.951965,19.51622,0.20491269,2,-1,-1
476.90955,144.61409,18.22873,17.036728,0.20488983,7,-1,-1
890.0252,113.88347,19.710388,19.368362,0.20445415,10,-1,-1
768.2533,3.508769,13.733154,19.120548,0.20419437,6,-1,-1
267.4856,327.97363,20.45227,33.409607,0.2040782,10,-1,-1
987.4232,40.64303,14.269592,14.043003,0.2038219,10,-1,-1
1114.614,266.139,40.945435,57.57184,0.2036609,6,-1,-1
1470.796,1051.1838,70.10217,26.192383,0.20275843,10,-1,-1
778.9983,339.94092,12.897705,24.121338,0.20239723,2,-1,-1
1032.7169,271.35995,30.628906,33.527985,0.20176503,1,-1,-1
269.312,326.2257,20.805542,33.63379,0.20081744,2,-1,-1
924.5699,266.08215,10.80249,22.341217,0.2001482,2,-1,-1
987.5994,42.005505,14.140991,12.951118,0.20004278,8,-1,-1
718.55145,5.669167,7.7487793,14.404562,0.19975373,1,-1,-1
894.83374,148.4948,9.97699,23.27008,0.19923508,2,-1,-1
727.2224,839.9593,42.999634,85.34381,0.19879803,2,-1,-1
761.5504,160.47707,12.364624,21.637299,0.19862926,1,-1,-1
773.2499,0.0,16.208435,13.408772,0.1971511,8,-1,-1
790.94763,239.22533,21.356934,34.242355,0.19623175,10,-1,-1
797.93536,68.662506,9.831604,16.888252,0.19617137,10,-1,-1
925.1161,265.41962,12.142883,20.94632,0.19491571,10,-1,-1
872.94586,22.694454,7.94751,10.95528,0.19474655,1,-1,-1
1469.3188,913.2039,77.803345,52.36261,0.19437695,7,-1,-1
1048.6016,262.034,24.55603,23.305023,0.19404602,3,-1,-1
1115.0787,266.3382,41.13208,54.47989,0.19403979,4,-1,-1
884.63934,116.28873,18.333801,20.549774,0.19347054,2,-1,-1
1011.4773,26.943056,8.37323,10.3264675,0.19322202,10,-1,-1
907.3437,37.554726,9.668884,17.587334,0.19317886,1,-1,-1
653.85693,59.161068,18.786255,13.46339,0.1928862,10,-1,-1
1026.0986,108.47252,8.692627,19.435677,0.19278318,1,-1,-1
894.2298,109.073425,13.886414,16.213425,0.19222605,7,-1,-1
1110.5742,263.88934,31.146729,27.509583,0.1921021,10,-1,-1
992.2452,28.455814,8.419067,10.9807625,0.1919089,1,-1,-1
1002.6087,39.45083,15.678162,12.384693,0.1918897,3,-1,-1
965.88654,41.922844,8.731873,12.476795,0.19176763,1,-1,-1
741.3647,820.2631,39.634033,63.473633,0.19140804,2,-1,-1
994.971,38.931614,21.710205,13.591476,0.19116557,8,-1,-1
870.5795,49.972965,7.5584106,13.015705,0.1910609,3,-1,-1
995.318,30.529097,9.145325,10.647993,0.19089279,1,-1,-1
718.46936,7.1690803,11.670471,15.817268,0.19059587,8,-1,-1
961.536,2.7989976,18.554688,16.004068,0.19045737,8,-1,-1
984.1553,75.22374,23.388794,18.282288,0.19033492,10,-1,-1
925.5616,275.4149,10.797424,25.951782,0.19009972,2,-1,-1
976.25903,38.88189,9.010864,9.001827,0.19003841,10,-1,-1
957.46655,38.534645,6.2058716,13.951157,0.18973723,1,-1,-1
964.1118,79.60909,24.405823,29.357742,0.18936327,6,-1,-1
727.2224,839.9593,42.999634,85.34381,0.18920398,1,-1,-1
439.71994,174.82794,13.230408,18.185257,0.18876323,2,-1,-1
896.36804,486.66147,30.00879,48.488617,0.1886301,2,-1,-1
555.3519,103.54103,20.79773,13.541878,0.18860388,7,-1,-1
891.31354,141.1753,29.273682,31.05577,0.188593,8,-1,-1
725.5431,38.62008,28.900696,32.20777,0.18855518,4,-1,-1
1356.2593,588.8884,51.4989,31.074097,0.18851665,10,-1,-1
1014.92914,279.2442,15.372131,30.552124,0.1882756,1,-1,-1
520.95105,175.09048,27.723145,19.70996,0.18779573,7,-1,-1
912.3812,36.326424,6.2338257,14.838745,0.18652338,1,-1,-1
794.4895,240.65408,15.523865,22.9906,0.18645263,7,-1,-1
929.2727,265.3842,10.814697,20.631866,0.18623462,1,-1,-1
1012.99835,47.22361,14.441956,8.595501,0.18536812,10,-1,-1
904.86816,117.155624,17.4917,15.53064,0.18519065,10,-1,-1
430.99884,197.65096,80.7337,43.294617,0.1851561,6,-1,-1
925.91345,265.6614,11.416687,20.407959,0.18433425,3,-1,-1
1134.6682,315.4262,43.19348,59.644012,0.18431383,5,-1,-1
1013.5326,21.544094,16.449097,14.164288,0.18398225,7,-1,-1
595.146,84.00308,27.772278,20.214516,0.18367815,7,-1,-1
915.6447,111.05689,9.63562,21.523811,0.18333772,2,-1,-1
962.0374,114.481895,33.5885,17.534218,0.18332309,7,-1,-1
895.17633,111.14931,11.238098,17.310974,0.18273365,2,-1,-1
220.2797,353.20477,16.46164,18.967407,0.18254599,2,-1,-1
769.2344,0.42595017,11.933594,15.152404,0.18205208,8,-1,-1
775.01935,333.4238,18.624329,34.34326,0.18181688,10,-1,-1
247.35788,344.80005,29.99469,26.46698,0.181811,10,-1,-1
865.86053,13.956346,9.005371,16.143494,0.18146181,1,-1,-1
255.45874,330.92233,32.06424,38.91339,0.18134725,10,-1,-1
773.89954,5.0810895,14.360596,18.001085,0.1811589,8,-1,-1
891.939,34.702763,9.296082,19.393353,0.18094558,7,-1,-1
760.5867,162.31125,13.99884,24.415436,0.18080491,10,-1,-1
975.252,38.83537,11.632263,15.062286,0.18069834,3,-1,-1
605.42255,364.1867,58.171143,64.70187,0.18067029,8,-1,-1
904.73206,98.050644,14.245178,15.889435,0.18043864,10,-1,-1
627.2934,73.25679,9.12323,17.55568,0.1802561,1,-1,-1
917.71564,36.434444,6.5371704,14.967796,0.17986864,1,-1,-1
797.73553,73.55289,12.038757,16.263191,0.17960238,8,-1,-1
929.744,267.54898,9.807068,20.480133,0.17873397,2,-1,-1
884.3993,134.27101,16.079102,21.752716,0.17871326,2,-1,-1
909.7454,118.23716,10.499634,19.859947,0.17841274,1,-1,-1
1041.401,136.4585,25.998535,14.298325,0.17796335,10,-1,-1
909.74133,34.185352,9.545715,19.779701,0.17792472,1,-1,-1
905.79254,124.47212,14.359192,17.669891,0.1777707,2,-1,-1
892.0012,141.87144,16.742859,26.334457,0.17771766,8,-1,-1
864.1904,12.070438,12.232727,17.994415,0.17769405,4,-1,-1
891.79944,34.65076,9.31958,18.684944,0.17761332,8,-1,-1
971.4519,41.775826,7.746826,12.801235,0.17733356,10,-1,-1
896.7645,484.44156,30.329285,50.96939,0.17724097,10,-1,-1
1024.6515,38.244022,13.861572,11.206474,0.17711094,10,-1,-1
1063.7478,118.3014,10.283325,19.616875,0.17702469,1,-1,-1
1045.5208,307.06866,38.80896,32.643036,0.17679116,7,-1,-1
768.5704,0.27652413,14.30835,16.486729,0.17655787,4,-1,-1
1466.8257,847.2225,27.310547,30.267029,0.17632094,3,-1,-1
875.4519,23.014486,10.295044,15.7474575,0.1760078,1,-1,-1
1014.43506,334.74506,31.37024,23.52655,0.17550528,10,-1,-1
875.2005,29.74013,10.517029,11.893087,0.17548585,7,-1,-1
1083.0406,290.3611,19.448853,39.97165,0.17520866,10,-1,-1
963.2559,41.202263,8.44928,12.6088295,0.17508382,10,-1,-1
1017.0933,301.99445,14.632263,28.772156,0.17503819,2,-1,-1
738.1069,16.692225,10.149231,14.645849,0.17490187,1,-1,-1
875.34644,22.294296,10.0616455,14.312222,0.17469147,7,-1,-1
663.59015,15.564895,7.1706543,14.748944,0.17468584,1,-1,-1
701.14264,7.7169037,23.226013,17.142654,0.17454049,7,-1,-1
196.79501,331.7323,29.368027,23.985474,0.17442214,10,-1,-1
916.81696,40.400024,7.573242,14.934868,0.1744143,2,-1,-1
875.85095,30.2295,9.220093,11.677208,0.17434275,10,-1,-1
258.7594,333.62164,26.274597,33.073364,0.1742068,2,-1,-1
298.16467,390.14218,41.276855,28.922485,0.17402276,10,-1,-1
1001.90845,39.09574,15.084045,10.134846,0.17400283,7,-1,-1
893.4481,14.297196,7.628784,13.812375,0.1737153,7,-1,-1
965.1066,41.332836,10.4730835,13.082291,0.17341384,8,-1,-1
972.2468,38.18793,20.461975,15.418926,0.17322564,7,-1,-1
927.13745,283.03754,7.8652954,20.762878,0.1728819,1,-1,-1
747.67944,13.75212,9.00116,16.369232,0.17266703,10,-1,-1
784.0546,343.4314,11.445679,24.64917,0.17221081,2,-1,-1
963.6258,0.0,36.48694,18.485666,0.17205212,6,-1,-1
891.19,135.4846,10.68103,18.565094,0.1719513,2,-1,-1
798.1676,69.31238,9.411011,15.6825485,0.17194006,7,-1,-1
747.67944,13.75212,9.00116,16.369232,0.1719374,1,-1,-1
896.06964,34.657635,9.321899,18.832611,0.1711207,2,-1,-1
888.78766,135.38567,21.39447,22.392914,0.1707235,1,-1,-1
900.2407,477.88837,19.57428,31.472595,0.170367,1,-1,-1
993.8715,15.949504,35.19098,20.881485,0.17023686,8,-1,-1
891.7813,110.462746,11.222839,15.310257,0.1701617,10,-1,-1
145.50826,720.8898,180.93639,190.19855,0.17012635,5,-1,-1
1160.0867,719.1552,124.01599,99.27344,0.17008385,4,-1,-1
969.7191,40.602898,11.436768,14.057999,0.16989967,8,-1,-1
1001.32666,78.13426,8.931946,16.983482,0.16980398,1,-1,-1
429.09717,197.74736,82.52493,42.67279,0.16977367,8,-1,-1
1000.20654,41.843765,11.840454,9.537121,0.16966993,10,-1,-1
615.1332,75.327545,29.358337,26.284218,0.1696398,10,-1,-1
1011.9882,167.06798,76.72223,35.837585,0.16956845,5,-1,-1
877.201,0.0,8.691284,4.8911443,0.1695191,10,-1,-1
720.7094,1.0501415,9.105774,12.325465,0.169507,1,-1,-1
900.81134,123.98273,23.403381,18.700226,0.16944551,7,-1,-1
865.8095,13.684904,9.267944,15.946722,0.16942644,2,-1,-1
772.1192,0.0,18.261047,12.19943,0.16924667,7,-1,-1
1249.2391,582.67194,63.538574,87.54968,0.16904867,10,-1,-1
896.25653,106.398834,15.199646,14.101036,0.16896981,10,-1,-1
917.5371,29.304443,6.583679,16.633003,0.16888171,1,-1,-1
895.76624,15.981455,7.0562134,11.517433,0.16861406,10,-1,-1
918.32434,274.69257,10.8133545,24.996765,0.16819468,2,-1,-1
564.9417,175.15982,12.106323,14.551453,0.16817719,2,-1,-1
1044.3766,298.2984,16.369019,34.98346,0.1680769,1,-1,-1
900.3363,147.61206,11.1692505,20.282486,0.1677764,2,-1,-1
774.54706,340.69818,22.050049,40.035797,0.16769505,7,-1,-1
1125.8168,570.6175,80.55444,104.61328,0.1676451,6,-1,-1
197.99684,355.33633,31.784668,24.252808,0.167548,10,-1,-1
768.1244,3.6558232,13.654846,19.580149,0.16752127,5,-1,-1
901.7423,152.61946,19.154785,23.15091,0.1674088,2,-1,-1
632.376,56.8364,24.969238,14.956005,0.16720858,7,-1,-1
990.5389,25.63744,24.174988,16.113983,0.1668582,7,-1,-1
892.86725,142.61545,14.169067,19.47667,0.16684988,10,-1,-1
652.7124,58.856262,19.546082,14.050598,0.16672745,8,-1,-1
892.1299,35.07819,17.608398,19.88448,0.16668618,10,-1,-1
738.1069,16.692225,10.149231,14.645849,0.16630575,10,-1,-1
870.5538,48.446705,8.174988,14.59417,0.16613066,1,-1,-1
1136.6229,263.7099,13.328735,25.836182,0.16603076,1,-1,-1
999.7402,41.20047,13.921997,10.171539,0.1659522,7,-1,-1
1051.7123,114.11048,10.295166,19.904793,0.16572165,1,-1,-1
916.3515,117.74218,9.449951,21.219841,0.16531083,2,-1,-1
1012.86523,47.39874,14.505859,8.384556,0.16526723,3,-1,-1
728.9829,839.80365,40.75348,87.12097,0.16503021,10,-1,-1
1045.8156,252.18597,16.047607,24.801239,0.16496187,1,-1,-1
869.05255,25.383003,13.629639,17.599083,0.16493234,7,-1,-1
718.00995,13.8239565,6.9313354,12.622527,0.16419911,10,-1,-1
767.9395,0.0,15.801758,16.349094,0.16410655,7,-1,-1
891.7813,110.462746,11.222839,15.310257,0.16410312,1,-1,-1
1133.3765,610.27686,71.83496,83.66687,0.16399479,7,-1,-1
894.1364,111.33384,12.970459,16.863258,0.1639081,1,-1,-1
919.2434,265.03113,14.128967,22.080933,0.1638234,3,-1,-1
900.78754,148.33138,10.567078,18.853165,0.16352916,1,-1,-1
887.0885,120.94737,13.121338,22.618378,0.16338381,2,-1,-1
894.7328,147.92836,10.328857,23.478668,0.16322812,10,-1,-1
1069.5321,674.81006,42.73291,22.538513,0.16321328,10,-1,-1
1003.4797,180.36884,81.717224,36.67238,0.16313386,5,-1,-1
1000.5916,38.91278,12.2230835,8.952606,0.16300324,10,-1,-1
984.9485,335.313,51.83362,24.597595,0.16298062,10,-1,-1
889.3841,113.21743,15.57666,16.350914,0.16292426,7,-1,-1
865.2369,66.239044,15.13623,22.43872,0.16284639,1,-1,-1
1054.5768,138.34613,18.475342,12.3923645,0.16258606,3,-1,-1
711.76465,11.821977,7.717163,12.000943,0.16215697,1,-1,-1
218.15652,352.5585,20.189682,21.783997,0.16205442,3,-1,-1
725.4554,38.50051,29.211304,32.551476,0.16174695,7,-1,-1
986.1811,79.06926,31.8042,23.950096,0.16085246,8,-1,-1
907.9089,33.933468,5.9761353,16.951107,0.16082072,2,-1,-1
1110.1113,262.96088,34.009644,27.834198,0.16076264,7,-1,-1
1177.2417,325.52783,14.546387,22.457031,0.1606091,3,-1,-1
875.34644,22.294296,10.0616455,14.312222,0.16046211,10,-1,-1
1028.9521,108.24567,10.411987,18.525124,0.16029212,1,-1,-1
905.8843,103.95455,13.969177,18.260101,0.1602909,10,-1,-1
1054.5936,252.32326,16.696533,27.096176,0.1602673,10,-1,-1
993.67755,38.507378,22.325378,14.5026245,0.16020063,10,-1,-1
654.771,59.982708,17.871948,12.39114,0.16014716,7,-1,-1
910.9992,36.83601,23.216064,19.3223,0.15998408,7,-1,-1
879.37805,134.3772,22.740356,21.3573,0.1598677,10,-1,-1
1035.278,106.354614,11.579956,19.982185,0.15966257,1,-1,-1
906.3078,106.48758,9.591003,19.240479,0.15938106,1,-1,-1
721.1307,1.3954356,8.342346,11.388819,0.15902323,2,-1,-1
719.3711,2.1342916,6.958435,11.513256,0.15875971,1,-1,-1
906.518,113.92337,10.348694,18.772293,0.15868622,1,-1,-1
903.96576,152.61363,13.469482,18.869873,0.158656,7,-1,-1
1268.9045,526.9206,22.84375,29.011963,0.15825042,2,-1,-1
917.93427,113.50838,10.139526,21.244293,0.1582368,2,-1,-1
994.62067,30.848553,10.072144,10.127132,0.15814474,10,-1,-1
794.57275,240.23721,14.912231,24.72882,0.15779519,1,-1,-1
776.6307,8.341148,10.818726,16.474207,0.15725839,1,-1,-1
1016.46674,306.57397,14.964172,26.54132,0.15646246,10,-1,-1
1031.2755,271.8724,33.443604,31.845642,0.1561963,10,-1,-1
914.7253,40.068287,11.935608,15.682919,0.15590647,7,-1,-1
919.5121,264.48218,14.814514,23.184021,0.15565157,10,-1,-1
876.20807,131.4189,26.466858,25.463928,0.15564698,1,-1,-1
888.57855,138.11394,15.562744,17.3488,0.15550303,10,-1,-1
334.65765,470.38675,24.341766,36.580658,0.15517488,2,-1,-1
359.38116,1057.6781,95.738556,19.69812,0.15491253,4,-1,-1
975.9777,12.996097,38.864624,23.948483,0.15451705,4,-1,-1
550.97473,175.5882,27.427246,16.5522,0.15450725,7,-1,-1
