549.3444,485.99774,23.07074,36.312256,0.70687354,1,-1,-1
950.4756,97.73474,24.243225,29.578941,0.16613194,1,-1,-1
1079.9395,145.54903,47.513916,60.783966,0.16435832,6,-1,-1
1108.5073,20.724174,28.110718,22.387604,0.16218537,10,-1,-1
1146.0923,150.50082,25.554443,25.036621,0.16142559,5,-1,-1
1321.8221,767.1898,37.02368,19.369324,0.15164804,1,-1,-1
1053.4961,703.8771,25.77002,28.129639,0.13164252,1,-1,-1
1028.3501,182.59541,22.471924,28.622086,0.12952036,1,-1,-1
545.1577,478.32547,26.501526,28.687744,0.12484464,1,-1,-1
1142.0413,623.73615,31.226318,35.531555,0.118010074,4,-1,-1
525.52246,540.78094,24.699097,30.903442,0.11565861,1,-1,-1
1146.0923,150.50082,25.554443,25.036621,0.102425784,4,-1,-1
1108.5073,20.724174,28.110718,22.387604,0.09356192,3,-1,-1
1001.4176,192.2392,21.937622,26.238297,0.09053251,1,-1,-1
1102.2534,197.51959,23.94519,34.33632,0.08931756,6,-1,-1
991.76526,48.162457,21.986938,29.198948,0.08621091,10,-1,-1
1108.5073,20.724174,28.110718,22.387604,0.08498615,1,-1,-1
1104.7053,206.13704,26.30066,29.980728,0.079829335,4,-1,-1
1086.0564,143.57602,31.406738,29.152237,0.078752935,5,-1,-1
1102.2534,197.51959,23.94519,34.33632,0.07422641,5,-1,-1
1108.5073,20.724174,28.110718,22.387604,0.07351825,8,-1,-1
1102.2534,197.51959,23.94519,34.33632,0.07225594,9,-1,-1
493.7017,421.31104,28.938446,21.059235,0.07186654,5,-1,-1
504.81247,436.43906,26.928375,23.040985,0.070881546,10,-1,-1
503.6258,432.73767,26.993896,22.361633,0.07053909,4,-1,-1
1053.4961,703.8771,25.77002,28.129639,0.06910515,2,-1,-1
1028.3501,182.59541,22.471924,28.622086,0.06904456,2,-1,-1
1053.6053,703.8112,25.85083,28.363342,0.06898877,5,-1,-1
503.6258,432.73767,26.993896,22.361633,0.068580955,5,-1,-1
518.66736,448.97925,25.168701,25.770142,0.06845048,10,-1,-1
306.64722,77.023254,20.391754,35.092102,0.065071434,1,-1,-1
983.54626,47.37911,21.91217,31.554684,0.06428558,10,-1,-1
1146.0923,150.50082,25.554443,25.036621,0.06419721,6,-1,-1
1101.71,190.31036,23.262817,35.85692,0.063326985,4,-1,-1
1095.1018,188.63167,22.349976,33.239746,0.06289691,4,-1,-1
1070.8673,159.48428,35.28296,39.995804,0.06196043,6,-1,-1
1054.632,704.0489,26.079346,30.20398,0.06179619,10,-1,-1
1094.6674,201.8289,23.005371,31.087677,0.061490923,4,-1,-1
1075.2455,159.04655,29.909668,35.04811,0.060913533,4,-1,-1
947.0445,99.05458,25.854736,28.45343,0.060350537,2,-1,-1
1142.2524,623.67474,30.837036,35.334473,0.059276372,5,-1,-1
1010.5933,99.78314,20.248352,29.417847,0.05853823,1,-1,-1
1086.362,145.39618,30.482422,28.713776,0.058317393,4,-1,-1
496.38,426.8889,26.429138,23.646973,0.05821064,5,-1,-1
548.741,487.3832,22.889038,35.393097,0.05817747,2,-1,-1
1085.3037,204.78929,23.66272,30.177979,0.05732578,4,-1,-1
502.91382,341.19647,27.100403,27.33078,0.05699584,10,-1,-1
450.52386,398.46075,31.541687,20.249695,0.056884617,4,-1,-1
496.38,426.8889,26.429138,23.646973,0.056298465,4,-1,-1
991.76526,48.162457,21.986938,29.198948,0.05507821,1,-1,-1
991.76526,48.162457,21.986938,29.198948,0.054703742,3,-1,-1
1094.6674,201.8289,23.005371,31.087677,0.054671258,6,-1,-1
1053.4961,703.8771,25.77002,28.129639,0.054225713,4,-1,-1
459.68335,386.17987,29.910553,23.108765,0.054068208,4,-1,-1
1102.0604,654.87103,22.860596,30.240295,0.053932935,1,-1,-1
1066.2557,185.94456,25.566895,28.546555,0.053532034,4,-1,-1
1094.6674,201.8289,23.005371,31.087677,0.053408027,9,-1,-1
529.3817,363.6495,31.881409,23.096771,0.053198695,1,-1,-1
1089.1156,211.67484,27.451782,27.46872,0.05278659,4,-1,-1
542.4124,373.34464,27.771606,22.262512,0.052483708,1,-1,-1
1106.6399,204.42369,25.44104,31.868591,0.05103427,5,-1,-1
548.27167,488.06418,24.443848,35.43283,0.050837606,3,-1,-1
1086.2174,143.8452,30.623169,28.952698,0.050228745,6,-1,-1
1106.6399,204.42369,25.44104,31.868591,0.050115496,6,-1,-1
