669.70166,864.74457,53.957886,59.364136,0.99999833,4,-1,-1
561.09985,827.6908,54.729492,52.855164,0.9999699,4,-1,-1
431.4325,856.0686,76.29776,74.72894,0.9999137,4,-1,-1
570.9013,771.8626,47.753967,41.16162,0.9995475,4,-1,-1
423.02985,927.9517,98.87372,102.29974,0.99868953,4,-1,-1
740.52893,854.58905,43.142212,51.845642,0.9970794,4,-1,-1
646.05743,722.3165,34.378296,32.500732,0.91109586,4,-1,-1
739.52185,775.9468,34.599426,32.74713,0.88272136,4,-1,-1
426.49484,908.56287,92.24521,83.37543,0.77821434,4,-1,-1
788.3911,673.5702,27.743713,45.712708,0.7395071,9,-1,-1
794.8216,739.54333,26.96521,37.48694,0.7304465,4,-1,-1
670.2042,742.83496,31.726746,30.86969,0.6766509,4,-1,-1
709.82227,697.0247,30.94049,32.031616,0.6503319,4,-1,-1
731.90674,661.64795,28.851074,37.343506,0.26868042,6,-1,-1
670.7185,741.7574,31.308044,32.721558,0.2482583,5,-1,-1
794.68164,739.5721,27.088501,37.211914,0.13656348,5,-1,-1
739.6072,775.1938,34.891907,33.531128,0.12976152,5,-1,-1
669.73315,742.14795,32.223938,30.93274,0.12433374,8,-1,-1
645.997,721.9921,34.554993,32.426025,0.12259427,10,-1,-1
38.292248,898.83655,30.601871,37.437744,0.121382445,1,-1,-1
825.36584,680.12085,26.252686,34.3631,0.11608404,9,-1,-1
782.83344,619.66833,26.642578,40.36328,0.10595742,6,-1,-1
27.77947,897.6809,22.147749,41.660522,0.10342014,1,-1,-1
731.90674,661.64795,28.851074,37.343506,0.10063213,9,-1,-1
709.82227,697.0247,30.94049,32.031616,0.09279877,5,-1,-1
645.9184,722.1359,34.40863,32.51599,0.088457465,7,-1,-1
670.472,741.83356,31.254211,32.043396,0.08768302,7,-1,-1
645.9184,722.1359,34.40863,32.51599,0.08523029,8,-1,-1
731.46606,663.39233,29.384277,37.39789,0.084302366,5,-1,-1
746.54333,739.7684,26.409302,35.143433,0.08268538,4,-1,-1
825.36584,680.12085,26.252686,34.3631,0.08211151,4,-1,-1
739.52185,775.9468,34.599426,32.74713,0.08063868,1,-1,-1
794.8216,739.54333,26.96521,37.48694,0.080206186,6,-1,-1
782.83344,619.66833,26.642578,40.36328,0.0791738,9,-1,-1
49.610897,900.1115,30.326832,34.61206,0.0744136,1,-1,-1
645.43054,721.47266,34.48932,32.807373,0.074394196,5,-1,-1
743.883,755.1467,29.300842,40.62567,0.07320768,5,-1,-1
670.71533,742.63226,31.523804,31.923218,0.066079825,6,-1,-1
731.46606,663.39233,29.384277,37.39789,0.06340206,4,-1,-1
670.472,741.83356,31.254211,32.043396,0.061474204,10,-1,-1
737.62854,775.69574,36.085693,32.571106,0.056769103,6,-1,-1
785.95966,610.15063,30.092651,34.77112,0.056756467,6,-1,-1
746.54333,739.7684,26.409302,35.143433,0.056067824,5,-1,-1
709.73566,697.5486,31.547302,31.561523,0.05342701,6,-1,-1
794.68164,739.5721,27.088501,37.211914,0.052027762,1,-1,-1
794.8216,739.54333,26.96521,37.48694,0.051722765,9,-1,-1
645.9184,722.1359,34.40863,32.51599,0.05092019,1,-1,-1
743.883,755.1467,29.300842,40.62567,0.050911933,4,-1,-1
