546.9187,441.84775,7.248535,15.697662,0.9092729,1,-1,-1
539.89825,442.70572,7.3028564,15.159241,0.9089096,1,-1,-1
660.50543,431.67252,8.597839,15.476349,0.8810713,1,-1,-1
1141.5592,416.00967,7.6396484,14.388428,0.8246179,1,-1,-1
600.4612,658.32825,10.663818,24.293457,0.81899244,1,-1,-1
369.53134,518.737,10.57962,16.819885,0.8128325,1,-1,-1
913.92523,413.46005,6.64447,13.842682,0.80714643,1,-1,-1
594.7203,658.78534,9.8151245,22.791016,0.80110884,1,-1,-1
693.1555,424.12097,6.7475586,15.191742,0.78716826,1,-1,-1
191.33968,462.5227,8.752502,14.096313,0.78635716,1,-1,-1
165.58784,546.2981,11.784714,20.917908,0.76369274,1,-1,-1
1113.4537,369.71793,6.366577,12.298309,0.7598392,1,-1,-1
708.207,423.71765,6.13678,12.896515,0.75611234,1,-1,-1
899.29846,408.1824,6.472595,14.846588,0.75551844,1,-1,-1
980.0542,611.1064,13.017273,22.927917,0.75270915,1,-1,-1
704.1771,432.03647,6.647278,13.631683,0.74635196,1,-1,-1
602.43317,422.31793,8.045105,13.189362,0.73921454,1,-1,-1
542.867,442.18665,6.9005737,15.129272,0.7280396,1,-1,-1
863.62866,412.4255,6.925659,14.548767,0.7253269,1,-1,-1
718.1954,427.67392,6.2717896,13.971985,0.72095877,1,-1,-1
844.8382,411.12012,5.9328003,13.07547,0.71794045,1,-1,-1
1018.39606,513.63007,7.920105,15.41394,0.7140814,1,-1,-1
1024.8623,514.54443,7.914917,15.772034,0.71308833,1,-1,-1
689.99786,398.45053,6.4803467,12.664368,0.7104999,1,-1,-1
1150.0831,396.6711,7.027832,15.997131,0.7039623,1,-1,-1
885.1398,386.78568,6.1101074,11.685883,0.7025409,1,-1,-1
154.45683,484.95377,7.7918396,15.597656,0.6877237,1,-1,-1
447.03906,418.0772,6.3580933,11.309418,0.6874698,1,-1,-1
980.65497,371.28976,5.838257,12.066223,0.68550503,1,-1,-1
440.02887,418.47998,6.5610046,12.230957,0.6766374,1,-1,-1
852.0314,411.7133,6.440979,15.521881,0.6757845,1,-1,-1
877.9422,414.71832,6.6066284,14.644196,0.67310554,1,-1,-1
430.21698,405.12494,6.8194885,11.897278,0.67114806,1,-1,-1
1185.926,371.49692,6.2371826,12.437805,0.66333985,1,-1,-1
1185.2957,805.18854,19.157715,29.418823,0.662209,1,-1,-1
836.7292,418.86487,6.2440186,13.585632,0.66128427,1,-1,-1
886.84717,412.67136,6.977356,15.453918,0.6543286,1,-1,-1
874.6513,409.20367,5.902588,12.661041,0.6506355,1,-1,-1
1100.5111,462.89105,8.098877,15.531738,0.6486148,1,-1,-1
864.338,418.06085,7.0791016,13.0503845,0.6477252,1,-1,-1
742.8524,422.08157,6.0354614,14.961334,0.64438856,1,-1,-1
906.9576,408.7649,5.7316895,14.565857,0.6396199,1,-1,-1
724.14685,429.65146,6.3982544,13.9021,0.6359447,1,-1,-1
781.75085,422.99048,5.7907104,14.019287,0.6311742,1,-1,-1
698.9377,427.82602,6.1310425,14.081146,0.63061816,1,-1,-1
801.6063,422.39685,6.300171,14.17395,0.62680936,1,-1,-1
831.5879,413.26285,6.260254,12.841675,0.6215807,1,-1,-1
967.0988,373.49268,6.375244,12.714081,0.61546034,1,-1,-1
771.25995,422.26212,6.3636475,13.184296,0.6133777,1,-1,-1
728.038,421.72665,5.8757324,13.308411,0.6001369,1,-1,-1
752.1767,424.01114,6.098938,13.656677,0.5982025,1,-1,-1
615.31665,408.32837,7.4727783,10.779236,0.5979626,1,-1,-1
376.48483,412.41122,8.682007,13.901611,0.5934205,1,-1,-1
924.012,412.463,6.996399,13.527832,0.592896,1,-1,-1
733.9369,424.56943,5.9049683,13.01416,0.58820486,1,-1,-1
1214.6581,384.57993,6.8582764,12.924469,0.58022535,1,-1,-1
699.0338,403.10025,6.6132812,13.200226,0.57583386,1,-1,-1
1202.7214,405.1055,7.443115,14.004822,0.5753176,1,-1,-1
777.98035,417.80957,5.8692017,13.479279,0.56837827,1,-1,-1
743.4933,427.76892,6.401184,13.953125,0.5671395,1,-1,-1
815.5585,414.28552,5.9834595,13.781311,0.5663278,1,-1,-1
961.5737,374.90152,5.9158325,12.1232605,0.56437176,1,-1,-1
1019.94037,513.8358,10.788025,15.9019165,0.5632516,1,-1,-1
1176.5659,367.52213,5.7158203,13.1970215,0.5582364,1,-1,-1
103.52452,508.2638,10.100922,16.73462,0.55249983,1,-1,-1
38.168266,382.2888,16.81237,10.289215,0.5506157,4,-1,-1
1151.6093,374.30344,6.194458,12.709808,0.5405063,1,-1,-1
694.6598,399.5564,6.341736,13.114075,0.5353892,1,-1,-1
787.2412,548.7612,9.38092,18.092102,0.5324611,1,-1,-1
824.46094,395.1067,5.9127197,12.144287,0.5226763,1,-1,-1
820.0697,418.90186,5.281128,13.088043,0.5223588,1,-1,-1
581.34393,358.75162,16.56659,8.14679,0.5214552,4,-1,-1
1079.032,376.24,6.5754395,11.280182,0.5191484,1,-1,-1
1180.5052,366.66034,5.6973877,13.297119,0.50979024,1,-1,-1
1199.1576,423.83862,7.2773438,14.701935,0.5052356,1,-1,-1
785.6192,421.5003,5.8273926,13.411102,0.50277066,1,-1,-1
1166.5109,430.2397,8.207764,12.136963,0.49899673,1,-1,-1
1204.2008,439.66116,10.085449,12.218872,0.49840236,1,-1,-1
817.1426,433.78592,6.503113,14.48877,0.48726976,1,-1,-1
1014.4788,370.66095,6.3580933,12.013184,0.48675215,1,-1,-1
797.71027,414.79965,5.664612,13.334473,0.47976407,1,-1,-1
904.6687,408.61874,6.1204834,14.798035,0.47663888,1,-1,-1
812.53595,422.51144,6.1586304,13.371796,0.47379774,1,-1,-1
822.39386,395.50504,6.171692,12.045044,0.46673214,1,-1,-1
1189.3612,371.98593,6.1207275,12.270264,0.45205706,1,-1,-1
760.3829,422.6604,6.41156,15.882538,0.45145747,1,-1,-1
758.8298,347.82755,13.061523,7.9685974,0.45043445,4,-1,-1
743.49164,346.89697,14.667603,7.61084,0.44083667,4,-1,-1
684.0558,399.9506,6.4190674,12.339508,0.42533284,1,-1,-1
1185.3577,366.6461,5.979004,13.537415,0.42463332,1,-1,-1
359.63858,404.47467,8.080261,13.976837,0.41568738,1,-1,-1
926.31696,412.87997,6.6726074,12.507751,0.40000984,1,-1,-1
15.206349,354.2143,14.955295,9.439667,0.39041674,4,-1,-1
802.5982,419.81546,6.548828,13.355957,0.38899004,1,-1,-1
705.6521,424.0124,6.7528076,14.002686,0.38711953,1,-1,-1
782.9178,420.65497,6.0183716,14.420807,0.38686243,1,-1,-1
1097.3568,358.14542,5.635742,11.202667,0.38573456,1,-1,-1
617.57513,358.35812,13.689209,7.040924,0.385091,4,-1,-1
875.17535,411.1063,7.0147705,15.305298,0.38164318,1,-1,-1
704.1946,394.23007,6.6271973,12.227417,0.37725845,1,-1,-1
759.1602,419.72806,6.081665,14.483185,0.3738937,1,-1,-1
835.51794,414.9945,6.309387,14.062958,0.37280065,1,-1,-1
885.44653,409.12134,6.41156,13.666016,0.37183958,1,-1,-1
163.47083,544.95966,10.209106,19.542664,0.36894733,1,-1,-1
957.0633,374.90125,6.123047,12.158966,0.3630249,1,-1,-1
1131.2303,392.97458,6.145874,13.528198,0.3614543,1,-1,-1
839.40137,414.5023,6.769409,13.147308,0.3589115,1,-1,-1
709.1786,347.43768,15.718079,7.8009644,0.35744035,4,-1,-1
708.28656,395.167,6.2997437,12.169617,0.3551597,1,-1,-1
903.008,381.73358,5.6672363,10.97403,0.34859425,1,-1,-1
694.30426,396.22876,6.2543945,12.395416,0.3455966,1,-1,-1
1208.3052,439.5728,7.651245,11.608307,0.344998,1,-1,-1
699.3529,395.81802,6.421936,12.072266,0.34459764,1,-1,-1
29.433731,366.14383,19.740807,10.572449,0.34215903,4,-1,-1
1174.3048,431.18555,8.673584,11.423431,0.34171176,1,-1,-1
1171.9069,367.2163,5.529541,12.585785,0.3399753,1,-1,-1
131.54674,350.2993,13.633957,9.359253,0.337323,4,-1,-1
536.2318,441.79248,9.228821,17.237091,0.33726963,1,-1,-1
838.85535,418.2285,6.0247803,13.1371155,0.33489546,1,-1,-1
977.65814,370.8567,5.899475,11.973907,0.32893503,1,-1,-1
1071.8196,406.61115,8.370605,10.828796,0.324493,1,-1,-1
147.90883,335.4564,10.734772,7.4443054,0.32033288,4,-1,-1
879.504,374.81036,5.7001343,11.358246,0.31998742,1,-1,-1
1154.2139,394.017,6.762085,15.051605,0.3183947,1,-1,-1
1150.7557,391.83115,7.2421875,14.642853,0.31171167,1,-1,-1
103.78883,508.17154,9.869858,16.032501,0.30887002,2,-1,-1
899.0093,376.0299,5.276306,12.005341,0.30701965,1,-1,-1
1073.0839,376.9988,6.4613037,11.101868,0.30177993,1,-1,-1
957.67163,360.31805,5.446472,10.974304,0.30172783,1,-1,-1
142.67374,335.25525,12.338181,7.2852173,0.29715922,4,-1,-1
1081.1616,376.29538,7.291382,11.246979,0.29378965,1,-1,-1
952.94183,371.49628,5.5855103,12.184601,0.29071283,1,-1,-1
887.3752,386.6608,5.8776245,11.825226,0.29045975,1,-1,-1
1178.7496,369.50745,8.350098,13.645233,0.2893916,1,-1,-1
80.65823,374.81857,20.454262,11.348694,0.27916253,4,-1,-1
447.046,418.10098,6.231903,11.287201,0.2745369,2,-1,-1
962.686,343.27585,3.8501587,10.330261,0.27208915,1,-1,-1
899.64935,380.3443,5.8048096,11.564301,0.2710865,1,-1,-1
36.53401,385.49374,19.1941,11.247528,0.2675873,4,-1,-1
703.0909,404.70435,6.6627197,12.674927,0.2632066,1,-1,-1
102.53974,509.09863,12.50312,15.7146,0.26266068,3,-1,-1
367.08624,387.53137,7.265106,15.493011,0.26219028,1,-1,-1
960.89374,360.69687,5.569519,10.720703,0.26213259,1,-1,-1
1155.3911,398.0479,6.438965,14.193207,0.26165462,1,-1,-1
879.1099,387.16385,5.883606,11.344971,0.26152223,1,-1,-1
884.1149,374.9145,5.145752,10.864197,0.2606991,1,-1,-1
877.75354,410.59402,6.797241,13.356415,0.26064876,1,-1,-1
859.7529,375.84323,5.546631,10.605286,0.25772512,1,-1,-1
898.69653,370.62222,5.1953735,12.387085,0.2571926,1,-1,-1
602.2185,395.1277,5.911621,11.696106,0.25629127,1,-1,-1
1126.9747,365.00327,5.6185303,12.41922,0.25375062,1,-1,-1
708.50354,391.4117,6.7888794,12.440582,0.25271922,1,-1,-1
916.5422,413.49655,6.6921387,13.62085,0.25200045,1,-1,-1
1188.4723,437.10345,10.404907,11.675659,0.2509543,1,-1,-1
724.2802,424.4001,6.387207,14.12915,0.24801955,1,-1,-1
170.95815,328.6811,11.118393,7.7492065,0.24667498,4,-1,-1
853.73895,410.97354,6.2773438,13.660248,0.24622503,1,-1,-1
695.13654,402.45383,7.4103394,13.239899,0.24551219,1,-1,-1
581.0833,361.3723,17.350403,8.647308,0.24550089,4,-1,-1
961.9025,358.2034,5.1102905,10.236786,0.24200848,1,-1,-1
986.4634,356.33807,5.3898926,10.615387,0.24036399,1,-1,-1
180.8033,323.51938,11.718643,7.098877,0.23991784,4,-1,-1
3.08637,378.7283,22.110853,11.445007,0.23920661,4,-1,-1
1210.6335,402.6904,7.656372,13.921936,0.23771265,1,-1,-1
1117.225,360.34143,6.2817383,11.700836,0.23665938,1,-1,-1
684.7417,396.64615,5.637329,11.927399,0.23616543,1,-1,-1
704.4066,399.26495,6.3999023,13.155548,0.23490372,1,-1,-1
962.5159,346.90173,4.732483,10.645233,0.2347799,1,-1,-1
798.0837,417.73856,8.272583,15.71463,0.23394969,1,-1,-1
438.2351,419.7154,6.3218384,10.496399,0.23235497,1,-1,-1
117.15485,353.02127,12.51593,8.632874,0.22925162,4,-1,-1
1015.56024,367.41058,5.7470703,12.536713,0.22840399,1,-1,-1
903.41736,413.0026,6.6625366,12.399689,0.22794592,1,-1,-1
1068.1746,395.13577,6.5394287,13.04895,0.22588834,1,-1,-1
617.57513,358.35812,13.689209,7.040924,0.22476244,5,-1,-1
887.77545,409.5452,6.215515,13.634888,0.2243683,1,-1,-1
1079.726,361.97736,6.1278076,11.609772,0.22275737,1,-1,-1
1082.2721,361.8624,5.743408,11.436432,0.22223678,1,-1,-1
860.5919,411.9521,7.815979,15.352234,0.21798202,1,-1,-1
613.5088,406.1649,7.777405,11.497559,0.2164532,1,-1,-1
962.67426,352.55948,4.8828125,9.57843,0.21621737,1,-1,-1
166.6465,315.04907,11.768021,6.665802,0.21594605,4,-1,-1
740.3165,344.3481,15.509155,8.813019,0.21359506,4,-1,-1
726.40735,427.60852,6.956848,14.787048,0.21337444,1,-1,-1
662.8088,429.61435,9.174927,16.248322,0.21321356,1,-1,-1
1142.4486,357.48376,5.9383545,8.710449,0.21299651,1,-1,-1
798.27344,423.5134,6.0625,13.61792,0.21232021,1,-1,-1
953.15936,375.09778,6.9069824,11.330048,0.21150246,1,-1,-1
23.812447,367.15472,17.252003,10.240326,0.21146476,4,-1,-1
1094.4805,357.71295,6.0439453,11.711395,0.2111989,1,-1,-1
581.34393,358.75162,16.56659,8.14679,0.21006826,5,-1,-1
761.79504,427.61664,5.7666016,12.039429,0.20962265,1,-1,-1
953.1913,361.66824,4.8377075,10.493011,0.20820135,1,-1,-1
778.8928,421.2642,6.1765747,14.620209,0.20776433,1,-1,-1
761.38416,419.99457,5.7943115,13.561157,0.20755655,1,-1,-1
991.0017,357.01495,5.656555,11.004517,0.20749563,1,-1,-1
810.9744,387.19156,5.5594482,9.889435,0.2072753,1,-1,-1
30.367569,362.74432,20.254002,10.685974,0.20705187,4,-1,-1
580.34424,358.59793,17.328735,8.567169,0.20687151,6,-1,-1
738.09283,423.409,5.7802734,14.006805,0.20525768,1,-1,-1
708.1963,399.09457,6.5317383,12.363678,0.20507997,1,-1,-1
747.0991,348.40305,13.540588,7.239319,0.20495448,4,-1,-1
14.341341,524.31964,10.732609,18.62378,0.20402113,1,-1,-1
952.6692,367.18115,4.9973755,10.819641,0.20358181,1,-1,-1
106.06471,353.97562,5.825554,8.037415,0.20205706,4,-1,-1
874.5077,386.59857,5.9300537,10.732697,0.20075092,1,-1,-1
1212.2361,399.50397,7.301758,15.025696,0.20074415,1,-1,-1
905.93835,411.05127,8.492004,15.300079,0.19844165,1,-1,-1
1180.4476,362.96686,6.0177,12.248077,0.19777039,1,-1,-1
75.36915,379.2734,20.237976,10.562744,0.19705471,4,-1,-1
63.05172,359.53183,12.846733,10.193848,0.1968131,4,-1,-1
440.3544,418.60828,6.617157,12.022003,0.19594029,2,-1,-1
699.7714,391.69144,6.015808,11.662872,0.19591424,1,-1,-1
1161.4958,365.45337,5.454956,11.724976,0.19578582,1,-1,-1
9.243472,369.89124,17.638485,11.478638,0.1956197,4,-1,-1
758.80975,347.66293,13.043701,8.100616,0.19464451,5,-1,-1
1181.0134,372.4408,6.2581787,13.5355835,0.194395,1,-1,-1
898.95374,415.3644,6.3899536,13.7534485,0.19265392,1,-1,-1
982.02136,355.85434,5.0858765,9.898468,0.19150937,1,-1,-1
33.29024,360.16348,18.6904,13.450714,0.19128385,6,-1,-1
699.17377,430.55206,7.8723755,14.56192,0.19119734,1,-1,-1
719.6365,426.53223,8.947449,15.134796,0.189791,1,-1,-1
154.26143,484.49344,7.8454437,15.717224,0.18899933,2,-1,-1
617.0946,359.75122,17.73352,9.049133,0.18873718,4,-1,-1
1112.7054,361.21307,5.9023438,10.921173,0.18816161,1,-1,-1
1115.4625,370.31744,6.4682617,11.417633,0.1876114,1,-1,-1
174.40584,328.17926,14.353546,8.4348755,0.18738848,4,-1,-1
114.70886,353.265,10.385056,7.799103,0.18509126,4,-1,-1
884.57074,382.95462,5.4990234,11.177521,0.1847961,1,-1,-1
1078.4965,372.32065,6.223877,12.697479,0.1846548,1,-1,-1
62.16258,357.96594,13.880993,11.832733,0.18413347,5,-1,-1
29.554419,362.4303,21.55654,11.5035095,0.18123743,5,-1,-1
151.64752,334.86035,10.132828,7.3038635,0.18050548,4,-1,-1
19.31312,353.44995,18.41496,9.429626,0.18034697,4,-1,-1
865.2773,374.71997,5.540283,11.37442,0.18015513,1,-1,-1
121.44108,352.47144,12.619682,8.972168,0.17992687,4,-1,-1
103.15819,353.61765,11.463142,8.4001465,0.17953768,4,-1,-1
1116.0708,358.05527,7.5946045,10.284454,0.17919746,1,-1,-1
593.16113,381.76855,6.131653,8.024078,0.1787735,1,-1,-1
1155.1227,390.6712,6.541382,13.638855,0.17733622,1,-1,-1
869.7172,386.64215,5.6904297,10.574371,0.1759733,1,-1,-1
482.5149,272.16183,14.531433,5.8449097,0.17486262,4,-1,-1
1061.9327,349.22287,23.760742,11.3159485,0.17452648,4,-1,-1
4.9034,371.44592,16.780342,10.137573,0.17381173,4,-1,-1
39.447304,383.44788,16.1081,10.870117,0.17163888,5,-1,-1
438.65936,417.7777,12.247894,12.023102,0.17127267,10,-1,-1
801.1002,426.8049,5.9104614,12.397064,0.17117524,1,-1,-1
847.12115,412.2807,9.64624,15.220184,0.17099676,1,-1,-1
578.7585,361.0071,18.185669,8.742706,0.17084396,6,-1,-1
1098.698,464.17618,6.788452,15.083649,0.17071947,1,-1,-1
1176.3828,363.1153,5.4489746,12.933441,0.16966671,1,-1,-1
168.77892,551.24304,7.5476227,16.244751,0.16949898,1,-1,-1
967.54205,353.6685,5.169739,9.604523,0.16942462,1,-1,-1
1113.3434,358.2469,5.9503174,10.734558,0.16852671,1,-1,-1
77.94032,351.925,4.1364136,8.545837,0.1682533,1,-1,-1
708.97205,404.62442,7.0375977,11.924561,0.1673815,1,-1,-1
1200.9569,407.89648,7.2735596,12.382599,0.16710296,1,-1,-1
742.6943,417.1218,5.974182,13.177734,0.16688535,1,-1,-1
830.809,416.038,8.490784,14.240845,0.16548887,1,-1,-1
12.760877,367.7311,20.155018,12.24054,0.1653305,4,-1,-1
606.2927,396.32812,7.258911,10.095642,0.16520551,1,-1,-1
1116.1078,366.2362,7.132324,12.925781,0.1646527,1,-1,-1
694.8607,391.4766,6.01416,11.82666,0.164224,1,-1,-1
758.85175,345.7107,13.4599,10.012268,0.16405827,9,-1,-1
701.235,425.14392,8.589294,16.668365,0.16379052,1,-1,-1
149.75844,336.81177,7.3371124,7.4526367,0.16352123,4,-1,-1
706.47943,425.13104,9.03833,15.440979,0.16329846,1,-1,-1
191.60016,462.69455,8.627716,13.673126,0.16314867,2,-1,-1
165.83704,327.2927,14.667816,8.344452,0.1629914,4,-1,-1
1143.8691,358.99295,18.95459,10.110321,0.16279349,4,-1,-1
36.994232,366.08047,14.762775,9.408539,0.16265261,4,-1,-1
888.3436,417.32962,6.0496216,12.279572,0.16260669,1,-1,-1
163.84702,324.20508,14.613846,8.072266,0.16259769,4,-1,-1
174.9484,450.1443,5.839676,11.668762,0.1621325,1,-1,-1
1122.4348,361.55936,5.3741455,12.164185,0.16192842,1,-1,-1
656.025,385.7437,4.6690063,10.446259,0.16117257,1,-1,-1
801.3904,415.554,6.021118,13.80423,0.16054958,1,-1,-1
83.08969,351.6221,4.0941467,8.293457,0.1602126,1,-1,-1
442.69376,417.24963,11.9401245,11.961578,0.16011804,10,-1,-1
810.6063,375.79044,5.5092163,10.310699,0.15992907,1,-1,-1
172.48993,339.16623,15.4795685,11.46579,0.15978476,4,-1,-1
38.745132,363.57504,14.605797,8.839539,0.15971237,4,-1,-1
1155.6456,403.23175,6.5961914,13.428162,0.15963122,1,-1,-1
585.72217,363.3106,16.10553,7.8444214,0.15961856,4,-1,-1
691.36194,344.96124,11.3914795,7.3064575,0.15863633,4,-1,-1
991.3054,360.58102,5.2945557,10.626709,0.15830761,1,-1,-1
21.271393,382.58987,10.308336,8.188507,0.15822831,1,-1,-1
818.9925,433.0911,6.5976562,14.078125,0.157868,1,-1,-1
1190.2588,368.02872,5.9821777,13.200562,0.15742958,1,-1,-1
438.65936,417.7777,12.247894,12.023102,0.1569272,1,-1,-1
869.62006,375.87424,5.5025024,10.217926,0.15687165,1,-1,-1
985.867,353.54764,5.9022217,9.996185,0.15568301,1,-1,-1
723.87006,408.83563,5.4066772,10.268616,0.15543506,1,-1,-1
894.3705,376.02606,5.5703735,11.033722,0.1553021,1,-1,-1
971.1542,371.88953,5.9747314,12.128204,0.15506363,1,-1,-1
165.58784,546.2981,11.784714,20.917908,0.15483025,2,-1,-1
1204.1874,439.7671,9.421875,11.944153,0.1546174,2,-1,-1
448.65646,415.18915,7.52948,12.720947,0.1541448,1,-1,-1
1185.494,363.5365,5.489746,11.976074,0.15396774,1,-1,-1
10.797421,356.61627,17.23819,9.728241,0.15350163,4,-1,-1
814.43823,422.21136,6.948303,14.345886,0.15341812,1,-1,-1
1166.9988,431.58197,12.313843,12.876648,0.1532779,1,-1,-1
1142.2251,360.48956,6.1849365,11.883362,0.15244102,1,-1,-1
700.16034,397.01498,8.899658,15.184967,0.15201032,1,-1,-1
442.69376,417.24963,11.9401245,11.961578,0.15185821,1,-1,-1
438.65936,417.7777,12.247894,12.023102,0.15171587,3,-1,-1
739.1103,419.56674,6.566345,14.446655,0.1512664,1,-1,-1
33.346825,369.16058,17.361767,10.182129,0.15016395,4,-1,-1
593.07294,378.78244,4.687866,8.3064575,0.15011406,1,-1,-1
1150.7301,377.64072,7.4243164,13.470581,0.14977252,1,-1,-1
894.6678,371.44827,5.2163086,11.973755,0.14955935,1,-1,-1
1205.026,441.6118,6.2147217,11.626556,0.14951366,1,-1,-1
13.377169,381.35706,18.242153,9.599274,0.14925864,4,-1,-1
903.752,378.0585,5.143799,11.240875,0.14917737,1,-1,-1
125.189384,349.9841,17.09797,10.480652,0.14917001,4,-1,-1
1108.677,342.64786,16.886475,9.026855,0.14842555,4,-1,-1
466.00818,404.1017,6.0166016,13.203857,0.14836428,1,-1,-1
723.259,391.74866,6.0358887,11.145782,0.1482181,1,-1,-1
96.77498,358.22433,4.89093,8.6779175,0.14795387,1,-1,-1
581.34393,358.75162,16.56659,8.14679,0.1478557,9,-1,-1
12.339229,353.2751,13.804902,8.827454,0.14757407,4,-1,-1
1204.0513,402.01675,7.4140625,14.472107,0.1475684,1,-1,-1
1266.4208,370.51523,6.513672,13.326813,0.14711115,1,-1,-1
818.46857,415.23895,6.7527466,14.0277405,0.14683864,1,-1,-1
1132.2975,361.31464,5.026367,12.0578,0.14656022,1,-1,-1
980.19275,611.2853,12.978638,22.712097,0.1458258,2,-1,-1
1121.9391,350.4757,20.474365,10.921234,0.14481646,4,-1,-1
117.1231,328.0537,14.865501,7.635498,0.14468452,4,-1,-1
965.87665,350.5463,24.901855,11.431946,0.14408872,4,-1,-1
825.57715,392.98514,5.8969116,10.745941,0.14393097,1,-1,-1
180.83566,321.118,12.63205,7.3894653,0.14368835,4,-1,-1
0.0,382.0721,12.185992,10.57309,0.14320737,4,-1,-1
956.13794,357.99695,8.8012085,11.805939,0.14319599,1,-1,-1
807.62866,375.88297,5.203003,9.911987,0.14302811,1,-1,-1
353.36554,404.76328,7.2542114,13.765808,0.14300275,1,-1,-1
1071.7721,379.3567,7.1584473,11.560364,0.14284694,1,-1,-1
1146.9089,361.4443,5.45166,11.829407,0.14252335,1,-1,-1
953.30707,358.51575,5.128174,10.299164,0.14229119,1,-1,-1
1203.4253,439.63452,12.509644,12.293671,0.14223474,10,-1,-1
991.23615,353.79984,5.4572754,9.998993,0.14213997,1,-1,-1
1019.3626,513.54144,11.604065,15.966309,0.14213651,10,-1,-1
874.58,375.97214,5.4784546,10.320801,0.14194492,1,-1,-1
1011.73126,371.00705,6.814148,12.146332,0.14170831,1,-1,-1
106.5292,352.9004,14.850807,8.941559,0.14144534,4,-1,-1
1079.0112,364.48572,5.7181396,12.076813,0.14139557,1,-1,-1
699.9728,407.15625,5.5059814,12.146912,0.14119658,1,-1,-1
941.9908,370.83493,5.3895264,11.525909,0.1408492,1,-1,-1
724.96967,347.13812,13.708191,7.5747986,0.14047965,4,-1,-1
1122.8242,365.41766,5.822998,11.706238,0.1399776,1,-1,-1
442.69376,417.24963,11.9401245,11.961578,0.13971087,3,-1,-1
15.187946,354.2318,14.882761,9.060028,0.1391801,5,-1,-1
596.5293,657.9073,7.2145386,16.121338,0.13903713,1,-1,-1
728.82904,423.4096,8.92981,15.610443,0.13864836,1,-1,-1
729.9225,343.9509,11.52533,7.8726196,0.13844791,4,-1,-1
1174.785,370.26147,10.087769,11.487335,0.13830814,1,-1,-1
28.988195,366.59167,17.77128,10.581238,0.13814378,5,-1,-1
1176.0315,371.5018,6.261963,13.418091,0.13778365,1,-1,-1
1069.8804,377.24088,7.563843,10.834442,0.13762474,1,-1,-1
1024.7151,514.49457,7.9455566,15.698486,0.13755351,2,-1,-1
87.34548,351.39618,4.2641068,8.540009,0.13752809,1,-1,-1
732.3715,420.25247,7.963745,14.619904,0.13734606,1,-1,-1
819.37427,421.53094,7.3342896,13.546967,0.13724107,1,-1,-1
175.20425,334.10452,15.834702,8.447998,0.1372084,4,-1,-1
986.908,344.16373,4.844116,8.872803,0.13678762,1,-1,-1
709.2647,387.13733,6.131531,10.850494,0.13652125,1,-1,-1
3.5086722,378.36862,21.234219,11.72818,0.13651332,5,-1,-1
430.45883,405.28674,6.857025,11.640472,0.1363473,2,-1,-1
11.5644865,367.33533,21.498894,12.907043,0.1362794,5,-1,-1
935.6081,343.6938,20.039978,10.149536,0.1361776,4,-1,-1
958.06323,348.15005,5.2492065,9.625336,0.13543904,1,-1,-1
3.747844,352.12424,18.223364,9.7708435,0.13525209,4,-1,-1
6.484616,369.212,19.554813,13.146576,0.13515663,5,-1,-1
986.4625,347.44595,4.8466797,10.044128,0.1347166,1,-1,-1
23.984375,362.1922,17.196018,10.39917,0.13464308,4,-1,-1
902.5971,385.00027,6.834839,10.682526,0.13463032,1,-1,-1
1171.1355,368.78967,8.413452,13.777496,0.13458678,1,-1,-1
959.56335,342.38452,9.50293,11.373535,0.13440704,1,-1,-1
173.73668,343.56375,16.281021,9.36377,0.13438642,4,-1,-1
739.8759,423.07715,8.090149,15.532806,0.13405338,1,-1,-1
777.6558,410.57077,5.568054,12.092957,0.13385776,1,-1,-1
690.97144,423.616,7.079834,14.357941,0.13374469,1,-1,-1
134.39104,349.184,9.065735,8.63739,0.13312307,4,-1,-1
1213.9927,382.35074,9.052124,11.313965,0.13243273,1,-1,-1
165.58784,546.2981,11.784714,20.917908,0.13232192,4,-1,-1
29.595709,366.0731,19.302763,10.700958,0.13215408,6,-1,-1
748.9341,423.6668,5.890686,13.43689,0.13197562,1,-1,-1
830.8931,382.67468,5.0324707,10.160706,0.13172868,1,-1,-1
573.39136,357.8854,20.795715,9.119843,0.1316208,4,-1,-1
0.7256166,334.0797,11.026334,7.4450073,0.13159549,4,-1,-1
758.6811,426.1136,6.809204,14.046753,0.13044822,1,-1,-1
694.0839,427.7971,7.218811,15.473541,0.13031027,1,-1,-1
21.271393,382.58987,10.308336,8.188507,0.1300376,10,-1,-1
594.7203,658.78534,9.8151245,22.791016,0.12984502,2,-1,-1
709.3562,347.59503,15.099915,7.7723083,0.12982216,5,-1,-1
18.497213,356.48944,13.534838,8.81073,0.12979084,4,-1,-1
960.6549,351.94574,8.9748535,10.543488,0.12977436,1,-1,-1
1108.4429,359.0723,4.96521,10.25592,0.12975901,1,-1,-1
2.3207142,378.45444,23.605562,12.08902,0.12965727,6,-1,-1
80.65823,374.81857,20.454262,11.348694,0.1293602,6,-1,-1
743.623,347.14987,14.333252,7.485962,0.12898242,5,-1,-1
461.69922,405.11282,5.7781677,11.798889,0.1285496,1,-1,-1
719.2034,347.45273,13.957336,7.5067444,0.12837866,4,-1,-1
30.808372,359.54123,22.199844,15.8663025,0.12831509,9,-1,-1
359.58127,404.5426,8.010437,13.786774,0.1281771,2,-1,-1
835.1859,396.25513,5.741211,11.19873,0.12787694,1,-1,-1
92.998215,358.38782,4.3607635,9.068634,0.12786701,1,-1,-1
969.1243,374.43307,7.2113037,12.451569,0.1269654,1,-1,-1
782.49316,408.61337,5.4854736,11.078003,0.12691581,1,-1,-1
908.6076,382.5363,5.6636353,10.537384,0.12686062,1,-1,-1
957.7747,353.31613,4.5786133,9.175262,0.12684566,1,-1,-1
719.81213,390.85315,6.762268,12.03717,0.12675416,1,-1,-1
10.09693,366.73685,23.236261,13.936462,0.12659714,6,-1,-1
713.94824,424.59146,6.1914673,12.127594,0.12636879,1,-1,-1
81.77391,374.6362,19.287888,11.64917,0.1263529,5,-1,-1
1070.085,380.11807,6.260498,10.967957,0.12579006,1,-1,-1
1142.0039,355.81583,16.609985,11.484497,0.12578818,4,-1,-1
920.8276,346.9364,18.796875,9.950592,0.12574145,4,-1,-1
176.01848,323.8851,15.792221,9.275726,0.12552261,4,-1,-1
681.27545,400.37473,6.5806885,12.135376,0.12540218,1,-1,-1
1016.04285,514.453,7.7128296,14.131836,0.12524629,1,-1,-1
44.103363,381.85095,18.021809,9.716431,0.12521145,4,-1,-1
1218.56,381.5664,6.312256,11.336792,0.12498742,1,-1,-1
611.02704,396.77225,6.7302246,9.522644,0.124892265,1,-1,-1
995.76807,360.8677,5.6967773,10.931976,0.124826044,1,-1,-1
959.88855,347.08588,9.303467,11.338959,0.12463689,1,-1,-1
814.8809,419.13605,8.798462,11.301941,0.12463269,1,-1,-1
466.16162,408.0931,6.1579285,14.235809,0.124449015,1,-1,-1
984.0777,667.63055,18.94519,31.088318,0.12443307,1,-1,-1
947.93286,371.12494,5.2627563,11.376617,0.12437391,1,-1,-1
728.88055,340.3677,13.287598,6.5872803,0.12393278,4,-1,-1
69.946304,381.17398,21.413567,10.42926,0.12367323,4,-1,-1
1019.94037,513.8358,10.788025,15.9019165,0.12357101,2,-1,-1
888.9033,376.05338,5.959961,10.11264,0.12251976,1,-1,-1
840.9416,411.19598,7.347351,13.060486,0.12232265,1,-1,-1
1148.6981,359.57852,20.815063,10.233307,0.12220192,4,-1,-1
1150.5918,402.8386,6.713135,11.910675,0.1221115,1,-1,-1
815.8074,428.73273,7.0473022,15.0920105,0.122062296,1,-1,-1
714.8057,427.18378,7.4334106,13.965179,0.12193757,1,-1,-1
865.0595,386.65015,5.4906616,10.88681,0.12192431,1,-1,-1
924.4084,340.9607,25.131958,11.332672,0.12185848,4,-1,-1
1128.0984,408.61484,6.2420654,13.36972,0.121664464,1,-1,-1
5.9041877,368.90234,21.107143,14.247192,0.12149626,6,-1,-1
980.63525,611.6726,12.818481,22.567688,0.12102714,4,-1,-1
14.004266,351.19855,19.459076,10.536133,0.12082577,4,-1,-1
581.0833,361.3723,17.350403,8.647308,0.12079409,5,-1,-1
617.8325,362.17645,12.722107,7.331665,0.12046495,4,-1,-1
164.86497,546.3699,11.932404,20.794739,0.12030837,3,-1,-1
29.008566,381.56897,21.359415,9.773315,0.11997563,4,-1,-1
37.39773,363.163,16.30968,9.5191345,0.11973849,5,-1,-1
124.24005,353.2648,6.8651276,8.407776,0.11954144,4,-1,-1
813.063,413.9562,6.6586914,14.303101,0.119274944,1,-1,-1
706.69543,420.28162,9.167908,15.0911255,0.118775606,1,-1,-1
925.6941,346.84595,27.46222,12.2535095,0.11876297,4,-1,-1
694.2874,421.57684,5.753296,13.032501,0.11840466,1,-1,-1
1020.04926,365.84012,5.662903,11.70639,0.11838761,1,-1,-1
17.727432,348.25327,16.92337,8.783844,0.118332356,4,-1,-1
688.4116,396.50763,9.61615,11.601166,0.11832985,1,-1,-1
855.5698,413.11572,9.434998,15.200165,0.118284374,1,-1,-1
13.968723,362.13364,16.182928,8.8967285,0.11807746,4,-1,-1
101.56604,507.7329,9.083427,13.32251,0.11805245,1,-1,-1
1171.746,363.1885,5.1677246,12.256348,0.11803341,1,-1,-1
48.79741,335.96704,12.809746,6.4078064,0.11797851,4,-1,-1
139.20981,334.71637,11.657745,7.090027,0.117798954,4,-1,-1
928.37683,371.1763,5.0114746,11.206085,0.117672205,1,-1,-1
77.97094,377.38034,16.464409,9.185547,0.117483616,4,-1,-1
1206.6771,442.29514,10.589966,10.879761,0.117421985,1,-1,-1
1064.9435,366.84183,5.213379,10.578796,0.11716825,1,-1,-1
1122.8152,357.18283,4.7226562,10.771698,0.11713329,1,-1,-1
1005.7284,362.56906,5.7125854,10.438843,0.11711463,1,-1,-1
952.60815,342.68655,4.934082,9.8619995,0.11709982,1,-1,-1
60.557392,357.1122,15.386776,12.745544,0.11699107,6,-1,-1
30.996134,357.81946,18.915262,11.345215,0.116733134,4,-1,-1
982.4847,344.0442,4.7112427,8.944489,0.1161927,1,-1,-1
42.661034,383.40738,12.929649,7.171936,0.116170436,4,-1,-1
1156.1122,362.07507,5.462158,10.966064,0.11590043,1,-1,-1
1137.5659,417.098,9.842163,14.516754,0.11584845,1,-1,-1
656.5625,432.162,10.148376,14.9487915,0.11583075,1,-1,-1
1029.4108,367.41617,6.9749756,10.697784,0.11568263,1,-1,-1
172.63525,330.02505,13.903351,10.130432,0.11567181,4,-1,-1
960.3292,372.13394,9.329895,13.585022,0.11560917,1,-1,-1
1082.9176,378.4481,6.1115723,11.587158,0.11548996,1,-1,-1
920.10065,341.32928,18.705872,10.663116,0.11532679,4,-1,-1
864.3746,408.82907,6.382202,12.565582,0.114839196,1,-1,-1
1160.7025,428.59128,7.114624,13.350708,0.11466867,1,-1,-1
169.5367,333.6952,14.599808,8.30423,0.11458841,4,-1,-1
600.50793,658.4328,10.613098,24.183472,0.114557624,2,-1,-1
131.54674,350.2993,13.633957,9.359253,0.11432877,5,-1,-1
1151.7269,372.9993,6.006958,11.580414,0.11417553,2,-1,-1
3.796249,377.0946,16.897486,9.735107,0.113710344,4,-1,-1
542.60516,441.49835,12.762512,18.03482,0.11327642,1,-1,-1
1166.3779,430.5775,7.9001465,11.578308,0.11321351,2,-1,-1
737.4426,427.01553,7.0474854,14.370331,0.113125265,1,-1,-1
982.40454,347.53217,4.647583,10.078735,0.11275405,1,-1,-1
712.87115,396.30273,7.2996826,11.187042,0.11274922,1,-1,-1
164.75352,545.73236,6.71344,14.831421,0.11273,1,-1,-1
913.1845,382.56284,6.3549805,11.14447,0.11264855,1,-1,-1
1185.3824,437.9048,9.724365,11.225159,0.11229342,1,-1,-1
103.01592,344.2386,10.787979,7.7731934,0.11216673,4,-1,-1
196.01361,334.14594,10.463394,8.6935425,0.11207643,4,-1,-1
676.48126,349.06476,11.343567,6.563019,0.11195895,4,-1,-1
