394.88333,724.9115,10.379242,14.071289,0.6469096,1,-1,-1
797.95795,386.0445,6.3553467,13.448822,0.5874768,1,-1,-1
787.77045,65.598114,7.886841,20.193443,0.5797565,1,-1,-1
790.2104,50.26866,7.579712,19.746216,0.5721538,1,-1,-1
768.2716,58.00491,8.218201,19.265774,0.56399024,1,-1,-1
1237.0568,166.88654,12.828247,18.860733,0.5456504,1,-1,-1
394.82822,665.6003,9.316193,13.272339,0.5441178,1,-1,-1
403.22128,755.3937,10.06723,12.605591,0.53195345,1,-1,-1
737.1912,215.12952,10.689392,15.022186,0.5204864,1,-1,-1
786.6412,586.4496,8.71637,18.95105,0.48787344,1,-1,-1
474.88626,659.3785,8.150482,10.591309,0.47976312,1,-1,-1
816.3021,70.92553,6.7853394,17.788208,0.47508338,1,-1,-1
811.4017,213.27495,8.846619,18.542023,0.44784653,1,-1,-1
1225.1367,172.96051,12.274902,17.350204,0.44622123,1,-1,-1
797.4064,593.4344,8.755798,18.790222,0.41770124,1,-1,-1
464.70303,661.21136,8.823761,11.064697,0.40039456,1,-1,-1
464.498,750.0951,12.556976,11.561035,0.40020064,1,-1,-1
730.5741,250.0414,12.051941,19.955978,0.39920112,1,-1,-1
409.98914,655.841,7.734375,14.798157,0.3989444,1,-1,-1
793.7207,567.49414,8.624756,17.03363,0.3969664,1,-1,-1
406.1416,656.2784,8.0130005,14.530334,0.39259163,1,-1,-1
779.658,118.012985,7.0181274,13.978561,0.38746905,1,-1,-1
411.7276,691.0536,10.828949,13.752808,0.38740072,1,-1,-1
431.52505,691.27136,9.368805,12.682678,0.38355482,1,-1,-1
746.24255,214.69684,7.7022095,11.86441,0.37659112,1,-1,-1
763.858,215.67528,7.89093,13.866943,0.37459618,1,-1,-1
768.3252,542.7295,9.50592,12.761353,0.35797802,1,-1,-1
793.96265,567.5621,9.167236,19.726501,0.34610695,3,-1,-1
816.3021,70.92553,6.7853394,17.788208,0.32531846,10,-1,-1
451.8461,731.10016,9.7664795,11.452637,0.32523084,1,-1,-1
860.0265,135.33026,28.837463,42.8526,0.32502347,6,-1,-1
778.9729,45.025997,8.603149,22.816982,0.3206275,1,-1,-1
921.51556,0.0,38.371338,22.027916,0.31896776,6,-1,-1
755.7045,215.95761,8.327026,13.095047,0.31527096,1,-1,-1
824.4928,37.319344,7.623474,18.533268,0.31395733,1,-1,-1
434.7254,640.5538,13.14679,23.439087,0.3119732,1,-1,-1
796.2539,567.87744,7.5283203,13.397766,0.30392963,1,-1,-1
1225.0613,173.03166,11.853882,16.976242,0.30049676,2,-1,-1
792.3996,390.27805,6.67395,11.236511,0.2997055,1,-1,-1
417.43143,680.1835,10.0383,13.633057,0.29361796,1,-1,-1
587.01196,711.7125,11.110107,13.918213,0.28384984,1,-1,-1
796.3586,385.2612,7.419861,13.62973,0.27538076,2,-1,-1
1385.016,640.24585,10.865234,20.381226,0.27086514,1,-1,-1
740.32007,215.92976,11.45752,13.010895,0.26592046,1,-1,-1
824.4809,36.916775,7.670532,19.115181,0.26574984,10,-1,-1
921.51556,0.0,38.371338,22.027916,0.2544784,5,-1,-1
1059.556,5.683469,34.374878,26.51197,0.25098556,4,-1,-1
786.726,586.594,9.1466675,18.899414,0.24668106,2,-1,-1
1058.8429,5.2049007,35.52893,27.028955,0.24250546,5,-1,-1
798.01514,386.59888,6.2838135,13.624481,0.24219579,10,-1,-1
816.8733,70.54633,6.5907593,17.496384,0.24187124,2,-1,-1
798.67017,385.164,4.8078613,10.00473,0.23230761,1,-1,-1
924.8064,0.0,35.34967,20.08812,0.2317299,4,-1,-1
775.71136,206.76956,13.182495,18.325165,0.22973293,1,-1,-1
796.0889,593.1077,10.747253,18.167542,0.22781426,2,-1,-1
434.68024,638.8906,13.051392,25.479126,0.22446409,10,-1,-1
795.46454,387.85254,7.4260254,15.506134,0.22012135,1,-1,-1
470.0405,659.1709,13.440765,12.977173,0.21729884,1,-1,-1
430.57214,691.7902,9.815277,11.687683,0.21571839,2,-1,-1
408.7331,689.963,10.205841,15.038269,0.21251735,1,-1,-1
795.8515,592.0102,11.144897,21.277588,0.21234983,3,-1,-1
1213.5692,165.7028,12.116699,14.049469,0.21220508,2,-1,-1
794.96704,387.39014,8.430481,16.443329,0.20955396,10,-1,-1
755.7045,215.95761,8.327026,13.095047,0.20679784,2,-1,-1
760.4598,216.4295,9.117004,13.4796295,0.20598164,1,-1,-1
775.75604,206.74347,13.106201,18.506104,0.20534986,10,-1,-1
741.3112,127.64311,9.174927,13.122726,0.20410883,1,-1,-1
755.6592,216.13055,13.633667,13.194305,0.1996502,10,-1,-1
464.498,750.0951,12.556976,11.561035,0.19760361,2,-1,-1
1237.1254,166.32738,12.6604,19.176697,0.19715244,2,-1,-1
794.32764,567.6293,8.658508,15.026062,0.18773898,2,-1,-1
785.6603,586.2074,10.677551,24.515015,0.18701792,3,-1,-1
463.6344,659.93774,17.499847,13.583862,0.18213284,1,-1,-1
1227.796,170.37076,14.788574,19.536224,0.18145272,1,-1,-1
921.51556,0.0,38.371338,22.027916,0.18006775,8,-1,-1
792.01764,390.39462,7.0479126,11.325317,0.17996529,10,-1,-1
415.62814,692.1507,8.793457,12.141357,0.17993766,1,-1,-1
751.6682,215.84068,8.457275,11.685898,0.17813343,1,-1,-1
859.8081,135.27115,28.839355,43.246643,0.17754397,5,-1,-1
791.4622,391.1699,5.6203003,8.511658,0.17634729,1,-1,-1
435.5234,651.17334,9.767731,11.938049,0.17598814,1,-1,-1
816.069,71.30898,7.143921,18.011292,0.17531148,3,-1,-1
781.78656,605.26184,9.260437,22.049744,0.17514253,3,-1,-1
435.8562,648.83154,9.473297,14.159485,0.17384839,2,-1,-1
779.658,118.012985,7.0181274,13.978561,0.1725322,2,-1,-1
405.24078,653.94794,13.783478,18.447998,0.17240494,1,-1,-1
736.24725,215.35037,12.563782,15.103775,0.17193261,2,-1,-1
720.2053,0.0,52.508423,20.062088,0.17125168,4,-1,-1
414.82187,678.7091,12.320099,21.315063,0.1699112,1,-1,-1
1213.5692,165.7028,12.116699,14.049469,0.1692878,1,-1,-1
775.71136,206.76956,13.182495,18.325165,0.16669291,2,-1,-1
791.6841,390.80447,5.963928,9.724823,0.16620371,2,-1,-1
732.8751,249.24438,10.616516,14.145416,0.16166165,1,-1,-1
732.6316,250.08937,10.441406,16.22194,0.16163194,2,-1,-1
420.637,679.42804,7.2294006,10.871826,0.1609945,1,-1,-1
393.4211,667.14996,7.6888123,10.693359,0.16053808,1,-1,-1
1211.9342,166.89337,12.817139,12.829544,0.16045076,10,-1,-1
795.7571,567.55396,8.083984,15.22345,0.15967652,10,-1,-1
428.2004,775.4391,7.9792175,12.104858,0.15850511,1,-1,-1
768.5252,542.71704,9.702209,12.820984,0.15825394,2,-1,-1
784.0678,594.3308,11.953613,31.212341,0.15824375,3,-1,-1
920.64307,0.0,39.243164,22.57933,0.156869,7,-1,-1
906.1608,129.79268,22.290466,14.709656,0.1528767,4,-1,-1
413.64175,690.11896,7.364685,11.453003,0.14995977,1,-1,-1
410.4365,682.0236,15.653442,23.329163,0.14916512,1,-1,-1
814.3547,214.4142,7.356201,14.515778,0.14905167,1,-1,-1
743.31726,224.14185,11.842102,14.796738,0.14618734,1,-1,-1
671.8978,263.25797,7.815857,8.723816,0.14560929,1,-1,-1
811.23004,213.5943,9.504456,17.76184,0.1452119,2,-1,-1
756.4224,215.86813,11.916321,13.751892,0.14446902,3,-1,-1
444.18384,679.7782,12.369232,11.741943,0.14398941,1,-1,-1
396.41818,665.4426,5.625824,10.664551,0.1435481,1,-1,-1
445.2338,765.0245,9.902893,13.2473755,0.14354503,2,-1,-1
860.8142,135.06543,28.58136,43.063156,0.14212498,4,-1,-1
1161.8928,179.32713,13.758789,29.915894,0.14191338,1,-1,-1
434.99298,638.8515,12.5433655,25.537354,0.14181906,3,-1,-1
719.10724,0.0,51.009094,21.069462,0.14124194,10,-1,-1
827.5262,561.13293,8.430725,13.314575,0.14114866,1,-1,-1
795.4564,388.42178,7.597534,14.825104,0.14023173,2,-1,-1
444.9894,765.2468,10.241638,12.787781,0.14017025,1,-1,-1
762.87897,216.3,8.942139,13.110291,0.13965455,2,-1,-1
792.5655,52.69701,7.1448975,15.089649,0.13760221,1,-1,-1
797.2136,568.3093,6.2526245,10.934082,0.13695729,2,-1,-1
418.37936,679.9887,7.1786194,9.669189,0.13654128,1,-1,-1
430.44348,691.3028,9.511017,13.222351,0.13526183,10,-1,-1
785.23914,604.07904,7.6849365,18.234009,0.13523522,2,-1,-1
763.9587,215.73291,7.5267334,13.88591,0.13509244,10,-1,-1
430.57214,691.7902,9.815277,11.687683,0.13478047,3,-1,-1
798.67017,385.164,4.8078613,10.00473,0.134361,2,-1,-1
920.64307,0.0,39.243164,22.57933,0.13220099,9,-1,-1
812.1876,213.64409,8.3125,17.396606,0.13180098,10,-1,-1
411.71646,656.9053,4.5658264,11.969421,0.13138735,1,-1,-1
435.5157,640.73157,11.659607,23.289978,0.13119426,2,-1,-1
776.8217,407.35062,4.121399,7.5019226,0.13105693,1,-1,-1
464.40335,661.3982,12.30542,11.163696,0.13067031,10,-1,-1
464.5323,661.8734,10.383759,10.381714,0.13031405,2,-1,-1
437.82336,762.5592,19.572998,17.854248,0.128963,10,-1,-1
404.3912,657.6691,7.2801514,13.993835,0.12831557,1,-1,-1
790.54156,56.96238,5.9244995,17.961784,0.12736678,1,-1,-1
752.89197,215.31187,18.87323,14.794861,0.12591329,1,-1,-1
749.5025,214.81186,13.947144,14.231903,0.12531585,1,-1,-1
407.5846,657.3973,4.806244,10.763855,0.12530923,1,-1,-1
406.1416,656.2784,8.0130005,14.530334,0.12514946,2,-1,-1
474.88626,659.3785,8.150482,10.591309,0.12507841,2,-1,-1
796.2539,567.87744,7.5283203,13.397766,0.12472305,3,-1,-1
827.78577,554.19385,18.40625,46.34149,0.124679565,1,-1,-1
411.1937,692.4602,6.3618164,11.457581,0.1243079,1,-1,-1
720.98706,0.0,51.219116,20.680916,0.12428346,7,-1,-1
763.9587,215.73291,7.5267334,13.88591,0.12427497,3,-1,-1
762.35364,409.81476,4.2631836,9.668945,0.12420142,1,-1,-1
797.83954,386.64468,6.6412964,13.667786,0.124064,3,-1,-1
775.66315,408.89236,5.6261597,11.983582,0.12381238,1,-1,-1
442.87894,766.0278,9.075989,11.66156,0.1235697,2,-1,-1
785.1073,606.00757,7.8272095,17.70642,0.12264058,3,-1,-1
426.64673,762.69446,33.440735,24.849487,0.12260774,10,-1,-1
816.84656,72.92572,4.939331,11.294304,0.12257245,2,-1,-1
828.0554,547.41223,12.690979,27.119751,0.12095484,1,-1,-1
794.96704,387.39014,8.430481,16.443329,0.120554626,3,-1,-1
797.6763,594.0496,7.2625732,12.938782,0.11964998,2,-1,-1
418.7583,680.11237,9.724731,13.444336,0.1195423,2,-1,-1
792.01764,390.39462,7.0479126,11.325317,0.119235545,3,-1,-1
740.32007,215.92976,11.45752,13.010895,0.119045705,2,-1,-1
721.183,0.0,51.356995,22.437613,0.118608624,5,-1,-1
415.92365,681.0391,10.04245,15.392761,0.1180754,2,-1,-1
787.1133,588.02466,12.634155,34.192688,0.116473466,1,-1,-1
798.86835,386.39774,6.5060425,12.1336975,0.11646408,2,-1,-1
752.71747,61.61968,14.495605,30.393085,0.11641413,10,-1,-1
1198.1455,189.06714,14.533813,23.55754,0.1158517,1,-1,-1
450.88464,731.8638,8.220886,8.00238,0.11584002,1,-1,-1
720.97125,0.0,51.161133,19.728903,0.11428091,8,-1,-1
1061.0521,7.022237,33.081543,22.719196,0.113805056,6,-1,-1
891.82666,67.81363,19.633545,23.952171,0.11340749,4,-1,-1
778.66943,52.51523,6.7300415,18.266014,0.113053024,1,-1,-1
745.9631,214.54846,8.112061,12.37233,0.11230317,2,-1,-1
794.0898,388.60373,5.4937134,10.130737,0.112041116,1,-1,-1
790.3336,391.10864,6.0843506,12.966949,0.11188108,1,-1,-1
415.3987,679.2611,12.1405945,19.831543,0.111771524,3,-1,-1
787.1133,588.02466,12.634155,34.192688,0.11171773,3,-1,-1
428.55203,688.2167,13.18161,18.142456,0.11107084,1,-1,-1
1161.8928,179.32713,13.758789,29.915894,0.110815495,10,-1,-1
412.04068,691.1622,11.725372,13.328064,0.1104036,2,-1,-1
1059.0779,5.4796143,34.571777,26.46551,0.10981619,9,-1,-1
756.8395,239.8287,14.058777,11.614334,0.109739184,3,-1,-1
745.28436,228.3105,10.541199,11.198013,0.10972875,10,-1,-1
796.20605,384.55362,9.491028,11.062012,0.10954714,1,-1,-1
762.774,407.196,3.9227905,8.907684,0.108869106,1,-1,-1
464.36554,749.99054,12.87442,11.825073,0.108742744,10,-1,-1
439.8498,763.2541,17.281311,16.449951,0.10825136,2,-1,-1
442.65384,766.4622,9.351593,10.97522,0.10808852,1,-1,-1
779.7907,118.118256,6.9908447,14.261215,0.10789445,10,-1,-1
443.90286,680.227,10.60025,15.464172,0.1075854,2,-1,-1
759.72455,215.96082,9.300598,12.885849,0.106407225,2,-1,-1
919.5974,116.63214,4.0769653,9.1274185,0.10609904,1,-1,-1
1381.9052,635.7013,17.6156,26.950928,0.10594922,1,-1,-1
394.82822,665.6003,9.316193,13.272339,0.10589886,3,-1,-1
816.5897,76.53687,7.663574,23.714409,0.10573444,1,-1,-1
451.6347,730.6014,9.125061,11.378235,0.10546097,2,-1,-1
416.03336,677.9085,8.70282,13.399048,0.10544744,1,-1,-1
800.2059,594.0644,6.716736,14.581543,0.10526955,1,-1,-1
783.4078,605.80914,7.9889526,19.254333,0.1052362,1,-1,-1
406.94846,656.01337,10.006165,16.057617,0.10523218,3,-1,-1
443.2539,679.28345,12.124054,17.401367,0.10504553,10,-1,-1
790.229,564.1677,12.812317,27.616882,0.10499993,10,-1,-1
604.6245,704.60767,10.411682,17.392029,0.104947776,1,-1,-1
793.42126,391.20566,5.897339,8.238007,0.10385755,2,-1,-1
788.5647,50.933422,11.723999,29.426617,0.10355213,1,-1,-1
767.0991,58.215,10.240601,19.475742,0.1031681,2,-1,-1
432.88614,694.05505,5.942749,8.464966,0.10252288,1,-1,-1
788.7478,577.5191,12.072449,30.289246,0.10231677,3,-1,-1
439.8498,763.2541,17.281311,16.449951,0.10213396,1,-1,-1
409.98914,655.841,7.734375,14.798157,0.101312816,2,-1,-1
397.64508,664.68353,8.605194,12.249023,0.10105175,1,-1,-1
761.3191,412.1131,4.7857056,9.961945,0.10077527,1,-1,-1
799.71014,594.34845,8.141968,13.790161,0.10053146,2,-1,-1
783.21185,606.41724,7.953247,17.994629,0.099951416,2,-1,-1
764.6752,54.77068,13.291626,20.624287,0.09989789,1,-1,-1
429.69305,693.54553,8.064209,9.970337,0.099161595,1,-1,-1
817.10583,72.34272,4.675415,12.603233,0.09895548,1,-1,-1
395.20422,665.2559,8.332123,12.721252,0.098915696,2,-1,-1
1390.2218,640.2956,8.610107,17.124512,0.09852937,1,-1,-1
792.4231,568.8235,12.702637,29.53009,0.09786689,3,-1,-1
860.0265,135.33026,28.837463,42.8526,0.09760842,9,-1,-1
754.9042,217.25534,5.8362427,11.432892,0.09755719,1,-1,-1
417.55,691.26575,6.610443,8.959839,0.097136885,1,-1,-1
393.23273,723.3169,15.675995,20.422424,0.09694743,1,-1,-1
411.43127,688.431,13.279205,17.774475,0.0966993,3,-1,-1
409.34015,691.132,9.760712,12.721985,0.096672595,2,-1,-1
720.97125,0.0,51.161133,19.728903,0.09660789,6,-1,-1
412.6533,686.3477,9.649689,13.13562,0.09652531,1,-1,-1
768.2716,58.00491,8.218201,19.265774,0.095998585,10,-1,-1
399.5899,752.2737,14.323975,18.68451,0.09547159,1,-1,-1
799.03906,387.67462,7.419739,13.816345,0.095090866,1,-1,-1
1224.5134,172.60437,13.36499,18.934479,0.09503576,10,-1,-1
463.12054,658.4047,21.24173,16.96991,0.094908744,10,-1,-1
414.27393,680.03467,9.2994995,15.085022,0.09463099,1,-1,-1
1262.959,203.18709,26.87024,25.295609,0.094439,1,-1,-1
790.9627,53.802914,5.5214233,12.925999,0.094292074,1,-1,-1
768.8701,56.062225,11.961365,24.391876,0.09387779,1,-1,-1
797.4064,593.4344,8.755798,18.790222,0.09371781,10,-1,-1
464.40335,661.3982,12.30542,11.163696,0.09253517,3,-1,-1
793.68,591.664,7.951233,15.755737,0.092395276,1,-1,-1
448.93607,733.83234,14.080078,10.8377075,0.09219587,1,-1,-1
473.2252,661.258,7.9554443,7.8848267,0.09188178,1,-1,-1
466.38635,663.73016,9.668243,8.90979,0.09176272,1,-1,-1
396.0282,726.60986,7.0342712,10.129578,0.09172335,1,-1,-1
426.9379,771.822,13.41272,15.721924,0.09161112,1,-1,-1
811.4017,213.27495,8.846619,18.542023,0.09088847,3,-1,-1
736.6355,215.36888,14.3573,14.612671,0.09059784,10,-1,-1
467.19785,752.68567,8.840759,8.074402,0.08992979,1,-1,-1
794.54834,570.19476,5.1029053,13.750244,0.0898453,1,-1,-1
414.82187,678.7091,12.320099,21.315063,0.08972034,10,-1,-1
1283.3998,197.56857,20.619995,22.828781,0.08967683,1,-1,-1
443.44324,678.8462,11.554718,18.358154,0.08939254,3,-1,-1
1162.2104,179.07816,13.3654785,30.517166,0.08921602,3,-1,-1
741.8811,222.28825,14.336121,18.69069,0.08920026,10,-1,-1
788.7478,577.5191,12.072449,30.289246,0.08905113,1,-1,-1
1362.4635,479.52444,37.05725,54.750336,0.08891478,4,-1,-1
790.0811,65.37616,6.0985107,13.967148,0.08848503,1,-1,-1
470.0405,659.1709,13.440765,12.977173,0.0883041,10,-1,-1
1194.9896,189.20152,16.251831,24.542847,0.088196665,3,-1,-1
392.6808,726.1912,9.615601,14.95459,0.0880062,1,-1,-1
741.3825,127.307625,8.998047,13.5674515,0.087675184,2,-1,-1
790.229,564.1677,12.812317,27.616882,0.08766425,1,-1,-1
406.40225,655.4306,10.981842,17.173157,0.08755708,10,-1,-1
751.261,215.71822,9.502014,12.148163,0.08672643,2,-1,-1
429.54837,760.45844,30.906433,19.243103,0.08659837,1,-1,-1
1227.9537,170.85222,14.238037,18.58583,0.08636621,2,-1,-1
1122.8054,0.0,17.08667,24.863993,0.08634016,4,-1,-1
752.71747,61.61968,14.495605,30.393085,0.08592093,5,-1,-1
748.56104,215.39023,7.3900146,10.320206,0.08544642,1,-1,-1
798.0161,592.5362,12.220947,26.564148,0.08537957,3,-1,-1
797.79767,567.6178,5.3842773,9.401855,0.08494234,1,-1,-1
813.19464,215.0185,5.6881714,12.821472,0.084833175,1,-1,-1
780.0277,212.56812,10.326782,13.335571,0.08442655,1,-1,-1
466.22745,663.38306,5.092987,9.532593,0.08441532,1,-1,-1
1383.6208,637.73083,15.409668,23.34967,0.08441305,2,-1,-1
397.2256,723.37537,9.951263,12.440735,0.083798796,1,-1,-1
412.2738,689.856,11.86496,15.654602,0.083325565,10,-1,-1
1305.4316,87.81241,9.099121,25.32389,0.08317062,1,-1,-1
736.2268,217.48409,6.9474487,13.215134,0.082834125,1,-1,-1
419.55765,679.01666,10.465179,18.087646,0.08268887,1,-1,-1
830.9978,0.0,50.27411,81.60016,0.08246586,9,-1,-1
749.3028,215.42003,16.225647,13.597519,0.08232203,10,-1,-1
729.21063,248.46512,15.20636,22.595764,0.08223525,2,-1,-1
428.55203,688.2167,13.18161,18.142456,0.0819675,3,-1,-1
402.1648,654.76746,10.154877,13.728699,0.08187571,1,-1,-1
756.8395,239.8287,14.058777,11.614334,0.08164835,10,-1,-1
432.72394,694.24164,6.3160095,8.032349,0.081420004,2,-1,-1
471.97168,662.3584,9.173584,10.826233,0.0812774,1,-1,-1
1243.3701,184.69159,13.536377,18.398895,0.08124277,1,-1,-1
446.76422,768.0767,6.955658,11.158447,0.08107266,1,-1,-1
464.8107,750.37524,9.024017,7.4161377,0.08100775,1,-1,-1
798.09143,390.18073,5.385193,12.727936,0.08077049,1,-1,-1
1064.7539,38.629143,6.9908447,14.566837,0.0807305,1,-1,-1
414.99146,693.79114,5.758728,8.765503,0.08066103,1,-1,-1
775.5514,406.73843,6.4384155,9.820709,0.08054155,1,-1,-1
446.79672,768.62354,6.8184814,10.452942,0.08041468,2,-1,-1
786.111,591.22845,15.332092,27.775574,0.08034146,2,-1,-1
798.11816,594.3769,6.1257324,11.872864,0.08022538,1,-1,-1
818.2019,71.442215,6.4211426,14.50132,0.08016759,1,-1,-1
394.72464,665.0738,9.455597,13.269592,0.080096126,10,-1,-1
436.58615,652.9439,6.671875,10.167725,0.08004251,2,-1,-1
758.49445,214.01143,15.477478,17.210709,0.07997841,10,-1,-1
1263.6211,194.52876,13.795898,15.749985,0.07976842,1,-1,-1
792.82623,587.9725,12.716309,19.882507,0.07970473,3,-1,-1
770.9771,58.025684,7.1066284,16.095715,0.079286665,1,-1,-1
410.39413,691.346,8.097137,8.314148,0.079170346,1,-1,-1
742.76526,223.45808,13.065674,16.719269,0.07910773,3,-1,-1
786.50183,50.519386,8.162781,18.242043,0.07905418,1,-1,-1
786.92487,586.4768,9.049011,19.220093,0.078900814,10,-1,-1
787.80774,62.747807,8.310425,20.348309,0.07864386,3,-1,-1
1227.4921,174.10379,7.8616943,13.142426,0.07861209,1,-1,-1
739.37775,212.96259,14.922913,21.93512,0.07838729,1,-1,-1
405.09335,657.4643,5.203491,9.527954,0.078089505,1,-1,-1
786.30225,600.738,8.353455,19.441162,0.07804251,3,-1,-1
920.15967,0.0,39.565857,21.604788,0.078020096,10,-1,-1
744.8774,227.83696,10.8133545,10.838287,0.07791111,2,-1,-1
771.7336,53.04632,14.871033,25.58086,0.07788512,1,-1,-1
750.97363,60.92674,14.818909,31.56625,0.07785082,4,-1,-1
795.6811,591.80566,12.580139,21.57959,0.07758716,7,-1,-1
931.03723,593.03595,24.367188,62.2323,0.07755306,1,-1,-1
829.955,555.8624,9.287781,17.710083,0.07750344,1,-1,-1
752.89197,215.31187,18.87323,14.794861,0.07745534,2,-1,-1
412.81528,694.2613,12.125732,14.254761,0.077365726,1,-1,-1
787.5164,567.1229,12.207886,24.476257,0.07735893,3,-1,-1
1198.5336,188.4803,14.062134,24.35698,0.07724422,10,-1,-1
823.60724,38.997837,6.838745,16.12307,0.07711631,2,-1,-1
816.3021,70.92553,6.7853394,17.788208,0.077102244,4,-1,-1
823.85724,37.93337,7.455139,17.568607,0.076896936,4,-1,-1
416.71323,685.4686,9.654968,10.510315,0.07668504,1,-1,-1
768.4008,97.84079,7.109375,16.461197,0.07653266,1,-1,-1
467.44965,662.20624,8.028168,7.540222,0.07648727,1,-1,-1
814.51526,70.68781,10.858398,23.57174,0.07643983,1,-1,-1
798.0161,592.5362,12.220947,26.564148,0.07633585,1,-1,-1
769.38367,59.764378,5.316223,14.415684,0.0762274,1,-1,-1
792.6886,387.81744,8.2335205,11.808502,0.07612759,2,-1,-1
767.91003,57.63015,8.298218,19.918098,0.07602918,3,-1,-1
761.25543,216.28552,5.5109863,11.083832,0.07601079,1,-1,-1
794.5875,569.6656,5.6904297,9.6427,0.075882405,2,-1,-1
1236.3853,170.90337,15.058838,23.085892,0.0755465,1,-1,-1
1386.2675,641.42535,9.647217,18.24469,0.07547766,2,-1,-1
788.7478,577.5191,12.072449,30.289246,0.07538116,10,-1,-1
1235.1863,169.79971,9.111938,15.577927,0.0753555,1,-1,-1
1158.0516,183.75218,13.678101,27.040329,0.075303406,10,-1,-1
749.5025,214.81186,13.947144,14.231903,0.07528615,3,-1,-1
733.49976,253.06087,10.91864,20.448196,0.074965745,1,-1,-1
393.79263,665.1478,5.5259705,10.310181,0.07477459,1,-1,-1
731.81335,254.02368,7.4681396,17.126617,0.07476455,1,-1,-1
906.1608,129.79268,22.290466,14.709656,0.07445744,5,-1,-1
436.04675,648.4796,10.357239,16.31726,0.074419945,10,-1,-1
736.6355,215.36888,14.3573,14.612671,0.07433349,3,-1,-1
720.2053,0.0,52.508423,20.062088,0.07410875,1,-1,-1
1227.2694,174.16293,7.9764404,12.270233,0.07410818,2,-1,-1
1213.8832,163.50952,13.24646,19.341553,0.07396299,10,-1,-1
824.34296,40.122982,5.0375977,14.0494,0.07378656,1,-1,-1
486.3964,564.02905,62.83847,90.27722,0.0735701,4,-1,-1
412.39725,657.16254,7.598877,14.411011,0.07339454,1,-1,-1
1263.4663,197.59949,16.497314,21.030258,0.07304251,1,-1,-1
721.6293,0.0,49.669373,20.20081,0.072928846,3,-1,-1
470.0405,659.1709,13.440765,12.977173,0.07291606,2,-1,-1
1300.8414,6.705211,13.214966,24.718662,0.07289678,1,-1,-1
1222.402,164.26639,14.337036,22.543213,0.07283378,1,-1,-1
1271.4756,225.81725,19.412476,26.704163,0.07267356,1,-1,-1
1210.3457,166.52513,13.635254,20.049454,0.07259151,1,-1,-1
788.7478,577.5191,12.072449,30.289246,0.07248163,2,-1,-1
792.6886,387.81744,8.2335205,11.808502,0.07213551,10,-1,-1
418.81903,679.7422,9.524353,14.271606,0.07211661,10,-1,-1
984.4599,73.658195,5.4836426,8.211861,0.071813434,1,-1,-1
826.8067,130.9745,5.552307,13.595398,0.07122803,1,-1,-1
775.903,55.3903,7.6607056,15.545353,0.07119092,1,-1,-1
443.21454,678.4964,13.296692,11.816895,0.071159154,2,-1,-1
1355.9924,485.91193,43.52832,114.21088,0.071106344,4,-1,-1
787.08276,67.821396,6.515625,13.992706,0.07068241,1,-1,-1
785.64624,66.42726,11.817383,26.930527,0.07066569,1,-1,-1
826.18207,38.78137,6.1310425,16.125385,0.070620984,2,-1,-1
442.81488,684.2066,8.195679,14.656311,0.07061142,1,-1,-1
793.7948,568.8304,7.4906006,11.637634,0.07056245,3,-1,-1
476.3002,662.4649,6.101013,10.05481,0.070405334,1,-1,-1
472.34543,659.54926,10.747986,11.921753,0.07032952,3,-1,-1
427.1687,765.9841,19.136932,21.422241,0.07017514,1,-1,-1
426.64673,762.69446,33.440735,24.849487,0.07003346,7,-1,-1
789.0588,588.376,8.180298,14.914429,0.06995934,1,-1,-1
391.8316,660.8595,14.400024,17.980042,0.06983465,1,-1,-1
1209.3881,165.38512,14.730469,22.729202,0.06956208,10,-1,-1
799.5523,593.72516,9.303833,17.362305,0.06944093,3,-1,-1
1263.6211,194.52876,13.795898,15.749985,0.06938991,2,-1,-1
463.14667,658.925,20.131287,15.480469,0.069355994,3,-1,-1
465.8804,659.5541,5.952942,10.281433,0.06935084,1,-1,-1
429.54837,760.45844,30.906433,19.243103,0.06934562,2,-1,-1
819.1403,128.18181,6.569275,14.972168,0.06919679,1,-1,-1
1157.9457,184.34615,14.087036,26.017792,0.06907365,1,-1,-1
427.7216,763.1344,31.74179,24.409546,0.06887716,3,-1,-1
428.55203,688.2167,13.18161,18.142456,0.068740994,2,-1,-1
823.23096,133.23071,5.6879272,13.374817,0.06870976,1,-1,-1
413.60593,691.07587,7.7152405,8.93811,0.06858873,2,-1,-1
426.03647,760.0321,34.86969,24.78363,0.06833714,8,-1,-1
760.4598,216.4295,9.117004,13.4796295,0.068309724,7,-1,-1
751.4499,240.38507,12.919373,10.744064,0.06824884,3,-1,-1
397.05252,658.34344,14.758484,18.798645,0.06816909,1,-1,-1
433.7988,650.5772,14.450226,15.199097,0.06815013,2,-1,-1
758.49445,214.01143,15.477478,17.210709,0.067937255,3,-1,-1
428.48264,774.4724,7.38031,13.071533,0.06793058,2,-1,-1
822.64777,31.811548,11.90741,23.543798,0.06778759,10,-1,-1
878.2058,261.3202,6.3150024,13.515869,0.06776962,1,-1,-1
430.79175,764.89813,27.12436,22.645813,0.06759694,1,-1,-1
1387.8959,643.22595,6.9732666,15.193359,0.06757921,1,-1,-1
798.0171,591.1238,11.842712,24.66986,0.06740826,2,-1,-1
777.7504,117.89858,11.910706,17.765007,0.067085296,1,-1,-1
814.8987,214.31,6.472595,14.11972,0.067037135,2,-1,-1
797.9676,390.83646,6.1514893,7.769684,0.06697577,2,-1,-1
731.85944,214.21529,15.475525,21.112854,0.06647763,1,-1,-1
420.88367,679.9546,7.0344543,9.45105,0.06640223,2,-1,-1
775.8678,206.59377,12.99176,18.784882,0.0663943,4,-1,-1
404.44864,757.959,6.144684,10.536865,0.06637892,1,-1,-1
771.4584,544.0381,5.8220215,10.042236,0.06635365,1,-1,-1
418.90094,679.4124,9.602814,12.393005,0.06623003,3,-1,-1
403.60324,755.374,11.446594,13.304565,0.06619924,2,-1,-1
418.24997,693.387,5.249695,9.61969,0.06614494,1,-1,-1
752.8859,61.30321,14.217651,31.20319,0.06611726,8,-1,-1
906.1608,129.79268,22.290466,14.709656,0.06610742,10,-1,-1
794.0994,51.184113,5.07605,12.478771,0.06607866,1,-1,-1
827.2533,583.7362,6.544739,10.651184,0.06600124,1,-1,-1
784.0678,594.3308,11.953613,31.212341,0.065864086,1,-1,-1
816.5897,76.53687,7.663574,23.714409,0.06571475,10,-1,-1
407.50122,659.9637,5.4427185,13.796326,0.06565842,1,-1,-1
416.2383,690.6843,8.372009,11.0338745,0.06554738,2,-1,-1
428.37885,769.22156,13.157532,17.831665,0.06535673,2,-1,-1
817.10583,72.34272,4.675415,12.603233,0.06532401,10,-1,-1
465.16888,747.7135,17.34378,15.74176,0.0652948,1,-1,-1
754.3808,215.90114,8.058838,13.136887,0.06521329,10,-1,-1
788.4008,49.769695,9.074402,21.634655,0.065121025,3,-1,-1
824.4809,36.916775,7.670532,19.115181,0.06494981,3,-1,-1
1237.0568,166.88654,12.828247,18.860733,0.064843476,4,-1,-1
439.85034,765.1204,8.804352,13.632751,0.06447968,1,-1,-1
407.61777,689.84845,8.054138,12.184265,0.06446165,1,-1,-1
1157.9457,184.34615,14.087036,26.017792,0.06438911,3,-1,-1
413.79684,695.16956,7.8322754,10.79718,0.06435534,1,-1,-1
746.04254,237.52975,21.718506,14.678482,0.06431988,3,-1,-1
1385.4857,644.03033,7.0162354,14.859741,0.0640178,1,-1,-1
434.76862,689.9341,7.2279663,11.606323,0.063981086,1,-1,-1
431.02658,766.09656,21.089233,19.06012,0.0638867,2,-1,-1
769.34406,543.7617,5.7230835,10.205872,0.06384891,1,-1,-1
774.918,204.5668,9.47345,15.819168,0.06367412,1,-1,-1
439.18814,652.74963,6.2737427,10.580933,0.06332174,2,-1,-1
859.8081,135.27115,28.839355,43.246643,0.063229054,8,-1,-1
1160.394,235.14038,34.754883,17.416428,0.06319991,4,-1,-1
736.2947,219.05582,9.873962,15.290131,0.063165754,1,-1,-1
431.02658,766.09656,21.089233,19.06012,0.06306335,10,-1,-1
1230.8469,174.95992,9.669556,17.901459,0.063046336,1,-1,-1
1150.9276,13.283606,7.067627,11.805267,0.06300649,1,-1,-1
407.4477,657.8066,5.1300964,9.922607,0.0629541,2,-1,-1
792.82623,587.9725,12.716309,19.882507,0.06288874,1,-1,-1
419.07645,682.16223,5.141144,9.587891,0.06288499,1,-1,-1
1370.1754,571.333,20.36621,37.851868,0.06286448,1,-1,-1
787.81384,65.8574,7.687439,19.467255,0.06283137,2,-1,-1
877.37054,194.63008,7.2094116,8.538162,0.062829554,1,-1,-1
779.7907,118.118256,6.9908447,14.261215,0.06281048,3,-1,-1
793.7391,568.47675,7.3845825,16.081543,0.06274274,10,-1,-1
473.8147,658.93866,6.659912,7.9713745,0.06255427,1,-1,-1
1243.0892,184.90454,14.444702,18.26361,0.062499523,2,-1,-1
426.9379,771.822,13.41272,15.721924,0.062389076,10,-1,-1
786.0181,60.982265,11.976257,21.370197,0.062158257,1,-1,-1
818.0972,72.420784,6.963623,12.271561,0.06199026,2,-1,-1
816.849,77.37359,4.675659,13.477623,0.061928183,1,-1,-1
907.3498,135.09355,18.778381,8.5980835,0.061869293,4,-1,-1
727.1088,246.3023,19.58014,26.773071,0.06180793,1,-1,-1
474.88626,659.3785,8.150482,10.591309,0.061638862,10,-1,-1
1124.5071,0.8156399,16.506836,23.765533,0.06142363,6,-1,-1
433.47345,690.0746,8.99295,11.964111,0.06120515,2,-1,-1
1164.761,188.95059,7.796875,19.141571,0.06119564,1,-1,-1
822.9072,129.35541,35.88977,54.565918,0.061166435,4,-1,-1
466.57767,658.16754,11.252502,11.144104,0.061151177,1,-1,-1
408.99832,690.60443,10.294983,14.0789795,0.061064154,3,-1,-1
852.9314,226.87173,5.814331,13.099518,0.060727447,1,-1,-1
1220.1093,170.8236,19.066284,22.481705,0.06070751,1,-1,-1
785.8626,604.896,6.6433105,16.104553,0.060676277,1,-1,-1
465.9647,751.83954,6.0812073,9.515991,0.06062585,1,-1,-1
756.3196,238.03831,13.529236,21.628067,0.060528398,3,-1,-1
435.17523,767.9542,8.226227,14.889404,0.06050718,1,-1,-1
449.00244,729.2317,14.335724,10.526245,0.060504258,1,-1,-1
787.2447,582.0622,8.7771,20.912964,0.060487777,3,-1,-1
1229.3274,163.63565,17.909546,20.631073,0.060384005,1,-1,-1
436.45813,653.7477,6.544586,8.687927,0.060358137,1,-1,-1
780.14136,41.46105,7.343689,18.682938,0.06019795,1,-1,-1
1264.4495,203.44374,23.278809,24.281616,0.060159832,2,-1,-1
1088.1918,21.09259,7.0841064,13.490128,0.060142666,1,-1,-1
436.54092,647.76086,9.452179,17.095215,0.05988723,3,-1,-1
755.22595,421.34283,4.0495605,9.682098,0.05983603,1,-1,-1
1201.8468,186.30968,9.959351,21.079971,0.059803754,1,-1,-1
1237.095,157.16502,13.918579,23.986221,0.059713185,1,-1,-1
756.20966,60.299736,13.8688965,32.728554,0.05970764,1,-1,-1
779.1543,598.65845,14.405701,26.08722,0.059696943,3,-1,-1
794.49756,589.0188,9.678467,16.647278,0.05960703,2,-1,-1
1158.5184,234.2127,36.427124,38.585815,0.05953926,4,-1,-1
1193.2571,193.40437,18.449707,23.507843,0.059450418,10,-1,-1
429.5949,774.96277,5.153717,9.928772,0.059348166,1,-1,-1
1340.4225,526.4341,59.098267,82.49658,0.059257627,4,-1,-1
1075.224,38.670666,7.024536,17.604187,0.05921465,1,-1,-1
463.75354,659.68243,16.050354,14.25061,0.05919537,2,-1,-1
759.28174,412.6798,5.2649536,10.624115,0.05902669,1,-1,-1
