1069.8889,19.392965,27.999634,39.79744,0.96177334,6,-1,-1
40.836185,498.95602,19.467262,34.855743,0.7128317,1,-1,-1
614.9396,603.81177,17.670471,35.70685,0.6767222,1,-1,-1
660.7439,543.4123,16.437988,41.749207,0.5483222,1,-1,-1
624.04803,603.8784,17.193909,35.37445,0.4905246,1,-1,-1
648.78094,552.1635,19.479126,32.63495,0.47204384,1,-1,-1
650.4247,532.48785,17.598999,36.68048,0.34876937,1,-1,-1
645.7078,544.5781,17.986572,35.407715,0.18977356,1,-1,-1
664.0685,535.1181,16.17743,41.746704,0.18959779,1,-1,-1
45.43603,500.42636,24.221561,34.358734,0.1322613,1,-1,-1
1069.3948,19.184044,28.163208,39.93115,0.1018469,7,-1,-1
40.836185,498.95602,19.467262,34.855743,0.07690111,2,-1,-1
1263.8046,28.360365,34.521606,19.29474,0.07406494,5,-1,-1
654.82007,535.98724,21.10736,34.692993,0.07393065,1,-1,-1
1263.0247,28.18869,35.64392,19.813961,0.06740022,4,-1,-1
61.675186,506.33636,18.559929,35.43219,0.06516835,1,-1,-1
769.7979,421.39978,66.53375,44.142487,0.054557294,8,-1,-1
1069.3948,19.184044,28.163208,39.93115,0.05282879,4,-1,-1
1079.84,0.8688996,38.020508,17.31428,0.051074088,7,-1,-1
