793.61633,312.2651,124.826355,430.5867,0.6132619,9,-1,-1
803.10077,321.05273,128.81305,431.68793,0.5525298,6,-1,-1
873.89166,199.78317,21.624695,28.355637,0.08528352,1,-1,-1
867.21906,198.34912,19.861877,30.342499,0.07337502,1,-1,-1
869.9648,194.637,29.872864,21.322052,0.067821115,1,-1,-1
884.73987,203.14842,18.921448,30.046997,0.06199667,1,-1,-1
943.9532,0.0,36.405823,18.489342,0.06141326,9,-1,-1
867.73566,194.7361,31.926453,20.41626,0.060787767,7,-1,-1
1030.3219,245.68896,48.991455,19.824402,0.060634643,4,-1,-1
869.9648,194.637,29.872864,21.322052,0.060164183,2,-1,-1
871.3856,202.40652,25.395569,24.754105,0.058358878,10,-1,-1
869.9648,194.637,29.872864,21.322052,0.0541465,10,-1,-1
