694.2859,846.15796,188.92749,133.31274,0.8777965,5,-1,-1
1123.1885,166.55551,51.723755,26.217606,0.80703264,4,-1,-1
1258.8901,171.51126,35.63391,28.15741,0.719101,4,-1,-1
1128.2404,160.45312,56.74182,23.678284,0.67805606,4,-1,-1
1136.1907,151.82307,61.344727,22.732529,0.6073939,4,-1,-1
638.48755,606.931,20.310547,44.810974,0.56980985,1,-1,-1
1146.027,139.62903,64.69653,24.147354,0.5225528,4,-1,-1
614.76636,713.2951,21.074707,42.902832,0.47411934,1,-1,-1
1288.5463,121.11895,40.97461,31.15023,0.46057782,9,-1,-1
579.8336,183.41908,51.56073,25.548233,0.34758186,6,-1,-1
691.95013,844.87164,192.29083,133.25085,0.28529263,1,-1,-1
1146.9819,138.94218,64.40625,24.83844,0.27523643,5,-1,-1
1288.5463,121.11895,40.97461,31.15023,0.2504063,6,-1,-1
691.95013,844.87164,192.29083,133.25085,0.24999934,8,-1,-1
1136.1907,151.82307,61.344727,22.732529,0.22875315,5,-1,-1
1258.8901,171.51126,35.63391,28.15741,0.22132847,5,-1,-1
693.2786,845.2152,190.28027,134.06897,0.1959076,4,-1,-1
626.806,606.75494,22.714905,41.440063,0.17632052,1,-1,-1
1128.2404,160.45312,56.74182,23.678284,0.15326747,5,-1,-1
1258.8901,171.51126,35.63391,28.15741,0.14449212,7,-1,-1
666.6545,567.9136,18.486145,45.594116,0.13805845,1,-1,-1
678.01215,567.52405,19.439148,44.559265,0.13010374,1,-1,-1
727.2794,583.55994,33.727417,27.630981,0.1279817,1,-1,-1
1258.8901,171.51126,35.63391,28.15741,0.12767708,8,-1,-1
1288.5463,121.11895,40.97461,31.15023,0.12673956,4,-1,-1
1142.6001,147.331,63.099976,24.261719,0.12528524,6,-1,-1
1120.9023,164.93968,54.81848,26.344788,0.11151275,5,-1,-1
7.865324,234.3697,67.87304,23.770126,0.11131394,4,-1,-1
694.1225,846.41907,188.8761,133.01666,0.10929763,2,-1,-1
1146.9819,138.94218,64.40625,24.83844,0.09436342,6,-1,-1
730.2033,581.37555,31.627136,29.823486,0.09341812,2,-1,-1
725.2106,583.7753,35.618835,27.313416,0.09229693,3,-1,-1
1.3480288,234.60031,64.90498,24.398804,0.08964437,8,-1,-1
1259.7603,171.68764,34.775635,28.329758,0.085917026,10,-1,-1
1258.8901,171.51126,35.63391,28.15741,0.084824264,6,-1,-1
0.74879396,234.64404,62.78529,24.50763,0.08284584,5,-1,-1
1288.5463,121.11895,40.97461,31.15023,0.0825735,5,-1,-1
727.2794,583.55994,33.727417,27.630981,0.08240768,10,-1,-1
635.31824,716.3987,20.788696,42.065125,0.079888314,1,-1,-1
632.00397,178.58427,55.056458,19.762451,0.07085702,6,-1,-1
623.74854,716.60986,21.774475,41.809753,0.07084498,1,-1,-1
714.8531,585.589,36.652588,26.929626,0.06820428,1,-1,-1
576.3532,175.756,49.1427,24.876923,0.067389935,6,-1,-1
694.66614,846.20374,187.47815,133.03955,0.066872895,10,-1,-1
693.3226,845.5082,191.18304,132.84198,0.06481388,6,-1,-1
1.3480288,234.60031,64.90498,24.398804,0.0637134,7,-1,-1
0.11246878,234.28845,69.29012,24.71759,0.05861965,10,-1,-1
1163.0585,92.343735,36.437256,29.136574,0.056840032,4,-1,-1
245.7414,165.98196,52.173798,21.442856,0.05327788,4,-1,-1
725.78534,570.6233,33.844116,27.093506,0.05162251,10,-1,-1
706.52936,576.8272,23.863892,35.005005,0.050816506,1,-1,-1
