696.11945,248.75075,16.549316,32.4283,0.867682,1,-1,-1
652.67487,95.28762,15.315918,32.71508,0.4206578,1,-1,-1
1046.8689,326.37634,17.58728,27.460785,0.40654948,1,-1,-1
30.400455,212.2009,28.18953,31.454712,0.36770222,2,-1,-1
898.2458,42.727573,9.187195,17.478043,0.35971057,1,-1,-1
491.58932,319.46356,28.369415,44.77884,0.35756716,2,-1,-1
56.507786,193.62149,23.454273,30.24681,0.3424989,2,-1,-1
380.53577,429.57416,32.021545,50.454437,0.32171267,1,-1,-1
380.57312,430.26483,30.86792,49.65518,0.31490624,2,-1,-1
33.955612,186.72813,26.56379,25.137512,0.3126463,2,-1,-1
609.006,0.0,84.76953,95.11117,0.3119256,4,-1,-1
372.56403,473.7142,25.89035,41.302765,0.30494606,1,-1,-1
640.50214,81.61873,16.291687,33.250305,0.29569775,1,-1,-1
593.7683,108.1134,13.518799,33.039413,0.2956952,1,-1,-1
329.63104,537.64435,20.591095,33.519104,0.2894966,4,-1,-1
471.57657,328.60925,31.808228,42.51474,0.27044946,2,-1,-1
755.20795,337.62775,29.397705,67.60248,0.26988262,1,-1,-1
663.9149,88.519104,15.818726,33.08979,0.2686009,1,-1,-1
31.523893,212.41768,26.794703,30.136627,0.26456153,1,-1,-1
372.03632,472.96198,26.809662,42.368347,0.26003814,2,-1,-1
751.15106,324.84048,26.888367,68.62491,0.24887305,1,-1,-1
985.2717,147.65858,23.59552,34.708847,0.24368325,2,-1,-1
529.1825,309.95557,26.642883,41.223694,0.23738596,2,-1,-1
756.8848,331.46088,32.224854,75.819916,0.2223844,2,-1,-1
763.72485,361.2884,26.078491,47.328064,0.22181264,2,-1,-1
746.1697,307.48297,27.414429,71.68112,0.22127935,1,-1,-1
1099.9092,326.2113,22.952148,29.863983,0.21858656,1,-1,-1
763.4017,350.7377,27.531006,58.178314,0.21777391,1,-1,-1
675.4562,101.831505,13.970703,31.068077,0.21398532,1,-1,-1
563.56537,299.38638,23.977783,42.4274,0.21310806,2,-1,-1
894.18604,669.87854,34.888123,49.210022,0.21202517,1,-1,-1
690.7623,523.6496,12.590759,23.560608,0.21125701,1,-1,-1
888.1317,0.0,9.943726,16.287426,0.21026984,1,-1,-1
56.679424,194.02121,23.7225,30.383972,0.20774394,1,-1,-1
1093.982,283.81122,16.646484,30.73462,0.20502764,1,-1,-1
300.40097,730.7388,27.29889,45.08777,0.20415679,1,-1,-1
755.895,328.65668,34.222595,79.84152,0.20134893,10,-1,-1
898.457,189.48663,14.979736,32.783997,0.19782043,1,-1,-1
328.39798,519.7214,23.117004,53.173523,0.19660375,10,-1,-1
626.1527,151.17029,13.389282,26.698257,0.19346613,1,-1,-1
33.107395,187.19148,33.999897,42.211044,0.18981877,2,-1,-1
957.9057,160.68556,14.394531,19.256134,0.18771732,2,-1,-1
507.28918,272.00613,21.15741,39.31314,0.18645239,2,-1,-1
797.9751,401.226,48.36841,52.345947,0.18581945,2,-1,-1
774.3783,391.58826,31.164917,48.468933,0.18482757,2,-1,-1
900.9049,215.77376,19.16449,48.05513,0.18311533,1,-1,-1
919.6036,41.780144,9.472229,17.402786,0.18125868,1,-1,-1
651.7272,94.22061,16.760437,31.777283,0.17770696,2,-1,-1
978.7858,164.78586,20.634583,24.228256,0.17613322,2,-1,-1
862.52155,226.2051,16.62793,35.50493,0.17595342,1,-1,-1
1099.9092,326.2113,22.952148,29.863983,0.17511922,2,-1,-1
667.8702,93.647285,16.380371,32.412148,0.17380035,1,-1,-1
328.12946,747.2308,31.424408,38.947998,0.17282706,1,-1,-1
764.9842,371.694,29.402039,54.039246,0.17244932,2,-1,-1
399.47137,410.09543,28.863007,34.750183,0.16717908,2,-1,-1
34.945354,187.81844,20.860638,22.576157,0.160178,1,-1,-1
252.91055,425.02875,28.377106,32.792084,0.15994138,2,-1,-1
497.09396,664.733,200.87082,122.810974,0.15897864,4,-1,-1
422.86722,361.2401,39.436493,56.153168,0.15587738,2,-1,-1
399.1677,409.5431,29.63852,35.036377,0.1545775,1,-1,-1
888.9186,283.48624,28.268799,56.114685,0.15369597,1,-1,-1
284.74966,740.9287,80.83719,46.615234,0.15245959,10,-1,-1
751.15106,324.84048,26.888367,68.62491,0.15232182,2,-1,-1
951.0456,202.6816,15.167114,30.953094,0.15087235,1,-1,-1
748.33124,264.47977,55.92981,45.30905,0.15036124,4,-1,-1
764.9842,371.694,29.402039,54.039246,0.15012255,1,-1,-1
659.57117,91.62204,15.252991,34.2274,0.14957851,1,-1,-1
539.5592,258.2743,21.982666,38.85092,0.14785466,2,-1,-1
755.3783,357.47382,41.232178,60.16165,0.14736468,2,-1,-1
104.58368,146.41977,32.68564,31.27742,0.14722493,1,-1,-1
498.02057,665.8314,202.81561,121.712524,0.14656922,6,-1,-1
938.9695,5.705671,11.750916,32.361427,0.14608991,1,-1,-1
593.0383,89.41444,15.429504,29.713326,0.14402848,1,-1,-1
975.6576,152.80788,27.508423,35.739136,0.14250058,2,-1,-1
986.3858,62.288017,8.340393,15.668869,0.14139298,1,-1,-1
1016.478,128.71155,41.48474,45.146393,0.14038688,1,-1,-1
746.1697,307.48297,27.414429,71.68112,0.1400319,10,-1,-1
747.3075,308.7897,25.536072,68.87695,0.13935035,2,-1,-1
825.02435,752.26764,45.980347,35.276306,0.13785669,1,-1,-1
259.50198,387.22488,46.971527,44.1882,0.1375846,2,-1,-1
862.50214,226.43196,16.69519,34.135147,0.1373665,2,-1,-1
491.1818,319.5725,28.984955,45.105835,0.13639903,1,-1,-1
682.5748,101.55378,15.031128,32.644615,0.13637415,1,-1,-1
973.15674,167.13416,19.629456,22.487808,0.13581881,2,-1,-1
1038.4003,340.97772,16.82129,25.759216,0.13553679,1,-1,-1
984.52234,147.56625,24.500732,35.80684,0.13499686,1,-1,-1
951.0456,202.6816,15.167114,30.953094,0.13480237,2,-1,-1
645.4696,86.26112,15.361145,33.378754,0.13471887,1,-1,-1
769.7153,386.1666,32.049744,54.857178,0.13314459,1,-1,-1
49.951706,198.44147,30.203308,39.087418,0.13282925,2,-1,-1
225.56044,369.53635,29.524078,43.17978,0.13200668,1,-1,-1
301.55762,730.84155,23.758453,40.129944,0.13113391,2,-1,-1
563.46545,299.87213,23.836853,41.7778,0.1309002,1,-1,-1
589.36676,661.9199,25.48877,19.881409,0.13073534,10,-1,-1
640.373,81.56358,16.967041,33.208405,0.12985179,2,-1,-1
301.38174,732.1314,17.502563,28.04242,0.12880948,1,-1,-1
929.34344,201.63422,12.496765,28.99472,0.12829506,1,-1,-1
988.9035,147.81056,17.632324,20.734406,0.12799925,2,-1,-1
533.97656,296.5242,27.651672,48.96051,0.12675077,2,-1,-1
328.20096,746.9655,30.61728,38.0188,0.12603998,2,-1,-1
1015.8412,130.00427,40.70923,44.15645,0.1257079,2,-1,-1
260.24933,386.56042,45.677094,43.4552,0.12546465,1,-1,-1
497.09396,664.733,200.87082,122.810974,0.12523162,5,-1,-1
751.15106,324.84048,26.888367,68.62491,0.12522766,10,-1,-1
1189.6439,0.0,25.25647,9.657305,0.12484744,10,-1,-1
903.277,87.20247,8.042419,17.313454,0.12407249,1,-1,-1
33.107395,187.19148,33.999897,42.211044,0.12369087,1,-1,-1
1367.6573,700.6237,30.001953,42.270325,0.122554064,1,-1,-1
888.9186,283.48624,28.268799,56.114685,0.12253362,2,-1,-1
462.9644,332.49158,34.379944,47.75351,0.12152508,2,-1,-1
760.6772,232.38527,37.79944,48.305374,0.12129223,4,-1,-1
1093.8516,283.8175,17.10254,30.851807,0.12107596,2,-1,-1
1039.1361,327.2878,23.1156,33.831665,0.12031716,1,-1,-1
662.7189,87.7054,15.249573,32.99684,0.119454086,2,-1,-1
70.763084,12.745211,41.670616,36.075844,0.119404346,4,-1,-1
700.38007,603.0712,134.4151,182.53265,0.11913094,4,-1,-1
620.11914,108.057556,23.29132,36.915833,0.119001776,1,-1,-1
966.1344,295.88254,30.20221,39.845154,0.11898646,2,-1,-1
903.277,87.20247,8.042419,17.313454,0.11849722,2,-1,-1
48.649746,187.87541,32.542904,27.473068,0.11848223,2,-1,-1
623.841,116.036766,23.95514,37.37934,0.11785567,1,-1,-1
25.885729,209.96332,28.957972,46.06601,0.11702612,1,-1,-1
696.12177,248.60066,16.443298,32.502945,0.11609322,4,-1,-1
753.92255,336.78104,20.038025,42.3143,0.11598748,1,-1,-1
990.80963,54.820576,8.431641,17.487675,0.11585045,1,-1,-1
422.86722,361.2401,39.436493,56.153168,0.11554733,1,-1,-1
507.53745,273.0928,20.390533,37.53412,0.11500502,1,-1,-1
752.31354,336.1472,16.827332,38.839966,0.11495292,2,-1,-1
986.46924,62.220905,8.119019,15.970715,0.114500165,2,-1,-1
292.17606,451.2136,36.51419,50.16281,0.11384675,2,-1,-1
756.6345,353.83524,37.727905,62.697693,0.11363202,3,-1,-1
279.17194,280.63275,14.270081,25.342102,0.112535,2,-1,-1
989.4164,64.9156,7.189453,14.204292,0.11237058,1,-1,-1
598.8148,310.44485,21.351746,18.63388,0.11232945,2,-1,-1
655.945,123.1059,17.192932,31.89318,0.111304045,1,-1,-1
894.47235,669.3316,34.1756,50.107483,0.11102855,2,-1,-1
348.6425,421.11356,26.581573,52.778717,0.11099589,1,-1,-1
907.0748,212.18303,15.645691,39.08261,0.110860944,1,-1,-1
292.6409,742.1877,71.11209,45.356262,0.11063665,1,-1,-1
957.9057,160.68556,14.394531,19.256134,0.10989401,1,-1,-1
827.1243,750.40686,50.085693,37.137085,0.10908824,10,-1,-1
653.85925,84.9005,19.496826,36.001686,0.10901818,1,-1,-1
652.6029,112.29767,16.21936,32.306976,0.10895437,1,-1,-1
528.9974,310.896,25.514343,39.019653,0.108888626,1,-1,-1
655.4743,101.14341,15.745483,34.384285,0.10887545,1,-1,-1
861.4004,225.46004,22.88556,52.373672,0.10776645,1,-1,-1
540.19226,258.65955,21.399597,38.01358,0.106716126,1,-1,-1
749.6507,314.12213,45.0083,99.26077,0.10614586,1,-1,-1
252.91055,425.02875,28.377106,32.792084,0.10560402,1,-1,-1
370.75763,482.23087,29.022308,62.71695,0.10557783,1,-1,-1
929.49524,122.63618,21.566711,22.278313,0.105398744,2,-1,-1
768.61316,373.2165,17.153015,35.328033,0.104684025,2,-1,-1
767.79456,333.03452,24.746643,62.633667,0.10428977,1,-1,-1
328.0675,521.3233,23.457306,51.505127,0.10402194,1,-1,-1
771.49426,319.7343,21.739197,46.269714,0.10337871,2,-1,-1
621.1113,100.16403,15.668579,29.25917,0.103328794,1,-1,-1
939.7721,208.05269,11.931946,30.78424,0.103260994,1,-1,-1
746.55756,263.23044,55.664917,44.47461,0.10320702,10,-1,-1
483.23734,49.47035,12.328796,23.82397,0.102965266,1,-1,-1
899.23175,42.6596,13.435608,20.562477,0.101231754,1,-1,-1
374.33875,449.18942,30.205688,49.62494,0.10115123,1,-1,-1
601.52423,87.31683,14.636719,27.340057,0.100272864,1,-1,-1
598.86584,311.21826,21.201721,18.83963,0.10007593,1,-1,-1
946.5882,207.80176,15.796631,26.800339,0.09995651,1,-1,-1
471.15985,328.20605,33.39499,42.36032,0.09971401,1,-1,-1
32.112804,211.78778,18.707237,21.777771,0.099476606,2,-1,-1
646.7846,95.64628,16.414001,33.17272,0.0994384,1,-1,-1
47.032997,201.6152,34.187927,37.58841,0.098769635,1,-1,-1
835.09283,189.84831,20.754211,23.319717,0.09861025,2,-1,-1
898.0817,42.7407,9.527039,16.931438,0.09832308,2,-1,-1
797.9751,401.226,48.36841,52.345947,0.09808633,1,-1,-1
982.1327,161.31987,13.806702,23.26329,0.09796938,2,-1,-1
1106.9594,779.4303,8.223022,8.113647,0.09763336,1,-1,-1
965.82745,295.0434,31.87201,40.743347,0.09754309,1,-1,-1
329.87747,536.0616,20.256744,34.81671,0.09712452,5,-1,-1
608.7829,99.08037,15.093628,33.226105,0.09572682,1,-1,-1
291.89197,450.96863,37.30658,50.665955,0.0952526,1,-1,-1
753.7926,355.79028,45.41333,64.53464,0.09519833,1,-1,-1
608.5744,61.560993,20.344482,28.516346,0.09468344,1,-1,-1
899.141,187.03564,20.890625,44.92386,0.09428266,1,-1,-1
623.59235,141.02415,18.877258,35.25757,0.09348482,1,-1,-1
316.6112,746.73895,42.10733,40.804993,0.0934166,10,-1,-1
1165.4495,121.31625,43.442505,43.57715,0.09340435,2,-1,-1
299.81378,732.5762,29.718842,51.64447,0.09304789,10,-1,-1
870.44495,218.51366,48.570984,122.849045,0.092356265,1,-1,-1
681.49274,621.42847,77.29419,58.497925,0.09217772,7,-1,-1
946.5882,207.80176,15.796631,26.800339,0.09169799,2,-1,-1
959.62244,160.97568,10.175598,13.131897,0.09125632,2,-1,-1
28.334063,197.43175,35.313644,50.561737,0.090755284,1,-1,-1
633.368,83.043816,15.905457,33.20099,0.09067258,1,-1,-1
300.31528,743.85693,61.84503,43.68701,0.09015882,2,-1,-1
1043.6755,318.7185,25.57483,38.33011,0.09005779,1,-1,-1
813.82935,395.782,48.478333,40.609528,0.0900034,2,-1,-1
899.72955,686.82684,24.725403,34.327393,0.08990249,1,-1,-1
284.38263,732.7005,51.517242,54.843445,0.089108974,1,-1,-1
616.236,100.26346,16.193176,34.050507,0.0886448,1,-1,-1
1165.4495,121.31625,43.442505,43.57715,0.088499695,1,-1,-1
898.89044,189.02162,15.298157,32.552597,0.08845484,2,-1,-1
594.94556,297.57098,24.472351,31.317505,0.08810514,2,-1,-1
626.142,151.2834,12.953674,26.236542,0.08785173,2,-1,-1
757.4122,345.86932,21.717163,52.965088,0.08753112,2,-1,-1
498.02057,665.8314,202.81561,121.712524,0.08717999,9,-1,-1
827.1243,750.40686,50.085693,37.137085,0.08708379,4,-1,-1
1022.1386,726.86237,19.467712,23.52417,0.08674717,1,-1,-1
974.7604,151.6382,29.47931,37.31151,0.08660999,1,-1,-1
988.9035,147.81056,17.632324,20.734406,0.08660364,1,-1,-1
753.7926,355.79028,45.41333,64.53464,0.08654988,10,-1,-1
764.12524,373.62003,29.914795,52.24948,0.08619949,10,-1,-1
768.23584,377.82312,17.681152,34.324432,0.0859752,1,-1,-1
608.5744,61.560993,20.344482,28.516346,0.08494076,2,-1,-1
57.36729,193.93643,22.854992,25.60437,0.084750146,10,-1,-1
1070.619,357.43817,34.009277,33.723816,0.08468565,1,-1,-1
1046.2548,326.68604,17.798706,28.180573,0.08467749,2,-1,-1
910.6113,197.3806,13.232178,36.074326,0.08449969,1,-1,-1
769.8733,333.7607,21.476562,57.642548,0.084290415,2,-1,-1
788.0686,394.93317,90.99365,59.06653,0.084254,10,-1,-1
577.3974,371.58582,15.833801,35.794647,0.08418015,1,-1,-1
752.8691,308.48853,33.557983,73.39398,0.084129125,2,-1,-1
555.5611,0.0,141.01367,116.83324,0.08402917,4,-1,-1
989.5255,64.60325,6.9748535,14.818405,0.083981544,2,-1,-1
956.7429,0.0,156.17432,89.87289,0.08387968,5,-1,-1
929.1606,210.02551,13.99408,37.058167,0.08378053,1,-1,-1
1107.0698,779.1595,7.9823,8.38446,0.083691925,10,-1,-1
979.8486,162.18251,18.659363,26.321655,0.08339897,1,-1,-1
681.8539,622.1052,76.87689,57.6828,0.08314982,8,-1,-1
612.4559,102.984985,24.643555,39.644287,0.08288252,1,-1,-1
279.50485,281.02832,13.7677,24.499481,0.082110465,1,-1,-1
72.06692,12.134653,39.848274,35.29917,0.08206418,1,-1,-1
788.6015,383.61374,127.9364,211.18661,0.081718534,4,-1,-1
914.98267,38.727722,16.543457,21.218853,0.08124167,1,-1,-1
547.1168,297.45166,25.238525,40.707397,0.081138164,2,-1,-1
956.7429,0.0,156.17432,89.87289,0.08089596,4,-1,-1
758.54047,365.11298,23.276733,43.236298,0.08074477,1,-1,-1
666.7992,94.19988,17.405884,31.10791,0.08055103,2,-1,-1
946.3279,193.72704,24.937073,42.768326,0.080424935,1,-1,-1
374.33875,449.18942,30.205688,49.62494,0.08024511,2,-1,-1
770.458,317.48163,23.317627,53.47113,0.08014062,1,-1,-1
1004.0091,296.37653,23.200134,38.589325,0.08007294,1,-1,-1
764.4605,357.3687,25.3703,51.47162,0.079799086,10,-1,-1
387.23175,409.32117,36.103455,47.96341,0.07977423,1,-1,-1
900.9049,215.77376,19.16449,48.05513,0.07944697,2,-1,-1
578.2097,159.98314,15.6970215,27.2538,0.07913628,2,-1,-1
618.63495,143.87183,12.140137,24.634308,0.078882724,1,-1,-1
955.1476,157.4302,22.825073,27.2762,0.07861033,2,-1,-1
752.8691,308.48853,33.557983,73.39398,0.07853025,10,-1,-1
590.4624,103.854576,22.13031,42.378365,0.078418374,1,-1,-1
605.70166,43.630146,27.458618,46.58962,0.077676654,1,-1,-1
620.9356,109.50767,22.717102,34.25051,0.07721752,2,-1,-1
675.31915,101.43042,13.929382,29.797287,0.076839894,2,-1,-1
790.32635,387.6507,124.44299,201.51532,0.076660395,1,-1,-1
747.3075,308.7897,25.536072,68.87695,0.07656446,3,-1,-1
747.3582,251.12798,42.513,43.3925,0.07655364,4,-1,-1
445.47372,280.62115,28.056854,40.296417,0.076539874,2,-1,-1
887.73615,0.0,10.54657,16.828238,0.076358914,10,-1,-1
769.7153,386.1666,32.049744,54.857178,0.07630193,10,-1,-1
827.1243,750.40686,50.085693,37.137085,0.07603422,2,-1,-1
655.3039,28.829842,8.781616,16.71885,0.075849384,1,-1,-1
371.93777,473.816,26.767578,43.854095,0.07567927,10,-1,-1
329.1375,532.48663,23.738403,41.87146,0.07519466,2,-1,-1
831.93304,177.28905,26.791687,36.18512,0.075145155,2,-1,-1
891.8318,647.09717,44.71808,68.91882,0.07509521,2,-1,-1
761.6509,372.24146,18.77771,37.061707,0.075019,2,-1,-1
659.02795,112.58415,14.975891,33.12712,0.07499665,1,-1,-1
752.8691,308.48853,33.557983,73.39398,0.07488099,1,-1,-1
256.7639,395.60547,32.23044,35.965454,0.07472989,2,-1,-1
1189.6808,0.0,25.014893,10.128247,0.07425758,1,-1,-1
654.4586,99.7303,17.220764,35.425674,0.07418096,2,-1,-1
788.0686,394.93317,90.99365,59.06653,0.074147016,2,-1,-1
1013.40247,206.04695,39.67517,39.33139,0.07408443,2,-1,-1
704.7116,601.5048,129.6626,186.03912,0.073625535,5,-1,-1
831.5385,63.119778,9.937378,13.136524,0.073622346,2,-1,-1
301.62,732.7674,16.559296,26.96759,0.0732809,2,-1,-1
30.400455,212.2009,28.18953,31.454712,0.07323107,10,-1,-1
34.075417,209.49298,46.676056,30.804916,0.07290164,2,-1,-1
748.26276,260.84158,46.48401,45.305237,0.07271418,2,-1,-1
780.9323,396.31525,68.63904,55.670227,0.07262039,3,-1,-1
1106.9825,332.0345,11.819702,23.090668,0.07235235,1,-1,-1
284.40222,415.3041,29.333313,32.62384,0.072217315,2,-1,-1
33.304325,189.95834,18.205303,18.230331,0.072188854,2,-1,-1
1114.3961,233.42055,13.808838,17.56372,0.07211408,1,-1,-1
590.25543,661.7811,25.327942,22.223633,0.072083384,1,-1,-1
348.6425,421.11356,26.581573,52.778717,0.07205245,2,-1,-1
593.12036,86.988174,22.870422,43.220413,0.07201269,1,-1,-1
646.56384,83.575806,11.236389,26.662674,0.071781486,1,-1,-1
533.97656,296.5242,27.651672,48.96051,0.071664125,1,-1,-1
828.5205,757.6232,15.24353,29.920715,0.071513265,1,-1,-1
32.54047,211.39656,18.653996,22.724457,0.071484536,1,-1,-1
757.75934,226.90108,39.514893,53.542862,0.07116428,10,-1,-1
654.3199,86.53696,11.41394,29.65136,0.071024865,1,-1,-1
914.7279,129.9083,25.160522,53.44577,0.071015805,1,-1,-1
615.15094,0.0,80.98108,97.374435,0.07100755,1,-1,-1
26.373962,182.48471,29.654465,33.62648,0.070586026,2,-1,-1
748.33124,264.47977,55.92981,45.30905,0.070478916,5,-1,-1
349.674,467.20377,44.236572,85.87167,0.0704554,1,-1,-1
909.53986,182.36801,14.42926,38.66223,0.070376515,1,-1,-1
992.2191,55.00951,8.500977,16.83025,0.07034901,2,-1,-1
1013.40247,206.04695,39.67517,39.33139,0.07033667,1,-1,-1
871.793,219.57703,45.802002,117.97775,0.07030395,2,-1,-1
928.9299,120.96897,19.068237,24.795006,0.07024068,1,-1,-1
589.326,96.32725,14.199219,33.949486,0.07015705,1,-1,-1
748.97205,335.00748,18.033508,38.09256,0.07015127,1,-1,-1
890.75995,281.0153,30.182068,58.365723,0.0701223,10,-1,-1
593.7683,108.1134,13.518799,33.039413,0.07001057,2,-1,-1
749.6507,314.12213,45.0083,99.26077,0.06987804,3,-1,-1
909.33685,44.130085,7.5064087,18.071663,0.06982598,1,-1,-1
623.03827,133.05273,13.087158,32.28694,0.06965634,1,-1,-1
343.83334,444.50858,28.289276,52.886627,0.06929487,1,-1,-1
819.3096,16.377428,8.240173,14.370529,0.069161326,1,-1,-1
54.974586,191.82883,18.21228,24.15628,0.06899536,2,-1,-1
1189.6439,0.0,25.25647,9.657305,0.06888732,4,-1,-1
268.3751,276.78442,30.596527,34.441833,0.06886417,2,-1,-1
989.98553,57.493217,7.843811,18.243393,0.06865746,2,-1,-1
1165.7792,121.22808,43.149048,43.728386,0.06862587,10,-1,-1
253.50845,353.24,29.510101,60.455627,0.06859422,1,-1,-1
507.3949,277.9556,17.791199,23.13327,0.06844455,2,-1,-1
370.75763,482.23087,29.022308,62.71695,0.06843716,2,-1,-1
868.1503,223.4101,24.007507,48.72934,0.0684329,1,-1,-1
760.2008,239.71666,36.57361,43.198227,0.06836793,5,-1,-1
597.2509,110.35593,8.4765625,25.71251,0.06816897,1,-1,-1
639.61566,84.24769,25.567505,41.66288,0.06797242,1,-1,-1
28.334063,197.43175,35.313644,50.561737,0.06787071,2,-1,-1
661.47876,79.856606,14.602234,34.455704,0.06768468,1,-1,-1
639.05725,90.28849,14.410278,36.564186,0.06757772,1,-1,-1
861.2049,225.1193,22.247559,52.019012,0.06728363,2,-1,-1
929.34344,201.63422,12.496765,28.99472,0.06721738,2,-1,-1
957.6828,200.233,13.659668,31.369354,0.067173004,1,-1,-1
801.1999,177.62962,19.253784,30.709381,0.06701976,2,-1,-1
356.04233,508.18964,39.720642,45.940796,0.0669792,10,-1,-1
898.457,189.48663,14.979736,32.783997,0.06696093,10,-1,-1
256.35953,394.641,34.04364,37.94931,0.06679571,1,-1,-1
234.74399,371.10507,18.5822,30.983551,0.066458136,1,-1,-1
1003.8379,295.54425,24.496948,39.551605,0.06595451,2,-1,-1
891.80615,657.1559,39.83618,58.877197,0.06586671,10,-1,-1
370.75763,482.23087,29.022308,62.71695,0.06578541,10,-1,-1
298.2722,735.3209,35.98224,48.55829,0.06573492,2,-1,-1
868.8151,224.65013,23.157959,40.156693,0.06572029,2,-1,-1
742.5438,303.6329,25.013672,54.768494,0.065686464,1,-1,-1
758.14197,347.90247,19.030151,47.7847,0.06551409,1,-1,-1
640.503,110.82405,15.867065,29.450073,0.06546208,1,-1,-1
621.1212,99.74652,15.776855,29.920181,0.06545824,2,-1,-1
1011.36273,129.43434,12.909241,14.6006775,0.06510994,1,-1,-1
608.7505,0.0,85.44617,94.0316,0.064848155,10,-1,-1
1094.4128,284.68967,16.533325,31.166565,0.06472257,10,-1,-1
900.63873,40.766167,19.797424,20.478294,0.06455219,1,-1,-1
1368.5167,702.11816,28.25586,39.46881,0.06454107,2,-1,-1
754.91705,325.33133,18.974243,40.81964,0.06443894,2,-1,-1
881.7164,0.0,14.107971,15.604057,0.06433174,1,-1,-1
903.1308,219.98843,12.852844,32.742752,0.064304054,1,-1,-1
956.7429,0.0,156.17432,89.87289,0.0641723,6,-1,-1
867.67706,227.56825,17.031433,35.280136,0.06407872,1,-1,-1
890.8498,0.0,7.529602,10.698277,0.06390619,1,-1,-1
982.94196,142.04346,32.826904,31.37703,0.06388065,2,-1,-1
887.73615,0.0,10.54657,16.828238,0.063737124,2,-1,-1
45.78776,186.6715,36.283756,28.986267,0.06368008,1,-1,-1
761.59985,234.60318,35.32013,45.483917,0.063408434,1,-1,-1
959.15076,162.35716,20.327332,32.163284,0.0632385,2,-1,-1
367.5894,424.1167,54.06369,57.572113,0.0632382,2,-1,-1
590.6815,90.998695,11.607849,26.488815,0.06322035,1,-1,-1
645.64594,104.66513,14.356873,30.454147,0.06316844,1,-1,-1
776.00195,396.61612,33.81787,50.3013,0.06292504,1,-1,-1
669.5103,98.767334,10.596191,25.004822,0.06291932,1,-1,-1
954.6687,192.25525,23.911255,44.01555,0.06287575,1,-1,-1
438.55298,348.34335,37.139008,48.72052,0.062859595,2,-1,-1
283.63467,272.28357,29.382904,34.204712,0.06283748,2,-1,-1
745.38934,257.92526,61.0271,55.030487,0.06275651,8,-1,-1
967.45605,167.08604,18.411621,23.239975,0.062730014,2,-1,-1
781.5383,395.862,50.478394,55.56375,0.062699705,2,-1,-1
625.0327,94.700066,17.157898,34.31527,0.06269139,1,-1,-1
578.2097,159.98314,15.6970215,27.2538,0.0626021,1,-1,-1
887.73615,0.0,10.54657,16.828238,0.06238675,3,-1,-1
915.5299,128.85576,24.414856,47.530807,0.062373996,2,-1,-1
620.9163,101.4183,8.542847,18.987633,0.06227663,1,-1,-1
682.28076,622.91235,74.97571,56.058105,0.06225574,10,-1,-1
1253.2269,545.5781,25.176636,24.161438,0.06204042,1,-1,-1
378.72253,443.61203,25.22342,33.49054,0.06201288,2,-1,-1
623.841,116.036766,23.95514,37.37934,0.06185156,2,-1,-1
358.0333,473.89517,37.313934,53.915253,0.061694533,1,-1,-1
750.4491,326.78845,27.169373,65.05878,0.061379135,3,-1,-1
603.7853,95.804665,14.14386,33.35639,0.06136757,1,-1,-1
656.57983,124.202415,15.970398,29.798592,0.061234772,2,-1,-1
974.8493,171.09485,11.849365,17.815628,0.06113425,2,-1,-1
292.6409,742.1877,71.11209,45.356262,0.061091572,3,-1,-1
60.097637,198.20398,30.29449,22.140045,0.061031133,2,-1,-1
35.415573,198.5213,30.704071,22.296066,0.06096998,2,-1,-1
957.6828,200.233,13.659668,31.369354,0.06093037,2,-1,-1
312.34796,749.5826,39.403778,37.961365,0.0608266,1,-1,-1
885.1413,220.58464,14.219055,35.56801,0.060753316,1,-1,-1
26.064905,190.14015,28.698088,45.461395,0.06075126,2,-1,-1
589.5597,662.25037,25.1557,19.890625,0.060606986,4,-1,-1
773.02136,320.27063,18.151184,23.935822,0.060581893,2,-1,-1
225.69464,369.69095,29.612808,49.727325,0.060432673,2,-1,-1
105.72161,148.12741,26.223213,27.381882,0.05973777,2,-1,-1
831.22076,170.83461,19.999268,29.341644,0.059657395,2,-1,-1
901.58777,183.42828,12.690796,30.751282,0.059637785,1,-1,-1
1090.4957,0.0,18.053467,24.255257,0.05962637,4,-1,-1
756.5765,370.1754,28.196045,52.629456,0.05959755,10,-1,-1
940.04865,208.66086,11.324707,28.840897,0.059579164,2,-1,-1
265.79346,736.2501,90.796326,51.293823,0.059546977,4,-1,-1
595.55615,85.40706,17.040466,28.192703,0.059449375,1,-1,-1
536.435,270.49915,25.831055,56.41873,0.05936551,2,-1,-1
899.72955,686.82684,24.725403,34.327393,0.05936268,2,-1,-1
912.6144,189.98329,14.566589,37.470505,0.05903831,1,-1,-1
500.59293,308.5887,32.218536,45.147247,0.0589076,2,-1,-1
873.54694,222.74089,34.463684,64.82451,0.058847517,2,-1,-1
973.37213,166.66527,18.490723,23.374374,0.058790207,1,-1,-1
541.7331,260.64362,18.124573,34.36734,0.05862975,10,-1,-1
463.54092,332.852,34.15027,46.85733,0.05856499,1,-1,-1
925.1942,205.45386,14.801086,36.5847,0.05828339,1,-1,-1
628.856,151.87698,8.593201,19.84526,0.058255583,1,-1,-1
742.5438,303.6329,25.013672,54.768494,0.05825326,2,-1,-1
896.35077,262.92966,26.248718,60.644653,0.058012277,1,-1,-1
752.8691,308.48853,33.557983,73.39398,0.057917684,3,-1,-1
747.3075,308.7897,25.536072,68.87695,0.05781266,7,-1,-1
302.6935,735.7315,43.06787,37.80121,0.05774066,1,-1,-1
981.5107,159.76451,27.205322,33.47493,0.057715893,2,-1,-1
1033.7927,334.01413,25.783447,35.793274,0.0576168,1,-1,-1
347.8853,463.6081,49.42859,91.8772,0.057302415,10,-1,-1
888.95844,547.1591,171.47028,238.4627,0.057249933,4,-1,-1
34.101513,206.31403,23.32061,24.7247,0.0572488,2,-1,-1
654.9854,84.55571,17.42987,34.612686,0.057245106,2,-1,-1
987.8642,67.569275,6.819153,12.535217,0.05717334,1,-1,-1
866.6594,40.32043,13.351501,15.782787,0.057059884,3,-1,-1
378.1275,442.69247,26.611633,35.115936,0.057039946,1,-1,-1
1109.082,330.4622,15.804443,27.000488,0.056999266,1,-1,-1
617.53107,0.0,75.14935,86.56174,0.056899637,5,-1,-1
655.26404,123.234795,11.757568,23.442238,0.056891024,1,-1,-1
879.0777,263.58557,35.749023,80.53168,0.05651009,2,-1,-1
596.0529,301.6824,22.855225,26.048584,0.056474775,1,-1,-1
813.3145,549.04034,29.530884,53.448486,0.056461424,1,-1,-1
612.2013,114.57952,20.303955,40.343178,0.056346357,1,-1,-1
299.2336,746.3721,30.25705,41.171875,0.05632034,1,-1,-1
273.83865,734.1657,76.14261,53.378235,0.056166887,2,-1,-1
898.56116,189.52141,14.809204,32.17543,0.056151092,3,-1,-1
556.1586,280.54257,28.266846,60.773132,0.055907547,2,-1,-1
965.1046,164.22615,40.744812,28.080948,0.055759072,2,-1,-1
331.65182,742.2738,22.123993,32.08258,0.05572611,1,-1,-1
1049.6515,329.5419,11.336426,20.166016,0.05569759,1,-1,-1
55.026814,206.77135,20.853016,30.25595,0.05559483,1,-1,-1
1046.7245,327.12268,17.0083,28.557404,0.05539128,10,-1,-1
637.235,70.09391,24.654236,43.878677,0.055375606,1,-1,-1
696.12177,248.60066,16.443298,32.502945,0.055351883,2,-1,-1
1160.2211,203.49927,32.88806,41.618103,0.055348724,1,-1,-1
37.065395,217.99046,22.38972,35.223663,0.05532837,1,-1,-1
982.27374,433.0691,28.873108,37.425385,0.055184156,1,-1,-1
953.61707,19.676048,12.920166,28.480465,0.055172235,1,-1,-1
164.79448,0.0,197.42992,132.88892,0.055099785,9,-1,-1
888.95844,547.1591,171.47028,238.4627,0.055025607,7,-1,-1
682.7381,623.78143,74.50946,55.29492,0.05487582,6,-1,-1
593.1647,89.146736,15.088318,30.438156,0.05471921,2,-1,-1
943.1588,208.16684,7.4074097,18.396454,0.054631263,1,-1,-1
595.3169,102.702034,11.7838745,24.918922,0.05460608,1,-1,-1
327.51865,513.113,24.979462,59.49463,0.054498315,4,-1,-1
871.67035,0.0,13.80542,14.839726,0.05435893,1,-1,-1
482.79623,306.4292,42.776215,63.67102,0.0542171,2,-1,-1
641.05774,82.04252,10.059814,26.571732,0.054096192,1,-1,-1
912.87506,173.74799,15.458252,37.813705,0.054084986,1,-1,-1
821.7189,207.30396,15.404663,26.36737,0.05404234,2,-1,-1
0.0,602.8957,35.94459,57.19684,0.053901166,1,-1,-1
344.27237,462.60535,28.568909,56.486755,0.05381325,1,-1,-1
398.53238,358.7006,55.897064,81.94458,0.053720295,2,-1,-1
748.5473,330.2597,16.090088,38.736206,0.053648353,2,-1,-1
72.06692,12.134653,39.848274,35.29917,0.053514093,10,-1,-1
454.22607,329.26242,56.061188,65.043915,0.05339107,2,-1,-1
684.4762,519.1819,22.584534,31.454956,0.053326994,1,-1,-1
885.2606,219.1276,30.13208,51.42737,0.053262323,1,-1,-1
791.49176,392.66736,118.08264,181.18958,0.053065866,2,-1,-1
236.49861,375.10245,34.9196,47.833557,0.05301699,1,-1,-1
755.4478,225.1531,44.433777,58.54947,0.05298066,8,-1,-1
885.71375,655.3859,40.740234,51.645447,0.0528405,1,-1,-1
885.01624,0.0,7.1797485,15.11214,0.052817434,1,-1,-1
980.96326,153.34235,19.041443,25.502579,0.052671105,2,-1,-1
682.526,622.91034,74.6051,56.040894,0.05265054,5,-1,-1
748.4929,256.94025,15.807007,38.109924,0.05264786,1,-1,-1
809.9387,386.1863,34.318542,47.314667,0.052597463,2,-1,-1
888.95844,547.1591,171.47028,238.4627,0.052557915,6,-1,-1
769.48456,357.39685,39.880432,53.578705,0.052535355,2,-1,-1
883.6415,556.16833,176.81616,227.82306,0.05252379,2,-1,-1
683.01874,100.07891,14.520447,32.78144,0.05249679,2,-1,-1
351.04248,476.48328,36.189087,69.77716,0.052430034,2,-1,-1
33.091873,187.0413,32.2511,41.793182,0.052425474,10,-1,-1
831.1525,521.1688,98.70026,157.29755,0.052324027,2,-1,-1
826.91077,761.47705,29.071594,26.066895,0.05232057,1,-1,-1
788.0686,394.93317,90.99365,59.06653,0.052319586,1,-1,-1
486.00995,49.22643,8.552643,17.281704,0.0522058,1,-1,-1
785.7291,0.0,52.75226,14.873298,0.05211532,4,-1,-1
645.858,115.518814,13.933594,24.536072,0.052114636,2,-1,-1
645.4696,86.26112,15.361145,33.378754,0.051943034,2,-1,-1
92.27322,14.2907,8.067062,9.919248,0.05186829,1,-1,-1
694.35187,530.3355,8.205627,17.34784,0.051807284,1,-1,-1
60.097637,198.20398,30.29449,22.140045,0.0518063,1,-1,-1
608.6782,99.59367,15.251587,32.234528,0.0517914,2,-1,-1
666.2515,82.83684,18.353394,33.539757,0.051695764,1,-1,-1
901.31775,44.131012,8.543701,15.155685,0.051448792,1,-1,-1
225.77425,370.14893,29.308212,45.608917,0.05132094,10,-1,-1
276.95255,389.89856,35.077087,50.554596,0.05124381,2,-1,-1
900.0227,43.355053,5.6574097,13.535957,0.051233113,1,-1,-1
961.3874,273.0848,40.916016,63.926514,0.05120632,2,-1,-1
1098.3983,327.89056,16.715454,23.024567,0.051117867,1,-1,-1
365.00668,451.42422,47.008453,63.736847,0.050872833,1,-1,-1
752.02814,256.7621,39.003113,49.352814,0.05085224,1,-1,-1
