821.36115,261.27545,15.647278,26.815857,0.9002505,1,-1,-1
837.6734,286.0508,15.116638,17.78601,0.87578773,1,-1,-1
822.35455,290.02713,15.467407,22.834076,0.8715881,1,-1,-1
878.0758,356.62692,14.291626,16.40744,0.83682895,1,-1,-1
844.12897,306.1067,16.170471,22.355804,0.8332021,1,-1,-1
872.5157,257.0154,16.912598,22.078949,0.8308929,1,-1,-1
790.59644,114.15708,16.033936,23.469994,0.8308233,1,-1,-1
913.9878,389.89194,16.228455,16.749268,0.8264523,1,-1,-1
877.82935,212.63716,17.377625,22.270737,0.7988248,1,-1,-1
957.1324,721.21454,19.664246,20.375793,0.78891414,1,-1,-1
790.0139,489.1311,41.769897,24.877625,0.76162934,10,-1,-1
750.9275,437.58356,34.62201,18.819305,0.74970967,10,-1,-1
895.1782,386.85898,17.265503,18.587738,0.7373444,1,-1,-1
727.0198,490.1657,36.7984,21.880615,0.7291133,10,-1,-1
789.78656,432.64032,33.03186,20.639496,0.7287383,10,-1,-1
810.0663,665.0437,48.06964,24.110413,0.7248717,10,-1,-1
741.6476,306.64404,15.675903,23.977142,0.7124468,1,-1,-1
822.8636,639.7217,40.776733,20.681702,0.70984304,10,-1,-1
1079.8984,742.3892,24.415527,18.830322,0.7015035,1,-1,-1
778.14264,390.16663,42.89868,21.774078,0.70111823,10,-1,-1
902.85175,216.44043,17.705505,23.694534,0.6805099,1,-1,-1
837.64703,0.0,14.242676,20.870724,0.67728615,1,-1,-1
756.31537,312.34097,12.707703,20.458496,0.67596966,1,-1,-1
835.4521,742.44135,38.314697,23.893982,0.66732466,10,-1,-1
820.59106,0.0,15.348145,15.872637,0.63999736,1,-1,-1
826.5727,698.01245,43.03589,20.962708,0.63552314,10,-1,-1
842.40283,411.81866,17.315918,16.166443,0.63227737,1,-1,-1
752.1006,710.67035,31.441284,18.773804,0.6289041,10,-1,-1
793.9213,520.81665,47.901794,26.237427,0.62146866,10,-1,-1
879.0971,714.00055,16.101562,18.017334,0.6185695,1,-1,-1
983.36383,530.8485,32.888306,22.717102,0.61393774,10,-1,-1
788.0315,467.00787,33.186157,21.528442,0.61069494,10,-1,-1
760.7772,696.5106,40.524902,17.87732,0.61056143,10,-1,-1
834.7785,754.79425,36.55664,22.771729,0.609869,10,-1,-1
969.94354,639.73926,18.526855,18.800415,0.6075622,1,-1,-1
722.3271,566.9419,41.991943,21.900879,0.60726726,3,-1,-1
726.0666,625.0041,42.251404,21.672241,0.60542285,3,-1,-1
889.62445,711.29803,13.437378,16.680847,0.6033908,1,-1,-1
787.89764,420.04523,31.713501,18.36853,0.59870374,10,-1,-1
904.3232,229.983,21.655396,28.088806,0.59513974,1,-1,-1
899.3052,276.16507,14.710815,23.031708,0.58494705,1,-1,-1
917.59314,180.6603,15.042664,20.985855,0.5838539,1,-1,-1
944.6472,284.3842,38.481018,31.441223,0.5599714,3,-1,-1
753.9617,743.28687,14.412842,27.170044,0.55987036,10,-1,-1
864.40186,207.32095,17.211182,24.789078,0.55428773,10,-1,-1
893.9503,167.47493,13.124939,19.247131,0.5528222,1,-1,-1
838.1327,766.36316,39.773376,21.180786,0.54724467,10,-1,-1
910.83936,591.62134,10.246155,16.828186,0.5451677,1,-1,-1
743.91656,677.14417,38.231445,16.522644,0.5414925,10,-1,-1
900.3216,285.1427,14.678711,19.421356,0.5410982,1,-1,-1
885.34,586.887,12.143799,14.662415,0.5410212,1,-1,-1
919.29974,267.9301,36.76184,29.065369,0.5401824,3,-1,-1
864.47314,207.17961,17.079895,25.003296,0.5379954,1,-1,-1
817.0661,616.52734,45.78064,31.322388,0.5363022,10,-1,-1
873.03406,103.958954,16.37677,25.171875,0.5287353,1,-1,-1
955.2865,296.5954,37.8443,27.174377,0.51995087,3,-1,-1
717.93097,23.033398,34.765015,37.429523,0.51500404,10,-1,-1
767.9887,406.18365,41.01184,22.446442,0.5143787,10,-1,-1
787.14996,456.10776,32.47754,18.932526,0.5128302,10,-1,-1
908.94635,460.95502,12.518433,15.7847595,0.5070369,1,-1,-1
819.3109,678.7638,42.633057,22.971313,0.50444067,10,-1,-1
877.7736,599.76416,15.0720215,14.315735,0.50407016,1,-1,-1
974.8659,486.8239,17.704224,39.84778,0.49812448,10,-1,-1
768.47296,364.149,44.03888,23.193817,0.49648553,10,-1,-1
723.696,648.516,59.451355,23.54364,0.47416654,10,-1,-1
696.27844,717.1425,34.36841,14.91571,0.46986648,10,-1,-1
713.51227,198.86621,17.111511,29.530777,0.4684591,10,-1,-1
722.3075,589.97034,61.03235,29.230286,0.4647814,10,-1,-1
770.2142,777.0517,25.260132,10.492249,0.46178785,10,-1,-1
801.92456,547.1405,41.318726,22.862793,0.4609214,10,-1,-1
905.2192,298.5327,17.735046,27.075745,0.45626083,1,-1,-1
817.2859,605.0421,42.292847,26.251038,0.4559839,10,-1,-1
891.1689,155.6276,15.098938,25.652359,0.45152488,1,-1,-1
1029.5881,552.03186,19.520142,19.002563,0.4494907,1,-1,-1
792.9116,504.6305,41.179688,22.103943,0.44457254,10,-1,-1
931.2981,682.6738,21.589417,22.653442,0.44359595,1,-1,-1
689.9869,82.809166,30.919678,19.968834,0.44328585,10,-1,-1
800.6095,580.36346,45.55957,23.88269,0.4398908,3,-1,-1
751.7652,710.80237,32.77057,19.931458,0.43755686,3,-1,-1
896.5535,591.14154,11.666443,20.629028,0.43345457,1,-1,-1
709.23553,340.69016,38.790344,34.74646,0.43197823,3,-1,-1
806.35345,560.6483,45.35974,24.138489,0.42851397,10,-1,-1
790.9383,530.5718,46.93866,28.07782,0.42689115,10,-1,-1
734.19867,746.3077,13.456665,23.962646,0.42362022,10,-1,-1
922.0621,590.0942,10.50293,15.778015,0.42132312,1,-1,-1
701.0298,705.0445,33.545654,13.528259,0.41852933,10,-1,-1
896.0187,588.20575,10.408386,13.567017,0.41792905,1,-1,-1
696.7726,715.7817,32.812073,15.506592,0.4157022,3,-1,-1
685.7303,11.054812,37.551636,27.712872,0.4125379,10,-1,-1
907.02814,300.21432,15.073669,20.624481,0.4121104,2,-1,-1
709.51245,476.90494,31.832336,15.301239,0.40566796,10,-1,-1
801.00635,580.4178,46.752502,24.084595,0.40170765,10,-1,-1
757.6473,346.2684,42.80243,19.011475,0.40164027,10,-1,-1
757.6473,346.2684,42.80243,19.011475,0.400335,3,-1,-1
1002.3668,544.8426,29.159546,23.515076,0.39101255,10,-1,-1
760.08167,695.5198,41.08191,19.375244,0.38967878,3,-1,-1
722.3075,589.97034,61.03235,29.230286,0.38861158,3,-1,-1
826.9861,698.3125,42.358643,20.482605,0.38751784,3,-1,-1
806.35345,560.6483,45.35974,24.138489,0.38621554,3,-1,-1
790.95197,532.42194,45.624023,26.164856,0.38607055,3,-1,-1
991.7998,299.59732,53.78296,33.185364,0.3825,10,-1,-1
728.4825,457.62567,23.408447,10.457764,0.38134456,3,-1,-1
709.51245,476.90494,31.832336,15.301239,0.3799135,3,-1,-1
990.57837,300.49783,51.161255,32.002502,0.37703443,3,-1,-1
822.3786,640.0741,41.310608,20.459412,0.37436286,3,-1,-1
927.44147,633.4781,26.965027,59.84546,0.37379825,8,-1,-1
767.67554,406.21024,40.448914,23.124207,0.37257266,3,-1,-1
726.0666,625.0041,42.251404,21.672241,0.37106907,10,-1,-1
900.2303,474.48892,11.233704,11.701599,0.37059593,1,-1,-1
759.85657,332.98584,39.907654,19.23767,0.36590454,3,-1,-1
861.3389,116.33166,18.168274,32.034737,0.3574003,10,-1,-1
722.1613,515.6331,45.266296,26.246216,0.35502905,10,-1,-1
802.4156,547.36346,40.154358,22.212585,0.3514829,3,-1,-1
723.696,648.516,59.451355,23.54364,0.34603918,3,-1,-1
995.7861,367.6097,9.245178,11.465027,0.34473342,1,-1,-1
907.63165,296.72812,13.733459,15.794159,0.34415376,2,-1,-1
898.7514,472.27597,15.235901,23.660461,0.3436491,1,-1,-1
722.2798,451.627,22.172485,9.994141,0.3424033,3,-1,-1
904.51917,295.50458,18.27832,29.779633,0.34136978,10,-1,-1
723.8947,537.31915,48.499268,22.364563,0.34077376,3,-1,-1
699.091,93.02744,27.409424,14.764702,0.33908856,10,-1,-1
701.0298,705.0445,33.545654,13.528259,0.33907866,3,-1,-1
944.52496,285.00803,38.512756,29.862823,0.3387964,10,-1,-1
759.96313,332.41473,39.45349,19.817566,0.33864737,10,-1,-1
879.3916,713.31067,10.951904,9.456055,0.33819485,1,-1,-1
931.2981,682.6738,21.589417,22.653442,0.33769983,2,-1,-1
896.1222,146.27264,12.066223,17.786499,0.33743775,1,-1,-1
721.6674,566.7553,43.019287,22.3443,0.3336653,10,-1,-1
711.9954,555.41864,46.6532,21.934204,0.33276176,3,-1,-1
778.14575,390.08173,42.721863,21.88205,0.33114117,3,-1,-1
854.89874,540.149,14.238342,17.901978,0.3309579,1,-1,-1
795.25555,624.78394,18.14392,29.841614,0.33089864,10,-1,-1
809.51294,663.96606,46.02057,24.044983,0.33034414,3,-1,-1
793.14044,520.64624,48.711914,26.576172,0.3288173,3,-1,-1
713.3533,199.15836,17.449524,29.316483,0.32763088,1,-1,-1
699.86664,97.93792,27.173462,15.506889,0.32669955,10,-1,-1
902.6198,286.3559,17.995789,32.037445,0.32604152,1,-1,-1
787.7944,473.54916,36.27765,22.419495,0.32376957,10,-1,-1
903.85693,474.65714,10.694092,10.685059,0.32096997,1,-1,-1
893.78314,157.30244,9.749329,16.408936,0.3179315,1,-1,-1
901.7183,276.54938,11.33667,14.266327,0.3176528,1,-1,-1
975.992,268.56104,41.3739,32.398438,0.3153464,10,-1,-1
768.47296,364.149,44.03888,23.193817,0.31305605,3,-1,-1
723.59845,536.8549,48.905457,23.084717,0.30738682,10,-1,-1
716.37823,392.45,41.568848,19.245544,0.30377305,3,-1,-1
718.4025,29.6753,16.339783,30.531918,0.30017343,3,-1,-1
897.6729,135.69484,17.057861,25.864914,0.29944324,1,-1,-1
843.668,313.9446,9.548645,15.914154,0.2975492,1,-1,-1
729.12384,636.2907,49.313232,27.180664,0.2956472,3,-1,-1
804.4257,549.9509,50.165527,28.475952,0.2941508,10,-1,-1
728.84485,510.36804,37.22412,23.078674,0.29384953,10,-1,-1
824.9592,639.50134,39.124207,20.056396,0.2933348,1,-1,-1
696.2225,552.0979,51.595154,21.079163,0.2924832,3,-1,-1
901.2646,468.86847,9.789368,14.77298,0.29104492,1,-1,-1
827.45355,287.63116,20.999756,23.399475,0.2894979,1,-1,-1
790.2774,443.82864,31.9021,19.24582,0.28916156,10,-1,-1
1005.85443,273.81326,37.81024,29.27716,0.28816336,10,-1,-1
900.2303,474.48892,11.233704,11.701599,0.28812295,2,-1,-1
716.56055,593.8047,43.58783,24.64087,0.287427,3,-1,-1
869.17084,210.13512,19.787598,22.398453,0.28234643,1,-1,-1
697.7869,683.5658,40.51178,14.686523,0.28194475,3,-1,-1
831.1212,706.37506,40.836487,20.684692,0.2812662,10,-1,-1
1029.6019,551.1758,21.46582,19.170593,0.28050488,2,-1,-1
973.17554,253.63304,45.596924,31.118576,0.28025395,10,-1,-1
898.9117,460.03067,22.334595,27.99591,0.2799522,1,-1,-1
898.60266,146.52751,9.989746,15.914749,0.2792377,2,-1,-1
907.72156,296.40305,13.863464,18.013916,0.27903515,1,-1,-1
659.51434,70.12082,47.225403,26.760605,0.27797365,10,-1,-1
876.72784,212.14781,17.989868,23.218292,0.27753168,10,-1,-1
835.68274,742.5064,37.848328,23.74408,0.27738574,3,-1,-1
704.0731,563.3627,53.12079,24.767822,0.2761178,3,-1,-1
712.1014,558.2983,51.659424,25.559143,0.2747305,10,-1,-1
902.6198,286.3559,17.995789,32.037445,0.2729241,10,-1,-1
722.55176,144.86528,35.519165,20.425797,0.2705801,3,-1,-1
749.56805,695.245,40.57312,16.124878,0.2701282,10,-1,-1
974.8659,486.8239,17.704224,39.84778,0.26973593,3,-1,-1
805.75665,590.4899,44.452454,26.480713,0.26956666,3,-1,-1
883.5678,720.4421,10.471863,11.614441,0.26734847,1,-1,-1
786.39417,455.7233,32.338074,19.264282,0.26691824,3,-1,-1
812.87854,596.7832,44.11853,26.413757,0.2656634,10,-1,-1
819.1627,678.30444,42.15857,23.897339,0.26449454,3,-1,-1
959.72,279.76602,45.02942,34.38144,0.26436275,3,-1,-1
727.7266,457.3511,24.342224,10.640869,0.26404035,10,-1,-1
899.0505,485.23563,7.6762695,12.1388855,0.263663,1,-1,-1
804.2217,589.5369,49.2135,27.243164,0.26284853,10,-1,-1
877.97174,600.31226,13.757263,13.399719,0.2627489,2,-1,-1
738.1458,458.27603,14.047485,9.085815,0.26259398,1,-1,-1
894.924,168.96423,10.808411,16.827805,0.26199973,2,-1,-1
1003.5827,546.8975,24.535706,21.572937,0.26083666,2,-1,-1
949.72296,259.50516,33.195984,29.411377,0.26022154,3,-1,-1
1029.419,551.3721,21.617798,18.892029,0.25838646,10,-1,-1
752.1006,710.67035,31.441284,18.773804,0.25642896,1,-1,-1
861.32355,116.41633,18.419617,32.556526,0.25541067,1,-1,-1
714.15857,391.94073,42.94043,20.521393,0.2540524,10,-1,-1
1004.87994,547.83887,21.576843,18.627808,0.2533622,1,-1,-1
816.8974,598.9828,39.111267,24.687317,0.2526627,3,-1,-1
895.2919,122.97599,12.848877,22.983238,0.25230688,1,-1,-1
686.436,11.479114,36.280518,26.785599,0.25212175,3,-1,-1
728.23914,427.4486,30.73462,13.292114,0.2500775,10,-1,-1
716.56055,593.8047,43.58783,24.64087,0.24966586,10,-1,-1
759.96313,332.41473,39.45349,19.817566,0.24931929,1,-1,-1
750.1245,694.75146,39.67157,16.967285,0.24764058,3,-1,-1
817.7388,617.23663,44.961426,29.906189,0.24707839,3,-1,-1
789.96765,432.50925,32.575073,20.58728,0.24522212,3,-1,-1
715.25464,608.4036,50.22522,25.767944,0.2449041,3,-1,-1
718.2998,615.7395,50.214355,27.255127,0.24479577,10,-1,-1
898.75464,598.5093,8.021057,13.755371,0.24421906,1,-1,-1
964.3016,270.27185,45.723083,33.425385,0.24394745,3,-1,-1
892.17334,711.85516,8.379272,13.257629,0.24346787,1,-1,-1
686.7729,97.03598,40.855835,21.048515,0.24318066,10,-1,-1
680.2601,115.91378,19.609497,25.734947,0.24316838,3,-1,-1
744.5366,678.189,36.098328,17.190002,0.24002182,3,-1,-1
822.556,688.8305,30.36267,18.671997,0.23951975,10,-1,-1
723.1023,452.78125,26.440308,14.626678,0.23941448,3,-1,-1
949.2598,259.26624,36.167175,30.045868,0.23900208,10,-1,-1
1008.39075,543.44495,24.092163,20.005981,0.23696366,2,-1,-1
719.2794,514.4956,48.32898,27.917297,0.23565713,3,-1,-1
736.8686,741.9206,17.512756,27.58606,0.23563462,10,-1,-1
727.84393,150.05586,30.653625,17.112732,0.23449323,10,-1,-1
257.40015,384.7992,47.03424,38.996826,0.2344163,3,-1,-1
964.12775,250.24007,53.491028,35.324417,0.23380452,3,-1,-1
718.45807,444.40588,19.476074,9.587158,0.23312163,3,-1,-1
813.6748,669.44403,48.433533,26.528076,0.2322841,3,-1,-1
745.07605,595.3322,39.33081,21.474487,0.23024252,10,-1,-1
787.18353,419.85068,31.239502,17.861816,0.2287848,3,-1,-1
717.3251,23.163458,35.36786,36.224007,0.22860512,3,-1,-1
787.1271,468.66733,33.920776,19.767517,0.22579956,3,-1,-1
900.3186,588.1575,11.978821,15.649963,0.22523722,1,-1,-1
720.99097,549.24506,50.16687,22.770264,0.22487062,3,-1,-1
721.4147,579.29626,55.292236,27.493103,0.22461379,3,-1,-1
843.4096,768.8901,34.84485,18.65387,0.22344148,3,-1,-1
894.7054,151.72136,9.378784,16.540756,0.22292262,1,-1,-1
842.3315,411.74722,17.47882,16.27652,0.22162104,2,-1,-1
899.4637,113.29698,16.217224,25.848328,0.22024426,1,-1,-1
677.2455,0.0,32.60559,19.609995,0.2198064,10,-1,-1
714.85583,167.95499,40.147705,20.860992,0.21939608,3,-1,-1
864.9495,207.48578,16.033447,24.30429,0.21920195,2,-1,-1
847.3514,306.10468,11.010742,14.462677,0.21776685,1,-1,-1
1015.13995,592.97253,14.440979,20.117432,0.21644238,1,-1,-1
1012.5463,542.46954,21.52948,17.804382,0.2137135,10,-1,-1
868.97205,209.1629,19.273743,23.945236,0.2136243,10,-1,-1
1017.4916,498.64255,16.191772,24.490143,0.21305966,1,-1,-1
758.1232,346.54776,42.58429,18.635529,0.21301097,1,-1,-1
257.40015,384.7992,47.03424,38.996826,0.21259493,10,-1,-1
822.8194,694.0953,35.216553,19.025635,0.21222466,10,-1,-1
919.79767,268.17508,36.704224,28.822205,0.21201614,10,-1,-1
832.27,708.3505,36.18579,17.728394,0.21079555,3,-1,-1
790.3977,489.0997,41.187195,24.641327,0.20968068,3,-1,-1
757.9838,330.4024,42.99884,25.039215,0.2094849,8,-1,-1
885.44806,586.55444,10.609741,13.850891,0.20792687,2,-1,-1
729.12384,636.2907,49.313232,27.180664,0.20713016,10,-1,-1
1017.4916,498.64255,16.191772,24.490143,0.20660308,2,-1,-1
750.94257,437.34872,34.996216,19.323395,0.20635283,3,-1,-1
927.64154,633.4477,26.779541,60.459045,0.20544228,7,-1,-1
904.60693,465.81824,9.857849,11.442352,0.20528653,1,-1,-1
726.5571,453.40042,15.279602,8.362671,0.20461982,1,-1,-1
970.171,235.99847,47.31122,41.32199,0.2039459,10,-1,-1
902.7574,463.49582,16.133606,14.823761,0.20362684,1,-1,-1
721.9029,451.52774,22.862488,10.270752,0.20336238,10,-1,-1
834.5306,758.7539,35.922546,20.872742,0.20306951,3,-1,-1
902.6825,291.07333,15.460999,17.389954,0.20187977,1,-1,-1
763.04803,352.98102,35.18988,15.827362,0.20185539,3,-1,-1
891.1689,155.6276,15.098938,25.652359,0.20167103,2,-1,-1
941.6049,675.66174,15.18042,15.513672,0.20156908,1,-1,-1
766.2051,328.64792,33.427063,17.986633,0.20114484,3,-1,-1
900.29364,146.82954,10.048096,15.518631,0.20060563,1,-1,-1
826.8916,617.2039,34.773132,18.390442,0.19993526,10,-1,-1
899.6073,589.55237,15.054077,21.845764,0.1994729,1,-1,-1
717.0368,654.0313,36.413086,15.112854,0.19935307,3,-1,-1
821.22144,0.0,14.324768,15.533085,0.19928282,2,-1,-1
763.04803,352.98102,35.18988,15.827362,0.1980969,10,-1,-1
902.14197,467.80695,9.052246,9.73999,0.19800058,1,-1,-1
889.1624,587.62494,12.014832,11.754395,0.19767892,1,-1,-1
822.556,688.8305,30.36267,18.671997,0.1974208,3,-1,-1
955.19006,295.71768,37.872803,28.033539,0.19715416,10,-1,-1
730.5585,638.3024,35.72992,15.360413,0.19661108,3,-1,-1
793.59814,505.09543,40.029175,21.470123,0.19660524,3,-1,-1
757.4229,600.8363,29.340393,18.707031,0.19640598,1,-1,-1
893.78314,157.30244,9.749329,16.408936,0.19605896,2,-1,-1
768.0341,328.43918,22.698914,20.443085,0.19594276,1,-1,-1
717.1923,654.17303,49.828552,18.919739,0.1958079,10,-1,-1
727.2589,490.21292,37.18152,21.945526,0.19575658,3,-1,-1
897.51056,587.3922,9.661377,13.9088745,0.19490784,2,-1,-1
698.1542,681.65,41.754395,20.610535,0.19429028,10,-1,-1
922.2286,590.3368,10.555603,15.435608,0.19426101,2,-1,-1
891.0183,101.37618,19.620544,25.663544,0.19381717,1,-1,-1
1013.63525,542.7567,20.433105,16.436523,0.19345817,1,-1,-1
873.88434,103.04764,16.221619,23.578392,0.19305488,2,-1,-1
983.129,532.47626,31.93689,20.156555,0.19260317,2,-1,-1
703.46735,625.8027,48.974243,21.308533,0.19248617,3,-1,-1
928.6147,267.00055,43.52246,32.98944,0.19075543,3,-1,-1
734.0172,746.0814,14.075073,23.867065,0.19070077,3,-1,-1
1001.7769,506.22156,23.196838,21.60669,0.19030416,10,-1,-1
975.10345,641.8796,13.064453,12.140503,0.19006822,1,-1,-1
763.5663,332.2429,33.755066,20.298035,0.1897561,2,-1,-1
701.24347,732.0788,23.780945,18.31543,0.18967295,2,-1,-1
718.2998,615.7395,50.214355,27.255127,0.18932658,3,-1,-1
1011.01794,545.28345,14.327637,15.661255,0.18915367,2,-1,-1
745.31683,691.74664,35.839417,14.750671,0.1889832,10,-1,-1
660.27673,149.58188,28.257263,18.184937,0.18897912,10,-1,-1
718.0636,332.4762,33.536987,24.939514,0.18853524,3,-1,-1
678.61743,4.719573,35.471924,35.333473,0.18820155,3,-1,-1
700.8569,731.7864,25.273193,19.69159,0.18814304,1,-1,-1
708.2743,666.554,36.687927,13.544189,0.18806621,3,-1,-1
817.0425,674.3011,37.73535,19.351624,0.18798384,10,-1,-1
638.995,1.7532138,41.705017,32.981625,0.18614978,3,-1,-1
1015.52527,542.91205,18.26587,15.49353,0.1855109,2,-1,-1
902.0254,285.4668,19.847229,36.51947,0.18492502,3,-1,-1
728.2115,152.81358,29.76587,16.909103,0.18490395,3,-1,-1
895.569,590.3644,8.330261,10.172302,0.18468592,2,-1,-1
875.00934,593.6068,21.076843,23.579773,0.18450612,1,-1,-1
902.22614,287.6199,18.081116,25.55951,0.18435451,2,-1,-1
701.8538,536.08875,48.290344,21.733582,0.18417317,3,-1,-1
714.9737,776.9062,21.5625,10.637756,0.18404576,10,-1,-1
901.32245,478.63477,10.1922,13.232117,0.18399054,1,-1,-1
687.19055,486.5811,14.051941,28.34201,0.18369937,10,-1,-1
734.7825,750.34204,11.340637,19.805908,0.1836746,1,-1,-1
765.8725,326.5504,33.826843,17.344604,0.18353015,10,-1,-1
900.342,128.09486,18.937317,29.216461,0.1833623,1,-1,-1
899.64075,476.32556,8.058044,11.339966,0.18306121,1,-1,-1
822.06726,597.75616,29.475647,21.369629,0.18289286,1,-1,-1
994.0749,536.60156,39.780945,26.412415,0.18279907,10,-1,-1
750.02045,702.87286,45.7735,24.505127,0.18249077,10,-1,-1
810.9296,656.7094,47.028503,24.003418,0.18209851,10,-1,-1
918.22363,588.84143,16.112305,20.80066,0.18209377,1,-1,-1
961.9514,279.21536,43.806152,34.968445,0.18158501,10,-1,-1
742.85626,651.3223,41.535767,15.600281,0.181223,10,-1,-1
794.2634,622.68414,23.17096,30.606506,0.18116161,3,-1,-1
677.2592,1.8051709,38.34973,39.029133,0.18105587,10,-1,-1
895.6589,129.81947,10.362427,20.485397,0.18089864,1,-1,-1
713.51227,198.86621,17.111511,29.530777,0.18084046,3,-1,-1
679.13574,113.515175,27.414062,26.262794,0.18051913,10,-1,-1
724.6833,674.19946,54.62744,22.593994,0.17968664,10,-1,-1
901.2646,468.86847,9.789368,14.77298,0.17947957,2,-1,-1
902.10614,589.9676,9.561829,12.285339,0.17908591,2,-1,-1
983.81525,532.4888,31.918396,20.060974,0.17888367,1,-1,-1
703.54456,140.8082,46.823914,22.989456,0.17867658,3,-1,-1
717.7281,29.32927,16.582092,31.196274,0.17744872,10,-1,-1
872.381,103.06504,18.00769,31.038902,0.1767143,10,-1,-1
1079.682,742.05945,25.025635,19.940613,0.17662683,2,-1,-1
768.0228,776.7889,27.04779,10.755066,0.17659575,3,-1,-1
876.26794,212.26149,18.680725,23.325638,0.17655325,2,-1,-1
700.72186,732.4503,26.63562,17.021545,0.17652291,10,-1,-1
728.23914,427.4486,30.73462,13.292114,0.17650023,3,-1,-1
932.5357,687.81006,12.444397,16.34198,0.1762493,1,-1,-1
767.9335,363.23096,40.517395,23.447388,0.17601335,1,-1,-1
1004.0707,609.5615,11.99823,25.953552,0.17583898,1,-1,-1
903.85693,474.65714,10.694092,10.685059,0.17546988,2,-1,-1
897.6729,135.69484,17.057861,25.864914,0.17539096,2,-1,-1
1009.3356,296.49152,51.11206,36.0112,0.17463714,10,-1,-1
763.6685,328.99896,17.369629,21.588593,0.17370123,1,-1,-1
718.13446,142.3596,39.864075,23.886139,0.17335865,10,-1,-1
890.8606,107.72802,16.110535,26.602669,0.1728904,1,-1,-1
995.05365,369.8304,7.2958374,8.378662,0.17249987,1,-1,-1
895.36865,165.53883,8.899353,16.71045,0.17213914,1,-1,-1
638.7533,0.0,44.658142,27.065279,0.17181206,10,-1,-1
1018.4209,498.8868,20.249634,25.856354,0.17162147,10,-1,-1
902.3423,133.94537,11.905151,20.587463,0.17160618,1,-1,-1
762.26215,322.60312,37.33258,20.200287,0.1714679,1,-1,-1
911.9403,590.6235,9.664917,16.741516,0.17146453,2,-1,-1
677.2455,0.0,32.60559,19.609995,0.17145991,3,-1,-1
717.6142,23.232712,34.924194,37.300564,0.1713703,7,-1,-1
812.10675,583.83685,41.966187,17.747498,0.17116913,3,-1,-1
895.43365,590.73615,7.836487,9.221497,0.1710195,1,-1,-1
905.4153,590.95807,8.642334,11.196289,0.17098159,2,-1,-1
739.413,738.3327,26.570251,31.059753,0.17065528,10,-1,-1
745.31683,691.74664,35.839417,14.750671,0.17060062,3,-1,-1
994.62646,503.8334,17.85431,23.154388,0.17005137,10,-1,-1
911.9049,233.23569,17.377563,24.433167,0.16941583,1,-1,-1
699.71967,650.049,57.020386,26.599854,0.16929755,3,-1,-1
914.1157,390.1179,16.07373,16.10904,0.16917777,2,-1,-1
1014.7563,548.6656,32.31537,22.269104,0.16894984,10,-1,-1
1007.42236,549.1365,15.94281,15.678589,0.16884795,2,-1,-1
916.65344,241.43358,14.27179,20.132614,0.16852137,1,-1,-1
815.50037,614.31116,45.787964,36.772217,0.16814393,8,-1,-1
986.77905,303.72147,39.333374,22.819,0.16794643,3,-1,-1
894.1972,127.78418,16.916199,26.308243,0.1675818,1,-1,-1
652.24,110.89197,13.266663,31.828384,0.16744259,10,-1,-1
899.2311,469.0385,15.003906,22.011017,0.16738221,10,-1,-1
717.5825,143.28922,40.268982,22.838531,0.16662714,7,-1,-1
788.3735,444.77393,35.533875,33.736877,0.16655028,10,-1,-1
995.87616,367.43484,9.118042,11.826813,0.16632819,2,-1,-1
760.38983,773.14246,38.21283,14.401489,0.16620117,10,-1,-1
681.2956,105.020195,18.463928,29.962059,0.1656737,3,-1,-1
790.2774,443.82864,31.9021,19.24582,0.16497481,3,-1,-1
1319.8198,678.1421,36.022095,27.450562,0.16448727,10,-1,-1
664.7026,60.156548,43.477478,35.410057,0.16399658,3,-1,-1
811.772,603.6045,38.34131,27.601562,0.16386092,3,-1,-1
691.3874,441.8664,6.286194,8.350739,0.16380093,1,-1,-1
848.1324,773.7484,31.57483,13.795532,0.16364193,10,-1,-1
822.8194,694.0953,35.216553,19.025635,0.16329378,3,-1,-1
997.49835,369.45853,6.694458,7.9016724,0.16276208,1,-1,-1
871.3793,207.5497,9.633301,13.290207,0.16213599,2,-1,-1
790.6389,621.24756,36.54132,32.916016,0.16212308,10,-1,-1
719.04865,446.13852,16.035034,7.5412292,0.16201743,10,-1,-1
746.6828,595.00464,37.06079,21.869629,0.16188452,3,-1,-1
691.54663,549.89825,38.48639,20.591919,0.16186959,3,-1,-1
722.09375,589.6919,62.88434,29.432068,0.16180962,7,-1,-1
717.33276,436.29788,22.178467,10.605469,0.16171211,3,-1,-1
275.58832,382.40634,35.125366,39.150665,0.16156805,3,-1,-1
730.5585,638.3024,35.72992,15.360413,0.16136616,10,-1,-1
871.0782,108.8474,15.902161,30.011581,0.16136202,1,-1,-1
695.6078,718.06976,35.03827,13.527222,0.16135415,1,-1,-1
891.1689,155.6276,15.098938,25.652359,0.16127479,10,-1,-1
713.0378,350.14297,26.779236,25.8143,0.1610238,3,-1,-1
902.85175,216.44043,17.705505,23.694534,0.16070482,2,-1,-1
666.8626,75.79984,32.827087,18.790398,0.16004518,10,-1,-1
704.34,624.54126,52.74701,23.446411,0.15970981,10,-1,-1
898.60095,120.848816,17.799622,28.15622,0.15953809,1,-1,-1
900.5494,286.10678,14.348267,18.28189,0.1595203,2,-1,-1
771.31744,411.30475,46.884705,25.299347,0.1592362,10,-1,-1
778.14264,390.16663,42.89868,21.774078,0.15912119,7,-1,-1
768.0341,328.43918,22.698914,20.443085,0.15874258,2,-1,-1
681.6157,123.29603,25.577637,20.237938,0.15840876,3,-1,-1
728.93445,394.949,29.3219,13.773834,0.15822196,3,-1,-1
828.3351,698.1626,39.394287,20.664795,0.1581909,1,-1,-1
954.2327,256.94232,53.810974,35.530945,0.15814817,3,-1,-1
1283.0559,679.81866,34.071655,23.787231,0.15806678,10,-1,-1
718.134,157.51491,39.003662,19.670227,0.15803981,3,-1,-1
994.31506,590.83966,14.877258,27.7453,0.15790823,1,-1,-1
908.117,295.72906,13.570007,19.913177,0.15760043,10,-1,-1
664.60724,55.489437,47.482117,29.333591,0.1575937,10,-1,-1
900.14545,389.8016,21.941956,18.695984,0.15716383,1,-1,-1
713.0184,167.08293,42.26062,21.819992,0.1569489,10,-1,-1
909.36084,229.77437,15.239014,18.391235,0.15640965,1,-1,-1
888.92017,111.48111,12.385437,16.37249,0.15637499,1,-1,-1
766.62714,363.67297,44.35437,24.004456,0.15631697,7,-1,-1
753.9617,743.28687,14.412842,27.170044,0.15610793,3,-1,-1
902.06805,140.50186,10.463745,19.398956,0.1558305,1,-1,-1
743.4348,539.4889,35.763184,22.82074,0.15576935,3,-1,-1
893.6305,163.69267,13.601135,22.664703,0.15514714,10,-1,-1
818.36975,667.2024,51.539062,30.576355,0.15511906,10,-1,-1
845.8809,412.35043,11.926147,10.9192505,0.15499556,2,-1,-1
878.33887,257.10413,10.805298,14.381836,0.15485492,2,-1,-1
716.1576,473.15588,29.436096,13.890961,0.15473074,3,-1,-1
878.33887,257.10413,10.805298,14.381836,0.15461192,1,-1,-1
772.2758,363.39542,37.969604,21.793,0.15403405,2,-1,-1
696.6372,67.62407,19.993958,29.276062,0.15394142,10,-1,-1
881.33777,712.276,10.387573,14.9192505,0.15391219,1,-1,-1
720.4621,565.90173,44.848816,23.660095,0.15374684,7,-1,-1
815.60004,607.12915,25.776184,22.345825,0.1537252,10,-1,-1
757.85077,590.93146,21.886902,19.54779,0.15363398,1,-1,-1
879.3916,713.31067,10.951904,9.456055,0.1532476,2,-1,-1
766.4725,345.17462,29.081116,22.732147,0.1525077,2,-1,-1
994.1989,366.66647,15.149048,15.226501,0.15232334,1,-1,-1
809.67535,664.7913,48.4339,24.193665,0.15218502,8,-1,-1
716.75916,429.1968,20.587646,9.852203,0.15215898,3,-1,-1
931.809,665.6644,19.980408,27.472229,0.15202698,2,-1,-1
739.5216,627.02875,36.14557,17.42749,0.15184733,3,-1,-1
899.8138,387.12177,12.298767,12.118561,0.1516991,1,-1,-1
983.23,530.5976,32.828674,22.82605,0.15166509,3,-1,-1
756.0938,339.05582,35.78351,17.800415,0.15158626,3,-1,-1
803.06116,548.7485,35.12024,20.55371,0.1509558,1,-1,-1
709.0091,339.36276,38.286926,35.637848,0.15054324,7,-1,-1
804.45874,550.6901,48.99176,26.47821,0.15013105,3,-1,-1
680.79614,124.08479,26.078552,19.66719,0.15012467,10,-1,-1
700.6057,732.05194,26.039795,18.564636,0.15009463,3,-1,-1
819.44714,591.7676,33.546814,17.842102,0.15007725,10,-1,-1
831.59924,639.90625,32.240967,16.50238,0.14987347,2,-1,-1
905.8625,115.60534,15.623962,25.160606,0.14972594,1,-1,-1
737.1275,600.8481,49.569275,26.935608,0.14971551,3,-1,-1
882.06116,709.75073,24.21106,22.74347,0.1496059,1,-1,-1
898.0617,458.85718,23.73108,34.23358,0.14955929,10,-1,-1
658.48395,2.5851285,39.086548,35.21701,0.14938796,3,-1,-1
899.03094,480.00446,9.093079,15.123932,0.1492751,1,-1,-1
768.8665,406.15027,39.813293,23.081085,0.14862698,7,-1,-1
758.2327,336.4833,29.397156,20.31717,0.14800441,1,-1,-1
895.71533,139.29262,15.80658,23.474045,0.14789888,10,-1,-1
758.0084,313.0299,10.663391,16.237701,0.1478582,2,-1,-1
695.6056,551.7345,54.139954,21.79657,0.14718592,10,-1,-1
709.2759,338.844,38.563293,36.552673,0.1470922,8,-1,-1
725.3296,532.8736,26.829834,25.990234,0.1465571,3,-1,-1
730.60095,393.5012,28.945007,15.908264,0.14646792,10,-1,-1
898.1158,471.47797,10.281494,13.510132,0.14643183,1,-1,-1
990.2879,299.97687,53.022156,33.273956,0.14637104,7,-1,-1
728.6783,514.2263,36.894653,18.488037,0.14631492,3,-1,-1
891.7625,711.96436,9.95929,15.543396,0.14601576,2,-1,-1
836.2593,617.5496,25.14209,16.459106,0.14598095,1,-1,-1
810.1289,641.83777,48.69928,26.35382,0.14595282,10,-1,-1
812.1388,666.3116,44.233887,23.248352,0.14592615,1,-1,-1
754.09503,312.9197,19.722229,25.921783,0.14586687,1,-1,-1
690.9223,81.84772,30.194763,20.453125,0.14578214,3,-1,-1
884.8348,716.02203,14.064697,16.417542,0.14559028,1,-1,-1
824.3422,0.0,10.610901,10.339553,0.14557803,1,-1,-1
927.44147,633.4781,26.965027,59.84546,0.14548361,6,-1,-1
894.7049,126.16287,15.392578,27.7556,0.14534661,10,-1,-1
841.9383,411.92197,18.734741,15.678833,0.14528635,10,-1,-1
757.9645,350.9449,47.0791,27.666077,0.14519504,3,-1,-1
900.3115,601.6275,5.482971,9.8307495,0.14514509,1,-1,-1
703.5061,594.41864,44.48065,20.776001,0.14486378,3,-1,-1
842.70233,415.12628,9.362793,11.455109,0.1444192,2,-1,-1
908.42883,216.32431,12.875244,15.505127,0.14403021,1,-1,-1
657.7463,68.13459,51.749817,29.19078,0.14383659,7,-1,-1
698.3842,727.5395,28.402344,15.67041,0.14381859,3,-1,-1
901.3312,289.76642,9.621277,13.750214,0.14378291,1,-1,-1
968.9901,639.2334,12.903198,14.915588,0.14365861,1,-1,-1
820.0967,606.1367,36.53705,21.1969,0.1434778,1,-1,-1
891.265,717.1423,9.358093,11.22052,0.14342299,1,-1,-1
899.01654,102.22384,15.649963,25.044052,0.1433329,1,-1,-1
759.51764,777.1516,27.783142,10.392334,0.1433061,10,-1,-1
