682.9034,688.4076,89.964905,94.88202,0.9523692,4,-1,-1
661.7876,635.53204,91.44354,81.22095,0.9384594,4,-1,-1
173.10335,479.60568,89.198654,44.09616,0.8903992,4,-1,-1
836.5206,561.274,83.57025,74.8103,0.88665724,4,-1,-1
635.5334,546.0788,75.28552,64.77399,0.8845933,4,-1,-1
519.51086,397.8738,35.644226,48.11975,0.8766104,4,-1,-1
488.92148,729.6385,56.97769,109.97479,0.85556805,4,-1,-1
783.53284,539.9588,83.36981,72.83557,0.8378798,4,-1,-1
611.0249,505.6888,75.122986,59.196198,0.8218381,4,-1,-1
247.8684,313.03406,65.418564,35.82959,0.8098228,4,-1,-1
288.5578,249.44467,58.039032,26.679596,0.7983688,4,-1,-1
643.2451,564.55334,77.35803,74.48712,0.7917118,4,-1,-1
658.82825,589.91956,71.378845,66.993286,0.78511024,4,-1,-1
192.01077,430.87338,75.46063,38.85733,0.75237316,4,-1,-1
207.36794,401.72705,67.53352,37.771393,0.736989,5,-1,-1
295.07327,228.87521,53.717834,26.444305,0.71696454,4,-1,-1
797.92694,355.75314,42.770447,55.754303,0.65230066,4,-1,-1
233.55838,367.93228,54.3562,33.25009,0.6292601,5,-1,-1
424.1815,480.24643,34.3779,25.1221,0.6289634,10,-1,-1
435.86136,466.1851,19.974915,28.69339,0.57730025,2,-1,-1
312.5074,176.16966,54.15027,36.738037,0.5705836,4,-1,-1
425.07214,411.3407,33.398193,45.45822,0.5486899,4,-1,-1
462.39688,392.7717,41.692505,70.23749,0.5261768,6,-1,-1
233.69212,367.93484,54.164047,33.30658,0.38740367,4,-1,-1
797.92694,355.75314,42.770447,55.754303,0.38343737,5,-1,-1
463.64853,393.6186,41.06903,67.64053,0.30678618,8,-1,-1
464.31674,395.2767,40.255615,67.37155,0.27101347,5,-1,-1
433.54318,473.04315,18.739716,28.843506,0.2659304,2,-1,-1
440.82324,464.60434,18.130157,23.450867,0.24692348,2,-1,-1
426.273,412.61923,30.546783,43.21231,0.23366195,5,-1,-1
611.27515,504.73285,74.934814,59.845337,0.23099071,5,-1,-1
284.5374,61.6637,22.22403,37.118435,0.22114086,1,-1,-1
425.56232,411.87433,32.096313,44.44632,0.2118549,8,-1,-1
192.01077,430.87338,75.46063,38.85733,0.21131879,5,-1,-1
206.90057,401.95987,67.98166,37.210052,0.21009052,4,-1,-1
464.31674,395.2767,40.255615,67.37155,0.20311564,4,-1,-1
431.72626,475.74948,21.283264,25.904633,0.19549102,10,-1,-1
463.64853,393.6186,41.06903,67.64053,0.19013777,7,-1,-1
433.55936,467.91754,24.807495,27.492706,0.18551147,10,-1,-1
312.55612,173.81827,54.03131,38.686447,0.18547681,5,-1,-1
425.07214,411.3407,33.398193,45.45822,0.18103504,7,-1,-1
424.31378,478.35028,35.371613,25.248627,0.17427596,2,-1,-1
662.44403,610.2423,88.865906,76.92035,0.16689885,4,-1,-1
659.64374,589.8355,70.9729,67.55884,0.15489534,5,-1,-1
435.86136,466.1851,19.974915,28.69339,0.14795223,1,-1,-1
345.69824,0.0,139.27667,40.90067,0.14563844,6,-1,-1
465.33304,394.1362,9.522461,18.5112,0.14348224,1,-1,-1
399.62387,304.7975,36.19922,33.52072,0.14221418,5,-1,-1
424.1193,410.81055,35.35074,46.861633,0.13783732,6,-1,-1
342.8937,0.0,143.56387,40.875755,0.13601717,4,-1,-1
342.8937,0.0,143.56387,40.875755,0.13463253,5,-1,-1
490.44556,731.40283,53.740723,107.888306,0.1286692,5,-1,-1
399.74097,304.7867,35.630707,32.265106,0.12697655,4,-1,-1
424.31378,478.35028,35.371613,25.248627,0.1234774,4,-1,-1
399.74097,304.7867,35.630707,32.265106,0.1207473,8,-1,-1
318.51114,172.80122,45.80829,21.780884,0.1200521,4,-1,-1
424.1815,480.24643,34.3779,25.1221,0.1199128,3,-1,-1
519.27234,397.63574,35.789062,48.192993,0.11756605,1,-1,-1
398.90143,304.1301,43.686523,65.4361,0.11443254,6,-1,-1
290.74753,67.3506,23.921478,32.350822,0.111141235,1,-1,-1
786.16614,541.6424,78.528564,70.29553,0.11113757,5,-1,-1
298.68323,80.77132,16.805145,21.56778,0.11095396,1,-1,-1
312.83292,177.2006,53.096497,35.64966,0.109723896,10,-1,-1
166.58057,128.48967,25.340073,26.931458,0.10896182,1,-1,-1
463.64853,393.6186,41.06903,67.64053,0.10481757,10,-1,-1
797.92694,355.75314,42.770447,55.754303,0.10443023,8,-1,-1
424.1815,480.24643,34.3779,25.1221,0.10193285,7,-1,-1
793.95526,554.03546,100.827515,75.55841,0.100734085,4,-1,-1
172.9402,479.34357,90.12355,44.842346,0.09948376,5,-1,-1
637.35736,545.1616,73.86542,66.164185,0.09792659,5,-1,-1
295.6203,229.08223,53.209747,26.04898,0.09584615,5,-1,-1
398.90143,304.1301,43.686523,65.4361,0.09443736,4,-1,-1
429.8444,475.82895,24.836945,26.7547,0.09376529,1,-1,-1
209.14577,425.79532,59.35765,30.78653,0.09298736,4,-1,-1
797.92694,355.75314,42.770447,55.754303,0.09018093,6,-1,-1
344.78998,0.0,140.20255,40.35846,0.08862007,9,-1,-1
643.2451,564.55334,77.35803,74.48712,0.08803624,5,-1,-1
247.8684,313.03406,65.418564,35.82959,0.08764446,5,-1,-1
425.69177,468.77808,25.310455,27.87918,0.08746046,2,-1,-1
399.62387,304.7975,36.19922,33.52072,0.08658865,7,-1,-1
425.13727,411.62338,32.87558,44.758423,0.08638716,10,-1,-1
399.62387,304.7975,36.19922,33.52072,0.08539733,6,-1,-1
682.2957,685.59485,91.52728,99.84021,0.08513808,1,-1,-1
288.42554,249.57408,58.50064,26.780502,0.08500847,10,-1,-1
398.90143,304.1301,43.686523,65.4361,0.08490673,5,-1,-1
247.65543,313.70493,65.940735,34.25653,0.08363974,10,-1,-1
295.11346,228.67134,53.474915,26.58252,0.08235803,10,-1,-1
282.18973,62.52026,38.03488,42.01206,0.08225748,1,-1,-1
663.2189,634.1148,90.75952,83.95526,0.082143486,5,-1,-1
425.16342,411.5818,32.85019,44.608734,0.08210072,1,-1,-1
433.88425,470.56018,13.295624,23.851288,0.08031151,2,-1,-1
682.5802,684.29083,90.46234,99.82074,0.07968345,10,-1,-1
425.12668,411.7602,32.633972,44.58319,0.07930046,2,-1,-1
659.64374,589.8355,70.9729,67.55884,0.07929146,1,-1,-1
286.89316,63.340942,22.264435,37.279045,0.07924113,2,-1,-1
399.97946,304.5568,72.05478,112.601746,0.07911217,6,-1,-1
289.6766,72.273056,56.723633,30.942276,0.07780266,10,-1,-1
313.77557,173.2346,51.437683,36.93489,0.07641953,6,-1,-1
315.39957,189.30707,46.210693,20.96788,0.0762147,4,-1,-1
288.36188,249.75713,58.55414,26.471024,0.07428107,5,-1,-1
288.42554,249.57408,58.50064,26.780502,0.073052526,1,-1,-1
173.10335,479.60568,89.198654,44.09616,0.07113764,1,-1,-1
795.7908,355.69116,45.62982,56.243317,0.069895774,1,-1,-1
311.03726,78.86386,34.371918,22.441933,0.069820136,10,-1,-1
1371.3939,901.911,27.998413,76.11798,0.06938967,10,-1,-1
401.3482,300.86603,53.043396,42.40738,0.06873405,4,-1,-1
783.44147,540.6379,82.768555,72.31763,0.06860769,1,-1,-1
442.198,465.5091,14.47879,21.254974,0.068455815,1,-1,-1
441.09818,472.8972,16.954529,29.081146,0.06845409,2,-1,-1
192.87688,431.90393,74.39693,37.118164,0.06844944,1,-1,-1
313.77557,173.2346,51.437683,36.93489,0.06643888,8,-1,-1
284.90085,63.727215,26.608032,37.623142,0.06588417,10,-1,-1
295.07327,228.87521,53.717834,26.444305,0.06572822,1,-1,-1
436.12167,466.13443,19.957336,28.893524,0.065228194,4,-1,-1
280.91452,60.048172,18.299072,32.665,0.06445593,1,-1,-1
727.0508,394.8388,38.713318,39.8786,0.063130975,8,-1,-1
835.3768,560.1531,85.67932,77.13336,0.06311217,5,-1,-1
302.45032,82.6757,10.684265,15.052101,0.06292987,1,-1,-1
625.3561,384.34106,19.709473,30.141754,0.06291741,1,-1,-1
940.33295,628.3498,17.076965,34.39319,0.062384695,1,-1,-1
319.69434,78.30537,25.768616,22.729622,0.061923265,1,-1,-1
398.90143,304.1301,43.686523,65.4361,0.06144184,8,-1,-1
207.40675,401.87872,67.44481,37.092377,0.06079811,9,-1,-1
424.31088,480.02646,34.444824,25.49002,0.059412837,8,-1,-1
519.6857,398.12357,34.589966,47.796448,0.059329033,5,-1,-1
422.4602,383.06708,44.62088,73.89856,0.058728337,6,-1,-1
398.47427,0.0,86.80563,33.800293,0.058692813,4,-1,-1
727.2941,396.8294,37.793945,37.8873,0.058358878,4,-1,-1
233.55838,367.93228,54.3562,33.25009,0.05833906,8,-1,-1
398.47427,0.0,86.80563,33.800293,0.05827734,5,-1,-1
455.0321,168.46078,12.3688965,17.6613,0.057423234,1,-1,-1
313.77557,173.2346,51.437683,36.93489,0.057411045,7,-1,-1
192.01077,430.87338,75.46063,38.85733,0.057217598,10,-1,-1
441.09818,472.8972,16.954529,29.081146,0.057019174,10,-1,-1
207.40675,401.87872,67.44481,37.092377,0.056643337,6,-1,-1
344.63388,0.0,140.5253,40.384,0.056555122,7,-1,-1
661.06903,634.86206,92.178345,82.13934,0.056039542,1,-1,-1
460.81396,103.75473,16.2612,20.67073,0.05575335,1,-1,-1
439.49,466.084,12.670715,18.817688,0.05569455,2,-1,-1
313.31943,173.3067,52.933197,35.12245,0.05542901,1,-1,-1
288.97476,66.33126,13.488464,28.466347,0.05488363,1,-1,-1
462.11578,394.4258,41.405518,68.73102,0.05474347,1,-1,-1
465.47018,394.43387,9.080963,17.516083,0.054637462,2,-1,-1
613.8244,524.2342,85.36072,72.57471,0.05461079,4,-1,-1
797.64374,355.9491,43.54181,56.045837,0.0540044,7,-1,-1
284.87827,62.96995,12.023804,24.433994,0.05322689,1,-1,-1
610.961,503.91312,75.57202,61.6373,0.05270955,1,-1,-1
475.9496,0.0,72.6142,23.224571,0.052525908,4,-1,-1
459.90643,103.26938,17.729218,22.204132,0.05221024,10,-1,-1
280.23166,64.87647,48.78015,39.295,0.052197844,10,-1,-1
399.54407,304.82324,35.230988,32.889313,0.051704764,10,-1,-1
233.06609,367.8363,54.942245,33.042206,0.051679015,6,-1,-1
397.8255,0.0,89.12714,32.086384,0.05167499,6,-1,-1
299.0451,74.3219,13.829071,22.503334,0.051511884,1,-1,-1
1110.1443,1014.7759,28.738647,28.236694,0.05127752,3,-1,-1
637.35736,545.1616,73.86542,66.164185,0.051276624,1,-1,-1
443.9493,466.2647,10.936859,17.21936,0.051179945,2,-1,-1
426.273,412.61923,30.546783,43.21231,0.051168174,9,-1,-1
456.1532,162.94124,12.217224,18.297852,0.051099837,1,-1,-1
398.90143,304.1301,43.686523,65.4361,0.05108881,9,-1,-1
728.04944,399.52155,36.328247,34.3244,0.050197363,10,-1,-1
192.01077,430.87338,75.46063,38.85733,0.05010298,7,-1,-1
493.50995,389.63736,9.737854,22.299591,0.050020665,1,-1,-1
