454.8913,459.4857,20.644989,34.461792,0.89127946,1,-1,-1
522.5078,375.96152,16.216492,26.714539,0.87001693,1,-1,-1
500.00485,336.21686,14.136444,25.305481,0.8400886,1,-1,-1
467.35806,298.70523,12.950714,25.717041,0.83510613,1,-1,-1
470.74295,674.43774,19.334534,25.141296,0.82909083,1,-1,-1
422.172,385.4187,14.966705,23.305725,0.8230971,1,-1,-1
790.44196,514.93774,16.829468,25.242188,0.82156515,1,-1,-1
505.74176,380.18677,15.935913,24.814117,0.81003785,1,-1,-1
484.93622,355.888,17.54657,31.429626,0.8095171,1,-1,-1
509.79028,352.22455,15.409973,24.954315,0.8081275,1,-1,-1
493.44485,390.719,15.904205,24.134003,0.7960758,1,-1,-1
541.1224,739.8865,17.258972,21.770264,0.7739513,1,-1,-1
507.00513,127.169655,14.094116,30.185158,0.7628889,1,-1,-1
478.09274,250.37904,12.011902,23.052475,0.7612796,1,-1,-1
478.87637,0.0,12.471466,21.105892,0.7597814,1,-1,-1
316.16312,678.78345,44.42691,21.768494,0.73935395,10,-1,-1
456.3649,302.86578,11.726074,19.20816,0.7055294,1,-1,-1
338.3445,548.52563,41.613464,29.691223,0.6988164,10,-1,-1
468.1001,366.89838,15.060638,26.84378,0.69139093,1,-1,-1
497.46335,135.9418,13.652008,25.760193,0.68081075,1,-1,-1
902.19745,458.27353,14.896057,22.970428,0.6789645,1,-1,-1
466.12988,250.78554,11.768097,25.739304,0.67692226,1,-1,-1
904.1639,474.23056,16.780945,23.279266,0.6716771,1,-1,-1
493.80328,49.8249,11.58847,24.018856,0.66164505,1,-1,-1
503.05988,0.0,12.699707,15.636361,0.6501763,1,-1,-1
533.759,396.50333,13.764648,25.58493,0.62958145,1,-1,-1
301.4515,724.2361,49.265045,20.513428,0.6290149,10,-1,-1
494.9436,468.78067,19.513733,39.62613,0.6276888,1,-1,-1
925.3181,224.07797,13.637573,9.254379,0.6133977,1,-1,-1
342.75925,536.03,36.657654,19.011719,0.5984105,10,-1,-1
390.19305,117.01496,14.433624,21.261375,0.5982187,1,-1,-1
493.95013,89.384415,12.112091,27.481445,0.59608704,1,-1,-1
502.8642,90.72662,11.458435,25.429115,0.5878853,1,-1,-1
521.77295,563.1592,15.701599,25.349243,0.58582455,1,-1,-1
549.03436,747.3848,14.684509,22.311829,0.5793838,1,-1,-1
386.00055,125.37924,15.264069,20.625244,0.5727672,1,-1,-1
407.5773,118.984116,13.41748,20.78003,0.56993294,1,-1,-1
97.17424,448.41083,25.301353,20.56424,0.56511724,1,-1,-1
460.0401,135.23138,26.290894,19.292664,0.56119484,10,-1,-1
398.38397,382.85852,17.852295,25.508179,0.55974203,1,-1,-1
881.17365,139.72415,8.519348,9.208496,0.55106133,1,-1,-1
519.42676,105.23684,14.460754,30.843773,0.5502974,1,-1,-1
496.2736,385.60037,17.529022,25.15033,0.5490308,1,-1,-1
418.87106,128.99812,14.002075,21.469696,0.5487794,1,-1,-1
332.7268,581.1644,40.64038,22.398254,0.5463334,10,-1,-1
495.2569,44.17194,11.793701,23.997135,0.5438525,1,-1,-1
493.19058,131.2006,12.820709,23.273453,0.5390453,1,-1,-1
491.72348,26.677847,12.104034,22.054892,0.5324136,1,-1,-1
449.69275,110.227104,12.708405,23.058342,0.5266042,1,-1,-1
424.08725,473.02524,17.921722,26.66211,0.5237643,2,-1,-1
510.8446,81.31919,12.290405,28.313225,0.523133,1,-1,-1
513.8417,53.202576,12.490173,22.97902,0.5227987,1,-1,-1
328.38828,611.4683,37.09601,19.21405,0.5224587,10,-1,-1
396.01834,380.1371,14.973419,22.559906,0.51670885,1,-1,-1
498.94998,42.06027,10.973175,23.512463,0.51657784,1,-1,-1
319.45676,746.39886,25.396545,24.018188,0.5039776,1,-1,-1
617.59216,717.6498,12.465942,14.698242,0.49765137,1,-1,-1
533.4238,770.0078,15.75354,17.536133,0.4947651,1,-1,-1
424.32812,139.03743,13.759918,22.804886,0.49461672,1,-1,-1
883.7657,136.7275,10.292847,10.395584,0.49259466,1,-1,-1
348.7463,521.4471,35.725647,16.541992,0.48972145,10,-1,-1
506.22662,92.29987,13.615845,26.559456,0.48761943,1,-1,-1
443.1704,300.25806,14.710785,35.42746,0.48642993,10,-1,-1
506.3133,29.695126,11.2146,21.741554,0.48137882,1,-1,-1
304.73502,707.9704,42.337433,21.705872,0.47857538,10,-1,-1
484.88538,120.41804,11.486969,23.418282,0.47127908,1,-1,-1
291.63934,766.8781,49.542053,20.665833,0.46985924,10,-1,-1
518.489,555.52484,12.204041,17.33014,0.4615552,1,-1,-1
350.4708,508.33353,34.97046,19.761566,0.4600308,10,-1,-1
424.3197,473.38016,17.996613,29.934174,0.44922757,1,-1,-1
796.2772,428.21497,68.37067,49.0719,0.44700468,7,-1,-1
471.2162,254.01497,9.801392,21.54808,0.44356677,1,-1,-1
439.55508,106.3014,14.370789,26.515724,0.4405338,1,-1,-1
301.00897,723.45447,49.76352,21.585571,0.4330737,3,-1,-1
594.5404,725.59155,20.62622,18.168823,0.4321941,2,-1,-1
608.065,461.38864,29.398438,38.453278,0.4278492,10,-1,-1
539.2646,129.28754,40.00653,20.992065,0.426177,3,-1,-1
321.6583,694.7994,38.236664,15.912842,0.4238227,10,-1,-1
326.66052,624.1662,39.75244,18.409424,0.42193884,10,-1,-1
588.4617,746.85223,14.603149,17.231262,0.40972203,2,-1,-1
516.2591,100.86748,14.61322,29.330338,0.4052637,1,-1,-1
796.03253,428.84793,68.4046,48.16043,0.4009333,8,-1,-1
514.10406,85.16696,12.380615,25.72921,0.4009089,1,-1,-1
107.016365,416.8325,29.814003,33.622406,0.39971966,1,-1,-1
558.5886,767.6338,14.503662,18.543213,0.39925522,1,-1,-1
346.38922,529.2433,35.38385,17.086548,0.39793122,10,-1,-1
332.72302,593.7644,44.446808,23.253723,0.39622456,10,-1,-1
623.39215,747.9418,88.15765,39.602173,0.39041615,7,-1,-1
642.3014,437.32935,17.6391,36.928223,0.38998976,10,-1,-1
531.3013,143.78505,41.6958,19.61148,0.3884985,3,-1,-1
424.1334,473.16684,18.69397,31.955322,0.38532883,3,-1,-1
331.6609,345.01065,29.550476,27.23767,0.385209,3,-1,-1
480.87473,112.691124,14.999237,22.430305,0.37865755,1,-1,-1
509.691,73.205536,10.233795,21.044487,0.37796155,1,-1,-1
499.20984,378.75424,18.39148,26.817749,0.37562597,1,-1,-1
494.95337,38.114,12.716675,21.613499,0.36909032,1,-1,-1
496.51703,93.30703,13.402435,25.830475,0.3678783,1,-1,-1
543.4519,188.94449,13.361572,19.550247,0.3658353,2,-1,-1
140.45886,425.8882,18.434784,18.049591,0.36566603,1,-1,-1
519.3035,556.36035,11.02594,14.339844,0.36439192,2,-1,-1
456.75095,124.848465,19.712067,19.463058,0.36379576,10,-1,-1
473.3443,109.459564,12.173492,20.348358,0.36305016,1,-1,-1
316.5351,649.64795,45.258392,21.826172,0.35465968,10,-1,-1
594.5404,725.59155,20.62622,18.168823,0.3545822,1,-1,-1
456.6763,124.121,15.581909,19.72699,0.35257548,1,-1,-1
315.65445,638.51105,45.214905,22.285278,0.35040098,10,-1,-1
554.52625,768.30725,11.883118,17.571533,0.34792644,1,-1,-1
328.73465,611.43384,36.212036,18.822388,0.34695575,3,-1,-1
737.2778,468.14624,17.619751,23.58966,0.34636813,2,-1,-1
309.00217,699.0027,45.06729,20.8302,0.34383577,10,-1,-1
291.63934,766.8781,49.542053,20.665833,0.3416476,3,-1,-1
425.0412,474.78763,17.650787,32.627197,0.3400885,10,-1,-1
424.29922,109.59675,15.115692,25.598701,0.34008345,1,-1,-1
1048.8009,27.34716,24.97705,18.675644,0.33937323,1,-1,-1
308.9848,573.909,16.467804,34.75409,0.33453766,10,-1,-1
411.55527,123.4635,14.91272,23.117844,0.33442947,1,-1,-1
494.9436,468.78067,19.513733,39.62613,0.33348975,10,-1,-1
521.5031,206.56496,26.253723,46.96318,0.33226365,8,-1,-1
456.66898,123.97773,15.928284,19.60682,0.3280961,2,-1,-1
473.73682,110.18319,22.883698,16.959534,0.32524604,10,-1,-1
477.87622,110.127144,13.005035,20.398537,0.3213718,1,-1,-1
522.1396,564.46594,15.034363,22.98175,0.3199994,2,-1,-1
870.86835,172.35017,6.9990845,7.371109,0.31895098,1,-1,-1
309.22055,573.9884,16.154968,34.448242,0.31746304,3,-1,-1
128.12683,446.95963,24.935303,24.280151,0.31403524,1,-1,-1
473.35712,250.60245,9.260651,20.891113,0.31278032,1,-1,-1
854.6581,67.20818,8.713684,7.4094543,0.3119115,1,-1,-1
887.3636,136.81491,7.5707397,8.279541,0.31096506,1,-1,-1
540.9378,739.4982,18.355103,21.168762,0.3102835,2,-1,-1
351.85233,471.4625,47.40869,38.800995,0.30895162,8,-1,-1
929.7058,224.92047,9.823914,6.92247,0.3028595,1,-1,-1
478.69812,110.597435,11.470001,19.86274,0.29285398,2,-1,-1
443.65677,297.30457,13.694122,24.436157,0.29003292,1,-1,-1
508.23456,25.587784,10.651794,20.338024,0.28897417,1,-1,-1
728.8422,49.355476,6.720459,7.8936157,0.28856236,1,-1,-1
326.3425,623.29834,40.785187,19.725586,0.28778374,3,-1,-1
410.55774,83.80327,16.43573,28.789848,0.28452164,1,-1,-1
459.91467,131.98787,24.965698,21.417053,0.28098094,2,-1,-1
566.4257,697.7382,47.260803,83.186646,0.28042144,8,-1,-1
494.05685,89.67546,8.103851,20.349876,0.2801645,1,-1,-1
349.882,478.4207,49.745453,34.05429,0.28005257,10,-1,-1
624.6751,747.80774,85.06549,39.736206,0.27504644,8,-1,-1
469.00696,366.30127,15.100708,18.01184,0.2739638,2,-1,-1
459.91467,131.98787,24.965698,21.417053,0.2737572,1,-1,-1
473.41852,109.202324,12.388855,20.949944,0.2736529,2,-1,-1
480.87473,112.691124,14.999237,22.430305,0.27302408,10,-1,-1
837.3664,8.312093,29.64331,18.58641,0.27228767,10,-1,-1
341.54868,518.66125,41.79471,29.099365,0.2713328,10,-1,-1
856.604,119.311226,7.436035,7.092041,0.27050385,1,-1,-1
423.28433,137.65279,14.713074,24.980637,0.2694434,10,-1,-1
352.2502,470.7243,46.889923,39.084442,0.26895142,7,-1,-1
425.6159,98.69503,15.228088,26.715805,0.2683348,1,-1,-1
519.7186,554.12225,15.244446,25.446533,0.26811564,1,-1,-1
521.1977,559.36444,10.814331,14.384827,0.2677646,2,-1,-1
424.1209,130.80846,15.4904175,22.98346,0.26764107,1,-1,-1
315.27896,661.13684,36.5253,15.693176,0.26569283,10,-1,-1
492.6903,130.9332,11.952454,20.345154,0.2656265,2,-1,-1
319.45676,746.39886,25.396545,24.018188,0.26351273,2,-1,-1
1008.1857,680.6339,7.7541504,5.918457,0.26279762,1,-1,-1
505.41,35.00678,8.651398,19.086575,0.26191223,1,-1,-1
350.4708,508.33353,34.97046,19.761566,0.26132327,3,-1,-1
551.6731,751.5505,16.05127,23.424622,0.25949514,1,-1,-1
479.6234,254.48126,7.8046265,17.532043,0.25902176,1,-1,-1
539.2646,129.28754,40.00653,20.992065,0.25584084,10,-1,-1
587.5168,731.43274,14.302185,18.468567,0.25550961,2,-1,-1
510.9286,52.483788,11.664856,19.792824,0.2538864,1,-1,-1
456.36136,303.12366,11.641205,18.696686,0.2538306,2,-1,-1
317.36588,669.6376,43.447052,22.976562,0.2536118,10,-1,-1
657.69073,454.58807,33.81787,39.35678,0.25285882,7,-1,-1
307.37817,746.69904,37.517273,27.049683,0.2526634,3,-1,-1
390.75415,116.89719,13.600525,21.14682,0.25239676,2,-1,-1
443.5325,297.20038,13.840454,23.058594,0.25026226,10,-1,-1
623.303,747.4991,88.6391,40.04486,0.2499362,6,-1,-1
746.7653,469.77185,15.412415,21.867035,0.24819246,2,-1,-1
523.11707,190.99411,25.394836,40.078674,0.24802071,8,-1,-1
332.22095,581.27734,41.292084,22.533203,0.24523854,3,-1,-1
617.59216,717.6498,12.465942,14.698242,0.24359703,2,-1,-1
495.83862,469.5056,18.408936,39.00522,0.24354917,2,-1,-1
290.59412,755.5868,52.313812,27.536621,0.2434504,10,-1,-1
543.4929,188.09215,13.564941,20.974625,0.24246585,1,-1,-1
807.1878,436.42358,56.981873,41.90207,0.24213773,6,-1,-1
558.97144,186.8341,12.30365,26.491867,0.24192533,1,-1,-1
521.5031,206.56496,26.253723,46.96318,0.24184307,7,-1,-1
304.7779,746.53876,40.952484,28.793762,0.24059209,10,-1,-1
564.8639,697.44,49.40985,84.19116,0.23773947,7,-1,-1
642.3014,437.32935,17.6391,36.928223,0.23736686,3,-1,-1
920.9662,222.79196,11.863464,9.581268,0.23722556,1,-1,-1
492.97296,130.79073,9.580475,16.206573,0.23685399,1,-1,-1
426.24222,91.20004,14.84314,24.8704,0.23632121,1,-1,-1
474.11282,110.29769,21.481873,16.968918,0.23556685,3,-1,-1
1072.5577,91.044395,13.923462,11.205475,0.23440462,2,-1,-1
458.21652,129.45224,13.293518,22.638046,0.22826904,1,-1,-1
558.1709,768.4694,14.916016,16.828064,0.22808656,2,-1,-1
456.52597,131.75537,22.866089,20.03949,0.22807261,10,-1,-1
505.34967,26.851625,8.249023,18.873106,0.22786242,1,-1,-1
443.65677,297.30457,13.694122,24.436157,0.22643602,2,-1,-1
419.08966,129.5868,13.376282,20.461655,0.22526932,2,-1,-1
656.07605,453.88382,34.43341,41.345367,0.22489405,10,-1,-1
414.48154,128.27174,14.050598,23.658356,0.22370183,1,-1,-1
721.5823,470.0829,18.451843,28.840363,0.22316712,2,-1,-1
386.00055,125.37924,15.264069,20.625244,0.22310564,2,-1,-1
511.32144,91.39586,12.788116,27.753723,0.22220966,1,-1,-1
470.56918,366.9232,13.192688,16.430847,0.2220082,1,-1,-1
516.8398,81.11236,11.203613,24.133064,0.22087517,1,-1,-1
290.59412,755.5868,52.313812,27.536621,0.22043839,3,-1,-1
516.4829,63.16616,10.637939,22.034569,0.21971735,1,-1,-1
342.67453,535.4962,36.973602,19.616333,0.21822539,3,-1,-1
495.77377,133.3118,15.169342,27.131546,0.21807146,10,-1,-1
519.19885,554.54663,14.355774,22.696167,0.21775687,2,-1,-1
551.92053,760.03455,12.959412,21.93518,0.21761736,1,-1,-1
924.567,225.15842,9.631653,9.94342,0.21632358,1,-1,-1
403.66125,383.36224,14.181,17.796844,0.21615267,1,-1,-1
307.566,725.6407,39.45459,16.942383,0.21582243,2,-1,-1
559.0357,183.29039,13.547546,27.373459,0.21555257,2,-1,-1
476.7639,249.90237,7.689026,14.67453,0.21505004,1,-1,-1
397.45374,380.09872,9.211578,17.058624,0.21381119,1,-1,-1
476.06482,254.78636,7.9013977,18.108047,0.21303973,1,-1,-1
1072.4388,86.916954,11.614136,12.539284,0.21269333,2,-1,-1
522.1753,80.474396,11.250305,22.409554,0.2125003,1,-1,-1
436.1036,103.28404,14.17807,26.181274,0.21248949,1,-1,-1
558.5525,280.93365,10.120605,13.668549,0.21165246,1,-1,-1
468.19562,257.89728,7.963501,18.19168,0.21111828,1,-1,-1
531.3013,143.78505,41.6958,19.61148,0.21003297,10,-1,-1
449.65817,111.22591,12.82132,20.47171,0.20972568,2,-1,-1
331.7864,344.9168,29.085968,27.585175,0.20946506,10,-1,-1
337.1422,562.0327,38.247894,20.933289,0.20800143,10,-1,-1
532.4295,425.28732,33.14746,49.998962,0.20534182,8,-1,-1
482.6712,254.66187,7.2945557,17.956787,0.20455095,1,-1,-1
480.87473,112.691124,14.999237,22.430305,0.20419955,2,-1,-1
548.4065,239.08879,10.507202,9.985153,0.20416236,2,-1,-1
466.9576,366.74124,11.855682,18.227936,0.2040722,1,-1,-1
523.4555,190.95944,25.908997,39.860306,0.2030136,7,-1,-1
521.2366,560.39404,10.923035,13.049072,0.20231918,1,-1,-1
522.52625,563.5852,10.188965,13.223572,0.20207044,2,-1,-1
511.23932,383.08975,9.340942,19.178375,0.20158091,1,-1,-1
464.14294,133.58652,12.65213,17.893616,0.20009443,2,-1,-1
449.64374,111.721535,15.560272,23.097466,0.19922197,10,-1,-1
500.7083,336.0178,9.094696,16.952362,0.19916582,1,-1,-1
907.1859,469.21124,14.41803,20.401215,0.19885224,1,-1,-1
407.5734,118.97826,13.25531,20.227463,0.19854245,2,-1,-1
490.46185,129.08174,9.043854,16.086426,0.19845062,1,-1,-1
348.53555,519.2753,36.746643,21.741333,0.19840148,3,-1,-1
654.45996,440.8404,15.635315,32.276733,0.19829395,10,-1,-1
923.80884,223.63658,14.217651,10.27652,0.19806266,10,-1,-1
582.04846,746.5558,13.897095,16.991943,0.19794086,2,-1,-1
386.49854,119.28037,14.069733,20.231667,0.19725224,1,-1,-1
496.87814,91.27076,8.428589,19.579903,0.19657391,1,-1,-1
529.67725,81.74105,15.977295,19.579674,0.19623044,1,-1,-1
496.7763,134.24756,13.630463,26.497238,0.19582143,2,-1,-1
474.11282,110.29769,21.481873,16.968918,0.1954036,2,-1,-1
459.91467,131.98787,24.965698,21.417053,0.1953437,3,-1,-1
1069.3093,57.724625,27.21521,17.307602,0.19517785,1,-1,-1
508.47684,36.19157,9.313507,19.2417,0.1949423,1,-1,-1
334.03653,595.11163,42.646057,21.499573,0.19493529,3,-1,-1
408.30658,384.45056,9.352722,12.8645935,0.19447312,2,-1,-1
726.48566,471.64124,23.428162,34.91382,0.19413513,1,-1,-1
494.40158,35.848026,7.9820557,18.874302,0.19310123,1,-1,-1
338.02185,548.41943,41.94226,29.835205,0.19298497,3,-1,-1
478.2872,110.30499,12.047638,20.326126,0.19297972,10,-1,-1
731.9414,480.5219,18.853394,26.09439,0.19222203,2,-1,-1
355.184,490.43063,37.76544,22.842316,0.19169599,10,-1,-1
486.66437,127.093575,13.577026,22.749733,0.19138521,1,-1,-1
471.73288,249.71733,8.105408,17.646866,0.1908364,1,-1,-1
588.4617,746.85223,14.603149,17.231262,0.19004562,1,-1,-1
454.1637,120.44821,19.138733,19.459259,0.18995851,10,-1,-1
444.1435,313.7742,12.092804,21.487946,0.1894905,10,-1,-1
709.49414,451.70273,22.802612,40.964905,0.18941006,1,-1,-1
305.32263,707.89453,40.96814,21.593811,0.18847856,3,-1,-1
758.8667,717.3825,146.31586,61.203125,0.18774667,6,-1,-1
1072.3584,84.203804,10.735718,10.294495,0.1875039,2,-1,-1
496.51703,93.30703,13.402435,25.830475,0.18734032,10,-1,-1
539.1928,129.14822,40.922424,21.52797,0.18726161,7,-1,-1
1072.7485,94.18325,10.87561,11.272827,0.18678612,2,-1,-1
470.66214,134.43414,12.957001,17.16513,0.1866439,2,-1,-1
378.2147,481.0532,22.088715,29.42099,0.1864087,10,-1,-1
493.46695,380.32532,16.72641,24.221008,0.18615729,1,-1,-1
346.76114,600.19806,32.052277,17.86499,0.18453604,10,-1,-1
532.3073,424.88876,36.61493,49.320435,0.18399465,7,-1,-1
511.84436,71.01131,12.161133,25.530487,0.18361166,1,-1,-1
843.37695,3.8243327,10.659241,17.02437,0.18326905,2,-1,-1
472.78046,258.8984,6.4987793,15.817505,0.18261519,1,-1,-1
318.28378,638.19434,41.539124,15.226074,0.18235445,3,-1,-1
721.5823,470.0829,18.451843,28.840363,0.18185443,1,-1,-1
509.63278,82.42836,10.360992,19.471497,0.18077183,1,-1,-1
468.1365,299.92502,9.595306,15.683014,0.18072864,1,-1,-1
516.0045,72.66748,11.922302,21.653053,0.18071213,1,-1,-1
501.4323,38.465584,9.103394,20.992092,0.18010128,1,-1,-1
445.55945,298.26202,10.330383,16.112183,0.17845148,2,-1,-1
307.566,725.6407,39.45459,16.942383,0.17817047,1,-1,-1
533.4271,264.83896,9.158936,11.563202,0.17763776,2,-1,-1
519.8981,170.47372,45.171387,24.992477,0.17733178,7,-1,-1
468.15097,249.588,8.264099,18.721878,0.1771912,1,-1,-1
723.96936,441.52432,16.926575,27.926636,0.17670548,2,-1,-1
397.77917,379.7629,9.179749,13.0017395,0.17645845,2,-1,-1
682.9097,468.04865,18.235596,19.349182,0.17613813,2,-1,-1
734.6405,468.3822,23.651855,35.733734,0.17602402,2,-1,-1
521.651,562.8546,16.012146,26.205688,0.17598939,10,-1,-1
608.3727,461.26413,28.99469,38.48938,0.17595986,3,-1,-1
470.7116,369.3933,9.711548,16.8266,0.17568919,2,-1,-1
474.8081,108.40762,8.716187,15.906181,0.1751596,2,-1,-1
420.86865,129.38773,15.89444,21.087906,0.17417678,10,-1,-1
303.9911,741.25714,42.364716,28.751282,0.17343733,1,-1,-1
486.40012,112.61776,9.438507,13.932915,0.17277,2,-1,-1
588.83124,738.75446,13.393188,21.448608,0.17255935,2,-1,-1
463.79825,25.266768,11.633087,28.094847,0.17253041,1,-1,-1
427.18307,390.34448,9.125549,17.536377,0.17229444,1,-1,-1
516.4728,92.941444,9.832947,23.73101,0.17224476,1,-1,-1
529.6227,264.50253,9.189697,13.171295,0.17133221,1,-1,-1
496.51703,93.30703,13.402435,25.830475,0.17124957,2,-1,-1
533.0443,770.8219,16.373047,16.722046,0.16977105,2,-1,-1
501.63098,90.87454,8.644653,19.201653,0.16911355,1,-1,-1
421.22113,114.916855,15.646606,25.913223,0.16870981,1,-1,-1
422.95624,138.81824,15.381348,24.309982,0.16817033,2,-1,-1
408.20792,384.225,9.451874,11.989685,0.16806334,1,-1,-1
458.14462,130.6254,15.0720825,21.069412,0.16800821,2,-1,-1
478.81674,251.98087,8.945709,19.689728,0.1676364,2,-1,-1
443.9695,309.39227,13.606567,27.185883,0.16736344,1,-1,-1
732.96924,468.33105,25.352478,36.87387,0.16696212,1,-1,-1
486.67706,124.39309,7.1242676,18.213692,0.16639459,1,-1,-1
599.08746,718.989,17.266418,17.099976,0.16622078,2,-1,-1
485.7359,121.74436,10.655365,22.08532,0.1661635,2,-1,-1
520.5468,170.7514,38.190735,24.22873,0.16604578,8,-1,-1
563.01227,713.8586,30.689026,63.67981,0.16583738,8,-1,-1
709.1696,453.2921,22.960999,39.36795,0.16565353,2,-1,-1
492.78564,85.405914,20.085022,26.936005,0.1653986,1,-1,-1
481.3804,122.279495,11.465485,21.70642,0.16537869,1,-1,-1
497.198,33.19359,8.100769,18.230873,0.16535085,1,-1,-1
457.73914,121.47234,11.709137,16.338966,0.16480857,1,-1,-1
493.57672,28.847525,8.006287,16.392988,0.16460964,1,-1,-1
453.61087,299.07657,13.715912,26.810852,0.164496,10,-1,-1
290.70694,765.621,51.031525,21.922974,0.1644713,4,-1,-1
496.38138,134.88971,14.815796,26.582169,0.16432026,3,-1,-1
508.3896,42.6511,11.010986,22.062912,0.16415584,1,-1,-1
445.55945,298.26202,10.330383,16.112183,0.16362396,1,-1,-1
417.8733,128.58171,9.141846,18.17537,0.16333714,1,-1,-1
530.7098,142.20068,43.808105,22.16948,0.16323313,7,-1,-1
504.22897,89.93031,8.28714,18.44394,0.16296458,1,-1,-1
1074.9637,62.553253,16.794678,12.363617,0.16279286,2,-1,-1
467.52,367.6412,9.449097,14.273895,0.16271159,2,-1,-1
843.2074,9.853574,14.373962,14.775798,0.16267982,2,-1,-1
907.89185,460.1465,11.72937,20.921478,0.16266212,1,-1,-1
456.745,122.00617,10.220001,15.485893,0.16211924,2,-1,-1
471.19196,376.05478,8.598999,17.73169,0.16194382,1,-1,-1
465.85562,253.0467,7.4755554,21.350113,0.16186225,1,-1,-1
422.80588,126.76972,15.685577,19.1558,0.16165748,1,-1,-1
548.4065,239.08879,10.507202,9.985153,0.16042212,1,-1,-1
1085.4027,66.834496,12.080811,8.365036,0.16023353,2,-1,-1
479.226,112.131966,17.69989,22.198235,0.16017208,3,-1,-1
726.05884,473.0814,21.586853,32.875305,0.16016933,2,-1,-1
427.83234,480.87073,12.619507,20.115906,0.15982702,2,-1,-1
346.76114,600.19806,32.052277,17.86499,0.15921903,3,-1,-1
925.3181,224.07797,13.637573,9.254379,0.1591967,2,-1,-1
562.9122,177.32516,14.209717,19.668182,0.15884987,2,-1,-1
529.85803,263.72797,9.350342,11.44696,0.15766117,2,-1,-1
468.62253,368.05258,14.60556,25.665588,0.15718034,10,-1,-1
496.56207,471.1013,9.565857,15.725861,0.15643892,2,-1,-1
1048.5912,29.135489,25.499146,16.696318,0.15599307,2,-1,-1
596.1839,426.89096,27.916748,42.255157,0.155705,10,-1,-1
424.11682,387.4769,10.198273,15.062225,0.15553322,2,-1,-1
323.23474,688.92096,37.877472,16.357605,0.1553821,10,-1,-1
1073.5138,75.82201,9.9626465,12.744446,0.15534618,2,-1,-1
323.8094,639.3877,35.888367,12.7925415,0.15463877,10,-1,-1
492.45273,131.04245,13.5633545,22.045593,0.1542922,10,-1,-1
494.42825,26.471525,14.040344,25.388163,0.15411898,1,-1,-1
295.93784,740.7046,48.296967,26.114258,0.15411296,10,-1,-1
427.18307,390.34448,9.125549,17.536377,0.15405408,2,-1,-1
488.10812,87.134636,14.268951,25.801735,0.1539096,1,-1,-1
483.41678,122.1408,15.197693,23.248375,0.15383065,10,-1,-1
544.3129,210.50732,13.691345,25.639511,0.1537768,1,-1,-1
725.52405,427.72552,14.950806,34.000305,0.15367007,1,-1,-1
494.3851,88.80851,10.517792,26.014214,0.15363002,2,-1,-1
319.5544,630.9579,38.56143,15.420654,0.15353191,3,-1,-1
733.23456,424.39145,16.494385,35.779205,0.15340713,1,-1,-1
1073.0709,90.7088,15.6345215,12.696991,0.15308371,1,-1,-1
553.1577,774.55005,11.637634,12.9938965,0.1528058,1,-1,-1
321.6057,695.24225,38.219086,15.486389,0.15269008,3,-1,-1
473.011,109.963715,13.162109,19.366333,0.15204504,10,-1,-1
395.93887,379.81305,15.769165,24.603394,0.15198812,10,-1,-1
447.39285,114.09951,19.984344,21.965736,0.151743,1,-1,-1
409.4931,119.90823,8.965027,14.290939,0.15139225,2,-1,-1
494.9436,468.78067,19.513733,39.62613,0.15125784,3,-1,-1
144.28133,4.6197977,6.0975037,9.750441,0.15095544,1,-1,-1
555.1536,768.055,10.167725,15.952698,0.15033445,2,-1,-1
479.63666,110.351906,8.150879,14.221779,0.15030214,2,-1,-1
368.85416,470.70428,30.152649,39.52368,0.15012592,10,-1,-1
510.8446,81.31919,12.290405,28.313225,0.14991745,2,-1,-1
519.19885,554.54663,14.355774,22.696167,0.14981231,3,-1,-1
1126.0466,576.40826,23.536865,18.768799,0.14967796,1,-1,-1
422.10043,104.52847,12.266235,19.497887,0.14932,1,-1,-1
760.6031,463.9012,16.71106,28.439392,0.148983,2,-1,-1
485.11172,112.035934,12.394989,17.73587,0.14896375,1,-1,-1
445.45987,303.3061,16.137146,28.983582,0.14852324,1,-1,-1
488.84488,25.40978,11.412476,20.172625,0.14837715,1,-1,-1
905.349,480.97943,10.094482,16.751495,0.14777842,1,-1,-1
457.4336,303.47574,8.731781,12.30719,0.14732146,2,-1,-1
854.646,67.22546,8.701843,7.3154755,0.14731786,2,-1,-1
298.37927,769.493,43.782166,18.050964,0.14704677,1,-1,-1
516.7784,66.21646,7.502136,15.486389,0.14696923,1,-1,-1
456.75095,124.848465,19.712067,19.463058,0.14693582,3,-1,-1
478.4492,106.050285,22.78656,19.145103,0.14643073,10,-1,-1
400.6876,387.69156,10.909454,19.422668,0.14623028,1,-1,-1
443.68167,305.5742,12.577972,25.058685,0.14603248,2,-1,-1
492.8047,97.35023,20.380005,22.063202,0.14581311,3,-1,-1
922.09235,220.78105,16.726929,15.465195,0.14559728,1,-1,-1
784.3254,424.2774,51.82135,37.832336,0.14530188,7,-1,-1
441.86627,111.64537,9.15683,19.885315,0.14464349,1,-1,-1
1073.4395,56.503635,16.567139,15.381092,0.14445746,2,-1,-1
396.44727,380.19327,13.740845,20.914307,0.14425871,2,-1,-1
518.9236,57.9825,8.245972,19.556213,0.14424875,1,-1,-1
329.91608,604.51904,36.911316,15.959778,0.1440219,10,-1,-1
476.54056,106.548386,24.911163,17.933853,0.1435115,3,-1,-1
544.4162,253.7122,9.43689,9.620377,0.1432989,2,-1,-1
478.87637,0.0,12.471466,21.105892,0.14320186,4,-1,-1
509.991,133.55388,8.893036,23.98285,0.14298344,1,-1,-1
558.5525,280.93365,10.120605,13.668549,0.14278722,2,-1,-1
563.545,768.9515,8.389404,15.010742,0.14213961,1,-1,-1
541.33374,279.4137,9.790405,12.901062,0.14167526,1,-1,-1
550.01953,325.0952,33.007202,17.08197,0.14156947,3,-1,-1
519.19885,554.54663,14.355774,22.696167,0.14133018,10,-1,-1
562.4558,765.85175,14.9422,21.6922,0.14131224,1,-1,-1
533.4271,264.83896,9.158936,11.563202,0.14114231,1,-1,-1
498.20294,40.905964,7.71579,17.110725,0.14105764,1,-1,-1
839.53644,8.3668995,24.72638,18.059229,0.14098227,2,-1,-1
882.19226,137.38474,10.431702,10.601746,0.14088842,10,-1,-1
550.8292,765.47534,24.94281,22.068604,0.14022419,1,-1,-1
304.36404,716.7606,38.670563,17.62146,0.14006096,10,-1,-1
449.64374,111.721535,15.560272,23.097466,0.14003658,3,-1,-1
462.71744,126.84074,12.299255,16.849129,0.13949716,2,-1,-1
497.01993,469.39505,15.046112,22.5654,0.13937017,2,-1,-1
623.3331,738.13385,22.445496,23.788757,0.13915044,2,-1,-1
490.46185,129.08174,9.043854,16.086426,0.1390306,2,-1,-1
846.19885,33.86717,10.308228,11.112694,0.13892278,2,-1,-1
505.04355,41.405136,8.131866,20.24189,0.1388033,1,-1,-1
457.73727,303.1517,8.289124,13.064178,0.13872856,1,-1,-1
748.5163,422.36975,24.449646,42.29425,0.13851616,7,-1,-1
501.76932,29.782372,8.363647,17.44252,0.13846079,1,-1,-1
556.24835,426.22458,38.12677,57.934906,0.1382148,8,-1,-1
422.9353,130.30957,10.787231,14.281189,0.13811994,2,-1,-1
623.3331,738.13385,22.445496,23.788757,0.13761899,1,-1,-1
490.76224,97.39226,24.194183,22.690407,0.1375941,10,-1,-1
565.51056,750.6333,19.68396,24.999023,0.13744628,1,-1,-1
718.27856,444.1116,18.832397,28.057037,0.1373708,2,-1,-1
442.2858,85.254845,17.20166,24.718033,0.13732591,1,-1,-1
97.17424,448.41083,25.301353,20.56424,0.13722417,2,-1,-1
468.29303,299.69318,9.472565,16.774628,0.1372143,2,-1,-1
143.40002,426.88388,12.602249,12.821503,0.13704062,1,-1,-1
503.839,338.9577,9.010742,17.8331,0.13698757,1,-1,-1
137.03342,419.649,25.903198,27.836212,0.13684899,1,-1,-1
467.7046,368.11618,8.496399,12.604767,0.13674513,1,-1,-1
423.42737,129.6276,9.050446,16.345123,0.13671419,1,-1,-1
391.33368,116.32584,9.268768,15.587959,0.13639143,1,-1,-1
494.8474,139.10437,12.073273,20.674805,0.13615072,1,-1,-1
768.97205,423.84232,25.985474,43.58548,0.13587856,7,-1,-1
400.24374,171.11926,11.377777,26.292923,0.13587284,1,-1,-1
572.15283,736.6132,15.483337,22.692627,0.13585618,1,-1,-1
950.83765,8.942771,8.21936,14.000482,0.13514036,1,-1,-1
538.61975,191.04219,16.283142,37.62729,0.13481829,1,-1,-1
1070.0979,58.12534,26.14746,17.70068,0.13474587,2,-1,-1
427.42426,130.4198,9.929565,14.290176,0.1345883,1,-1,-1
581.7245,746.7662,13.024597,16.679749,0.13450935,1,-1,-1
450.0055,118.593895,14.572601,25.95472,0.13375154,1,-1,-1
587.5168,731.43274,14.302185,18.468567,0.13366982,1,-1,-1
264.66147,768.93427,37.815857,18.60968,0.13324147,10,-1,-1
924.6109,224.84183,8.002869,6.3099213,0.13320416,1,-1,-1
398.63132,380.13324,7.4757996,10.39386,0.13283253,1,-1,-1
328.86014,533.1023,47.96521,27.490662,0.13269806,10,-1,-1
422.10883,385.18933,15.125671,23.692993,0.13237739,2,-1,-1
1070.1497,90.56141,10.542114,12.368851,0.13215849,2,-1,-1
726.45044,424.77988,19.88971,37.854767,0.13166478,10,-1,-1
521.5031,206.56496,26.253723,46.96318,0.13161442,6,-1,-1
1005.33887,681.4938,8.584961,4.886841,0.13147402,1,-1,-1
494.41635,44.58416,7.493561,18.875614,0.13114771,1,-1,-1
527.5901,400.03854,16.404114,25.791565,0.1311301,1,-1,-1
497.26135,136.14545,14.172791,25.53218,0.1311006,4,-1,-1
721.1215,470.44424,18.946594,29.959686,0.13108695,10,-1,-1
840.8789,3.770719,8.05011,15.638062,0.13107613,2,-1,-1
332.33194,344.89172,28.217957,27.21399,0.13094008,7,-1,-1
607.85944,494.9995,34.684814,45.58191,0.13082144,7,-1,-1
497.01993,469.39505,15.046112,22.5654,0.13078201,1,-1,-1
496.22717,27.131657,8.83136,17.74303,0.13074398,1,-1,-1
496.0446,133.20023,10.377136,15.283859,0.13049635,2,-1,-1
531.22455,424.93512,34.16638,50.270935,0.13041025,10,-1,-1
920.9935,221.94974,9.565735,7.006119,0.13040352,1,-1,-1
544.5321,253.80043,9.237061,9.379074,0.12998009,1,-1,-1
464.13852,132.34232,12.96048,19.97821,0.12993553,1,-1,-1
519.7593,88.00803,8.015442,19.963959,0.1299077,1,-1,-1
148.47797,432.39368,11.616486,12.172333,0.12990478,1,-1,-1
635.83185,507.9563,37.367554,45.176575,0.12979922,7,-1,-1
531.0166,82.070564,8.713318,17.934029,0.12945434,1,-1,-1
507.59634,126.92319,13.175507,30.403992,0.12937316,4,-1,-1
336.85147,561.9158,36.052124,17.155151,0.12931919,3,-1,-1
482.78558,116.070885,8.520966,18.273018,0.12879449,1,-1,-1
533.5164,83.470764,21.792847,19.609985,0.12869102,1,-1,-1
502.3739,90.52495,11.270203,20.932404,0.12863138,2,-1,-1
902.75397,462.17523,9.276428,18.00473,0.12849146,1,-1,-1
108.558,419.01566,21.56842,18.85431,0.12835565,1,-1,-1
410.89404,387.74466,6.356201,7.782837,0.12772319,2,-1,-1
424.47806,387.25058,9.766022,16.266144,0.12765348,1,-1,-1
121.58855,415.77722,37.10466,32.69467,0.12762457,1,-1,-1
291.63934,766.8781,49.542053,20.665833,0.12739933,7,-1,-1
