924.06555,561.6344,27.192017,51.900146,0.7911895,1,-1,-1
887.2642,370.08746,17.351013,37.76953,0.7118294,1,-1,-1
1303.3927,82.9556,63.994385,25.793854,0.6805681,4,-1,-1
802.13025,294.73,24.15326,52.619293,0.6430563,1,-1,-1
873.43524,270.75635,15.226868,30.759552,0.6319192,1,-1,-1
643.0042,141.28255,42.50714,20.723938,0.5706936,4,-1,-1
74.88272,313.92856,15.1191025,26.945526,0.55408114,1,-1,-1
821.0956,395.16904,17.751953,33.546234,0.5169064,1,-1,-1
822.995,599.28613,24.96814,52.451294,0.50788134,10,-1,-1
1177.8561,326.80283,13.769287,22.924469,0.4912079,1,-1,-1
859.3878,473.9166,18.10608,34.31848,0.48368925,2,-1,-1
858.37805,481.19354,19.57074,39.64862,0.46507892,3,-1,-1
267.92142,66.256905,8.169342,16.459984,0.43393192,1,-1,-1
1184.153,328.66306,13.523804,23.152618,0.402212,1,-1,-1
857.88916,474.47784,20.91687,41.89862,0.37900695,1,-1,-1
1177.8561,326.80283,13.769287,22.924469,0.34635466,2,-1,-1
1173.7871,328.48022,21.836426,21.216797,0.34206674,3,-1,-1
945.20935,57.476654,135.43542,53.89183,0.3370021,9,-1,-1
1310.4985,148.75812,27.266968,15.744186,0.32596812,4,-1,-1
827.1368,599.36346,17.860779,35.092896,0.32578024,2,-1,-1
778.8908,287.4261,23.654663,49.090424,0.32533476,1,-1,-1
825.3603,267.61667,15.5581665,27.2128,0.32059622,2,-1,-1
95.90437,333.6299,15.16626,28.833069,0.30797917,1,-1,-1
889.4074,278.74933,18.761108,44.952057,0.30712682,1,-1,-1
825.8032,271.9063,14.495605,28.411774,0.29590273,3,-1,-1
1174.4565,329.89383,24.329956,21.833618,0.2878223,2,-1,-1
270.32513,68.764915,8.130707,16.489807,0.2677163,1,-1,-1
892.96893,271.00064,15.981995,30.530884,0.26703638,1,-1,-1
890.3906,237.0796,13.526245,34.343155,0.26395994,1,-1,-1
825.86066,271.07278,14.654236,29.422089,0.26248604,10,-1,-1
825.5407,267.6396,15.253601,27.842407,0.26097274,1,-1,-1
816.0675,546.7423,17.786377,42.19055,0.2603953,1,-1,-1
267.92142,66.256905,8.169342,16.459984,0.25293007,2,-1,-1
858.5469,482.23132,19.506165,38.25293,0.24789053,10,-1,-1
266.03983,65.57558,13.367645,20.35582,0.24205533,1,-1,-1
1114.4655,38.354385,24.257568,14.435333,0.24123749,10,-1,-1
260.68527,65.17831,7.9592896,15.682747,0.2260642,1,-1,-1
824.06445,598.6541,23.32196,50.75525,0.22501871,1,-1,-1
894.5337,244.07513,14.57428,32.30951,0.22208482,1,-1,-1
536.86487,35.054993,61.605835,28.32455,0.21668401,4,-1,-1
873.24677,270.70615,15.198608,30.60019,0.21262339,2,-1,-1
1114.5481,38.27267,24.12732,14.629272,0.21114093,3,-1,-1
264.7058,64.44127,8.10141,15.288315,0.21062776,1,-1,-1
64.41795,173.86201,32.323715,22.782852,0.20002076,4,-1,-1
757.5347,624.2479,97.673645,163.29602,0.19806153,4,-1,-1
676.2273,279.48056,10.643982,20.934784,0.19767138,1,-1,-1
823.1515,598.2584,24.091919,52.50824,0.19556484,2,-1,-1
1172.9944,327.75766,14.780884,20.917328,0.19516194,1,-1,-1
672.3887,279.35803,18.126404,41.402527,0.19233146,10,-1,-1
800.9121,384.31683,15.565247,35.318573,0.19078594,1,-1,-1
1172.4008,329.2175,27.520142,23.205841,0.1863195,1,-1,-1
1304.21,81.907875,64.15869,27.581734,0.18406874,5,-1,-1
1302.1813,21.978605,55.181152,31.812803,0.18232399,9,-1,-1
1312.3645,145.15216,41.21997,20.568787,0.17689541,4,-1,-1
310.6887,32.56806,9.036011,16.353329,0.17515582,2,-1,-1
305.80432,33.39068,10.84082,16.347576,0.1733321,2,-1,-1
998.221,719.92395,64.71808,67.619995,0.17010298,4,-1,-1
675.56036,279.80768,12.408386,27.6716,0.16984928,10,-1,-1
820.65436,395.61197,17.668335,32.519257,0.16970778,2,-1,-1
820.63605,394.62033,17.340271,34.213135,0.16915995,10,-1,-1
15.578872,166.17462,37.66678,23.3441,0.16813028,4,-1,-1
774.24554,238.28679,14.342834,28.793045,0.16642976,1,-1,-1
827.35486,610.1402,15.864868,37.05249,0.16373533,2,-1,-1
290.02274,41.190525,13.1102295,15.113014,0.15964115,2,-1,-1
860.37195,483.30807,18.407166,35.808685,0.15851721,2,-1,-1
1172.9944,327.75766,14.780884,20.917328,0.156522,2,-1,-1
1185.454,329.14395,11.843384,22.021118,0.15646112,2,-1,-1
894.4715,253.26414,14.851624,39.319565,0.15531757,1,-1,-1
952.38885,549.7389,26.085083,47.96405,0.15505004,1,-1,-1
823.1507,399.75632,11.453247,25.826904,0.1526489,1,-1,-1
294.28998,40.65898,13.306274,14.82983,0.15259796,2,-1,-1
623.2776,35.290184,6.4576416,13.237576,0.15131158,1,-1,-1
304.02908,38.236122,12.821289,15.389442,0.14925024,2,-1,-1
791.64594,673.35547,58.60901,114.18848,0.14723542,4,-1,-1
49.689766,172.86264,47.742615,31.132538,0.14676511,4,-1,-1
856.835,755.1492,29.661194,32.394775,0.143841,1,-1,-1
270.27505,67.62897,8.433228,16.657753,0.14331335,2,-1,-1
300.2377,39.33287,8.644226,12.700092,0.14312652,2,-1,-1
268.24078,62.974705,6.4833984,14.695225,0.1429024,1,-1,-1
625.924,146.64635,10.757385,23.114502,0.14199871,1,-1,-1
490.31613,103.14707,32.391876,48.366417,0.14133605,4,-1,-1
642.69086,141.01064,42.507812,21.083206,0.13921514,10,-1,-1
858.81476,474.4199,16.822388,32.482086,0.13737509,3,-1,-1
887.6685,290.28143,15.085327,36.82895,0.13733786,1,-1,-1
1303.6074,21.117285,52.979736,31.249006,0.13670984,5,-1,-1
308.0068,38.536953,7.9134827,12.371925,0.13655943,2,-1,-1
829.17694,608.6108,12.115601,25.434753,0.13566741,2,-1,-1
50.015022,28.875696,10.720356,17.12821,0.13527697,2,-1,-1
775.22284,240.57019,9.536926,18.093536,0.13520417,1,-1,-1
24.405869,285.66977,32.388283,15.0694275,0.13516554,10,-1,-1
261.56787,64.0661,13.725342,20.719551,0.13509002,1,-1,-1
944.06464,55.47549,137.56964,54.406452,0.13482937,6,-1,-1
1300.6731,144.54616,40.33069,23.928757,0.13463023,4,-1,-1
1305.8066,175.71574,28.466309,21.524033,0.13421005,4,-1,-1
264.7058,64.44127,8.10141,15.288315,0.13091612,2,-1,-1
607.19714,33.27542,7.378296,15.734276,0.13035104,1,-1,-1
1287.9967,144.64418,42.976807,18.710999,0.13024932,4,-1,-1
642.92017,140.63344,42.461365,21.650208,0.13006693,5,-1,-1
1168.118,335.40237,27.312378,18.2919,0.1297848,3,-1,-1
1326.0822,145.43564,44.551147,21.500854,0.12970302,4,-1,-1
260.68527,65.17831,7.9592896,15.682747,0.12931538,2,-1,-1
400.63986,102.5078,36.59204,50.941223,0.1292418,4,-1,-1
1068.5557,757.39984,41.870483,30.144104,0.12857229,4,-1,-1
823.93604,274.76855,14.183594,25.233734,0.1280418,1,-1,-1
822.35785,599.39124,25.355225,53.950317,0.12734127,3,-1,-1
1354.3381,174.55495,27.107544,13.9305725,0.12715095,4,-1,-1
888.2397,312.42563,16.89972,39.69159,0.12655133,1,-1,-1
1171.5397,329.93335,27.083618,19.113525,0.12628135,10,-1,-1
49.87235,26.526617,10.703651,17.944254,0.12547949,1,-1,-1
318.2755,31.391935,8.571838,16.297796,0.12365243,2,-1,-1
857.0077,755.08325,29.598389,32.460693,0.123374015,10,-1,-1
631.9376,106.611916,8.210876,19.23523,0.12233305,1,-1,-1
826.9632,598.44324,17.436523,32.831665,0.12056607,1,-1,-1
269.47324,70.33007,5.3468018,13.179794,0.12006292,1,-1,-1
827.35486,610.1402,15.864868,37.05249,0.118811995,1,-1,-1
296.47955,43.78938,8.389191,11.936005,0.11825833,2,-1,-1
828.2274,269.23074,10.182556,17.23285,0.11773476,2,-1,-1
721.49005,241.81491,8.674683,19.021423,0.11699012,1,-1,-1
888.0351,271.8105,15.73053,32.3114,0.1167638,1,-1,-1
303.7889,39.641872,8.141022,11.689884,0.1166105,2,-1,-1
896.5642,249.06355,10.738037,21.521317,0.11654338,1,-1,-1
859.2189,488.18127,15.447205,32.018005,0.11643368,1,-1,-1
339.59195,20.20749,40.180603,31.460379,0.11600074,4,-1,-1
314.86884,30.931759,8.624023,16.919712,0.115543246,2,-1,-1
1180.1345,322.92026,17.20752,23.946747,0.11553568,2,-1,-1
676.3376,279.21106,10.441772,21.383911,0.1148223,2,-1,-1
820.8556,264.70938,22.73462,39.665253,0.11455193,3,-1,-1
903.60565,367.8139,17.24823,37.858643,0.11329305,1,-1,-1
805.8232,292.09534,15.545776,44.249634,0.113244414,1,-1,-1
311.81998,39.738834,6.922821,10.229946,0.112811774,2,-1,-1
1109.0199,34.972458,27.16919,13.931377,0.11231446,10,-1,-1
326.8902,29.99666,7.780487,9.746439,0.11165461,2,-1,-1
1302.2064,21.44109,54.24878,31.553642,0.11107087,4,-1,-1
870.73773,268.6051,23.60736,40.38565,0.11100495,1,-1,-1
821.27386,394.7786,16.466553,33.30542,0.11075342,3,-1,-1
827.59033,601.2526,16.55951,38.77887,0.11049092,10,-1,-1
289.6294,40.968178,13.590546,16.151539,0.11005062,1,-1,-1
888.94183,278.1876,19.874512,45.781616,0.10984799,2,-1,-1
1171.9924,329.89078,15.092651,17.18628,0.10963678,3,-1,-1
863.8652,474.64572,12.622986,24.12027,0.10904163,2,-1,-1
675.5219,283.2144,13.085754,30.203522,0.10894939,1,-1,-1
888.89954,278.2883,19.94281,46.169037,0.10845253,10,-1,-1
1168.3217,326.79745,34.985474,28.89743,0.10830876,3,-1,-1
875.014,260.37408,15.099609,33.629517,0.10821551,1,-1,-1
274.68988,66.60329,7.408203,15.614342,0.10802451,1,-1,-1
312.29205,32.32241,10.635132,16.79803,0.10791153,1,-1,-1
1119.5842,32.7708,14.080811,16.241947,0.10744324,2,-1,-1
948.59985,555.92926,20.870728,38.90277,0.10698697,1,-1,-1
827.78674,278.48486,9.373413,19.359741,0.10677314,2,-1,-1
24.405869,285.66977,32.388283,15.0694275,0.106754124,3,-1,-1
944.06464,55.47549,137.56964,54.406452,0.106283486,5,-1,-1
502.45975,9.192859,35.048615,41.332577,0.10577443,4,-1,-1
305.80432,33.39068,10.84082,16.347576,0.104441464,1,-1,-1
262.70746,65.61815,12.354736,18.573845,0.10407126,2,-1,-1
14.609921,170.01756,62.966427,31.130615,0.10375965,4,-1,-1
944.06464,55.47549,137.56964,54.406452,0.10352436,4,-1,-1
268.469,66.79756,6.3731995,10.437714,0.10312697,2,-1,-1
1176.3191,326.2364,9.049805,18.954498,0.103125185,1,-1,-1
905.022,382.73264,15.745605,32.77411,0.102924794,1,-1,-1
896.71515,0.0,55.86908,34.576065,0.1025365,4,-1,-1
272.25113,72.49762,5.8218384,11.250534,0.102505654,1,-1,-1
1180.1345,322.92026,17.20752,23.946747,0.10128507,1,-1,-1
326.63177,29.795044,9.087952,17.078224,0.10093948,2,-1,-1
1330.722,150.06364,31.449707,15.2211,0.100922704,4,-1,-1
63.638447,340.83804,12.51421,24.43283,0.09981501,1,-1,-1
657.51807,16.151878,18.826294,17.832962,0.09945068,10,-1,-1
829.8681,619.6007,10.552307,23.973328,0.09809601,2,-1,-1
356.4113,0.0,36.575745,26.668142,0.09803957,4,-1,-1
671.5155,279.54675,19.695679,43.423065,0.097991765,1,-1,-1
625.59576,36.451443,5.55188,10.847649,0.097528964,1,-1,-1
824.4391,434.00046,16.042603,29.30719,0.09730968,1,-1,-1
1301.9865,19.93363,54.956543,32.525856,0.09693444,6,-1,-1
822.8242,400.8915,11.479248,24.11731,0.09676367,2,-1,-1
891.78754,271.07935,16.477356,31.325104,0.096313864,2,-1,-1
930.0491,563.10693,17.343384,39.447937,0.0961276,1,-1,-1
640.2844,129.60132,48.224182,28.417114,0.09605792,4,-1,-1
257.78143,64.01732,8.259613,14.4081955,0.09599137,1,-1,-1
862.056,474.51804,16.117554,27.14914,0.09593761,1,-1,-1
315.75333,30.81018,14.056763,20.617119,0.095742494,2,-1,-1
1354.6675,171.66068,40.1875,18.597198,0.09535611,4,-1,-1
395.81012,99.67304,68.72354,67.48496,0.09512389,4,-1,-1
627.2306,104.12409,9.675293,23.229958,0.095057726,1,-1,-1
1179.1747,332.34653,21.743408,22.055267,0.094815284,3,-1,-1
317.80807,32.014442,10.7986145,18.639229,0.09461039,1,-1,-1
454.92328,118.8922,31.02472,40.226624,0.094511956,4,-1,-1
821.57117,264.2851,22.950989,38.868927,0.09441131,10,-1,-1
306.87787,31.774847,18.911682,18.068117,0.093985915,2,-1,-1
774.24554,238.28679,14.342834,28.793045,0.09395835,3,-1,-1
511.87402,316.49747,19.609985,28.727386,0.09317446,1,-1,-1
1318.507,142.54399,66.40076,33.072617,0.09310323,4,-1,-1
873.43524,270.75635,15.226868,30.759552,0.092972696,10,-1,-1
622.40533,108.25068,7.5289917,19.19294,0.09290373,1,-1,-1
1117.3444,38.37835,19.06189,15.961208,0.092399746,2,-1,-1
887.3105,310.49625,19.10608,42.06436,0.09232929,10,-1,-1
297.64157,39.76824,8.41571,11.988068,0.092022866,2,-1,-1
65.623795,171.07925,49.221237,31.076248,0.09168154,4,-1,-1
417.18835,109.16598,64.20676,42.009514,0.091481656,4,-1,-1
829.3362,600.5882,12.319824,21.668762,0.09041202,2,-1,-1
887.3185,268.8206,24.883728,43.93222,0.09024167,1,-1,-1
802.27673,293.34433,24.028564,54.322876,0.090227544,10,-1,-1
294.1649,39.603874,14.002106,16.856407,0.09019792,1,-1,-1
1068.479,0.0,112.57495,45.837704,0.09000978,4,-1,-1
827.732,279.30002,9.475159,19.80841,0.09000194,10,-1,-1
311.45352,35.528236,11.710236,17.411839,0.08967158,2,-1,-1
893.85785,228.50299,15.071594,39.52353,0.08939344,1,-1,-1
266.09732,63.486317,13.572662,20.608158,0.08934808,2,-1,-1
925.0388,561.1268,26.63507,51.80011,0.089077145,2,-1,-1
624.82654,107.87569,7.609619,19.158165,0.08894768,1,-1,-1
919.2213,0.0,196.78943,64.82382,0.088857174,9,-1,-1
0.0,281.3129,10.781137,17.019043,0.088552564,1,-1,-1
1273.9612,652.7326,12.520264,13.550659,0.08812836,1,-1,-1
1182.753,326.0765,8.385742,19.819397,0.088125974,1,-1,-1
1179.801,327.44653,7.4346924,19.481995,0.088062346,1,-1,-1
778.8908,287.4261,23.654663,49.090424,0.08795169,10,-1,-1
903.05414,355.94104,19.435669,33.080566,0.087771356,1,-1,-1
325.59818,29.901508,10.368805,17.586285,0.08753812,1,-1,-1
900.78625,38.43879,187.21265,86.84966,0.08735132,9,-1,-1
1296.733,1.282552,64.92908,45.904938,0.08705488,9,-1,-1
887.5973,369.71613,16.288818,37.90576,0.08692029,2,-1,-1
536.4751,34.80042,62.866943,29.139957,0.08643144,5,-1,-1
583.2481,109.13479,43.920532,24.818077,0.08582783,4,-1,-1
1109.5382,35.272465,25.114624,12.829681,0.085813016,3,-1,-1
311.71198,29.745413,7.5686035,12.6172085,0.085582435,2,-1,-1
887.7312,370.50888,16.50232,37.42755,0.08554393,4,-1,-1
894.0334,369.44382,12.268677,30.244751,0.08539757,1,-1,-1
575.41003,145.04718,9.365784,21.751068,0.08509725,1,-1,-1
658.3335,24.01098,7.1932983,13.603846,0.08501789,1,-1,-1
1303.2323,82.75662,64.089355,26.217644,0.08488056,1,-1,-1
262.24838,68.57036,4.712799,11.610161,0.084691405,1,-1,-1
307.95566,29.08395,8.9566345,15.410385,0.08448425,2,-1,-1
607.2507,33.322826,7.323303,15.787022,0.08442035,2,-1,-1
858.81476,474.4199,16.822388,32.482086,0.0841651,10,-1,-1
1160.8038,347.99768,30.463379,16.161896,0.084147125,3,-1,-1
1306.0094,181.8354,30.563965,23.674484,0.084124446,4,-1,-1
267.735,71.42716,9.185181,15.6039505,0.084031105,1,-1,-1
293.0897,45.332035,9.841614,12.863243,0.083613336,2,-1,-1
99.75821,342.6999,10.027954,19.745483,0.08355522,1,-1,-1
261.4305,62.802494,6.1696777,12.567005,0.08339229,1,-1,-1
1114.5612,33.00229,11.125244,14.597145,0.08327946,2,-1,-1
619.4976,105.34489,9.013855,21.117928,0.08322528,1,-1,-1
265.48917,62.423405,6.0411987,12.973026,0.083186716,1,-1,-1
802.0569,294.4929,23.7995,53.18625,0.082549006,2,-1,-1
827.5658,268.69403,13.17511,20.72937,0.082476646,3,-1,-1
1062.1875,108.198296,32.36914,13.211258,0.082399726,4,-1,-1
1183.3529,333.0777,8.686157,18.520782,0.082181215,1,-1,-1
1069.1022,757.85016,42.939453,29.693787,0.0820449,1,-1,-1
210.93398,58.56224,12.5377655,22.209,0.08203024,1,-1,-1
802.8523,293.02103,23.983704,54.40802,0.08191925,4,-1,-1
1304.21,81.907875,64.15869,27.581734,0.08103436,9,-1,-1
457.4258,110.964035,53.22351,40.641434,0.08077994,4,-1,-1
780.1432,288.2126,22.215332,46.90732,0.080575466,2,-1,-1
96.67522,335.32544,14.976814,28.687286,0.08024058,2,-1,-1
625.6245,146.2625,11.109497,23.760208,0.080111235,10,-1,-1
992.31274,704.42914,75.18591,83.11481,0.08000928,1,-1,-1
845.7704,483.56625,29.337708,38.45352,0.07991427,3,-1,-1
304.02908,38.236122,12.821289,15.389442,0.079787165,1,-1,-1
271.34998,66.722565,12.892334,17.938286,0.07935208,1,-1,-1
1189.3385,330.80438,9.017822,18.392395,0.07922709,1,-1,-1
815.6724,547.3663,18.426025,42.909973,0.07906985,10,-1,-1
1020.5918,84.229,61.111816,27.076538,0.07889596,4,-1,-1
827.75684,261.19672,17.649536,27.908936,0.078765005,2,-1,-1
775.22284,240.57019,9.536926,18.093536,0.078755766,2,-1,-1
338.37402,6.81071,43.104004,35.54651,0.07852274,4,-1,-1
75.05893,313.4762,15.679207,27.843292,0.07807785,2,-1,-1
1132.2122,29.154406,8.282593,12.449705,0.07796207,2,-1,-1
999.1559,720.87823,63.94336,66.66571,0.077504426,5,-1,-1
292.44357,39.42497,8.816345,13.602303,0.07747096,2,-1,-1
930.0491,563.10693,17.343384,39.447937,0.07730311,2,-1,-1
385.38272,95.71165,130.5571,81.62612,0.077197134,9,-1,-1
865.6242,20.631748,63.48578,31.366837,0.07719165,4,-1,-1
1111.106,7.0385475,68.8634,34.483265,0.07662293,4,-1,-1
1168.537,327.01718,15.446655,24.968506,0.07635704,1,-1,-1
827.88666,278.95255,9.66394,18.978363,0.07598525,3,-1,-1
1385.2584,38.250187,9.356445,15.542355,0.075609535,1,-1,-1
289.1708,59.22783,7.8796387,15.428581,0.075363636,1,-1,-1
21.637882,166.76065,30.795914,14.090607,0.0752337,4,-1,-1
65.21969,349.68307,10.72094,20.15451,0.07517624,1,-1,-1
1179.4408,328.1434,11.380249,19.24405,0.07517201,3,-1,-1
1191.9436,7.0268674,60.280396,30.625572,0.07508379,4,-1,-1
886.4896,232.67528,22.133911,45.23079,0.075072676,1,-1,-1
93.98188,335.32968,12.871834,21.80194,0.07489061,1,-1,-1
82.352905,273.62094,20.785828,22.040161,0.074772924,1,-1,-1
719.193,242.27972,12.204163,27.205963,0.074745655,1,-1,-1
1127.8732,31.797028,12.193848,15.567425,0.074623644,2,-1,-1
301.37384,43.56641,5.953247,9.938587,0.07448551,2,-1,-1
1159.2654,61.688103,21.501343,11.5492935,0.074410886,10,-1,-1
819.14624,582.15295,27.611816,56.415283,0.07439816,10,-1,-1
1180.8016,333.04425,10.110352,20.094727,0.07437691,2,-1,-1
1176.3191,326.2364,9.049805,18.954498,0.07435644,2,-1,-1
604.4655,33.06151,7.1605835,15.576511,0.074228585,1,-1,-1
796.90796,686.2376,55.01178,101.306335,0.074175745,1,-1,-1
901.3247,4.27634,26.49878,30.380096,0.074092716,4,-1,-1
78.28114,15.384819,7.3904877,15.410446,0.073521584,1,-1,-1
985.87805,689.4721,89.55383,98.07184,0.07338104,4,-1,-1
825.54425,396.54416,8.536865,17.842834,0.07337299,2,-1,-1
0.0,281.8786,10.007745,15.542023,0.0733701,2,-1,-1
791.52655,294.76215,14.504028,37.689667,0.07335475,1,-1,-1
289.49918,39.849598,8.836914,13.1778755,0.07324177,2,-1,-1
1117.972,25.08901,8.125732,18.352995,0.07294884,1,-1,-1
791.26526,289.18323,25.765991,56.15039,0.07284853,1,-1,-1
774.24554,238.28679,14.342834,28.793045,0.07283467,10,-1,-1
310.70584,42.18199,8.718353,11.872189,0.07279146,2,-1,-1
1087.6107,24.629604,23.841187,13.956451,0.07278991,10,-1,-1
1117.8843,28.677652,8.214233,16.943449,0.07275298,2,-1,-1
866.81995,21.126057,25.283936,23.773067,0.07266909,4,-1,-1
124.87555,27.485588,17.315674,15.731911,0.072613776,2,-1,-1
821.57117,264.2851,22.950989,38.868927,0.072559625,1,-1,-1
898.0626,250.15488,14.564941,31.826813,0.07247239,1,-1,-1
81.552376,273.12225,14.901787,14.654266,0.0724642,2,-1,-1
1307.6185,148.59703,28.92041,16.211502,0.07245916,5,-1,-1
312.69382,27.796564,9.844818,16.223936,0.07230449,2,-1,-1
1173.7871,328.48022,21.836426,21.216797,0.07218844,4,-1,-1
1116.8568,38.936813,25.152344,15.849346,0.0721564,1,-1,-1
295.71643,45.652237,9.149292,12.942535,0.07194963,1,-1,-1
548.06824,263.74863,109.83252,69.213165,0.0717302,6,-1,-1
319.48386,36.27513,6.426758,15.128727,0.07168475,2,-1,-1
441.90512,110.84821,37.66046,34.470894,0.071545064,4,-1,-1
821.57117,264.2851,22.950989,38.868927,0.071534485,2,-1,-1
466.14124,32.634148,28.860565,15.332996,0.07150012,10,-1,-1
773.9011,238.95645,15.036194,23.167206,0.071448356,2,-1,-1
1304.3606,172.54723,45.77417,32.217056,0.07142529,4,-1,-1
1178.1072,321.90073,20.198975,23.412079,0.071374744,3,-1,-1
329.49344,30.707415,6.4869385,8.120489,0.0713335,2,-1,-1
642.69086,141.01064,42.507812,21.083206,0.07115674,7,-1,-1
774.55054,292.13754,19.935913,40.95752,0.0710763,1,-1,-1
1168.537,327.01718,15.446655,24.968506,0.07096335,2,-1,-1
822.2156,276.9739,17.954468,21.988556,0.07035148,2,-1,-1
272.2844,71.91408,5.583679,12.392632,0.069949925,2,-1,-1
1302.584,82.45196,65.16284,26.49775,0.069919765,6,-1,-1
778.8908,287.4261,23.654663,49.090424,0.069815785,4,-1,-1
292.95706,21.27175,83.335144,38.369743,0.069805026,4,-1,-1
812.3253,306.64774,15.218933,39.750305,0.069541186,1,-1,-1
1275.535,142.32803,42.3125,21.333786,0.06943801,4,-1,-1
888.09106,281.04443,13.01355,34.079132,0.0694049,1,-1,-1
893.5737,234.7549,14.453735,36.76442,0.06922722,2,-1,-1
822.92957,407.46136,8.293518,19.072906,0.06917727,1,-1,-1
436.65292,105.91721,84.040924,51.649467,0.06905174,4,-1,-1
1308.2944,147.27577,30.07129,17.47519,0.06899479,10,-1,-1
856.5244,755.4358,30.221802,32.108154,0.06892297,2,-1,-1
511.87402,316.49747,19.609985,28.727386,0.068902224,2,-1,-1
1123.6251,40.37895,16.55127,13.358017,0.068829775,2,-1,-1
888.38794,232.77678,11.475403,32.1541,0.06880078,1,-1,-1
887.3105,310.49625,19.10608,42.06436,0.068767756,2,-1,-1
1177.9739,327.18323,13.669312,21.785034,0.06868434,10,-1,-1
1122.4392,37.359917,9.522949,16.655521,0.06865293,2,-1,-1
1369.6512,78.9808,29.869507,12.611801,0.068552256,4,-1,-1
350.526,23.709312,24.691956,19.286423,0.068292916,4,-1,-1
1284.6993,170.54633,48.716553,27.839401,0.06826216,4,-1,-1
311.36334,35.501156,7.8614807,15.527046,0.068188876,1,-1,-1
324.82877,26.042753,12.056946,16.222872,0.0681082,2,-1,-1
322.73013,30.421032,7.832733,15.105183,0.06797001,2,-1,-1
402.12488,101.19555,31.013245,50.03199,0.06794244,9,-1,-1
1178.7438,333.46423,9.941528,17.15216,0.06793985,1,-1,-1
1127.9052,39.558636,11.360718,14.647114,0.06781778,1,-1,-1
1132.1167,30.759125,8.286255,13.488754,0.06779307,1,-1,-1
352.92838,22.272898,53.227966,29.766169,0.067753166,4,-1,-1
672.3887,279.35803,18.126404,41.402527,0.06775296,3,-1,-1
672.8844,279.55054,16.77893,38.27832,0.06773749,2,-1,-1
828.3407,269.44995,9.770508,17.761536,0.06771386,1,-1,-1
1114.5612,33.00229,11.125244,14.597145,0.06730181,1,-1,-1
300.89114,63.99952,7.7436523,14.092918,0.067285806,1,-1,-1
312.6021,35.40425,5.7551575,12.541386,0.06715205,2,-1,-1
1303.8492,17.300392,87.57092,44.0535,0.06704107,9,-1,-1
935.1687,561.48303,16.258362,33.18103,0.06679925,1,-1,-1
270.7628,66.048355,8.305511,12.820946,0.06677395,1,-1,-1
1169.1588,326.01254,23.23462,16.79602,0.06676099,3,-1,-1
350.526,23.709312,24.691956,19.286423,0.066746294,10,-1,-1
1175.84,333.6882,9.1796875,17.845795,0.06649187,1,-1,-1
631.9461,107.15469,8.119812,18.848068,0.06644997,2,-1,-1
677.52014,279.87964,6.572815,15.718109,0.06634912,1,-1,-1
823.84033,598.4926,23.690857,51.51288,0.066284,4,-1,-1
615.4125,29.77938,6.060547,11.463417,0.06617674,1,-1,-1
490.99927,102.79707,31.099915,49.122253,0.06617656,5,-1,-1
300.49332,39.58842,8.083191,11.958839,0.06610602,1,-1,-1
126.09929,27.602242,20.208038,18.216484,0.065903395,4,-1,-1
211.3079,55.211433,11.188095,16.576881,0.06585249,1,-1,-1
1117.725,33.57745,25.415405,14.115128,0.065803915,10,-1,-1
502.48923,8.0576315,35.170746,41.650402,0.06578794,5,-1,-1
274.68988,66.60329,7.408203,15.614342,0.06578374,2,-1,-1
307.4177,43.20523,9.202484,9.706005,0.06571531,2,-1,-1
1186.7435,327.39877,8.874878,19.02884,0.06568751,1,-1,-1
860.0947,477.51334,11.76001,24.894745,0.06568104,2,-1,-1
986.4952,646.9783,153.45221,140.56567,0.06566295,4,-1,-1
620.77905,33.265144,7.744995,16.00711,0.065618634,1,-1,-1
8.251416,114.68718,52.66369,28.817749,0.0654811,4,-1,-1
857.0077,755.08325,29.598389,32.460693,0.06544688,4,-1,-1
998.221,719.92395,64.71808,67.619995,0.06542122,10,-1,-1
642.6477,141.22281,42.63324,20.76712,0.065338165,1,-1,-1
326.98325,27.753052,8.584625,13.4927635,0.065324396,1,-1,-1
1114.2274,39.189785,24.524658,13.940361,0.06527838,7,-1,-1
0.0,159.2849,49.58147,25.801636,0.06515983,4,-1,-1
889.15796,370.82147,16.868652,36.710876,0.065144,10,-1,-1
295.84323,37.913773,10.860291,10.243,0.06509727,2,-1,-1
99.372955,336.13522,10.982666,19.8479,0.065078646,1,-1,-1
935.3758,563.5279,15.201416,31.766174,0.064673424,2,-1,-1
896.9326,0.0,35.306213,22.20392,0.06452963,4,-1,-1
269.15497,70.69225,5.539215,12.241753,0.06451818,2,-1,-1
1115.0911,35.118443,22.560059,14.792488,0.06443754,1,-1,-1
887.7013,311.47125,18.126282,40.81732,0.06440914,3,-1,-1
206.81856,114.61401,30.203018,15.276749,0.06440738,10,-1,-1
1158.5109,340.40347,37.965088,28.850586,0.06438878,3,-1,-1
1182.753,326.0765,8.385742,19.819397,0.064221114,2,-1,-1
524.5006,24.57322,85.1131,42.12168,0.06416911,4,-1,-1
483.94016,125.35556,41.03537,47.856674,0.06415689,4,-1,-1
257.78143,64.01732,8.259613,14.4081955,0.06411344,2,-1,-1
1068.1876,756.31854,47.163452,31.225403,0.063890874,10,-1,-1
295.84006,34.192356,13.34613,18.346447,0.06376588,2,-1,-1
664.6589,19.41591,8.189941,16.081396,0.0636107,1,-1,-1
1262.9116,0.0,131.98157,56.427517,0.06347382,9,-1,-1
1179.801,327.44653,7.4346924,19.481995,0.0634321,2,-1,-1
1069.1022,757.85016,42.939453,29.693787,0.06342393,2,-1,-1
1184.7465,329.31918,13.171387,21.589874,0.06328118,3,-1,-1
404.5679,104.65351,23.351654,38.478203,0.06325981,4,-1,-1
888.62616,0.0,109.05994,43.605927,0.063234925,4,-1,-1
291.2626,44.787308,9.261627,14.322231,0.06305376,1,-1,-1
858.81494,488.69073,13.277832,27.968323,0.06275141,3,-1,-1
630.10876,35.91357,6.4917603,13.231022,0.0627273,1,-1,-1
400.63986,102.5078,36.59204,50.941223,0.062564194,5,-1,-1
1129.1965,32.41878,10.156494,14.36499,0.062432736,1,-1,-1
771.6038,230.91936,19.085815,29.490097,0.06242034,1,-1,-1
125.77951,230.5753,7.6508636,13.726501,0.06237471,1,-1,-1
1120.4146,30.186197,8.909546,15.673456,0.062331498,2,-1,-1
760.05634,630.15454,93.22015,157.3894,0.0622046,1,-1,-1
777.34143,236.70358,11.61261,20.631866,0.06205225,1,-1,-1
72.495094,320.84995,16.379509,30.262817,0.061728746,1,-1,-1
822.88635,598.6646,24.754578,53.05542,0.06171891,7,-1,-1
64.41795,173.86201,32.323715,22.782852,0.061635137,5,-1,-1
63.59848,339.6977,10.29641,16.484985,0.06158784,1,-1,-1
109.032845,93.887924,9.853218,19.770546,0.061267674,1,-1,-1
309.10498,41.157383,5.525696,8.630314,0.061211914,2,-1,-1
1171.9911,340.3513,26.4292,20.831177,0.061196983,3,-1,-1
623.7255,39.057766,4.5510254,10.861988,0.061170608,1,-1,-1
262.2041,66.41458,4.774597,11.212013,0.061148077,2,-1,-1
861.32446,268.46088,25.866089,33.529816,0.061088145,1,-1,-1
823.86865,395.48267,9.60437,20.516754,0.060708314,1,-1,-1
659.6293,141.5094,51.480164,24.527664,0.060591668,4,-1,-1
267.86807,63.93917,9.833557,16.882431,0.06053859,3,-1,-1
1160.3649,63.02529,11.667358,8.589363,0.060504794,2,-1,-1
315.45703,37.42763,7.382019,13.190651,0.060453862,2,-1,-1
314.62265,30.100996,8.42511,10.275587,0.06033933,2,-1,-1
72.56763,313.81458,12.472557,21.492188,0.060260564,1,-1,-1
301.36322,38.455402,6.330078,9.554497,0.06015572,2,-1,-1
824.4391,434.00046,16.042603,29.30719,0.060138047,2,-1,-1
1368.4379,69.45945,31.082886,24.977608,0.060123086,4,-1,-1
598.0712,142.84041,40.585815,27.008469,0.060067803,4,-1,-1
823.3877,599.25604,24.51239,52.501892,0.06005165,8,-1,-1
327.47235,32.27358,5.578186,10.733589,0.0599055,2,-1,-1
888.4136,270.65338,11.595886,23.573761,0.059812307,1,-1,-1
1113.1737,39.352592,25.447144,13.733379,0.059797704,4,-1,-1
625.924,146.64635,10.757385,23.114502,0.059750527,2,-1,-1
637.053,111.08561,30.509705,32.062172,0.05972883,4,-1,-1
895.29663,248.82854,13.915466,34.02681,0.05964479,2,-1,-1
622.18604,38.661366,6.734619,15.316994,0.059569597,1,-1,-1
261.4735,63.456127,9.755951,15.286343,0.059540212,3,-1,-1
659.4663,22.867594,5.0183105,11.229761,0.059477925,1,-1,-1
288.9642,26.535913,45.461975,32.794037,0.059379846,4,-1,-1
798.2861,390.50427,22.725464,39.558746,0.059357405,1,-1,-1
265.34326,66.459724,6.1563416,9.445152,0.059173435,2,-1,-1
295.2156,39.525826,25.856384,15.301804,0.059140027,10,-1,-1
52.82299,173.81523,36.665543,19.168442,0.059096307,4,-1,-1
1172.9193,328.66916,9.44043,16.031952,0.05904481,1,-1,-1
815.2483,547.2353,19.171204,43.73114,0.059003234,3,-1,-1
288.65207,40.52598,23.680847,15.144623,0.05899605,10,-1,-1
24.405869,285.66977,32.388283,15.0694275,0.05898562,7,-1,-1
267.4058,59.090557,8.181244,14.687405,0.058930486,1,-1,-1
924.1691,561.536,26.793884,52.173523,0.058833927,4,-1,-1
890.5324,270.00217,19.157349,36.193695,0.058797657,10,-1,-1
298.0352,45.479637,5.817566,8.228416,0.058776885,2,-1,-1
796.90796,686.2376,55.01178,101.306335,0.058500946,10,-1,-1
888.2671,245.34795,12.540405,33.553238,0.058484524,1,-1,-1
299.81268,45.567364,8.077667,12.704506,0.05844277,2,-1,-1
483.37973,253.04745,17.200104,30.293793,0.058425695,4,-1,-1
363.2081,0.0,49.980957,32.61358,0.0584082,4,-1,-1
292.19037,38.109203,9.876984,9.020191,0.058374852,2,-1,-1
1114.8964,42.401245,25.177612,16.547146,0.058328122,3,-1,-1
44.71401,24.830269,14.414867,22.613304,0.058318973,1,-1,-1
428.23975,108.50406,36.345886,32.791656,0.0583162,4,-1,-1
308.0068,38.536953,7.9134827,12.371925,0.058300316,1,-1,-1
15.578872,166.17462,37.66678,23.3441,0.058233917,5,-1,-1
623.3707,35.76386,5.885254,12.617485,0.058107376,2,-1,-1
829.15735,399.2849,8.457214,15.978912,0.057870954,2,-1,-1
311.5184,29.116714,7.8026123,15.705357,0.05779481,1,-1,-1
75.0781,313.23758,15.469475,27.906982,0.05778411,4,-1,-1
869.78986,220.07565,14.853699,29.854568,0.057534724,1,-1,-1
633.17224,39.309334,6.0009155,11.996494,0.057488114,1,-1,-1
1063.1277,0.0,128.97827,52.231945,0.057242274,9,-1,-1
690.2855,157.35826,30.91394,18.629227,0.057213902,4,-1,-1
873.24677,270.70615,15.198608,30.60019,0.05715558,3,-1,-1
479.18588,233.44751,25.700226,49.86499,0.056925982,4,-1,-1
1112.7743,31.963121,17.606445,18.632792,0.056833655,2,-1,-1
827.8941,615.6522,14.4436035,33.87384,0.05679971,10,-1,-1
332.04807,0.0,64.0874,34.19547,0.05675322,4,-1,-1
23.438044,286.86896,32.59527,17.349976,0.056748033,1,-1,-1
483.37973,253.04745,17.200104,30.293793,0.05674097,10,-1,-1
607.0379,216.194,13.121216,27.045853,0.056676805,1,-1,-1
288.2694,0.0,54.967316,21.530464,0.056614697,4,-1,-1
1102.5862,34.38722,21.656128,11.694309,0.056575984,10,-1,-1
998.79895,109.138535,52.26245,28.62622,0.05653736,4,-1,-1
1302.584,82.45196,65.16284,26.49775,0.056510717,10,-1,-1
319.80096,29.646292,6.33197,13.5804,0.056463987,2,-1,-1
