203.06747,249.70207,90.49164,102.569626,0.99424034,6,-1,-1
208.24605,279.22162,95.25197,105.02713,0.96712,6,-1,-1
378.2617,533.498,89.0408,67.874146,0.94902146,4,-1,-1
307.72937,427.35486,153.28635,82.857056,0.94750404,6,-1,-1
63.097965,65.5513,115.3403,109.556854,0.9287902,6,-1,-1
316.43118,409.80377,125.23941,72.805145,0.9252919,6,-1,-1
334.51755,660.1841,154.40051,53.897278,0.90249693,6,-1,-1
329.9218,397.67136,91.912476,60.618256,0.8415103,6,-1,-1
332.1388,716.0895,122.04538,42.26184,0.8220643,6,-1,-1
339.6376,753.5985,110.30823,33.048157,0.8164067,7,-1,-1
32.86782,51.932865,122.95484,94.43556,0.8029363,6,-1,-1
152.5659,447.53268,113.801254,156.18777,0.7886524,7,-1,-1
57.841274,681.6358,71.937164,103.39429,0.78581774,7,-1,-1
1.5273067,348.80438,107.753365,194.77332,0.7593833,6,-1,-1
95.95571,595.0859,96.1258,116.9939,0.737803,7,-1,-1
80.34806,696.43665,66.99566,85.71484,0.71048236,7,-1,-1
332.14478,753.598,117.95697,33.048645,0.69065803,6,-1,-1
17.641598,47.17219,113.90953,71.457504,0.6897214,6,-1,-1
181.59457,241.63313,84.31909,92.32152,0.6883201,6,-1,-1
327.7795,356.85205,96.54913,56.822662,0.68766093,6,-1,-1
192.83362,502.88907,32.56485,41.07144,0.674242,2,-1,-1
81.718796,282.4723,24.10102,32.826202,0.6127699,1,-1,-1
361.98514,612.17316,115.58511,47.082092,0.58081615,7,-1,-1
74.64885,685.18567,42.153763,62.55475,0.5753366,2,-1,-1
65.036385,236.63173,26.32695,26.85411,0.5367032,2,-1,-1
378.849,533.4265,89.84958,69.45941,0.51715165,3,-1,-1
337.93982,753.9798,108.075745,31.992737,0.5073351,4,-1,-1
475.79108,440.25775,113.00635,42.90271,0.5039963,7,-1,-1
92.27705,594.6497,96.70185,144.16321,0.49114463,8,-1,-1
0.35233104,654.89514,75.77685,115.99988,0.46638122,7,-1,-1
333.51184,660.5305,154.73401,53.696228,0.44131535,7,-1,-1
74.37684,684.8445,44.38919,63.11377,0.41873392,10,-1,-1
104.63213,277.72577,34.085594,34.94821,0.41862392,8,-1,-1
77.62445,619.72577,100.61774,165.0846,0.4137516,7,-1,-1
104.90003,277.37967,33.86036,35.36383,0.39744535,7,-1,-1
477.493,439.99725,110.686554,41.08893,0.39741406,8,-1,-1
301.4596,326.17276,89.92224,54.846832,0.37805694,7,-1,-1
73.86068,684.77155,45.629143,62.671753,0.377419,7,-1,-1
373.61295,481.1074,164.32156,60.38138,0.36307108,8,-1,-1
91.31808,695.405,29.251,47.037415,0.35417366,2,-1,-1
176.21434,508.31216,41.388657,47.508453,0.34013456,2,-1,-1
207.4592,265.47894,88.1319,112.23001,0.32956243,9,-1,-1
330.17938,716.6903,125.46344,42.226257,0.32541928,4,-1,-1
373.61295,481.1074,164.32156,60.38138,0.31869826,7,-1,-1
373.23898,480.10474,167.71591,63.58258,0.31473818,6,-1,-1
73.005325,706.67084,30.469826,42.96289,0.31440526,2,-1,-1
20.62612,665.4893,76.4152,118.35736,0.30797845,7,-1,-1
326.85388,357.3914,99.62308,56.384857,0.30195093,7,-1,-1
303.22534,324.6212,88.80475,56.262207,0.29178023,8,-1,-1
329.0329,396.7099,92.42328,60.16577,0.29113364,7,-1,-1
368.30145,484.878,27.997833,26.528809,0.2726206,2,-1,-1
67.72089,228.89003,26.806572,25.625626,0.27255312,2,-1,-1
302.59592,325.4559,92.67981,55.62851,0.27191305,6,-1,-1
330.11105,717.10443,125.34808,42.13263,0.27106023,7,-1,-1
767.5978,148.2882,18.693298,32.385315,0.26784456,1,-1,-1
95.95576,594.25995,96.348656,120.659485,0.2394822,4,-1,-1
205.01585,605.8329,36.774414,29.611511,0.23876074,10,-1,-1
788.9199,172.06,16.455688,36.687958,0.23391235,1,-1,-1
1340.8662,308.9857,45.578247,23.941742,0.23167425,4,-1,-1
305.89624,353.05838,32.632812,26.209991,0.22960246,2,-1,-1
113.46259,131.02032,90.16366,68.63841,0.22794679,6,-1,-1
378.64706,534.1903,36.681274,26.989563,0.22790891,10,-1,-1
750.4847,171.32811,17.115723,35.248978,0.22338685,1,-1,-1
473.3979,440.19693,113.38873,43.305267,0.22252065,6,-1,-1
33.92833,115.58456,35.003517,42.207558,0.21790159,1,-1,-1
359.3922,612.98804,117.29416,47.018433,0.2139684,6,-1,-1
759.4799,144.8899,19.714966,31.824799,0.20778832,1,-1,-1
64.18422,235.48465,25.09674,27.063293,0.20387927,1,-1,-1
178.45485,243.59047,81.69707,82.28618,0.20219868,4,-1,-1
372.79352,480.30524,168.02997,63.730835,0.19828007,1,-1,-1
135.8091,289.3273,20.959015,27.217102,0.19427052,1,-1,-1
306.92288,426.77014,151.11981,83.94806,0.19112405,7,-1,-1
725.55566,272.96918,20.682129,36.47409,0.18745351,1,-1,-1
380.2813,477.92807,153.02905,62.16104,0.18437111,4,-1,-1
76.73261,226.02872,24.160805,25.098618,0.1839365,2,-1,-1
97.66621,712.86053,30.606636,37.979736,0.18086505,2,-1,-1
82.64885,281.70892,24.289398,31.464447,0.18075311,2,-1,-1
153.21315,225.14804,70.3273,82.31439,0.17854229,4,-1,-1
751.2643,145.4368,18.556458,31.389618,0.17567971,1,-1,-1
327.46924,716.07306,124.692566,41.36841,0.17275268,1,-1,-1
725.5774,266.8948,21.944336,25.712646,0.17239442,1,-1,-1
33.731743,115.9507,35.18519,41.827927,0.172214,2,-1,-1
184.62619,520.194,26.594559,38.526917,0.16301551,2,-1,-1
314.62845,428.34183,148.53186,76.5885,0.1608809,8,-1,-1
85.909,719.49274,35.73735,27.983398,0.15659726,2,-1,-1
205.01585,605.8329,36.774414,29.611511,0.15519124,1,-1,-1
3.4757507,92.72474,24.05391,26.493248,0.15332946,2,-1,-1
320.31268,721.195,60.798218,24.239502,0.1531297,2,-1,-1
316.43118,409.80377,125.23941,72.805145,0.15064645,7,-1,-1
172.24146,576.28986,30.253433,37.10022,0.14790961,2,-1,-1
334.0552,752.9853,115.48343,33.661377,0.14650393,1,-1,-1
480.64838,448.20425,21.520355,34.562622,0.1447612,2,-1,-1
307.9216,466.4615,25.228699,26.595154,0.14315954,2,-1,-1
3.4757507,92.72474,24.05391,26.493248,0.14248455,1,-1,-1
206.81187,251.88588,87.951584,120.17003,0.1420958,7,-1,-1
480.64838,448.20425,21.520355,34.562622,0.13903525,1,-1,-1
337.66467,677.0087,138.32468,62.37799,0.13805437,6,-1,-1
362.62354,611.36194,109.48111,49.339783,0.13727528,1,-1,-1
114.03496,111.95557,60.091843,56.607483,0.13605604,7,-1,-1
745.47284,164.26205,16.966187,39.408722,0.13545299,1,-1,-1
52.967915,62.649693,125.9691,109.21739,0.12961075,7,-1,-1
105.13017,277.5834,32.97766,33.955963,0.12911046,4,-1,-1
377.79562,529.6589,38.811157,26.9292,0.12749878,2,-1,-1
112.325035,112.49702,62.675438,55.07041,0.12546235,6,-1,-1
116.40365,182.23837,76.61123,53.11566,0.12428054,4,-1,-1
135.8091,289.3273,20.959015,27.217102,0.12355894,2,-1,-1
482.4136,450.84756,41.21518,30.078735,0.11939025,2,-1,-1
73.86068,684.77155,45.629143,62.671753,0.11921066,3,-1,-1
772.8414,144.61095,20.611511,33.556183,0.11905098,1,-1,-1
112.11662,640.83765,25.037064,33.20508,0.11808711,2,-1,-1
380.2813,477.92807,153.02905,62.16104,0.118013054,5,-1,-1
674.9655,198.23978,34.108826,33.272873,0.11745435,10,-1,-1
1.9970751,654.61835,81.51588,131.86365,0.11704391,8,-1,-1
368.30145,484.878,27.997833,26.528809,0.116585165,1,-1,-1
206.39542,496.32434,27.648148,32.75952,0.11522195,2,-1,-1
75.374306,232.43106,23.9758,29.94809,0.11369294,2,-1,-1
306.63556,463.39972,25.715668,27.60379,0.11205396,1,-1,-1
162.75102,229.04463,71.97737,89.93379,0.11065826,6,-1,-1
1342.3273,308.86374,43.263184,24.220795,0.110643774,5,-1,-1
117.12603,651.4018,23.142265,27.96576,0.10968736,2,-1,-1
675.53644,197.92099,34.192566,34.278,0.109271914,4,-1,-1
807.4065,208.91446,24.202087,26.870438,0.108685225,10,-1,-1
82.27243,283.19366,24.722206,32.357574,0.10847089,10,-1,-1
379.0426,535.531,34.946503,27.35498,0.10691726,1,-1,-1
334.0552,752.9853,115.48343,33.661377,0.10523757,8,-1,-1
798.80927,332.04263,19.817505,29.642761,0.10301548,1,-1,-1
74.069786,683.9373,44.92884,64.26538,0.1029582,8,-1,-1
338.22598,753.60724,107.77304,32.409546,0.10261336,5,-1,-1
83.84761,271.79858,24.72673,27.91742,0.10258797,2,-1,-1
159.68329,517.2655,36.310226,32.89801,0.10140443,2,-1,-1
205.33424,609.6731,39.226273,26.559814,0.10139936,2,-1,-1
93.842674,692.58746,29.2417,47.56311,0.10139701,10,-1,-1
151.21588,446.74692,115.902405,157.34299,0.10120195,8,-1,-1
67.72089,228.89003,26.806572,25.625626,0.100749254,1,-1,-1
328.72574,716.869,126.84808,41.916748,0.100655496,8,-1,-1
379.93948,525.05554,34.986053,27.432617,0.10060966,10,-1,-1
715.7081,276.7309,19.902283,36.839172,0.09924814,1,-1,-1
716.446,268.42242,25.001465,25.525848,0.098151565,1,-1,-1
192.81085,513.9855,26.726364,42.948853,0.09763229,2,-1,-1
372.18567,490.5774,29.601196,26.116882,0.09689286,2,-1,-1
88.21756,271.44556,34.59945,23.050232,0.09673685,2,-1,-1
379.08984,518.26245,25.81192,31.01001,0.09645033,2,-1,-1
81.24495,263.4762,32.889877,21.899658,0.09643367,2,-1,-1
100.86834,269.9782,36.58584,31.164093,0.09634599,7,-1,-1
768.71515,127.73866,19.889648,38.62137,0.0952422,1,-1,-1
196.2931,245.90874,91.43855,103.85472,0.0946424,4,-1,-1
147.33847,460.27,122.32614,110.62314,0.09444839,6,-1,-1
359.2152,468.36398,138.97598,62.080353,0.09376603,7,-1,-1
791.5344,331.24707,21.195557,28.820404,0.09327242,1,-1,-1
207.7308,362.91873,32.69583,24.635803,0.091685206,10,-1,-1
96.365944,595.4813,95.02689,114.09375,0.09109166,3,-1,-1
204.66298,608.6486,37.968277,27.44983,0.09036687,3,-1,-1
334.0552,752.9853,115.48343,33.661377,0.09035733,10,-1,-1
16.742435,56.95513,74.04744,55.835068,0.089663774,6,-1,-1
74.83401,727.23755,38.777786,27.688354,0.08961356,2,-1,-1
72.76234,234.64375,25.785324,28.46016,0.089346886,1,-1,-1
176.06927,504.49454,36.940918,31.388214,0.087317824,2,-1,-1
185.25049,499.413,118.80258,124.14206,0.08725789,7,-1,-1
357.20566,613.23956,115.86249,44.525024,0.087222725,4,-1,-1
109.74628,205.34677,104.840836,99.47174,0.08705369,4,-1,-1
883.6114,231.6203,34.83258,26.80542,0.08617216,10,-1,-1
347.698,758.03766,102.816956,28.609009,0.08600649,2,-1,-1
327.24017,355.78384,96.7626,56.685272,0.08493847,8,-1,-1
381.9546,536.2801,28.851105,30.855042,0.08489266,2,-1,-1
725.5774,266.8948,21.944336,25.712646,0.08471507,2,-1,-1
155.90063,223.01508,68.924805,81.131195,0.084325135,7,-1,-1
305.89624,353.05838,32.632812,26.209991,0.08411062,1,-1,-1
76.73261,226.02872,24.160805,25.098618,0.083539695,1,-1,-1
140.53305,675.4927,26.593658,27.08429,0.08229831,2,-1,-1
478.35678,445.36737,69.00607,37.650574,0.081673026,2,-1,-1
53.860462,684.33594,61.836567,90.07251,0.08108872,1,-1,-1
184.62619,520.194,26.594559,38.526917,0.080804676,1,-1,-1
478.35678,445.36737,69.00607,37.650574,0.080764145,1,-1,-1
380.43805,511.3865,30.519775,28.861359,0.079303324,2,-1,-1
0.5042655,656.3493,74.5089,100.233765,0.0792076,3,-1,-1
744.42975,245.28113,18.00885,32.62564,0.07898763,1,-1,-1
784.3344,156.13101,20.420044,33.644775,0.078770846,1,-1,-1
360.38116,610.74146,117.61487,44.741516,0.07793334,8,-1,-1
791.9496,332.1095,22.42981,27.612762,0.07770017,2,-1,-1
135.8091,289.3273,20.959015,27.217102,0.077215195,10,-1,-1
790.5482,171.40286,18.904602,36.660675,0.07623175,10,-1,-1
93.880745,592.6331,96.04699,133.31042,0.075923145,10,-1,-1
105.327324,279.50757,32.82894,34.196655,0.07557419,10,-1,-1
378.64706,534.1903,36.681274,26.989563,0.07520884,3,-1,-1
97.19941,594.9483,94.54003,115.382935,0.07515356,1,-1,-1
52.967915,62.649693,125.9691,109.21739,0.07422793,4,-1,-1
487.66187,450.24466,23.326508,33.590393,0.07395464,1,-1,-1
335.19852,397.93085,87.15271,55.111298,0.07326466,1,-1,-1
221.14339,492.1287,22.859589,29.99002,0.07320714,2,-1,-1
80.639656,94.256615,116.15548,97.94903,0.07302365,6,-1,-1
128.28532,286.43912,23.462784,28.60382,0.07271159,1,-1,-1
103.0139,275.21133,31.440063,36.451965,0.072620094,1,-1,-1
727.4188,273.55322,21.199646,32.2659,0.072092146,2,-1,-1
161.71402,508.334,55.61812,48.4794,0.07201859,1,-1,-1
329.5608,716.62585,126.70584,42.56201,0.07200375,2,-1,-1
203.02855,507.49335,28.861893,40.296936,0.07171932,2,-1,-1
101.3405,275.75244,34.230988,33.300262,0.07157168,2,-1,-1
379.08984,518.26245,25.81192,31.01001,0.06984097,1,-1,-1
203.06847,596.35565,23.838516,36.55243,0.06976998,1,-1,-1
315.417,470.25873,18.820404,38.975037,0.06964183,2,-1,-1
315.417,470.25873,18.820404,38.975037,0.06948763,1,-1,-1
88.60938,706.8317,35.137993,58.3692,0.06918791,2,-1,-1
1091.2034,604.14624,37.44934,23.195251,0.06910825,10,-1,-1
521.7212,420.41223,18.871338,35.347717,0.06904793,1,-1,-1
794.4176,721.5103,17.568054,30.62738,0.06883669,10,-1,-1
749.2342,154.80652,22.457031,30.677155,0.068576545,1,-1,-1
100.86834,269.9782,36.58584,31.164093,0.068341315,8,-1,-1
476.452,444.14795,35.438293,31.27713,0.068220586,2,-1,-1
83.84761,271.79858,24.72673,27.91742,0.068093926,1,-1,-1
483.46188,458.4494,31.57901,28.490967,0.06778219,2,-1,-1
325.4733,716.9913,116.594604,39.27765,0.06725785,10,-1,-1
372.53482,528.2415,31.061249,27.677002,0.06688732,10,-1,-1
74.069786,683.9373,44.92884,64.26538,0.066612005,4,-1,-1
135.8091,289.3273,20.959015,27.217102,0.06641775,8,-1,-1
75.26886,684.3591,43.569168,63.320923,0.06596184,1,-1,-1
128.28532,286.43912,23.462784,28.60382,0.06558889,8,-1,-1
152.5659,447.53268,113.801254,156.18777,0.06505796,1,-1,-1
197.48958,520.688,55.803436,85.81152,0.06478971,1,-1,-1
16.571295,492.2064,23.168142,36.113678,0.06473827,1,-1,-1
776.1071,157.41136,20.044434,35.119415,0.06468809,1,-1,-1
103.63172,711.39136,31.38131,27.891785,0.0644916,2,-1,-1
158.70694,646.4843,26.17479,29.202637,0.064478934,2,-1,-1
159.68329,517.2655,36.310226,32.89801,0.06439197,1,-1,-1
302.59592,325.4559,92.67981,55.62851,0.06414497,1,-1,-1
84.310005,227.44899,21.1688,29.464249,0.06398317,2,-1,-1
175.59615,493.04617,79.52869,63.06198,0.06397277,1,-1,-1
182.3528,517.1286,51.70082,81.165405,0.06360167,1,-1,-1
193.09236,502.00504,32.27736,42.798126,0.06357494,1,-1,-1
473.3979,440.19693,113.38873,43.305267,0.06329861,3,-1,-1
167.15067,574.2836,38.039658,42.665405,0.062933505,1,-1,-1
160.74818,535.53534,26.232452,28.320557,0.062764734,2,-1,-1
60.06282,386.10483,25.207039,37.836304,0.062425584,1,-1,-1
72.94616,185.77263,121.37957,86.73274,0.06226194,4,-1,-1
88.8557,278.51868,31.147354,35.954742,0.062242,1,-1,-1
0.8365317,355.7747,35.062878,44.97,0.061972678,2,-1,-1
170.91824,236.92099,77.96423,85.438995,0.06160885,7,-1,-1
372.53482,528.2415,31.061249,27.677002,0.061564833,1,-1,-1
318.887,716.7561,36.920135,25.754395,0.061555296,2,-1,-1
93.842674,692.58746,29.2417,47.56311,0.060900837,3,-1,-1
93.880745,592.6331,96.04699,133.31042,0.06087613,2,-1,-1
161.20996,285.9001,27.120865,27.526031,0.06055045,10,-1,-1
156.62411,504.9641,64.30994,54.844604,0.06030029,7,-1,-1
868.5301,519.8107,45.569702,125.85278,0.060049832,6,-1,-1
373.23898,480.10474,167.71591,63.58258,0.059678078,2,-1,-1
760.1306,130.17987,19.194214,36.49431,0.05964601,1,-1,-1
137.58618,662.1789,25.215378,33.667175,0.059559077,2,-1,-1
112.858055,637.07495,22.128593,38.84729,0.059309214,1,-1,-1
70.41095,185.49654,126.03502,94.46098,0.05929005,6,-1,-1
215.49583,500.4859,25.016907,30.400513,0.05899346,2,-1,-1
212.45108,485.2628,23.619064,35.626617,0.058967054,2,-1,-1
151.27817,448.4058,115.38724,154.8154,0.058707207,4,-1,-1
359.3922,612.98804,117.29416,47.018433,0.058128625,3,-1,-1
676.63855,197.74326,32.997314,34.328445,0.05795023,5,-1,-1
312.133,341.44345,88.35892,56.753265,0.057659954,6,-1,-1
327.24017,355.78384,96.7626,56.685272,0.057508886,4,-1,-1
779.0373,171.6388,20.940186,32.90448,0.05735585,1,-1,-1
151.07245,449.7333,115.173676,157.25027,0.05730641,10,-1,-1
476.452,444.14795,35.438293,31.27713,0.057293028,1,-1,-1
378.7207,501.2109,24.769806,32.12741,0.057235926,2,-1,-1
790.74475,160.33432,21.669739,39.851944,0.05709225,1,-1,-1
146.67413,443.35208,118.94986,84.08975,0.056802273,7,-1,-1
126.38353,653.93585,24.180893,29.894348,0.056762427,2,-1,-1
746.057,146.29143,17.744446,35.81572,0.056616336,1,-1,-1
150.85669,526.1003,26.006958,28.44049,0.056019694,2,-1,-1
100.22506,697.8711,23.522858,42.604126,0.055989057,1,-1,-1
753.4534,181.0175,20.048584,28.813309,0.055881113,1,-1,-1
75.07503,631.9319,95.872025,154.71478,0.05565369,8,-1,-1
80.7716,677.0316,88.65786,109.224365,0.055626154,6,-1,-1
757.2533,170.71826,18.2995,34.09575,0.05551052,1,-1,-1
674.81177,198.04881,35.009216,33.53836,0.05498165,1,-1,-1
51.615482,713.459,49.529346,73.18768,0.0549421,7,-1,-1
319.817,465.72638,17.986542,36.48065,0.054925233,2,-1,-1
364.37692,478.2758,24.007965,31.463287,0.054703623,2,-1,-1
725.55566,272.96918,20.682129,36.47409,0.054222465,10,-1,-1
474.7049,442.89587,21.45343,35.817657,0.053605348,1,-1,-1
373.60974,532.2987,22.334839,32.50525,0.053556472,1,-1,-1
94.24299,190.71567,106.56634,89.02469,0.053532302,7,-1,-1
328.24716,355.87103,94.37735,52.870636,0.05344346,1,-1,-1
115.40262,129.11511,82.37512,66.12259,0.053254664,4,-1,-1
146.33272,462.78976,125.70073,141.97208,0.053152174,3,-1,-1
744.5696,181.71417,23.374573,29.36621,0.053016603,1,-1,-1
92.298874,727.8136,39.527725,28.140686,0.052972257,2,-1,-1
303.49606,337.69992,55.680176,40.2547,0.052856684,2,-1,-1
187.02898,496.02353,29.017517,35.488922,0.052679688,2,-1,-1
168.8258,256.53308,62.38472,64.8049,0.052673697,4,-1,-1
179.21956,535.60596,32.39087,26.779053,0.052622706,2,-1,-1
2.667114,369.18198,109.28528,176.55771,0.052559853,4,-1,-1
80.94514,698.37146,61.603813,77.71063,0.052501917,2,-1,-1
73.005325,706.67084,30.469826,42.96289,0.052451044,1,-1,-1
25.589798,477.01657,25.38813,31.641907,0.052408934,1,-1,-1
46.53159,671.59973,69.08493,87.667175,0.052036285,7,-1,-1
798.80927,332.04263,19.817505,29.642761,0.05199015,10,-1,-1
767.37604,164.6488,18.638855,34.93776,0.05195725,1,-1,-1
751.4957,175.78549,17.613281,32.529922,0.0519464,2,-1,-1
301.4305,326.06128,89.21594,56.372284,0.05173266,4,-1,-1
51.875557,720.1881,35.876404,29.530945,0.05163601,2,-1,-1
89.21487,280.78857,35.187965,33.564728,0.05148405,2,-1,-1
759.43317,160.96222,18.805237,33.35405,0.05132678,1,-1,-1
776.32477,716.3491,18.937866,29.526794,0.051299334,1,-1,-1
152.72444,523.87573,22.07544,32.71295,0.051086694,1,-1,-1
