765.468,535.77814,77.829895,44.39203,0.9189429,4,-1,-1
779.90985,640.8467,91.5918,44.968872,0.8822079,4,-1,-1
782.40405,676.53894,95.13666,50.038452,0.86652833,4,-1,-1
1040.4298,958.4483,35.21521,49.299072,0.8511457,10,-1,-1
734.22656,341.01495,48.04132,22.487946,0.8501568,4,-1,-1
735.6109,247.21466,36.496277,18.104431,0.8450074,4,-1,-1
671.004,547.6895,37.980103,53.90869,0.8301596,4,-1,-1
799.23096,966.09607,146.90576,83.296265,0.7992728,4,-1,-1
752.0769,262.7312,22.37384,21.03012,0.791131,4,-1,-1
779.41345,719.07025,90.78308,52.257812,0.78391343,4,-1,-1
975.1064,799.2306,20.89032,33.208008,0.7824461,1,-1,-1
762.69666,504.8907,70.37286,38.774536,0.7591958,4,-1,-1
843.88165,460.11987,11.056946,23.063538,0.752981,1,-1,-1
788.7091,324.316,50.236145,26.515015,0.7518756,4,-1,-1
736.9024,214.77052,31.361206,15.931137,0.73140436,4,-1,-1
816.3329,301.25998,28.364563,25.259216,0.70828485,4,-1,-1
691.8669,250.26393,18.316345,18.810593,0.70365644,4,-1,-1
116.27985,396.80435,12.174545,18.106873,0.6737922,1,-1,-1
803.63806,892.7555,110.37921,72.694336,0.66280764,5,-1,-1
900.44055,529.2518,12.266296,22.7229,0.65424836,1,-1,-1
826.47107,279.23993,47.07074,21.619751,0.6411153,4,-1,-1
436.15146,131.14777,11.800537,10.748566,0.64110315,4,-1,-1
371.6831,147.18452,23.91745,11.981155,0.63295066,4,-1,-1
849.40485,460.74252,10.870422,23.932373,0.6175399,1,-1,-1
668.13055,158.1622,15.522339,24.243118,0.61672145,6,-1,-1
996.7447,789.35864,20.960266,29.80719,0.61497563,1,-1,-1
799.5163,368.30566,20.058289,14.110931,0.6038846,10,-1,-1
792.1178,273.93222,35.536377,18.148193,0.60341024,4,-1,-1
771.41956,153.94913,23.02124,12.578964,0.5914411,4,-1,-1
810.46246,291.8672,7.9752197,17.288208,0.59131455,1,-1,-1
791.6716,244.70377,22.734558,19.700195,0.58866525,4,-1,-1
761.233,447.5437,71.39661,40.69287,0.58785343,6,-1,-1
759.6807,477.8641,77.53699,38.16635,0.58777434,6,-1,-1
633.533,362.3633,10.2901,13.794495,0.58774793,2,-1,-1
818.6361,569.68756,12.310303,24.894165,0.57704306,1,-1,-1
369.39398,151.85306,22.952972,11.212677,0.5712689,4,-1,-1
776.95465,257.64352,23.306702,23.241913,0.5695446,4,-1,-1
408.51993,133.4526,10.086365,9.602707,0.5668358,4,-1,-1
331.6823,174.25328,25.478943,12.439911,0.5647757,4,-1,-1
377.27264,228.77289,9.002563,26.001816,0.5577513,1,-1,-1
763.95264,296.07193,20.754883,23.41806,0.5558166,4,-1,-1
845.2242,302.36435,32.846436,19.72171,0.54819995,4,-1,-1
350.04068,162.94882,24.521545,11.763657,0.546697,4,-1,-1
438.91006,146.89493,16.38269,15.885422,0.5340405,4,-1,-1
344.92426,166.86253,25.312714,11.32106,0.532724,4,-1,-1
310.60236,183.25867,30.19278,13.408859,0.5245162,4,-1,-1
264.5855,302.25345,21.08432,37.59845,0.51883864,1,-1,-1
440.68436,244.22002,8.900299,20.046677,0.5149299,1,-1,-1
283.4641,153.77373,20.448883,13.841309,0.5078804,4,-1,-1
334.4415,147.29842,5.4813538,10.093842,0.4978845,1,-1,-1
430.14175,236.54813,10.248169,23.78595,0.49641377,1,-1,-1
660.31573,87.11407,7.8182983,8.907211,0.49482292,4,-1,-1
421.0848,132.29648,11.021912,10.484039,0.49416247,4,-1,-1
762.8613,321.7666,7.605652,18.289581,0.49409452,1,-1,-1
632.8534,362.06042,11.716003,18.874786,0.49388486,10,-1,-1
648.2875,179.86465,13.613953,17.333633,0.46829537,4,-1,-1
358.7646,158.00888,23.420197,11.042725,0.46670532,4,-1,-1
664.7105,644.4527,26.157715,48.591003,0.46298563,7,-1,-1
741.98944,227.88124,32.05182,18.107605,0.45238554,6,-1,-1
741.89954,227.3988,31.29657,18.534393,0.44886035,5,-1,-1
981.99786,881.8904,18.770996,30.90271,0.4449536,1,-1,-1
719.8052,138.65129,21.97638,9.958435,0.44279298,4,-1,-1
804.8155,364.17804,9.017334,15.794891,0.44159245,2,-1,-1
723.77405,174.21115,30.51178,14.205261,0.43825218,4,-1,-1
336.93692,171.84857,26.862213,12.678177,0.4274295,4,-1,-1
434.59286,243.02992,8.93985,22.030045,0.4207272,1,-1,-1
762.35516,448.00815,70.170105,39.571136,0.41635394,5,-1,-1
764.53595,296.0395,19.807373,23.35672,0.41510528,5,-1,-1
731.13525,292.09064,7.331665,15.002869,0.41170126,1,-1,-1
841.43713,323.62704,41.821594,22.388153,0.4073234,4,-1,-1
665.057,644.46063,26.603516,47.894653,0.40559003,8,-1,-1
727.9346,190.58632,29.96344,14.953766,0.40291384,4,-1,-1
722.4605,162.88367,29.344116,14.043686,0.4023038,5,-1,-1
481.19485,110.32439,11.005493,10.389488,0.4013569,4,-1,-1
722.5627,133.03038,20.851318,10.52916,0.39923063,4,-1,-1
369.82428,231.09578,10.824768,28.248459,0.3990344,1,-1,-1
317.8535,180.68826,28.853973,14.32692,0.39486504,4,-1,-1
648.9859,179.67903,13.329651,17.780563,0.39472798,6,-1,-1
726.3675,181.61304,28.33075,13.819031,0.38627082,4,-1,-1
870.4058,462.10925,12.103455,18.632568,0.38525608,1,-1,-1
722.9351,172.32164,29.490723,15.193451,0.3837419,5,-1,-1
363.32553,155.08205,22.736816,11.29866,0.37978795,4,-1,-1
727.9844,189.90894,29.922302,16.011597,0.37695974,5,-1,-1
748.4701,139.36534,14.602478,10.975479,0.3765009,4,-1,-1
759.5949,474.79272,75.660645,41.001038,0.37647808,5,-1,-1
300.12997,191.65675,28.109802,13.376526,0.37260574,4,-1,-1
436.58224,240.15985,11.001343,23.504242,0.37141424,1,-1,-1
801.57245,367.38467,14.905029,15.722046,0.36575875,2,-1,-1
69.921555,367.3495,28.433731,14.888641,0.36449975,10,-1,-1
408.51993,133.4526,10.086365,9.602707,0.36379975,5,-1,-1
728.4408,295.7779,9.552734,15.464539,0.36291277,10,-1,-1
304.50784,185.35944,29.823181,13.940002,0.3622728,4,-1,-1
667.8635,65.948875,7.1381226,7.4551773,0.36040002,4,-1,-1
69.921555,367.3495,28.433731,14.888641,0.35826766,3,-1,-1
172.55792,299.3258,14.903854,14.999725,0.35636938,10,-1,-1
294.83078,193.9929,28.156128,14.101593,0.35247284,4,-1,-1
690.2654,163.41339,5.7888184,7.2741547,0.35226405,10,-1,-1
648.9859,179.67903,13.329651,17.780563,0.3516854,7,-1,-1
870.0756,461.81757,12.39856,17.875793,0.34655556,2,-1,-1
686.1435,144.18604,5.797058,8.468536,0.3429795,10,-1,-1
741.98944,227.88124,32.05182,18.107605,0.34223807,4,-1,-1
740.67,220.33044,28.992065,13.371719,0.3415293,4,-1,-1
760.4569,478.0586,77.319885,37.241455,0.3408542,4,-1,-1
648.2875,179.86465,13.613953,17.333633,0.33953148,8,-1,-1
799.23846,368.7062,20.63794,13.572388,0.33561063,3,-1,-1
69.89974,367.24243,28.299316,14.966644,0.33376175,7,-1,-1
710.2534,178.19576,5.2282715,10.375351,0.33059418,1,-1,-1
324.2172,176.1868,28.150879,12.647003,0.32817242,4,-1,-1
800.1141,347.16748,9.518921,17.33963,0.32756427,1,-1,-1
776.76263,257.5733,23.063171,23.82428,0.32425103,5,-1,-1
722.77435,89.30058,16.948181,9.778358,0.32377383,4,-1,-1
722.7589,163.09827,29.174438,13.683594,0.31552887,4,-1,-1
794.26196,310.389,8.821045,17.061462,0.3124695,1,-1,-1
439.0736,146.7267,16.291962,16.023514,0.3114764,5,-1,-1
534.82623,73.23942,18.493042,15.42807,0.3100687,6,-1,-1
726.6884,180.85204,28.121033,15.338409,0.30660704,5,-1,-1
692.1041,250.66837,17.188171,18.51654,0.30628526,5,-1,-1
722.4605,162.88367,29.344116,14.043686,0.30556476,6,-1,-1
371.7122,147.567,24.09082,11.385193,0.30357137,5,-1,-1
791.69025,310.00156,7.907715,17.05896,0.29432774,1,-1,-1
722.4108,155.27547,23.938599,11.368973,0.29359758,4,-1,-1
719.1034,142.66748,19.93866,10.075516,0.2906158,4,-1,-1
632.6986,356.05966,11.200317,16.523712,0.2901025,2,-1,-1
677.19745,143.30739,5.4974976,9.929428,0.28733706,1,-1,-1
794.7728,177.64514,8.652893,9.514999,0.28600723,10,-1,-1
296.04477,145.60658,19.765015,15.232803,0.28524977,4,-1,-1
404.48312,126.32217,13.461517,14.440407,0.2849987,4,-1,-1
843.1995,459.3401,10.833435,23.009888,0.27910483,2,-1,-1
797.5824,286.8151,6.742859,13.99231,0.27775776,1,-1,-1
830.60394,208.00284,14.113647,13.551392,0.27741483,10,-1,-1
406.2643,127.23939,13.038422,14.492882,0.27657795,6,-1,-1
846.4889,307.36905,40.01825,25.741943,0.27477497,4,-1,-1
315.8129,158.31424,5.147949,11.250916,0.2739322,1,-1,-1
668.33105,648.86554,10.903442,12.779846,0.2729677,2,-1,-1
776.4642,147.89203,15.672791,10.139893,0.27197075,4,-1,-1
764.6964,504.6161,69.84363,39.00464,0.27179396,6,-1,-1
406.7569,127.58213,12.078125,13.775673,0.2688535,5,-1,-1
656.0819,73.43702,7.7561035,9.441528,0.26860318,4,-1,-1
630.1455,354.92282,16.253418,24.873993,0.265853,10,-1,-1
849.2146,460.70938,10.761047,23.533356,0.26388922,3,-1,-1
759.7489,323.8979,8.3186035,17.786102,0.26112762,1,-1,-1
762.7422,503.47565,70.6438,40.48883,0.2541642,5,-1,-1
482.67184,107.226364,12.8046875,12.4236145,0.2537313,4,-1,-1
309.88818,182.85812,31.728271,14.198257,0.25274563,5,-1,-1
356.47015,161.03354,23.027222,11.176071,0.25229287,4,-1,-1
828.36566,205.45038,12.790466,14.222946,0.2519377,10,-1,-1
550.5444,63.45375,10.924133,14.767685,0.25155967,6,-1,-1
626.99805,80.58924,15.963196,8.703926,0.2514458,4,-1,-1
751.71594,323.47336,7.85376,17.209198,0.25094515,1,-1,-1
749.0118,311.02997,13.082336,18.679504,0.25045514,7,-1,-1
843.7283,459.85782,9.456909,22.527771,0.249684,3,-1,-1
786.4406,308.03616,7.2042847,17.949646,0.2458319,1,-1,-1
631.51685,361.14374,13.702576,19.662811,0.24556932,3,-1,-1
728.4408,295.7779,9.552734,15.464539,0.24512511,1,-1,-1
354.55936,147.75403,4.763672,8.539719,0.24112046,1,-1,-1
738.18555,216.09814,31.791382,17.247543,0.24028847,5,-1,-1
838.7912,462.92126,9.98645,20.356323,0.23873562,1,-1,-1
803.38007,364.63782,11.572998,15.9999695,0.2357826,10,-1,-1
752.5226,261.52866,21.744263,21.977814,0.23564607,5,-1,-1
537.9884,64.45911,22.249084,19.99102,0.23517716,6,-1,-1
438.8244,146.67226,16.440521,15.909103,0.23392788,6,-1,-1
481.19485,110.32439,11.005493,10.389488,0.23353949,5,-1,-1
722.7181,172.78877,30.013672,14.325287,0.23190722,6,-1,-1
690.2654,163.41339,5.7888184,7.2741547,0.23087779,2,-1,-1
420.68546,132.15877,11.515991,10.912064,0.2304425,5,-1,-1
290.35733,198.65282,28.785614,14.33432,0.22983676,4,-1,-1
279.45126,247.05812,13.762695,13.089676,0.22839677,10,-1,-1
327.75696,180.24373,24.28241,12.04007,0.22793037,4,-1,-1
727.6872,90.78412,15.131714,8.885254,0.22780728,4,-1,-1
792.43463,298.1106,18.94159,23.19934,0.22695324,4,-1,-1
805.00464,364.38498,8.628784,15.552002,0.22673902,1,-1,-1
785.31415,201.79523,11.22937,8.562805,0.22641486,3,-1,-1
815.89966,301.90747,28.888306,24.206055,0.22571525,5,-1,-1
799.5125,338.36584,9.221008,19.488647,0.2253601,1,-1,-1
288.9514,153.27536,16.962006,10.839523,0.22487861,4,-1,-1
309.9009,190.07368,23.792725,11.710068,0.22463378,4,-1,-1
664.2609,643.5326,25.749695,49.182434,0.22420439,6,-1,-1
402.79785,123.65467,14.271912,12.336281,0.22334301,4,-1,-1
759.5727,478.2286,77.52722,37.470917,0.22312471,8,-1,-1
28.487238,359.76984,18.009672,11.438782,0.22134301,3,-1,-1
799.3252,369.4285,20.349792,13.720459,0.22055802,7,-1,-1
373.36874,308.42108,16.859253,13.072662,0.21930164,10,-1,-1
782.3209,303.7273,7.211609,18.129456,0.21891546,1,-1,-1
848.8107,460.35217,10.978027,23.946228,0.21399945,2,-1,-1
686.0101,143.97989,5.7354736,8.786667,0.21329463,1,-1,-1
762.93085,321.48062,7.593384,17.291351,0.21285704,2,-1,-1
296.04477,145.60658,19.765015,15.232803,0.2112371,5,-1,-1
729.7887,292.18076,7.8155518,14.509399,0.21088907,2,-1,-1
731.24133,104.19706,12.372925,8.973145,0.21066293,4,-1,-1
722.23224,153.6747,18.201477,9.981598,0.21045619,4,-1,-1
727.6677,190.00276,30.690308,15.778687,0.21014765,6,-1,-1
338.77502,168.61008,24.871582,10.467804,0.20955333,4,-1,-1
422.05722,145.7868,8.738953,12.359879,0.20953381,8,-1,-1
280.68292,246.75371,12.347961,14.69017,0.2092408,1,-1,-1
750.868,312.2423,10.382324,19.41333,0.20878378,8,-1,-1
762.9629,321.19495,7.836914,17.79663,0.20669234,3,-1,-1
730.69855,291.8879,7.913025,15.960754,0.20608851,10,-1,-1
745.5026,308.23947,16.571411,22.248138,0.20538867,8,-1,-1
771.41956,153.94913,23.02124,12.578964,0.20409822,5,-1,-1
364.4978,129.41743,16.07016,11.050919,0.20356682,4,-1,-1
487.65747,106.87624,11.267303,8.8363495,0.20256981,4,-1,-1
805.56775,309.91705,7.7106934,15.71344,0.20178056,1,-1,-1
668.9539,160.77832,14.170593,21.537598,0.2017321,4,-1,-1
792.2625,247.82631,29.224121,22.558609,0.20048726,4,-1,-1
720.9602,86.4702,15.9953,10.279762,0.19943973,4,-1,-1
354.8964,258.25262,17.749603,16.722473,0.1991204,3,-1,-1
726.437,130.48041,18.300598,10.144455,0.19887096,4,-1,-1
369.9933,151.94354,23.088654,12.171234,0.19767633,5,-1,-1
790.8541,297.65945,22.041626,23.43924,0.19699097,5,-1,-1
805.6745,291.5887,11.253357,17.578247,0.19668642,1,-1,-1
780.02454,719.76935,92.40576,52.023193,0.19660693,5,-1,-1
300.1249,286.3687,12.730896,17.924805,0.19479775,10,-1,-1
732.0776,99.86075,14.81781,9.692154,0.19364268,4,-1,-1
870.4058,462.10925,12.103455,18.632568,0.19277719,10,-1,-1
346.92215,129.56049,20.96347,9.543167,0.19169474,4,-1,-1
869.71387,461.65543,13.346924,18.508759,0.19090739,3,-1,-1
750.59985,320.43555,10.158752,15.383087,0.19059801,1,-1,-1
319.48444,180.44955,26.9133,14.838593,0.19047913,5,-1,-1
377.26193,288.39386,34.278748,22.031189,0.19046435,7,-1,-1
728.2939,296.45303,9.486633,14.668488,0.18954211,3,-1,-1
738.18555,216.09814,31.791382,17.247543,0.18920964,6,-1,-1
720.82623,133.98769,14.314087,8.977997,0.18918994,4,-1,-1
722.4108,155.27547,23.938599,11.368973,0.18914649,5,-1,-1
722.5869,154.93867,23.178345,12.183731,0.18906525,6,-1,-1
304.50784,185.35944,29.823181,13.940002,0.18857259,5,-1,-1
295.4796,145.74464,20.39795,15.860611,0.1884897,6,-1,-1
803.38007,364.63782,11.572998,15.9999695,0.18829125,3,-1,-1
422.05722,145.7868,8.738953,12.359879,0.18779764,7,-1,-1
765.0205,321.4675,7.9503784,15.504608,0.18753251,1,-1,-1
722.5659,94.73067,16.73523,9.772148,0.18749067,4,-1,-1
843.4304,459.5057,10.276489,23.121094,0.18746454,10,-1,-1
369.60233,133.15408,13.230499,11.1128235,0.18677378,4,-1,-1
751.29596,320.1997,9.188721,16.490936,0.18630761,10,-1,-1
655.9085,71.651665,7.5822754,10.944733,0.18445748,6,-1,-1
332.0129,174.38744,24.98526,12.024979,0.18401569,5,-1,-1
630.4967,359.0588,11.310425,17.949005,0.1837014,2,-1,-1
795.68036,393.48688,9.801453,19.811249,0.18334466,1,-1,-1
723.08875,171.97804,27.00354,11.372269,0.18306568,4,-1,-1
354.8602,137.90787,4.48291,8.767639,0.18296275,1,-1,-1
722.5627,133.03038,20.851318,10.52916,0.18233413,5,-1,-1
350.02554,137.91402,5.2042236,8.322647,0.18227118,1,-1,-1
363.07184,155.04626,23.375366,11.36528,0.182105,5,-1,-1
8.16003,384.83054,19.268929,12.363983,0.18195808,10,-1,-1
741.8051,309.49905,7.187561,17.028778,0.18192154,1,-1,-1
483.98953,105.78325,10.428101,8.767082,0.18190122,4,-1,-1
671.004,547.6895,37.980103,53.90869,0.18179253,5,-1,-1
841.42865,323.12946,40.41217,23.523224,0.1809963,5,-1,-1
672.1719,647.8492,10.042175,12.7925415,0.18095234,2,-1,-1
792.2658,273.30594,34.9411,18.983093,0.18075141,5,-1,-1
900.5005,529.1078,12.116089,22.547668,0.18064731,2,-1,-1
69.89974,367.24243,28.299316,14.966644,0.18043521,8,-1,-1
719.8052,138.65129,21.97638,9.958435,0.17974454,5,-1,-1
648.8155,179.87184,13.744629,17.357864,0.17956862,5,-1,-1
845.23865,463.65533,6.1850586,17.809784,0.17947993,1,-1,-1
762.93085,321.48062,7.593384,17.291351,0.17889354,10,-1,-1
700.69037,47.83473,12.8396,7.2620125,0.1788558,4,-1,-1
350.02478,162.59795,24.828827,12.096695,0.17870712,5,-1,-1
779.63605,153.77644,16.609192,10.045303,0.17777577,4,-1,-1
290.40576,148.73271,25.660187,17.062683,0.1774199,4,-1,-1
776.95465,257.64352,23.306702,23.241913,0.1774171,6,-1,-1
420.52966,131.35391,11.69989,11.320389,0.1771813,6,-1,-1
630.9497,355.95264,14.168579,24.150696,0.17647633,7,-1,-1
369.2822,133.12009,13.657928,11.109131,0.17594942,5,-1,-1
729.3649,292.87988,6.9452515,11.880371,0.17568842,1,-1,-1
722.77435,89.30058,16.948181,9.778358,0.1756809,5,-1,-1
344.22525,165.53711,26.072662,11.36087,0.17517442,5,-1,-1
891.2663,877.4559,15.135376,34.99109,0.17499748,3,-1,-1
769.66705,157.04945,16.7901,9.57637,0.1748696,4,-1,-1
822.42084,303.47418,10.502075,17.053772,0.17466125,1,-1,-1
436.41394,130.59163,12.190033,10.948624,0.17431355,5,-1,-1
397.96378,126.38257,17.809784,11.766937,0.1729199,4,-1,-1
690.2654,163.41339,5.7888184,7.2741547,0.17210954,7,-1,-1
849.40485,460.74252,10.870422,23.932373,0.17205378,10,-1,-1
788.35803,324.8862,50.48291,26.450836,0.1719101,5,-1,-1
283.3262,201.09859,31.126923,14.544601,0.17057714,4,-1,-1
842.718,285.47253,8.607056,17.855896,0.17042372,1,-1,-1
742.644,390.09982,9.380554,18.915161,0.1700013,10,-1,-1
422.8997,147.90776,8.434479,10.12619,0.16990277,4,-1,-1
737.4816,250.3514,6.6290283,12.257828,0.16888514,1,-1,-1
696.6758,42.55628,11.741882,7.067013,0.16833425,4,-1,-1
690.3387,158.50179,5.81958,9.447006,0.16756022,2,-1,-1
805.6336,309.79556,7.956787,15.917938,0.16688576,10,-1,-1
726.8508,130.32352,17.545593,10.7829895,0.16677237,5,-1,-1
786.6951,201.70615,13.569763,9.91066,0.16638619,10,-1,-1
801.57245,367.38467,14.905029,15.722046,0.16636056,1,-1,-1
356.47757,158.30151,23.811554,11.510345,0.16617581,5,-1,-1
794.8496,177.3902,8.40094,9.844894,0.16604054,3,-1,-1
395.52106,124.804405,17.630798,13.401787,0.165975,6,-1,-1
873.4006,463.14108,7.689514,13.069641,0.16553882,2,-1,-1
753.3883,152.15291,5.076294,8.616241,0.16484204,1,-1,-1
356.6998,129.48827,19.13501,10.117615,0.16465133,4,-1,-1
891.1224,877.19055,15.42041,35.23065,0.16449901,10,-1,-1
331.37488,146.57152,7.0148315,11.328888,0.164417,1,-1,-1
686.1435,144.18604,5.797058,8.468536,0.16357103,2,-1,-1
633.6369,361.05954,10.265564,16.973785,0.16346821,1,-1,-1
850.13007,313.19104,48.401062,24.147247,0.16343313,4,-1,-1
748.4701,139.36534,14.602478,10.975479,0.16337085,5,-1,-1
806.1603,316.54007,16.657593,12.654266,0.1631845,10,-1,-1
372.237,145.04016,20.317902,10.062134,0.16135862,4,-1,-1
314.11844,187.47504,23.036804,10.536484,0.16134787,4,-1,-1
815.33746,306.09766,7.6154785,14.217163,0.16104323,1,-1,-1
748.0232,139.34633,15.35199,10.16983,0.16088098,8,-1,-1
823.7006,271.49564,33.848083,16.859497,0.1607343,4,-1,-1
762.15454,446.56793,69.97089,40.15329,0.16029999,4,-1,-1
403.30026,123.51391,13.838165,12.770592,0.1592924,5,-1,-1
746.0778,142.43195,15.7547,10.171478,0.15920639,4,-1,-1
672.19275,42.5708,9.4817505,7.667633,0.15900144,4,-1,-1
729.283,94.59249,14.226868,10.193153,0.1586521,4,-1,-1
120.09777,333.16656,16.783836,16.76123,0.15854493,10,-1,-1
841.2041,327.221,24.091614,17.497864,0.1583932,4,-1,-1
839.95337,285.76636,8.573181,18.083069,0.15831083,1,-1,-1
477.54245,105.39895,10.790558,8.289917,0.15823662,4,-1,-1
396.2454,125.31892,15.794159,12.329552,0.1582233,5,-1,-1
849.2146,460.70938,10.761047,23.533356,0.15811616,7,-1,-1
276.56073,156.85123,23.634674,12.106934,0.15726724,4,-1,-1
816.7504,316.2667,15.127136,12.278778,0.15696582,10,-1,-1
377.06516,288.33264,34.522003,22.306,0.1567767,8,-1,-1
748.4829,321.35138,7.31604,15.258301,0.15665734,1,-1,-1
330.02695,294.48816,14.540192,11.585144,0.15630108,10,-1,-1
796.2517,298.46332,11.854614,20.106323,0.15599957,1,-1,-1
689.9248,158.03989,6.6242065,11.208725,0.15590996,7,-1,-1
794.0072,305.14343,15.355286,20.58554,0.1555573,4,-1,-1
293.90588,194.0164,29.132599,14.616745,0.1554007,5,-1,-1
846.0142,314.5393,43.439087,25.387207,0.15437433,5,-1,-1
710.2534,178.19576,5.2282715,10.375351,0.15385836,3,-1,-1
364.09183,129.47536,16.747345,10.809708,0.15318972,5,-1,-1
793.8815,312.53983,10.465515,16.356842,0.15309972,3,-1,-1
719.1034,142.66748,19.93866,10.075516,0.15294659,5,-1,-1
678.89966,143.63771,5.520447,10.566162,0.15280673,1,-1,-1
664.2609,643.5326,25.749695,49.182434,0.15279952,4,-1,-1
792.03705,244.33145,21.508728,18.763336,0.15277988,5,-1,-1
764.144,295.7851,20.285583,23.845581,0.15186834,6,-1,-1
298.87628,191.30376,30.403503,14.354218,0.15125659,5,-1,-1
391.35013,127.22157,16.96045,11.563293,0.15121818,4,-1,-1
26.456785,358.68417,17.824018,12.612122,0.15105897,10,-1,-1
422.94043,147.7353,7.1227417,10.420761,0.15096393,1,-1,-1
334.4415,147.29842,5.4813538,10.093842,0.15086666,3,-1,-1
812.5913,309.49493,32.250977,24.033295,0.15070498,4,-1,-1
742.9867,389.54913,9.256226,18.930573,0.1502597,1,-1,-1
402.79785,123.65467,14.271912,12.336281,0.14987215,6,-1,-1
788.6635,201.55133,11.223511,10.661026,0.14980337,3,-1,-1
762.73254,328.22504,6.4214478,14.578247,0.14870235,1,-1,-1
137.75836,334.64218,11.060211,17.931396,0.14864495,1,-1,-1
796.32306,305.37988,11.067688,20.65802,0.14862642,1,-1,-1
690.4683,158.53706,5.601074,9.843216,0.14858618,10,-1,-1
372.7762,238.24498,7.3302917,22.334946,0.14848182,1,-1,-1
317.93024,178.05104,25.310547,11.26326,0.1480045,4,-1,-1
799.42334,369.25073,19.79242,14.256226,0.1478672,4,-1,-1
726.0565,158.35504,24.358215,9.871719,0.14751884,4,-1,-1
845.10645,461.03732,6.8407593,16.336212,0.1473211,2,-1,-1
323.448,176.22603,29.117218,13.383636,0.14682242,5,-1,-1
808.6146,367.85526,9.606812,15.726135,0.14646983,2,-1,-1
283.4641,153.77373,20.448883,13.841309,0.1463967,5,-1,-1
353.86777,145.12885,5.689636,8.730301,0.14622581,1,-1,-1
264.29388,302.0859,21.574707,37.7442,0.14610818,4,-1,-1
433.14243,237.9472,11.934326,20.679535,0.14560232,1,-1,-1
748.27374,124.463554,7.314453,7.7193832,0.14498547,3,-1,-1
482.67184,107.226364,12.8046875,12.4236145,0.14490119,6,-1,-1
804.88007,315.46194,9.302612,12.4999695,0.1441071,3,-1,-1
791.4226,398.105,8.577515,18.828705,0.14405939,1,-1,-1
890.95325,848.1617,10.659363,18.719849,0.14403957,1,-1,-1
482.67184,107.226364,12.8046875,12.4236145,0.14384899,5,-1,-1
827.0941,278.50385,45.56537,21.805634,0.14378601,5,-1,-1
803.90765,314.9985,12.625916,13.708496,0.1431475,10,-1,-1
849.2146,460.70938,10.761047,23.533356,0.14307961,8,-1,-1
668.09644,646.4143,15.145264,21.223083,0.14281943,2,-1,-1
31.994436,356.6446,19.578382,14.27356,0.14274174,3,-1,-1
345.7437,130.10846,14.187134,7.8614655,0.14263824,4,-1,-1
679.77185,672.5835,9.383545,12.595642,0.14216343,2,-1,-1
668.98846,161.51254,14.564514,20.54036,0.14194888,8,-1,-1
282.41376,191.52211,36.78824,19.056625,0.14165142,4,-1,-1
845.2242,302.36435,32.846436,19.72171,0.14147776,5,-1,-1
470.3234,109.82121,7.5672607,11.574211,0.14127323,4,-1,-1
752.1014,320.74377,7.763794,16.254883,0.14119563,2,-1,-1
811.85876,316.0641,15.354187,13.95752,0.14108089,10,-1,-1
701.1954,52.029896,11.417114,7.055874,0.14101818,4,-1,-1
334.29712,147.54135,5.739746,9.757019,0.14091176,2,-1,-1
752.357,262.33087,21.940979,21.003693,0.14083016,6,-1,-1
751.2299,324.10263,8.548645,16.188354,0.14040819,3,-1,-1
793.7455,303.32654,15.7052,22.23462,0.14031336,8,-1,-1
762.84595,447.65887,69.099304,40.729065,0.14017555,8,-1,-1
438.09802,244.11217,10.411377,20.726456,0.14004365,2,-1,-1
800.6588,364.02472,10.8828125,17.343018,0.14003241,2,-1,-1
700.72723,462.9078,18.827576,10.627014,0.13971955,3,-1,-1
752.5443,152.86568,6.328247,8.079803,0.13933155,3,-1,-1
803.0368,351.77094,10.450012,19.6568,0.13818568,1,-1,-1
368.5359,232.14891,9.118774,20.863739,0.13769767,1,-1,-1
795.8705,283.5113,9.037842,14.126831,0.13769147,1,-1,-1
690.2654,163.41339,5.7888184,7.2741547,0.13737532,3,-1,-1
773.3775,153.30325,15.801941,10.006256,0.13727456,4,-1,-1
766.5128,220.98337,6.459839,11.190674,0.1367316,1,-1,-1
413.9623,133.20963,14.55307,9.773804,0.13654599,4,-1,-1
803.1299,892.1473,111.69769,75.47925,0.13627216,4,-1,-1
750.1745,313.06403,11.871887,17.823639,0.13622758,10,-1,-1
792.80237,303.9646,17.269531,21.741669,0.13618675,5,-1,-1
752.7541,149.6906,6.1639404,8.348846,0.13610762,1,-1,-1
422.80087,148.05612,7.771881,10.012283,0.13570708,10,-1,-1
732.2464,292.63495,6.586426,11.507874,0.13495201,2,-1,-1
432.2935,244.19244,8.011902,19.7529,0.13493338,1,-1,-1
751.45,312.9998,9.408752,18.741577,0.13490152,1,-1,-1
799.9233,287.3134,6.561035,12.972626,0.13483435,1,-1,-1
921.84515,548.7908,13.8689575,17.70581,0.13449135,1,-1,-1
710.2534,178.19576,5.2282715,10.375351,0.13437891,10,-1,-1
817.32874,562.35535,19.181519,34.457214,0.13432309,1,-1,-1
734.3467,247.40901,37.018555,19.180283,0.13418737,5,-1,-1
664.7105,644.4527,26.157715,48.591003,0.13389611,10,-1,-1
730.3503,152.43991,20.575806,10.066696,0.1338571,4,-1,-1
421.0915,142.63474,9.958771,15.156448,0.13373303,6,-1,-1
809.21954,295.17746,10.4418335,19.266907,0.13340032,1,-1,-1
753.0635,152.5525,5.5895386,8.365067,0.13330102,10,-1,-1
728.6022,186.81152,23.841919,9.846832,0.13310462,4,-1,-1
776.6077,144.45766,15.103455,10.287506,0.13289285,4,-1,-1
786.15533,301.56412,7.165222,17.607697,0.13252515,1,-1,-1
287.28702,157.22705,13.349579,10.414001,0.1321466,4,-1,-1
776.6962,148.055,14.635803,9.726288,0.13193786,5,-1,-1
79.86443,352.6421,10.733589,16.822937,0.13169497,1,-1,-1
377.6568,225.36542,7.311249,19.185928,0.13139716,1,-1,-1
830.15424,208.16023,15.18457,13.140335,0.13120645,3,-1,-1
722.1166,153.86116,18.760315,9.736694,0.13103664,7,-1,-1
842.27765,327.35962,17.300598,16.959259,0.13099793,1,-1,-1
294.33664,192.02986,25.990784,10.618134,0.1309906,4,-1,-1
116.70985,397.1821,12.168694,17.905945,0.13089916,2,-1,-1
393.60724,133.53564,5.4342957,9.836365,0.13043737,1,-1,-1
689.5283,157.55028,7.6505737,11.679916,0.13014856,8,-1,-1
741.75854,227.7188,31.939575,18.800385,0.13013232,8,-1,-1
793.80975,310.52182,10.881409,16.562439,0.12957352,10,-1,-1
405.9809,129.05579,10.169159,8.727097,0.12951872,4,-1,-1
420.77225,135.66405,10.146332,14.216919,0.12932241,4,-1,-1
338.1472,171.0944,26.493408,12.755936,0.1283625,5,-1,-1
355.13156,258.83514,17.26831,15.914093,0.12832445,10,-1,-1
630.7886,360.1206,11.443848,15.669617,0.12826285,10,-1,-1
377.26193,288.39386,34.278748,22.031189,0.12822664,6,-1,-1
749.4076,326.7566,8.800842,15.650848,0.1281037,1,-1,-1
751.08344,149.61394,8.625916,7.4770355,0.12808031,10,-1,-1
737.8588,242.34799,32.227234,17.501373,0.12783885,4,-1,-1
305.30304,214.18214,9.031616,13.78035,0.12783128,1,-1,-1
810.56024,292.5199,7.6118774,17.144012,0.12779096,2,-1,-1
295.19083,215.16202,19.293976,13.511856,0.12757489,10,-1,-1
815.0597,316.54642,13.961853,16.745544,0.1274682,1,-1,-1
310.9068,183.34256,29.784027,13.18306,0.12735733,6,-1,-1
321.28873,186.40349,20.282166,10.655243,0.12720534,4,-1,-1
668.9539,160.77832,14.170593,21.537598,0.12708858,7,-1,-1
632.6986,356.05966,11.200317,16.523712,0.12681845,10,-1,-1
177.98795,296.41083,14.881851,14.265991,0.12655127,10,-1,-1
742.0509,227.90773,31.612915,18.14264,0.12634906,7,-1,-1
280.47324,246.98796,13.782196,13.322464,0.12607226,3,-1,-1
721.6532,153.66904,19.723755,10.203064,0.12600991,8,-1,-1
786.6634,276.15265,6.5775757,14.323486,0.1257653,1,-1,-1
440.53598,244.22025,8.915314,20.44696,0.12529492,10,-1,-1
975.1064,799.2306,20.89032,33.208008,0.125238,4,-1,-1
656.0046,65.644035,5.3321533,7.4106064,0.12508008,4,-1,-1
690.2654,163.41339,5.7888184,7.2741547,0.124738246,1,-1,-1
805.8722,311.23016,14.710754,14.376129,0.12442088,10,-1,-1
409.1362,129.60762,10.328735,10.2929535,0.124242425,4,-1,-1
719.30676,142.95955,19.104858,9.959702,0.12419936,7,-1,-1
795.941,310.36646,14.968262,15.866058,0.12367234,10,-1,-1
805.56775,309.91705,7.7106934,15.71344,0.123565674,3,-1,-1
391.83084,122.71104,18.451202,12.404045,0.123334676,4,-1,-1
797.2966,287.36865,7.3738403,12.934631,0.123232305,2,-1,-1
300.13028,199.99344,22.233276,10.883408,0.12311545,4,-1,-1
660.18024,87.27088,7.587158,9.988213,0.12303597,5,-1,-1
779.90985,640.8467,91.5918,44.968872,0.12292859,1,-1,-1
372.38358,310.72604,18.504944,11.261841,0.122849375,3,-1,-1
729.7887,292.18076,7.8155518,14.509399,0.12275314,3,-1,-1
799.874,347.66675,9.952576,16.292969,0.12264678,3,-1,-1
747.6812,139.26636,15.918091,10.277405,0.12263703,7,-1,-1
810.52985,292.61514,7.666687,16.943573,0.12231934,10,-1,-1
750.28986,329.50015,10.263184,14.04303,0.12228426,10,-1,-1
828.3059,350.17523,8.430725,14.865936,0.12218106,1,-1,-1
344.1529,163.79623,22.58908,9.593262,0.121932596,4,-1,-1
474.97327,106.53019,13.729919,13.443275,0.121845126,4,-1,-1
805.98254,317.40787,16.440125,11.429718,0.12164757,3,-1,-1
800.6588,364.02472,10.8828125,17.343018,0.12147874,1,-1,-1
748.703,124.439415,6.315735,7.978035,0.121401906,1,-1,-1
735.3507,247.13455,36.68878,18.078217,0.12077424,6,-1,-1
742.0733,315.76678,6.5671997,13.670105,0.120621026,1,-1,-1
356.6998,129.48827,19.13501,10.117615,0.12059164,5,-1,-1
794.8496,177.3902,8.40094,9.844894,0.12038228,1,-1,-1
746.389,224.49342,25.34552,12.120636,0.12034148,4,-1,-1
372.88354,308.86493,17.61731,12.599579,0.12023735,1,-1,-1
347.9332,170.29451,21.527313,11.372879,0.120040864,4,-1,-1
686.0594,144.03442,6.170227,8.714783,0.119992256,7,-1,-1
759.4095,319.29736,10.721558,17.156525,0.11987561,1,-1,-1
790.6903,285.54666,7.2371216,15.154877,0.119739264,1,-1,-1
727.6872,90.78412,15.131714,8.885254,0.11944386,5,-1,-1
690.2654,163.41339,5.7888184,7.2741547,0.1194244,8,-1,-1
788.2218,333.49246,9.710144,18.066345,0.11936194,1,-1,-1
377.4868,152.36331,19.923065,10.008667,0.11917576,4,-1,-1
116.19694,397.026,12.975731,18.288727,0.11857024,10,-1,-1
812.5939,220.78209,15.250427,10.856796,0.118506014,3,-1,-1
807.24194,316.92972,8.858032,16.144806,0.118159026,1,-1,-1
661.3028,50.602215,5.7493286,8.370766,0.11803463,6,-1,-1
680.2189,92.37801,5.079468,7.647873,0.11781487,1,-1,-1
633.35724,361.79474,10.737732,15.66272,0.117773294,7,-1,-1
922.56964,552.122,16.092224,18.433777,0.1174306,3,-1,-1
430.0944,236.25488,9.722382,23.080322,0.11736363,2,-1,-1
420.83325,142.3436,10.231354,15.20871,0.117323935,4,-1,-1
708.98,105.34536,8.077881,7.252449,0.1171785,10,-1,-1
869.44055,462.75897,8.51709,14.55249,0.11691311,2,-1,-1
820.02264,303.27094,9.7771,14.419464,0.11686993,1,-1,-1
