1099.1554,450.49844,68.28357,43.936066,0.9994575,5,-1,-1
1116.105,533.9617,101.67627,42.873474,0.919227,5,-1,-1
1153.998,567.5264,94.959595,45.90851,0.791536,5,-1,-1
1061.7549,328.287,62.531982,30.312286,0.71504116,5,-1,-1
1117.1381,533.90814,99.43994,41.53711,0.6055704,4,-1,-1
1061.7549,328.287,62.531982,30.312286,0.5960332,4,-1,-1
1130.5502,546.4547,94.24231,46.22107,0.58477163,5,-1,-1
1149.3075,340.96957,61.958252,25.695892,0.57006955,4,-1,-1
1048.2322,347.30402,70.27002,30.406097,0.43253946,5,-1,-1
1349.6045,653.35284,42.503418,22.716553,0.42398584,10,-1,-1
1154.056,570.80084,91.86548,42.389954,0.4117313,4,-1,-1
1361.1616,669.764,37.366333,28.837036,0.39001244,10,-1,-1
1055.6151,338.60898,62.972656,27.510895,0.36367834,4,-1,-1
1060.9608,328.28314,63.07202,30.778687,0.35269666,8,-1,-1
1353.6128,661.82324,38.25769,27.147095,0.3382361,10,-1,-1
1046.7173,349.9215,70.555176,28.62387,0.32428908,8,-1,-1
1053.7374,338.34537,67.0686,29.648346,0.31435275,5,-1,-1
1200.2375,442.54858,42.135986,35.37784,0.31045392,4,-1,-1
1045.469,348.30792,73.97583,30.196106,0.2992297,4,-1,-1
1055.6151,338.60898,62.972656,27.510895,0.28660306,8,-1,-1
1196.1757,433.48676,44.1615,33.278778,0.27314198,4,-1,-1
1204.2964,485.97824,55.063965,31.430145,0.26296216,8,-1,-1
110.255905,512.81036,70.904434,37.06897,0.25939327,4,-1,-1
1368.2736,687.21686,30.85144,29.624268,0.22699693,10,-1,-1
1350.1267,645.2802,40.17285,23.187927,0.22639963,10,-1,-1
912.3588,171.48251,51.001587,24.739761,0.2253026,5,-1,-1
1204.6749,403.7381,42.303345,26.524658,0.2164608,4,-1,-1
1199.0404,439.2541,44.092773,37.336975,0.19447559,5,-1,-1
1203.2472,486.07913,53.403564,31.329071,0.18654859,7,-1,-1
1203.2472,486.07913,53.403564,31.329071,0.17944443,6,-1,-1
912.3588,171.48251,51.001587,24.739761,0.17536709,4,-1,-1
1060.6165,330.11774,63.3208,30.345947,0.16886589,6,-1,-1
1059.5406,332.0525,64.15381,29.448914,0.16745639,1,-1,-1
1046.4287,349.86597,71.660034,28.259766,0.16439149,1,-1,-1
1062.9445,328.32632,61.581177,30.662048,0.15866333,7,-1,-1
1144.7288,564.62415,75.12537,34.564575,0.15808189,4,-1,-1
1046.7173,349.9215,70.555176,28.62387,0.1509856,7,-1,-1
1046.9784,349.9807,70.79089,27.939087,0.14634123,6,-1,-1
1200.5062,424.52844,42.707275,26.202301,0.13961914,4,-1,-1
1129.7882,548.67816,86.99341,39.722534,0.13387024,4,-1,-1
1143.7878,561.60645,79.93921,42.973022,0.13354447,5,-1,-1
904.7228,154.31384,57.914062,29.123932,0.1268065,5,-1,-1
1166.9115,390.27768,39.767456,23.869019,0.12554392,7,-1,-1
1055.6151,338.60898,62.972656,27.510895,0.12522846,7,-1,-1
912.3588,171.48251,51.001587,24.739761,0.120815784,6,-1,-1
1166.9115,390.27768,39.767456,23.869019,0.11963001,10,-1,-1
595.46704,88.294014,39.34137,22.21695,0.114222586,4,-1,-1
939.6532,413.49298,42.967834,22.36615,0.10942784,7,-1,-1
1370.4886,688.5275,28.636353,29.549744,0.10804966,1,-1,-1
1204.6749,403.7381,42.303345,26.524658,0.105864555,5,-1,-1
1203.6208,486.09256,54.70349,31.162384,0.10540074,5,-1,-1
939.6532,413.49298,42.967834,22.36615,0.10060313,8,-1,-1
862.33606,137.61055,43.630188,22.355011,0.099538475,4,-1,-1
910.6662,180.2299,46.603394,21.132324,0.09561089,4,-1,-1
1203.2472,486.07913,53.403564,31.329071,0.09528154,4,-1,-1
1050.7332,337.27277,71.725464,33.729614,0.09259713,6,-1,-1
954.72797,156.86642,61.602417,22.055527,0.09157178,4,-1,-1
1200.1039,445.3631,42.19458,33.619843,0.09093693,10,-1,-1
940.01306,181.90503,38.91443,26.846329,0.08861488,4,-1,-1
1117.3563,533.7485,99.834595,42.75061,0.08615205,2,-1,-1
903.7361,153.75044,58.26245,28.394257,0.08492249,6,-1,-1
1035.685,405.6115,30.302368,29.150208,0.08445725,7,-1,-1
1026.4788,428.91583,26.493408,35.776703,0.08412105,7,-1,-1
1209.2426,409.8314,48.390747,27.687073,0.08389622,4,-1,-1
595.46704,88.294014,39.34137,22.21695,0.083708555,5,-1,-1
1370.4886,688.5275,28.636353,29.549744,0.082401246,2,-1,-1
1349.6045,653.35284,42.503418,22.716553,0.08210665,3,-1,-1
1353.6128,661.82324,38.25769,27.147095,0.08197585,3,-1,-1
942.04443,412.8583,41.62207,23.099152,0.081796885,4,-1,-1
905.3912,153.70798,57.064148,29.067505,0.081314445,4,-1,-1
1035.685,405.6115,30.302368,29.150208,0.079030424,8,-1,-1
1361.1616,669.764,37.366333,28.837036,0.07398161,3,-1,-1
1152.7363,565.28864,87.177,44.953186,0.07230458,1,-1,-1
1149.3075,340.96957,61.958252,25.695892,0.07218605,5,-1,-1
880.9011,216.40808,29.382812,31.584854,0.07146311,10,-1,-1
1116.332,533.8096,100.22827,42.650513,0.07017627,6,-1,-1
1208.7545,394.25485,42.789307,28.362091,0.07015136,4,-1,-1
1350.1267,645.2802,40.17285,23.187927,0.06930837,3,-1,-1
1368.2736,687.21686,30.85144,29.624268,0.06881693,3,-1,-1
1348.4457,638.15326,40.479004,21.267578,0.06879553,10,-1,-1
1362.9843,674.27203,36.140747,28.633606,0.0683893,1,-1,-1
1202.4811,485.4671,53.144775,31.251282,0.06789914,1,-1,-1
1117.5353,533.7611,99.6156,43.422913,0.06784791,1,-1,-1
1132.3982,557.19507,94.33606,45.969604,0.06750575,6,-1,-1
881.01306,215.21098,29.676697,31.906067,0.06718874,7,-1,-1
591.66614,31.8965,31.861816,26.952095,0.067095935,5,-1,-1
1165.8053,388.61652,35.61975,25.731049,0.06702033,3,-1,-1
1193.8456,432.605,42.33435,30.689331,0.06669137,5,-1,-1
1062.7958,328.06564,62.179443,30.606262,0.06632289,2,-1,-1
877.70337,213.81363,29.68042,32.866028,0.065573126,4,-1,-1
943.03326,182.39548,31.625366,33.65486,0.06536791,5,-1,-1
1349.6045,653.35284,42.503418,22.716553,0.06517857,4,-1,-1
910.6662,180.2299,46.603394,21.132324,0.06517255,5,-1,-1
1165.7709,386.66635,37.200928,26.277283,0.06500164,8,-1,-1
1154.8341,567.54706,94.45715,45.88983,0.064374894,2,-1,-1
1196.1757,433.48676,44.1615,33.278778,0.06419101,1,-1,-1
1195.2908,372.079,47.80542,25.919037,0.06331965,4,-1,-1
1196.8922,455.2631,39.507324,31.158691,0.06329873,4,-1,-1
917.06433,318.79187,29.183594,35.725067,0.06231883,4,-1,-1
1035.685,405.6115,30.302368,29.150208,0.061769813,10,-1,-1
939.6532,413.49298,42.967834,22.36615,0.06051874,5,-1,-1
1200.5062,424.52844,42.707275,26.202301,0.059816808,5,-1,-1
1149.6243,341.03302,60.97522,25.8143,0.0597111,10,-1,-1
954.72797,156.86642,61.602417,22.055527,0.059646517,5,-1,-1
1203.7023,349.06494,44.269653,25.0419,0.059608877,4,-1,-1
1203.479,381.1162,47.352295,26.377075,0.059379995,4,-1,-1
1060.9608,328.28314,63.07202,30.778687,0.058010638,10,-1,-1
112.74078,512.0711,66.85626,37.12964,0.05799544,7,-1,-1
669.08014,74.568405,43.30237,25.162285,0.05729562,4,-1,-1
1353.6128,661.82324,38.25769,27.147095,0.05649638,1,-1,-1
1200.1039,445.3631,42.19458,33.619843,0.056374878,7,-1,-1
1026.7277,421.40152,30.75647,31.671295,0.05587843,7,-1,-1
1234.9427,684.8613,24.624023,45.64093,0.05569002,1,-1,-1
1199.6008,445.00543,43.496826,33.486237,0.055646747,1,-1,-1
1175.7772,380.41202,45.801025,24.87796,0.055038333,7,-1,-1
1282.0332,550.25635,32.760498,26.514038,0.054807752,3,-1,-1
930.6028,180.74254,41.972534,24.863312,0.05413747,5,-1,-1
478.8017,345.19504,28.538574,35.466248,0.05410117,4,-1,-1
1200.1475,439.31992,42.98889,36.825897,0.053781956,6,-1,-1
1352.601,654.9845,41.876953,24.928467,0.053215593,1,-1,-1
1214.7035,416.69678,32.811768,35.31302,0.052953035,4,-1,-1
917.1122,317.8404,29.545593,35.07141,0.05293995,10,-1,-1
1180.2039,374.22556,46.760498,23.605438,0.052322954,4,-1,-1
591.66614,31.8965,31.861816,26.952095,0.05231455,6,-1,-1
478.76392,344.62064,28.824615,36.222534,0.05174184,5,-1,-1
130.7856,513.3777,48.82869,33.663757,0.051654756,10,-1,-1
1281.8923,537.9281,32.69458,27.096313,0.051463425,3,-1,-1
1200.3376,407.54587,29.088501,33.632294,0.05137515,4,-1,-1
1282.0332,550.25635,32.760498,26.514038,0.051303506,10,-1,-1
1148.9915,340.74966,61.917603,26.284576,0.05117187,1,-1,-1
942.941,186.37265,28.091736,35.91359,0.051083684,6,-1,-1
942.941,186.37265,28.091736,35.91359,0.051002145,4,-1,-1
1149.6243,341.03302,60.97522,25.8143,0.050403625,8,-1,-1
1146.8993,563.80383,65.10022,36.495728,0.05009973,1,-1,-1
