1301.2611,346.15103,71.92395,75.12857,0.9999393,4,-1,-1
317.9753,482.23795,97.9715,89.826935,0.99984574,4,-1,-1
0.0,434.0094,98.09314,137.61469,0.9993762,9,-1,-1
148.79913,328.05872,84.97139,76.34213,0.99295545,4,-1,-1
232.29929,395.3817,89.74469,80.550995,0.98582315,4,-1,-1
978.15857,501.32095,24.410645,29.807343,0.9565865,1,-1,-1
1145.2255,235.45474,19.33374,31.982025,0.91414446,1,-1,-1
978.5575,441.225,18.5766,32.558044,0.88830227,1,-1,-1
1125.8168,257.9807,18.441528,34.795166,0.8643051,1,-1,-1
1165.1326,258.26807,19.715942,31.609192,0.8497801,1,-1,-1
731.12286,734.4634,28.774841,28.261658,0.8460872,1,-1,-1
171.23602,694.5177,134.15002,92.12897,0.81721663,6,-1,-1
1205.0328,229.5673,18.416504,33.137924,0.8066386,1,-1,-1
1170.7583,235.17682,20.387085,31.279999,0.78877676,1,-1,-1
318.86514,292.6335,23.63446,27.930939,0.7320534,1,-1,-1
1179.9675,268.78534,20.490234,29.474426,0.7180383,1,-1,-1
1145.47,245.59845,19.098267,33.395264,0.6923669,1,-1,-1
416.23407,382.2916,20.810333,28.911041,0.59451425,1,-1,-1
1124.505,214.33011,19.558472,30.355286,0.58113027,1,-1,-1
170.99413,694.93335,134.37141,91.71332,0.57984704,9,-1,-1
0.0,206.86101,20.600473,44.35649,0.56868446,4,-1,-1
27.398766,79.317116,19.4794,29.607864,0.5593433,1,-1,-1
1180.8785,204.66925,19.813965,31.544128,0.5539503,1,-1,-1
853.9292,521.8958,22.108765,26.364258,0.54637414,1,-1,-1
1296.2588,133.30084,21.079468,27.53183,0.53254634,1,-1,-1
348.61758,258.03696,18.690308,30.570435,0.52585644,1,-1,-1
374.99203,304.0688,19.68393,30.612732,0.49908113,1,-1,-1
887.86194,537.9879,20.974365,27.53186,0.48761907,1,-1,-1
249.2874,270.95544,22.334488,26.840637,0.4873298,1,-1,-1
735.00433,489.97488,20.571594,28.498138,0.46053672,1,-1,-1
298.00156,319.83594,19.384674,30.144806,0.45853895,1,-1,-1
693.9696,554.27435,17.430725,32.85315,0.42514938,1,-1,-1
22.367636,655.0791,23.57802,29.739624,0.41078305,1,-1,-1
44.799633,111.32424,20.058315,27.908012,0.4098407,1,-1,-1
211.65218,239.96812,19.856522,29.03621,0.4078512,1,-1,-1
1149.4026,240.26299,22.476929,29.177567,0.40544933,1,-1,-1
313.85294,287.6244,21.19345,29.532349,0.40342927,1,-1,-1
1158.1793,256.41464,20.754272,31.982788,0.39822453,1,-1,-1
987.13257,499.74387,21.731262,29.029694,0.38104928,1,-1,-1
376.4852,262.45187,19.91101,31.639862,0.3773473,1,-1,-1
1364.606,122.777504,23.94983,28.825691,0.37317353,1,-1,-1
164.61943,151.30241,18.912308,29.693817,0.37142015,1,-1,-1
1100.4713,239.0936,21.164185,31.326843,0.36096054,1,-1,-1
85.41457,147.71031,28.228493,26.67041,0.35519433,10,-1,-1
1244.9814,115.7663,24.605347,26.185364,0.3516807,1,-1,-1
502.10394,476.67902,19.347778,29.38562,0.3428915,1,-1,-1
974.358,510.17856,23.652283,30.925507,0.3369785,1,-1,-1
1.1306713,595.44916,26.852877,32.550232,0.33654714,10,-1,-1
1263.6703,119.04116,22.41101,27.781105,0.33569998,1,-1,-1
1077.7449,231.61116,18.99585,30.515213,0.33435643,1,-1,-1
225.30072,236.16759,21.26355,26.206223,0.330406,1,-1,-1
226.27832,144.5967,19.778992,32.733597,0.3282166,1,-1,-1
1130.6338,257.0783,21.358643,32.961945,0.32184917,1,-1,-1
559.10596,622.0019,35.29492,21.173096,0.31936175,3,-1,-1
1256.97,80.361305,22.927979,27.211082,0.31249732,1,-1,-1
276.18433,291.15506,22.769226,28.05841,0.30842555,1,-1,-1
53.14047,68.36637,20.961079,29.28003,0.30307063,1,-1,-1
361.2168,321.05396,19.853333,29.406342,0.29309556,1,-1,-1
1151.49,250.1644,21.757324,29.689972,0.29218435,1,-1,-1
823.34125,495.44803,21.4823,27.000458,0.28046608,1,-1,-1
171.23602,694.5177,134.15002,92.12897,0.27938747,5,-1,-1
802.18585,624.2277,18.087158,29.240417,0.27819562,1,-1,-1
1377.2524,540.6022,21.20581,31.098816,0.27741915,1,-1,-1
1165.0326,239.20534,20.068237,34.674393,0.27324152,1,-1,-1
1364.606,122.777504,23.94983,28.825691,0.27213076,2,-1,-1
930.97144,492.65646,20.376648,28.908417,0.26801834,1,-1,-1
22.367636,655.0791,23.57802,29.739624,0.26661652,2,-1,-1
1210.5665,231.43156,19.29248,32.877853,0.26657435,1,-1,-1
2.2576098,98.75602,25.840944,25.368347,0.26630044,8,-1,-1
19.383303,617.1277,23.413595,26.94403,0.26361418,10,-1,-1
105.38865,123.09006,19.911636,31.81134,0.2601247,1,-1,-1
206.87839,142.80557,16.982117,32.946808,0.259391,1,-1,-1
684.2503,472.44064,21.054749,38.583252,0.2544927,10,-1,-1
1092.6545,246.17024,22.20581,29.268051,0.2509042,1,-1,-1
352.72174,266.61414,21.352325,28.32013,0.24760535,1,-1,-1
326.65833,248.28331,20.048584,29.096756,0.24555758,1,-1,-1
49.47239,63.332497,20.612076,28.407059,0.24375531,1,-1,-1
1039.9502,255.94191,21.14795,30.197922,0.24254915,1,-1,-1
1199.7188,226.48997,16.917847,34.153336,0.24130377,1,-1,-1
1161.6658,183.60211,20.541016,26.18277,0.23786265,1,-1,-1
1103.0475,271.96176,17.94226,30.299011,0.23392111,1,-1,-1
513.1417,377.0708,23.730713,26.75238,0.22896197,1,-1,-1
289.5329,329.8169,21.970276,27.14096,0.22835284,1,-1,-1
572.30835,632.85205,23.011047,30.268066,0.22797093,3,-1,-1
1356.6495,161.01276,22.621216,26.007782,0.21909782,10,-1,-1
30.68326,635.4652,24.869951,25.974731,0.21883225,1,-1,-1
1185.5796,210.51515,18.786743,33.121918,0.21716723,1,-1,-1
1256.5183,185.53333,21.840454,28.381607,0.2150616,1,-1,-1
943.2353,418.067,20.96106,29.341705,0.21414101,1,-1,-1
312.9208,480.78412,103.79382,92.73657,0.20985541,5,-1,-1
14.253965,604.58136,25.80602,29.51361,0.2068654,10,-1,-1
684.13055,472.17352,21.706482,38.500244,0.2068182,2,-1,-1
69.67577,115.83184,18.159569,31.707176,0.19925696,1,-1,-1
684.13055,472.17352,21.706482,38.500244,0.19899821,1,-1,-1
112.1404,118.357346,20.132378,29.998917,0.19745535,1,-1,-1
287.82388,335.2184,18.755493,30.082428,0.19173333,1,-1,-1
92.98322,123.20366,21.085701,29.306122,0.19170573,1,-1,-1
558.6015,621.9791,35.891663,21.499512,0.18408486,10,-1,-1
1140.2386,238.99231,19.210205,32.135223,0.1819903,1,-1,-1
0.79854274,556.96954,22.866604,28.485046,0.18123093,10,-1,-1
1102.0972,231.42079,21.870483,30.051926,0.17952025,1,-1,-1
1088.8936,252.65567,20.976929,27.247406,0.17637122,1,-1,-1
388.7687,299.0947,17.681213,31.556915,0.17489403,1,-1,-1
52.165546,621.3205,22.137135,35.431824,0.17396179,3,-1,-1
968.73645,519.51447,23.619446,26.164246,0.17390609,1,-1,-1
287.39435,244.81673,23.072723,27.90306,0.17011896,1,-1,-1
85.41457,147.71031,28.228493,26.67041,0.16967261,2,-1,-1
960.3051,437.64285,18.833923,28.99356,0.16850126,1,-1,-1
849.88904,586.7918,19.294678,29.008606,0.1672051,1,-1,-1
283.66296,189.71068,20.30484,32.447327,0.16687837,1,-1,-1
502.12814,568.9953,29.553925,26.039062,0.16657636,1,-1,-1
684.2503,472.44064,21.054749,38.583252,0.16488525,3,-1,-1
297.95297,208.99167,21.902435,27.54773,0.15943152,1,-1,-1
25.03727,624.7117,26.14563,30.76593,0.15896195,1,-1,-1
883.96936,398.35144,19.6026,30.320312,0.15788832,1,-1,-1
25.618263,628.1306,26.546837,28.24823,0.15774202,10,-1,-1
1254.0659,176.1431,21.414307,28.4059,0.15337247,1,-1,-1
502.17474,569.17615,29.473694,26.770935,0.15079513,10,-1,-1
22.26388,618.7296,26.502596,26.068604,0.14738393,3,-1,-1
0.0,208.95287,19.910843,42.14354,0.14711255,5,-1,-1
941.7881,427.94986,20.30304,31.399017,0.14682186,1,-1,-1
551.30304,586.2136,23.19934,27.622498,0.14632097,3,-1,-1
570.79144,337.09946,27.958069,21.210907,0.14599448,10,-1,-1
281.44806,285.5884,22.866486,27.275848,0.14408803,1,-1,-1
1285.76,16.956978,22.015625,28.458683,0.14388615,1,-1,-1
2.2576098,98.75602,25.840944,25.368347,0.14377862,7,-1,-1
1012.8177,460.79727,24.020325,27.720062,0.14186043,1,-1,-1
46.067135,619.35846,20.945621,33.51819,0.14139548,3,-1,-1
573.4452,638.0101,23.217834,28.174133,0.14047548,10,-1,-1
1305.9929,14.634592,18.130981,30.37374,0.14026174,1,-1,-1
570.0212,526.6142,18.965088,30.738647,0.13897294,1,-1,-1
0.70846546,556.76666,22.977337,28.392334,0.1383979,1,-1,-1
1029.909,416.08505,21.540771,26.567383,0.13545692,1,-1,-1
1135.8417,250.90714,22.497559,29.090942,0.13529462,1,-1,-1
25.618263,628.1306,26.546837,28.24823,0.13265422,3,-1,-1
966.3602,528.8599,23.985535,23.276428,0.13253435,1,-1,-1
85.053185,146.32027,27.368286,28.1678,0.13063222,1,-1,-1
995.48224,290.74014,19.772522,29.115631,0.1287261,1,-1,-1
86.06974,136.31917,23.116608,28.360306,0.12864101,1,-1,-1
923.48285,343.74405,21.80365,26.86853,0.12739018,1,-1,-1
19.865808,617.57745,23.808084,28.709839,0.12700266,1,-1,-1
6.707267,104.9757,24.923977,26.591194,0.12565118,8,-1,-1
1178.0349,225.2196,20.474854,30.24881,0.1256051,1,-1,-1
575.3118,530.6331,16.060852,33.651672,0.12526861,1,-1,-1
2.16645,598.5552,31.259174,28.640259,0.123946875,3,-1,-1
502.19354,569.0712,29.290588,26.379578,0.123490244,3,-1,-1
1356.6495,161.01276,22.621216,26.007782,0.123075426,1,-1,-1
1086.328,379.25882,23.398315,30.90268,0.12300792,2,-1,-1
59.962917,76.082535,21.752316,25.46453,0.121987164,1,-1,-1
3.7945466,99.197334,25.285316,26.238266,0.121457666,1,-1,-1
220.54716,239.84608,21.16124,26.446762,0.11988765,1,-1,-1
129.9422,107.249374,21.90747,30.191132,0.118422806,1,-1,-1
1022.365,456.66476,25.153687,28.147003,0.1166085,1,-1,-1
733.84174,476.52444,19.938477,30.205719,0.11649403,1,-1,-1
38.00622,613.5572,26.157642,26.520447,0.116238266,3,-1,-1
0.76639396,579.1865,22.55981,32.01123,0.114655614,10,-1,-1
1160.3883,316.07166,25.74231,21.981873,0.11367464,1,-1,-1
136.91286,111.33517,21.982986,29.469734,0.11284652,1,-1,-1
1356.9464,68.55891,21.277344,30.247269,0.11181545,1,-1,-1
684.04736,472.385,21.47754,38.28842,0.111068726,7,-1,-1
0.70846546,556.76666,22.977337,28.392334,0.1107496,2,-1,-1
283.66296,189.71068,20.30484,32.447327,0.11038256,2,-1,-1
118.94457,112.080795,21.219353,31.225708,0.109977126,1,-1,-1
26.084986,607.34204,24.90927,30.124939,0.108326465,10,-1,-1
1343.2194,98.37408,21.728882,28.186386,0.10817745,1,-1,-1
20.51703,654.419,22.27189,30.497192,0.10734415,10,-1,-1
1339.1285,103.21005,21.321045,29.148819,0.10696855,1,-1,-1
920.3731,427.23734,22.402771,27.31305,0.1060653,1,-1,-1
26.084986,607.34204,24.90927,30.124939,0.10470608,3,-1,-1
6.932227,607.58606,30.285183,26.025635,0.10450399,3,-1,-1
618.40106,629.88336,17.508484,33.499573,0.10443792,1,-1,-1
1238.6488,118.72972,22.602417,29.089813,0.10422334,1,-1,-1
617.41486,620.8588,17.4234,31.544312,0.10375512,1,-1,-1
1116.109,215.90161,22.08496,28.795609,0.10310888,1,-1,-1
1244.6174,115.920876,24.920776,27.72187,0.1023345,10,-1,-1
1293.553,25.052486,24.743774,29.089622,0.101971865,1,-1,-1
1330.8562,121.04675,22.704102,25.362534,0.10125491,1,-1,-1
1271.0167,121.46327,23.923218,27.63887,0.10088298,1,-1,-1
1086.0857,377.20575,23.864014,31.730255,0.10030371,7,-1,-1
86.06974,136.31917,23.116608,28.360306,0.100002915,2,-1,-1
1017.40656,459.302,25.152405,28.118042,0.099787205,10,-1,-1
936.1307,357.7668,20.815857,27.97464,0.099607974,1,-1,-1
230.69547,148.00917,24.045242,29.65895,0.09866455,1,-1,-1
288.27728,235.5689,23.825592,28.302658,0.097454935,1,-1,-1
1187.445,230.17584,18.89038,32.690796,0.096912384,1,-1,-1
1185.3336,80.15406,26.531616,24.057014,0.09660816,10,-1,-1
1071.1593,242.50264,20.60962,30.390121,0.09653133,1,-1,-1
581.3434,584.1037,17.153809,33.4505,0.09574491,1,-1,-1
1017.40656,459.302,25.152405,28.118042,0.09409672,2,-1,-1
551.30304,586.2136,23.19934,27.622498,0.09337121,10,-1,-1
49.11489,613.6375,24.019249,31.601318,0.092892766,3,-1,-1
315.2938,250.15347,24.957916,28.384857,0.0922063,1,-1,-1
1265.7467,10.164555,28.757935,22.191334,0.09207907,4,-1,-1
1147.0107,228.52501,24.19812,28.190842,0.09168905,1,-1,-1
1256.97,80.361305,22.927979,27.211082,0.091596335,10,-1,-1
206.87839,142.80557,16.982117,32.946808,0.09125152,10,-1,-1
84.196335,87.2173,23.021889,27.264565,0.09124684,10,-1,-1
1073.1298,350.09683,25.709106,38.380005,0.09086484,8,-1,-1
1085.8921,378.75345,23.824219,31.050964,0.08871034,10,-1,-1
1174.3228,262.59442,23.699097,30.744354,0.08843738,1,-1,-1
44.45269,624.97577,23.102264,32.04016,0.08737677,1,-1,-1
1243.9734,153.26453,23.763916,24.68312,0.086786866,1,-1,-1
28.216522,637.45355,27.207859,24.132324,0.08670905,2,-1,-1
1085.8921,378.75345,23.824219,31.050964,0.086618185,1,-1,-1
294.17197,227.15556,22.968597,26.863571,0.08646798,1,-1,-1
944.08545,412.04623,23.019043,25.211426,0.08612257,1,-1,-1
52.409042,620.50476,21.721313,35.58722,0.08598843,1,-1,-1
166.23177,100.05146,21.198776,28.343452,0.08533198,1,-1,-1
361.22928,265.70474,21.555328,30.255371,0.084665656,1,-1,-1
7.8706665,592.3073,33.425705,26.189575,0.083982676,10,-1,-1
12.789245,654.39386,25.914879,29.206482,0.08382526,1,-1,-1
1086.0402,377.71512,23.799683,31.69159,0.08290166,8,-1,-1
1177.0238,243.80525,20.462524,33.49861,0.08249831,1,-1,-1
1038.689,253.67851,21.089355,28.738693,0.08236852,2,-1,-1
1355.3818,56.946518,20.43811,27.836449,0.08202785,1,-1,-1
135.96109,111.962395,23.203033,29.629646,0.08169904,3,-1,-1
86.06974,136.31917,23.116608,28.360306,0.081249595,10,-1,-1
1356.6495,161.01276,22.621216,26.007782,0.08033851,2,-1,-1
1356.6495,161.01276,22.621216,26.007782,0.080124795,3,-1,-1
206.9144,144.199,17.444916,32.48874,0.08011916,2,-1,-1
341.82272,256.56412,18.83728,29.831268,0.07971755,1,-1,-1
24.64072,650.17255,24.148926,28.900635,0.079413265,3,-1,-1
232.42932,395.5694,89.36975,80.352325,0.07850072,1,-1,-1
1111.0967,224.92224,20.610107,29.732864,0.07846549,1,-1,-1
1163.0992,228.4384,21.59436,34.28157,0.07835561,1,-1,-1
24.64072,650.17255,24.148926,28.900635,0.076891124,10,-1,-1
1256.0626,185.77658,21.72998,27.456299,0.07686576,2,-1,-1
229.05731,390.72397,98.101654,89.1535,0.07677141,5,-1,-1
1292.5432,6.8401685,22.958008,27.701157,0.07674858,1,-1,-1
1067.9929,255.09668,21.190186,29.683075,0.07665217,1,-1,-1
20.51703,654.419,22.27189,30.497192,0.07658562,3,-1,-1
1076.6957,247.36421,21.142822,31.302322,0.07642698,1,-1,-1
1172.2582,216.47324,20.138062,33.34523,0.076298386,1,-1,-1
1354.4683,5.7481394,20.095581,27.44907,0.07584971,1,-1,-1
1292.6604,50.197495,18.901245,29.885902,0.075146705,1,-1,-1
1263.709,119.38094,22.730103,27.39698,0.07441282,10,-1,-1
30.68326,635.4652,24.869951,25.974731,0.07397586,3,-1,-1
84.7868,90.926704,22.18309,26.756737,0.0739378,1,-1,-1
22.413769,619.70807,24.736374,27.06427,0.07273969,2,-1,-1
87.8193,59.63835,20.719627,28.85447,0.07254282,1,-1,-1
1035.2164,322.84998,19.438599,28.763153,0.07249305,1,-1,-1
82.748436,148.87578,30.72519,25.023361,0.07226828,3,-1,-1
224.95927,145.41568,19.367767,31.837494,0.07210323,2,-1,-1
21.4554,596.23395,31.682455,27.18396,0.07110649,3,-1,-1
890.0512,435.83917,20.0354,30.303955,0.07102278,1,-1,-1
77.34113,122.402275,21.067719,28.339302,0.07062814,1,-1,-1
0.0,587.01764,18.09445,36.34247,0.07035887,10,-1,-1
120.99083,103.83581,21.202774,30.507652,0.07029855,1,-1,-1
21.4554,596.23395,31.682455,27.18396,0.06995374,10,-1,-1
0.94227844,559.4072,22.048851,30.155151,0.06963873,3,-1,-1
46.255238,69.283165,19.866268,31.3265,0.06946418,1,-1,-1
28.546267,636.4091,27.750265,25.335815,0.06920418,10,-1,-1
323.2457,285.97797,23.630096,28.682709,0.068822026,1,-1,-1
44.66691,112.266464,20.846352,27.687393,0.06861436,2,-1,-1
380.32745,298.7808,20.815155,31.90799,0.06791225,1,-1,-1
252.19884,156.11635,23.178513,25.560837,0.06782776,1,-1,-1
528.4369,428.41483,19.664978,28.230103,0.06769383,1,-1,-1
1133.5579,326.48715,25.519897,31.019012,0.067159414,1,-1,-1
31.469519,649.6238,22.459105,34.090393,0.06705794,1,-1,-1
1267.5007,8.978717,27.121338,24.497646,0.066895604,7,-1,-1
1277.3545,8.6137905,25.80835,25.093134,0.06688923,1,-1,-1
1084.036,232.94931,20.440308,34.59018,0.06676325,1,-1,-1
20.280455,635.17596,22.58108,31.651855,0.06659973,1,-1,-1
1307.834,6.9324346,20.305298,29.975166,0.06659746,1,-1,-1
1.1306713,595.44916,26.852877,32.550232,0.066447854,1,-1,-1
104.79865,124.01235,20.948189,30.247368,0.06642428,2,-1,-1
836.4684,582.579,18.858582,29.965576,0.0663594,1,-1,-1
1357.0118,68.02317,22.78894,28.496407,0.0663268,2,-1,-1
84.81458,148.39949,29.274757,26.146515,0.06552234,7,-1,-1
1032.2943,251.45314,22.485962,30.522293,0.06546503,1,-1,-1
69.97496,116.0203,17.540657,31.203423,0.065199554,10,-1,-1
1126.4539,247.05902,22.255371,32.21234,0.06483579,1,-1,-1
25.03727,624.7117,26.14563,30.76593,0.06460172,2,-1,-1
0.0,99.96745,28.536003,24.538101,0.064493984,10,-1,-1
69.67577,115.83184,18.159569,31.707176,0.06361005,2,-1,-1
1363.6093,123.83991,24.019287,28.48545,0.062503874,10,-1,-1
20.280455,635.17596,22.58108,31.651855,0.061528206,10,-1,-1
1187.8129,268.01196,25.439453,29.307251,0.061479688,1,-1,-1
1273.2343,9.256265,28.23584,23.638783,0.06142831,10,-1,-1
6.763976,669.994,28.375095,24.5354,0.061282277,1,-1,-1
1050.5942,256.5412,20.12378,30.575592,0.061099917,1,-1,-1
551.30304,586.2136,23.19934,27.622498,0.060853392,1,-1,-1
1294.7386,43.563835,19.95642,28.36007,0.0606941,1,-1,-1
12.789245,654.39386,25.914879,29.206482,0.06059152,2,-1,-1
5.1419454,671.5619,31.86184,22.680786,0.060323894,10,-1,-1
1143.9161,256.87927,21.17163,35.48709,0.0602943,1,-1,-1
1254.0659,176.1431,21.414307,28.4059,0.060232908,2,-1,-1
333.97794,249.9373,20.647278,29.818161,0.060053617,1,-1,-1
958.24976,536.19885,25.152222,22.943115,0.060024858,1,-1,-1
1.5976897,98.08516,25.809616,24.988174,0.059604675,2,-1,-1
148.6624,328.51328,84.83409,76.349365,0.0595648,1,-1,-1
1186.8203,78.14158,26.281982,25.693985,0.059329838,4,-1,-1
306.32376,325.64337,25.219696,28.487305,0.0592964,1,-1,-1
733.4151,470.35696,19.45044,32.93216,0.059147924,3,-1,-1
6.707267,104.9757,24.923977,26.591194,0.059077024,7,-1,-1
1109.6832,238.04114,20.836548,32.835205,0.058974624,1,-1,-1
0.0,208.95287,19.910843,42.14354,0.058897376,7,-1,-1
311.71268,342.9531,25.1044,26.349182,0.058894426,1,-1,-1
1183.3503,84.06838,30.219116,21.102783,0.058890343,7,-1,-1
31.469519,649.6238,22.459105,34.090393,0.058737785,2,-1,-1
