472.812,403.48752,95.81287,151.4584,0.5819843,9,-1,-1
584.16095,443.90717,45.5307,47.252594,0.57955295,4,-1,-1
442.36362,398.6848,8.62088,19.652985,0.5087076,1,-1,-1
684.7025,153.3669,5.6378784,13.4552,0.4901062,1,-1,-1
933.817,444.569,174.51318,196.3818,0.4610663,9,-1,-1
838.5415,375.14548,157.92035,147.87173,0.36769068,9,-1,-1
663.94006,116.925644,7.397217,18.315704,0.3552525,1,-1,-1
502.80554,500.68298,133.81873,226.26703,0.2945658,9,-1,-1
1068.3905,251.03612,19.724243,15.368973,0.24301445,10,-1,-1
892.3308,342.31396,7.454651,15.345673,0.23641464,1,-1,-1
670.2389,119.28373,6.2229614,14.485252,0.22742322,1,-1,-1
475.99158,74.02567,25.902466,20.009407,0.22261867,4,-1,-1
948.6173,326.09662,10.143005,13.740845,0.21946776,2,-1,-1
856.5538,301.73807,6.461731,12.057831,0.21199319,1,-1,-1
797.81494,213.72725,6.8823853,13.082779,0.21124011,1,-1,-1
584.16095,443.90717,45.5307,47.252594,0.20056388,5,-1,-1
557.34515,641.25635,11.9991455,28.005554,0.19690004,1,-1,-1
440.12848,396.71967,12.717316,27.216125,0.1925228,1,-1,-1
567.96344,660.2063,8.568665,19.68518,0.17983669,1,-1,-1
634.0671,100.787766,7.2769165,13.137436,0.17871916,1,-1,-1
947.4172,326.10013,10.767334,13.625275,0.17700046,1,-1,-1
822.5788,235.76562,6.932678,12.834351,0.17682627,1,-1,-1
628.846,99.78771,7.154663,14.387833,0.16938496,1,-1,-1
782.9979,200.75427,19.620056,18.658035,0.1644789,4,-1,-1
599.018,252.18365,13.339783,35.33957,0.1622361,1,-1,-1
1101.3899,653.9929,233.1864,133.55103,0.16000101,9,-1,-1
539.40045,642.7041,10.802612,24.428955,0.15725976,1,-1,-1
892.17004,342.09244,7.985718,14.822235,0.15567827,10,-1,-1
1388.6382,95.3305,10.882568,22.594704,0.15272331,4,-1,-1
945.9397,326.3348,13.824707,13.955963,0.15100962,10,-1,-1
954.87726,249.74861,32.82373,22.124435,0.14505395,10,-1,-1
762.06744,187.01,28.546448,19.172272,0.14424813,4,-1,-1
708.97015,149.31883,8.255676,14.151215,0.14303151,2,-1,-1
600.1337,95.182365,35.37018,17.417938,0.14284,4,-1,-1
602.0636,243.33054,12.600281,21.31247,0.14281759,1,-1,-1
1377.5482,226.75381,21.972534,28.436218,0.13968754,4,-1,-1
861.7686,261.056,17.344727,20.727905,0.13875929,5,-1,-1
954.5941,249.54181,34.26532,23.35437,0.1365959,4,-1,-1
634.0671,100.787766,7.2769165,13.137436,0.13308087,2,-1,-1
1379.5902,185.12512,19.930542,23.409271,0.13177767,4,-1,-1
1376.6864,94.17628,22.83435,27.974304,0.13158801,4,-1,-1
708.11145,149.32384,8.492676,13.85997,0.12952551,1,-1,-1
837.996,375.71484,159.75513,146.26654,0.129058,6,-1,-1
822.83014,235.80258,6.4050903,12.627945,0.12702346,2,-1,-1
1200.9818,114.82285,75.77722,34.770485,0.12451559,4,-1,-1
598.3152,265.5367,11.058289,26.418884,0.12302312,1,-1,-1
759.6299,260.792,102.96948,85.88394,0.12169993,9,-1,-1
893.41345,343.20868,4.9022217,11.031342,0.11975089,1,-1,-1
653.5693,99.29417,9.230957,18.589745,0.11938292,1,-1,-1
845.1181,246.52475,8.2724,15.502167,0.11365014,1,-1,-1
766.5061,184.26332,7.774231,15.868256,0.113618225,2,-1,-1
662.2921,112.1654,11.864746,23.324928,0.11295688,1,-1,-1
651.7429,102.19662,8.390198,16.42286,0.11283767,1,-1,-1
1379.0968,193.49748,20.42395,33.949326,0.11158481,4,-1,-1
601.40295,243.28954,13.380981,22.459763,0.1113013,10,-1,-1
824.513,235.76535,8.003113,12.659546,0.1099045,1,-1,-1
1353.9614,92.10342,45.559326,31.983421,0.10963398,4,-1,-1
894.7274,342.29214,6.735901,12.741821,0.109163314,1,-1,-1
918.05615,293.13022,8.681885,16.268005,0.10890004,1,-1,-1
582.3458,93.351364,53.23877,23.814896,0.10860458,4,-1,-1
765.10657,184.17003,7.680359,15.92218,0.1082032,1,-1,-1
683.43787,128.6738,11.121643,13.781967,0.106673926,10,-1,-1
836.5873,243.83804,8.71582,12.824005,0.10649985,1,-1,-1
861.39166,258.66193,17.983032,23.090332,0.106292814,4,-1,-1
1005.27295,255.86595,14.686462,16.999405,0.10488516,10,-1,-1
889.3247,340.69104,12.992981,14.833954,0.10353422,1,-1,-1
946.7929,325.4193,8.674194,11.906158,0.10313892,2,-1,-1
1335.5164,263.2118,62.82019,38.05432,0.10174194,4,-1,-1
628.5316,99.989494,7.966919,13.9806595,0.10170755,2,-1,-1
636.4076,102.230064,5.9280396,9.8515625,0.1013909,1,-1,-1
797.6317,214.08224,7.408203,12.393799,0.1003395,10,-1,-1
951.07666,326.95712,10.2213745,13.555328,0.09955719,1,-1,-1
932.60187,310.5454,9.302124,13.44104,0.098991245,1,-1,-1
818.91534,232.43066,38.20215,32.41205,0.09870115,4,-1,-1
853.89435,300.06485,10.511963,18.120026,0.098080486,1,-1,-1
892.2646,342.09573,7.7437134,14.91922,0.09795186,2,-1,-1
666.5158,121.95027,5.1555786,12.663132,0.0977903,1,-1,-1
899.1391,286.10388,7.5318604,15.37619,0.09715572,2,-1,-1
899.1391,286.10388,7.5318604,15.37619,0.096915066,1,-1,-1
1383.3419,186.97176,16.178833,13.746902,0.09666392,4,-1,-1
930.75964,409.4331,8.129578,16.543182,0.095375925,1,-1,-1
714.9206,157.22864,11.5407715,11.758926,0.09528372,10,-1,-1
340.49646,120.960365,55.02484,29.632454,0.09430733,4,-1,-1
685.05396,153.03783,5.1262817,12.681259,0.09341678,2,-1,-1
492.6702,457.07578,11.613159,31.03479,0.09332013,1,-1,-1
895.6262,285.69644,7.4017944,15.294067,0.092980474,1,-1,-1
1007.3531,255.95113,11.230774,15.790878,0.09277144,1,-1,-1
313.34534,36.43994,59.621674,29.530037,0.092748284,4,-1,-1
735.3942,164.58606,21.405945,19.111343,0.092181474,4,-1,-1
300.99164,181.0237,58.533722,29.046844,0.09174487,4,-1,-1
708.11145,149.32384,8.492676,13.85997,0.09110984,10,-1,-1
783.18646,203.82153,17.603088,16.441696,0.09052315,10,-1,-1
760.90826,184.6082,6.8411255,14.052017,0.09041521,1,-1,-1
663.6434,122.23799,5.1622314,12.843384,0.09033424,1,-1,-1
952.02655,326.57748,9.06781,14.2482605,0.090105355,2,-1,-1
772.338,187.23169,7.8709106,14.819611,0.08985588,2,-1,-1
579.3488,82.54168,6.11499,14.346466,0.08925825,1,-1,-1
797.90717,213.84084,6.7906494,12.773651,0.08921915,2,-1,-1
836.43054,243.93646,9.001953,12.543823,0.08862525,2,-1,-1
652.5462,97.80375,12.092651,20.576775,0.08852297,10,-1,-1
856.41895,300.85388,6.3894653,11.154846,0.08848482,2,-1,-1
831.4364,314.92227,10.200867,18.860535,0.08837816,10,-1,-1
651.8737,97.752914,12.707703,20.760292,0.08770487,7,-1,-1
760.7866,184.20877,7.0531616,14.674896,0.087670684,2,-1,-1
857.7053,303.0551,7.697998,15.240723,0.08744973,1,-1,-1
749.58344,510.02396,7.991211,16.757355,0.08729643,1,-1,-1
231.72197,241.26627,20.730362,37.650055,0.08718786,1,-1,-1
626.41675,101.2965,6.7962646,14.668388,0.08653858,1,-1,-1
682.93274,150.69792,9.96051,15.403275,0.08639321,1,-1,-1
658.0608,99.319336,6.965576,16.1109,0.086238295,1,-1,-1
624.695,97.77053,12.673035,16.262474,0.08568585,1,-1,-1
1385.3247,205.81876,14.196045,18.399567,0.08556643,4,-1,-1
685.6423,151.7293,4.07251,10.9587555,0.084151775,1,-1,-1
822.1478,235.33363,12.750366,16.433105,0.08397898,1,-1,-1
672.3724,118.910675,7.201599,15.028839,0.083590895,1,-1,-1
587.54443,760.2137,44.23816,27.330261,0.0832991,4,-1,-1
570.9667,661.2959,7.312256,17.677063,0.08327532,1,-1,-1
795.9593,209.06848,7.793579,15.977676,0.08314425,1,-1,-1
832.10297,312.2519,9.796265,15.360138,0.08308223,1,-1,-1
715.624,155.66017,10.317017,13.761154,0.082808346,2,-1,-1
636.4076,102.230064,5.9280396,9.8515625,0.08173889,2,-1,-1
558.88367,642.80774,8.589355,19.54004,0.08150935,1,-1,-1
763.1962,186.05298,14.557373,15.561462,0.08127341,2,-1,-1
955.5146,250.2967,51.700806,28.663925,0.08040133,4,-1,-1
842.7652,247.0442,13.171692,18.775528,0.08013117,1,-1,-1
834.4116,243.0402,8.147949,12.578781,0.08008647,1,-1,-1
1377.7516,227.02237,21.769165,27.870346,0.07954973,5,-1,-1
772.338,187.23169,7.8709106,14.819611,0.07948542,1,-1,-1
598.65814,127.668365,64.38971,68.4778,0.079218596,9,-1,-1
601.1706,265.49304,11.273132,20.373474,0.0791477,1,-1,-1
902.0892,286.37256,7.6328125,14.453644,0.077388525,2,-1,-1
583.9675,444.54715,45.9198,46.551483,0.07732621,1,-1,-1
691.3381,185.9867,29.284973,27.205048,0.076934665,4,-1,-1
782.9979,200.75427,19.620056,18.658035,0.07644108,5,-1,-1
557.3882,641.1439,12.316956,28.539978,0.07587996,10,-1,-1
831.39087,315.91312,9.917847,17.573242,0.0756166,1,-1,-1
1359.4009,224.31758,40.119873,34.178665,0.075528085,4,-1,-1
834.7394,316.12186,13.91156,16.392334,0.07545331,10,-1,-1
579.7943,81.00666,5.010803,10.850807,0.07488391,1,-1,-1
590.4653,72.396996,4.7921753,10.608574,0.07468328,1,-1,-1
902.0892,286.37256,7.6328125,14.453644,0.07456049,1,-1,-1
1067.2252,248.44714,33.19043,22.089386,0.074444324,10,-1,-1
1334.4327,263.61414,64.48401,37.081512,0.074424505,5,-1,-1
1042.144,583.7766,173.83154,160.15918,0.07441142,9,-1,-1
783.8008,203.78322,12.218445,14.561432,0.07427853,4,-1,-1
824.513,235.76535,8.003113,12.659546,0.07418808,2,-1,-1
633.76355,100.91475,7.6898804,12.761185,0.07401323,10,-1,-1
717.6705,158.76976,10.967957,12.432205,0.073863894,10,-1,-1
821.3406,231.78801,34.414856,31.327927,0.07365093,10,-1,-1
444.85428,400.83102,8.595001,17.280273,0.07328534,1,-1,-1
847.03156,249.4994,8.134888,14.426651,0.073165655,1,-1,-1
583.9675,444.54715,45.9198,46.551483,0.07315302,10,-1,-1
931.5007,308.80295,9.835815,13.484283,0.07310441,2,-1,-1
711.9434,152.46674,9.34259,14.319412,0.07302591,2,-1,-1
858.5194,302.8992,6.109009,9.650879,0.072758496,1,-1,-1
314.66306,193.73009,55.899597,35.23401,0.07246259,4,-1,-1
459.8123,479.07147,34.292267,70.58435,0.07226178,4,-1,-1
844.8444,247.11407,10.43219,18.085938,0.07204902,10,-1,-1
878.0793,361.70285,6.730591,12.664856,0.071941435,1,-1,-1
1051.2783,398.1305,16.105835,18.068695,0.07193369,1,-1,-1
1388.6382,95.3305,10.882568,22.594704,0.071594805,5,-1,-1
665.853,110.81152,7.017578,19.22435,0.0713844,1,-1,-1
833.70013,238.4763,7.961975,14.4947815,0.07129103,1,-1,-1
669.541,113.46588,8.930542,20.002914,0.07108191,1,-1,-1
933.6858,310.6204,9.762268,14.312927,0.07086718,2,-1,-1
897.27844,283.36896,7.7373047,15.2092285,0.07045892,1,-1,-1
630.47833,102.179596,4.9752197,10.308258,0.07007268,1,-1,-1
683.839,131.09798,7.694092,11.873367,0.0697543,2,-1,-1
597.074,93.1393,5.615967,12.958893,0.06968731,1,-1,-1
930.88654,306.19617,9.101318,13.970184,0.069387466,1,-1,-1
447.9911,448.64288,14.07782,30.863525,0.06928843,1,-1,-1
762.17926,186.48701,29.03717,18.827026,0.069236785,10,-1,-1
588.1922,759.87524,42.260254,27.668701,0.06922537,10,-1,-1
794.93365,213.00179,11.583069,16.403854,0.06920433,1,-1,-1
428.36273,407.58688,7.154022,19.22931,0.0691863,1,-1,-1
597.7891,242.12689,18.526001,33.306244,0.06907272,1,-1,-1
715.1869,156.48326,9.637634,13.261063,0.068689615,1,-1,-1
461.85187,506.20068,8.0451355,16.705322,0.0686616,1,-1,-1
1007.3531,255.95113,11.230774,15.790878,0.068489015,2,-1,-1
233.22226,243.24876,8.3949585,13.959488,0.068415344,1,-1,-1
832.74146,321.60706,7.9109497,14.488647,0.06839365,1,-1,-1
564.89264,649.2293,13.985962,29.747559,0.06810522,1,-1,-1
483.55624,78.70376,17.49002,16.726112,0.068090886,4,-1,-1
630.55524,98.64208,12.479248,16.561325,0.06781301,1,-1,-1
953.79675,399.05316,9.154541,14.805115,0.06766969,1,-1,-1
1069.7095,251.87097,13.00647,13.311493,0.06739399,1,-1,-1
670.2627,119.583435,6.0128784,14.113235,0.06699541,2,-1,-1
1073.791,205.95471,58.845337,33.142654,0.06694549,4,-1,-1
847.4698,244.21252,7.984314,15.762482,0.066919506,1,-1,-1
893.22253,343.6414,5.1348267,10.140625,0.06642839,2,-1,-1
825.5716,304.84573,8.358337,15.106262,0.066369444,1,-1,-1
713.4016,155.28014,9.0824585,12.992813,0.06609607,10,-1,-1
651.8737,97.752914,12.707703,20.760292,0.06607437,8,-1,-1
653.0195,97.93535,11.640625,20.074997,0.065773666,2,-1,-1
697.9256,141.0894,11.352661,14.643265,0.0652827,10,-1,-1
763.1962,186.05298,14.557373,15.561462,0.065232515,1,-1,-1
792.44446,507.33963,16.610535,31.00998,0.065149605,1,-1,-1
684.0447,128.05905,7.8133545,14.252228,0.0651339,1,-1,-1
762.17926,186.48701,29.03717,18.827026,0.06450936,7,-1,-1
486.73706,443.77765,10.606384,26.447998,0.0644218,1,-1,-1
705.8436,148.6149,8.881897,13.323746,0.06440267,2,-1,-1
683.43787,128.6738,11.121643,13.781967,0.064370185,3,-1,-1
1361.445,96.27989,27.108154,21.848969,0.06431463,4,-1,-1
895.6262,285.69644,7.4017944,15.294067,0.064236045,2,-1,-1
599.233,129.06584,60.0838,63.28894,0.06422311,6,-1,-1
839.1903,245.91612,9.025269,13.527817,0.06405729,1,-1,-1
1378.8057,195.54086,20.715088,31.368011,0.06396395,5,-1,-1
903.4752,288.7618,8.180481,14.85788,0.06370753,1,-1,-1
856.54443,301.61194,6.677246,12.709717,0.06361085,10,-1,-1
744.013,169.60791,22.250183,18.551498,0.06357175,4,-1,-1
702.855,144.37848,6.551697,13.798538,0.06308648,1,-1,-1
475.99158,74.02567,25.902466,20.009407,0.06301808,5,-1,-1
1376.6864,94.17628,22.83435,27.974304,0.062559545,5,-1,-1
603.26886,247.20886,7.588501,17.16864,0.06250903,1,-1,-1
1069.3827,251.9883,14.335571,12.818283,0.06236413,2,-1,-1
583.9675,444.54715,45.9198,46.551483,0.06225744,8,-1,-1
437.41275,56.73671,11.266876,10.40123,0.062007993,10,-1,-1
539.09094,641.81696,7.789795,17.921326,0.061917067,1,-1,-1
1101.3899,653.9929,233.1864,133.55103,0.061777264,4,-1,-1
494.797,467.82693,11.414703,29.774567,0.06169921,1,-1,-1
698.78015,141.27643,9.262817,14.398483,0.061497837,1,-1,-1
487.58286,448.9651,11.8437805,29.2984,0.061395317,1,-1,-1
677.43866,114.113045,10.521423,16.556541,0.061335683,1,-1,-1
844.8969,246.98328,8.544678,15.079102,0.06132397,2,-1,-1
480.17322,75.29764,21.793823,18.539429,0.061294198,10,-1,-1
451.06308,434.98236,57.435577,116.08624,0.061230212,9,-1,-1
584.51166,444.71457,45.14044,45.931335,0.061208487,6,-1,-1
1360.0344,265.70853,39.48633,31.49057,0.061041385,4,-1,-1
1073.0587,207.6246,60.76111,30.487274,0.060806453,10,-1,-1
857.5631,254.159,25.341919,29.036957,0.06057787,5,-1,-1
558.7533,645.9269,14.347412,32.355347,0.060521096,1,-1,-1
1361.2948,182.80754,38.225952,30.714142,0.060147226,4,-1,-1
713.53,154.79495,8.220093,13.825745,0.059967697,1,-1,-1
1149.9158,179.81401,15.69751,32.58734,0.05986938,1,-1,-1
584.51166,444.71457,45.14044,45.931335,0.059687763,7,-1,-1
766.52606,186.55792,17.82312,16.255463,0.05943182,2,-1,-1
666.7145,103.55209,6.480591,16.279778,0.05934879,1,-1,-1
499.8544,475.59174,12.205719,32.47226,0.059053272,1,-1,-1
708.8918,152.58543,9.29248,14.4444275,0.058762163,1,-1,-1
726.68427,157.35196,21.241333,17.739868,0.058703274,4,-1,-1
911.7024,310.07013,7.239929,16.797699,0.058545142,1,-1,-1
1069.3164,251.65187,11.198975,12.876724,0.05827439,10,-1,-1
540.0589,643.1414,14.378052,32.62622,0.058208108,1,-1,-1
945.1183,328.78558,15.130615,13.768127,0.058111757,1,-1,-1
808.7103,510.12433,18.168518,37.474854,0.057846695,1,-1,-1
955.5146,250.2967,51.700806,28.663925,0.057620943,10,-1,-1
628.5316,99.989494,7.966919,13.9806595,0.057537436,10,-1,-1
687.1186,118.23321,14.483093,17.69677,0.057486802,10,-1,-1
1378.348,184.18442,21.17273,26.699646,0.057360053,5,-1,-1
525.345,47.769386,3.8375244,8.441746,0.057323128,1,-1,-1
664.4807,117.162254,7.399536,18.103905,0.057259202,2,-1,-1
599.018,252.18365,13.339783,35.33957,0.057248324,10,-1,-1
443.9395,448.58823,12.971893,30.781342,0.0571239,1,-1,-1
788.95074,334.7468,8.644714,14.742432,0.05708778,1,-1,-1
683.9488,131.98141,7.2197876,10.376755,0.057019174,10,-1,-1
696.75104,144.24132,6.0181885,12.827515,0.056857497,1,-1,-1
1333.6464,260.2373,65.87439,42.010468,0.056491613,6,-1,-1
651.4585,98.47111,14.231201,21.087013,0.056437075,4,-1,-1
436.07538,670.3855,9.512634,23.016602,0.056289166,1,-1,-1
760.62244,177.67499,7.1086426,17.330551,0.056206465,1,-1,-1
950.0523,330.87274,8.042114,10.215424,0.05611065,2,-1,-1
683.1703,127.27166,12.72876,15.13401,0.055941254,7,-1,-1
950.6062,326.08597,6.0648193,10.022583,0.055881113,2,-1,-1
1378.4731,208.74152,21.047607,34.283752,0.055864424,4,-1,-1
829.03204,308.286,9.514465,14.899109,0.055724353,1,-1,-1
1012.8842,413.83453,9.748718,17.837036,0.055687845,1,-1,-1
888.55896,339.273,14.466797,18.499237,0.05543974,10,-1,-1
849.2803,335.28497,7.890991,13.356018,0.05541718,1,-1,-1
601.3254,95.2946,34.249573,17.765175,0.055357248,5,-1,-1
748.28094,503.61093,11.592773,24.269806,0.05529788,1,-1,-1
798.60846,328.95157,14.109314,16.979675,0.055264324,10,-1,-1
1336.4382,777.72626,18.49231,9.817688,0.05525127,1,-1,-1
759.6299,260.792,102.96948,85.88394,0.05518958,6,-1,-1
798.43774,217.6009,4.9136353,9.981125,0.055105597,1,-1,-1
684.8448,152.14441,7.006653,14.008423,0.05506763,10,-1,-1
894.7624,342.69995,6.876953,11.722473,0.05465594,10,-1,-1
1010.5443,259.9183,9.691284,13.243683,0.054588765,1,-1,-1
227.55672,190.3723,14.767456,19.5027,0.05457294,1,-1,-1
762.06744,187.01,28.546448,19.172272,0.054563165,5,-1,-1
927.7471,307.63986,9.524719,13.266357,0.054445,1,-1,-1
445.37213,416.2232,120.70221,209.45709,0.054396927,9,-1,-1
706.9531,183.36746,5.076599,10.900024,0.05417213,1,-1,-1
203.49025,65.18574,38.90982,51.29461,0.05403754,4,-1,-1
594.14685,72.75817,4.371155,10.524361,0.05401036,1,-1,-1
918.05615,293.13022,8.681885,16.268005,0.053995907,2,-1,-1
801.67706,311.5915,10.544128,13.560059,0.05387494,1,-1,-1
977.81836,252.07686,42.814026,26.965927,0.053712964,10,-1,-1
442.2804,398.76108,8.617218,19.655579,0.05368328,4,-1,-1
896.2185,341.37967,5.287842,9.201813,0.053659886,1,-1,-1
443.82565,675.808,7.065277,18.364868,0.053558916,1,-1,-1
894.7624,342.69995,6.876953,11.722473,0.053499818,2,-1,-1
1367.072,196.80708,32.44873,38.345108,0.053463012,4,-1,-1
893.33026,347.1945,4.5915527,12.156982,0.05332172,1,-1,-1
782.3779,200.48994,20.284302,19.822296,0.05326271,1,-1,-1
681.90814,152.51445,7.0185547,13.57515,0.053236574,1,-1,-1
1386.1193,199.72751,13.401489,18.534698,0.0532355,4,-1,-1
751.1318,178.76384,8.721558,15.217346,0.053135335,1,-1,-1
630.47833,102.179596,4.9752197,10.308258,0.053105384,2,-1,-1
651.8737,97.752914,12.707703,20.760292,0.053094387,3,-1,-1
822.1478,235.33363,12.750366,16.433105,0.05308625,2,-1,-1
463.75964,488.54617,13.152161,33.838593,0.05304107,1,-1,-1
659.937,100.77785,4.5030518,12.450661,0.052972555,1,-1,-1
493.93423,452.2185,9.564362,25.689606,0.05295217,1,-1,-1
1381.8262,186.6496,17.69458,14.848862,0.052849412,1,-1,-1
821.27423,235.05635,17.628967,18.253021,0.05277002,10,-1,-1
457.20297,476.79388,37.554657,72.400085,0.05270323,5,-1,-1
818.8629,231.76561,37.07141,34.177902,0.05255547,5,-1,-1
673.9582,123.53046,5.0878906,10.270523,0.052492887,1,-1,-1
854.2948,298.79218,8.266968,13.052887,0.05241412,1,-1,-1
893.41345,343.20868,4.9022217,11.031342,0.052346498,10,-1,-1
927.7471,307.63986,9.524719,13.266357,0.052300274,2,-1,-1
799.96387,214.92921,6.2263184,11.2074585,0.052153528,1,-1,-1
1353.9614,92.10342,45.559326,31.983421,0.052113414,5,-1,-1
764.78357,183.31451,7.085327,15.267868,0.052042454,2,-1,-1
491.6838,56.72466,5.8660583,10.576496,0.051964223,1,-1,-1
762.4742,186.39986,27.88147,18.793762,0.051935643,8,-1,-1
1004.5247,255.50404,16.053162,17.541092,0.05178207,3,-1,-1
860.06464,258.68518,19.83435,23.663605,0.05167833,10,-1,-1
567.96344,660.2063,8.568665,19.68518,0.051651537,2,-1,-1
1333.6052,221.14783,65.91553,50.064636,0.051648498,4,-1,-1
766.9596,187.57607,7.8951416,17.032288,0.051624507,1,-1,-1
750.8693,179.09535,9.425415,14.631378,0.05160159,2,-1,-1
313.34534,36.43994,59.621674,29.530037,0.051585943,5,-1,-1
822.52594,236.03056,10.292908,14.47052,0.051480383,10,-1,-1
947.76843,325.41858,6.6914062,10.541443,0.05147764,1,-1,-1
851.93317,259.05273,9.3567505,13.084839,0.05146846,1,-1,-1
725.8396,160.4514,9.844238,15.459213,0.051372766,1,-1,-1
934.4082,307.17703,9.079285,14.67984,0.051356554,1,-1,-1
905.7522,292.6,7.7247925,13.870758,0.051323265,1,-1,-1
789.79364,207.24768,15.818909,16.89772,0.051302135,1,-1,-1
1360.5883,225.62392,38.932495,31.796005,0.05117911,5,-1,-1
972.0665,252.10147,50.56732,28.16388,0.051149458,4,-1,-1
822.992,232.80824,10.258301,12.031021,0.050950617,1,-1,-1
826.71576,234.58829,5.678772,10.516556,0.050899178,1,-1,-1
784.91266,317.40295,28.610779,30.299438,0.05087906,4,-1,-1
557.9579,642.0574,11.114868,25.507935,0.050712824,2,-1,-1
895.1084,288.02905,14.909241,15.86969,0.05063343,1,-1,-1
1105.3065,645.8933,227.41016,141.65063,0.05043885,5,-1,-1
833.58044,242.33044,21.316162,20.341278,0.050315857,4,-1,-1
613.26105,97.227325,20.16626,15.94976,0.050258577,4,-1,-1
541.3447,643.75104,7.333191,17.524536,0.05025077,1,-1,-1
839.40027,245.10828,8.566101,11.483215,0.05019486,2,-1,-1
608.6207,93.94839,26.284363,12.847702,0.050094903,4,-1,-1
678.0616,116.05588,22.269653,17.818085,0.050020307,10,-1,-1
