1042.2924,626.1326,57.599365,71.41675,0.9999908,4,-1,-1
553.5257,471.22726,39.978333,57.69931,0.9999716,4,-1,-1
806.16425,479.59198,33.390747,57.20453,0.9998311,4,-1,-1
652.3642,493.42685,31.406067,64.42496,0.99966663,4,-1,-1
847.95355,487.1457,35.934692,54.065735,0.9995459,4,-1,-1
958.3161,486.82523,42.897827,59.408417,0.9994257,4,-1,-1
768.2947,487.54446,29.656921,53.404877,0.9989337,4,-1,-1
1260.6805,390.52942,68.33716,43.979492,0.9984586,4,-1,-1
769.1465,590.4396,31.925537,79.08038,0.9968247,5,-1,-1
996.22736,490.48145,45.22284,66.04663,0.99672544,4,-1,-1
961.0323,625.67004,44.66455,72.51672,0.9950892,4,-1,-1
899.19385,621.28687,48.037415,63.684326,0.99398375,4,-1,-1
719.35004,417.26773,30.919006,55.22888,0.9921293,4,-1,-1
725.6513,593.92896,32.842957,67.56409,0.9919744,5,-1,-1
731.66394,490.58795,28.173462,54.03247,0.9916595,4,-1,-1
1276.5271,342.1147,68.92871,35.954803,0.9870684,4,-1,-1
1273.8398,365.33572,65.1709,41.837585,0.98459876,4,-1,-1
717.9308,365.5279,26.284607,49.975403,0.9692449,4,-1,-1
660.9647,354.71664,25.215881,43.587006,0.9159566,4,-1,-1
1192.8081,549.3735,78.90857,40.058594,0.9138261,5,-1,-1
1100.6447,615.58496,109.99805,72.92096,0.81815636,6,-1,-1
1277.7307,352.97406,65.902466,40.622772,0.7985678,4,-1,-1
441.36914,661.94965,39.658936,25.815735,0.6773153,5,-1,-1
661.75854,302.65457,26.848816,43.993866,0.6451635,4,-1,-1
661.16174,399.2114,26.822815,48.60968,0.5854713,5,-1,-1
661.16174,399.2114,26.822815,48.60968,0.5675751,4,-1,-1
1037.6597,487.72852,30.716675,52.00464,0.53146464,7,-1,-1
1270.2395,307.47858,61.776,33.377228,0.5210093,5,-1,-1
665.3116,228.32076,22.950562,39.63881,0.42944503,4,-1,-1
886.39197,666.5518,33.91754,35.303833,0.42184395,4,-1,-1
1272.4095,308.50714,61.015015,33.1427,0.3836112,4,-1,-1
1190.6184,583.85956,36.665894,28.83313,0.37883347,4,-1,-1
1192.8081,549.3735,78.90857,40.058594,0.3393482,4,-1,-1
1195.394,518.3069,37.612183,26.350403,0.3360989,7,-1,-1
1272.5284,296.99847,52.697876,30.280884,0.33523917,5,-1,-1
1273.2306,328.2736,67.39697,35.160156,0.3141711,4,-1,-1
1047.8578,497.48074,25.529053,45.73532,0.30634046,7,-1,-1
1353.1993,219.66716,37.455933,41.649124,0.30497804,4,-1,-1
1211.5118,518.79724,41.343384,27.730286,0.28472796,7,-1,-1
1353.1993,219.66716,37.455933,41.649124,0.2590528,5,-1,-1
1190.6184,583.85956,36.665894,28.83313,0.23678282,10,-1,-1
1211.5118,518.79724,41.343384,27.730286,0.23238665,8,-1,-1
1080.7522,500.61255,40.12805,26.566528,0.22998455,7,-1,-1
664.81726,266.33502,22.911316,39.64505,0.22493652,4,-1,-1
890.5032,501.98767,27.306091,45.897522,0.2161488,7,-1,-1
1273.9282,294.68027,49.74402,27.519073,0.21348312,4,-1,-1
437.11838,312.24634,26.329468,36.71869,0.1934616,6,-1,-1
661.9067,301.73993,26.818542,45.02539,0.18339527,6,-1,-1
1074.9161,524.5925,34.610596,30.788452,0.17378184,7,-1,-1
1195.394,518.3069,37.612183,26.350403,0.16797626,4,-1,-1
1190.6184,583.85956,36.665894,28.83313,0.16273111,8,-1,-1
1271.7253,381.61597,67.48389,40.92206,0.15821081,4,-1,-1
1370.2925,1019.4227,28.83252,29.26477,0.14989093,4,-1,-1
678.4199,142.47462,24.44104,36.8526,0.14721718,6,-1,-1
665.3116,228.32076,22.950562,39.63881,0.14341775,8,-1,-1
1190.6184,583.85956,36.665894,28.83313,0.14191657,7,-1,-1
665.3116,228.32076,22.950562,39.63881,0.14122668,7,-1,-1
1195.394,518.3069,37.612183,26.350403,0.13861552,8,-1,-1
665.3116,228.32076,22.950562,39.63881,0.13744766,5,-1,-1
883.5086,532.5405,35.258606,30.44519,0.13600075,10,-1,-1
1070.6676,524.96075,33.98059,31.264282,0.13335723,10,-1,-1
1273.2306,328.2736,67.39697,35.160156,0.13223672,5,-1,-1
661.9067,301.73993,26.818542,45.02539,0.13101083,7,-1,-1
1080.3356,501.22083,40.135864,27.450684,0.12841204,8,-1,-1
1092.4559,600.3597,38.600586,27.733582,0.12567973,3,-1,-1
733.9506,591.84033,39.832092,72.70416,0.12157139,5,-1,-1
1228.999,510.05423,38.37207,26.07956,0.12075707,8,-1,-1
597.1721,624.05475,26.390747,39.031128,0.12073153,4,-1,-1
888.5752,503.07962,28.894897,45.05893,0.119448125,10,-1,-1
1063.4034,518.36285,28.697021,35.662964,0.119054645,7,-1,-1
665.3116,228.32076,22.950562,39.63881,0.113523245,6,-1,-1
915.76495,480.93857,36.710876,37.03238,0.10637504,10,-1,-1
916.1018,481.5626,37.493652,36.34561,0.10565266,7,-1,-1
890.5032,501.98767,27.306091,45.897522,0.10452947,1,-1,-1
1042.4263,493.2098,27.33142,50.61612,0.102844566,10,-1,-1
678.4199,142.47462,24.44104,36.8526,0.10236922,4,-1,-1
1078.9557,523.3622,31.830444,32.20459,0.1019955,1,-1,-1
1074.9161,524.5925,34.610596,30.788452,0.10188389,8,-1,-1
441.23328,661.71326,39.873474,25.96753,0.10156673,8,-1,-1
890.5032,501.98767,27.306091,45.897522,0.096924126,2,-1,-1
890.2201,501.93707,27.31305,44.756653,0.09652734,4,-1,-1
1274.6082,288.97314,46.789673,28.23996,0.09586814,5,-1,-1
890.83655,516.22375,28.57135,43.872498,0.09559959,10,-1,-1
1056.564,501.61252,26.436646,38.926727,0.09549388,7,-1,-1
664.81726,266.33502,22.911316,39.64505,0.094745904,5,-1,-1
661.9067,301.73993,26.818542,45.02539,0.0930098,5,-1,-1
1063.4034,518.36285,28.697021,35.662964,0.09256464,10,-1,-1
1037.7971,487.67682,29.612427,49.17151,0.09125453,1,-1,-1
1192.8081,549.3735,78.90857,40.058594,0.09114894,1,-1,-1
1216.3391,511.0991,45.23694,27.027924,0.09060919,7,-1,-1
1083.7626,516.8567,35.791992,34.194885,0.08971688,7,-1,-1
665.553,228.6697,22.797852,40.097824,0.088443875,10,-1,-1
890.5032,501.98767,27.306091,45.897522,0.08787516,8,-1,-1
1049.837,506.90433,26.34961,40.77066,0.08517942,10,-1,-1
1037.6597,487.72852,30.716675,52.00464,0.08403435,8,-1,-1
1162.4181,599.23083,52.922363,39.190002,0.08305606,5,-1,-1
1116.3313,601.48285,98.1427,55.82715,0.082491726,6,-1,-1
884.5084,513.2517,32.948303,48.939026,0.082247406,7,-1,-1
1064.5326,523.25726,28.256836,35.661255,0.0822252,1,-1,-1
916.1018,481.5626,37.493652,36.34561,0.08127117,4,-1,-1
1193.0894,549.1665,78.96484,39.994324,0.08076468,6,-1,-1
725.5898,593.3689,33.00702,67.5177,0.079503864,4,-1,-1
899.0535,620.751,48.933838,64.73016,0.076363415,9,-1,-1
1192.6393,518.0855,35.84729,25.943787,0.073664576,10,-1,-1
1081.035,522.03735,30.437012,34.985046,0.07361752,2,-1,-1
916.1018,481.5626,37.493652,36.34561,0.07324436,8,-1,-1
1020.73627,559.42773,31.113953,28.313538,0.072053134,10,-1,-1
1275.0813,364.56326,64.778076,42.877045,0.07141441,5,-1,-1
1116.3313,601.48285,98.1427,55.82715,0.07048771,5,-1,-1
1353.1993,219.66716,37.455933,41.649124,0.070142984,6,-1,-1
1074.9161,524.5925,34.610596,30.788452,0.069886476,3,-1,-1
1353.8562,218.72118,37.642212,41.70897,0.06906703,9,-1,-1
1232.2537,509.64252,36.161743,26.34552,0.06671867,5,-1,-1
678.4199,142.47462,24.44104,36.8526,0.066480994,5,-1,-1
1097.3748,593.65155,43.141235,26.977966,0.06585026,3,-1,-1
1071.5673,501.9063,43.882812,36.689697,0.06574044,7,-1,-1
1154.4966,603.0651,57.5907,38.428467,0.064763635,6,-1,-1
1218.3965,524.22516,42.02417,28.1297,0.06463495,8,-1,-1
1218.7616,517.6789,40.9718,27.058228,0.06382838,5,-1,-1
916.0842,483.6341,36.697205,35.759216,0.06369507,1,-1,-1
1093.9446,599.0361,39.062744,28.215515,0.06269437,10,-1,-1
598.13306,484.50296,26.982483,60.983185,0.062203288,1,-1,-1
1080.3356,501.22083,40.135864,27.450684,0.062156707,10,-1,-1
597.87256,621.24414,26.25232,40.914978,0.062047362,5,-1,-1
1227.344,516.2966,39.729736,26.103333,0.06186557,7,-1,-1
1203.9216,518.40717,45.91992,32.67993,0.06076938,4,-1,-1
1020.73627,559.42773,31.113953,28.313538,0.06032771,3,-1,-1
1218.3965,524.22516,42.02417,28.1297,0.059868306,7,-1,-1
1272.8993,308.8617,60.174805,33.205566,0.05955574,1,-1,-1
1096.8378,609.95306,113.48547,72.05585,0.059464276,5,-1,-1
1274.6082,288.97314,46.789673,28.23996,0.058961958,7,-1,-1
1080.3356,501.22083,40.135864,27.450684,0.057916224,3,-1,-1
1053.6993,514.53925,25.695068,38.874756,0.05647102,7,-1,-1
1159.6475,590.6946,48.09546,27.030334,0.05624178,7,-1,-1
916.0842,483.6341,36.697205,35.759216,0.056064606,3,-1,-1
1047.8578,497.48074,25.529053,45.73532,0.055033743,8,-1,-1
898.4346,498.9332,31.229004,45.964813,0.05484268,1,-1,-1
884.7052,533.26227,34.41858,30.358337,0.054594815,3,-1,-1
1161.8762,603.3453,50.025757,35.7334,0.05313021,4,-1,-1
885.6687,520.0545,30.0708,41.62262,0.05296707,1,-1,-1
1266.7373,341.77698,80.716675,47.03653,0.052815616,5,-1,-1
886.39197,666.5518,33.91754,35.303833,0.05089605,10,-1,-1
1224.343,517.73584,37.136475,27.640564,0.050828427,4,-1,-1
1276.3301,290.25424,46.39624,27.753662,0.05078298,10,-1,-1
1230.1698,511.8147,35.739624,25.900757,0.05071628,1,-1,-1
661.9067,301.73993,26.818542,45.02539,0.050621063,8,-1,-1
678.4199,142.47462,24.44104,36.8526,0.050486743,7,-1,-1
899.0535,620.751,48.933838,64.73016,0.050138116,1,-1,-1
