95.328735,784.64197,35.67801,63.517456,0.999254,1,-1,-1
141.07996,774.1751,39.87996,58.21405,0.98939675,1,-1,-1
126.61346,785.69104,39.124718,56.52289,0.9550906,1,-1,-1
237.37582,666.01514,31.41159,57.50122,0.94529164,1,-1,-1
281.26886,647.54266,33.40805,56.790955,0.91399765,1,-1,-1
376.15326,539.48346,27.984344,43.401733,0.8457864,1,-1,-1
156.81847,476.72498,24.562439,44.76764,0.840495,1,-1,-1
420.38412,635.2336,55.3963,42.631165,0.70335317,3,-1,-1
424.57156,574.6586,22.698975,56.843872,0.6684897,1,-1,-1
438.15137,622.9141,32.20581,51.4364,0.64248776,2,-1,-1
0.991762,525.427,23.64501,50.726746,0.55953085,1,-1,-1
24.63925,476.45142,23.649027,42.101685,0.5474862,1,-1,-1
89.624535,466.09003,21.909271,41.39926,0.5371526,1,-1,-1
37.27475,523.738,22.258179,45.18158,0.49798155,1,-1,-1
48.057293,470.86298,21.710674,41.654358,0.4749601,1,-1,-1
427.55847,558.02374,24.448181,58.676575,0.38829464,1,-1,-1
424.3391,626.8608,38.606537,45.342224,0.35289901,2,-1,-1
17.847488,402.4551,39.01359,23.127502,0.326024,10,-1,-1
49.05197,606.32086,34.612984,32.44165,0.32542998,3,-1,-1
1.1100539,464.37277,22.067846,49.012604,0.2807938,1,-1,-1
777.3302,364.02643,42.609436,20.08316,0.23636487,4,-1,-1
262.20627,293.12256,50.394043,20.848846,0.21985686,6,-1,-1
436.2573,428.01572,47.864655,28.174927,0.21327701,7,-1,-1
468.5155,443.7746,39.218384,28.260162,0.20121837,7,-1,-1
468.5155,443.7746,39.218384,28.260162,0.19100672,8,-1,-1
437.50763,623.73627,33.176575,48.916748,0.1908479,1,-1,-1
430.12473,428.16678,38.63733,28.188568,0.19041866,10,-1,-1
792.0057,362.2682,43.542297,19.940521,0.1847915,4,-1,-1
54.998493,741.4315,22.677357,39.52661,0.18261743,1,-1,-1
165.86555,311.9203,37.51712,26.47763,0.1787194,5,-1,-1
529.5782,463.89673,21.919067,38.131042,0.17571726,1,-1,-1
980.73444,463.21118,21.679016,39.16266,0.16744587,1,-1,-1
281.898,645.1054,32.90155,58.074768,0.16589463,2,-1,-1
437.2644,427.5848,49.653503,28.453857,0.16509399,8,-1,-1
134.32332,457.23315,22.9169,40.805115,0.16380951,1,-1,-1
905.56024,369.6672,55.001953,26.499237,0.15878212,5,-1,-1
271.9585,382.99435,55.55191,30.310028,0.15621799,5,-1,-1
18.65399,402.0309,38.29104,23.763641,0.15492031,3,-1,-1
149.87683,464.42123,25.898315,42.658813,0.15331584,1,-1,-1
257.42636,294.1964,51.820038,21.545013,0.14878902,5,-1,-1
904.7647,370.30212,57.088623,26.05722,0.14848864,4,-1,-1
454.3084,430.75745,42.268127,29.28421,0.14810634,7,-1,-1
37.068565,471.50262,22.477982,41.665955,0.14082158,1,-1,-1
0.991762,525.427,23.64501,50.726746,0.14069545,2,-1,-1
882.93005,329.14218,45.88214,20.161163,0.13980865,5,-1,-1
165.86555,311.9203,37.51712,26.47763,0.13856828,4,-1,-1
37.27475,523.738,22.258179,45.18158,0.1379323,2,-1,-1
246.75484,336.21603,42.420853,24.135773,0.1366407,4,-1,-1
882.93005,329.14218,45.88214,20.161163,0.13563451,4,-1,-1
767.98285,368.60107,48.820496,20.212952,0.13164732,4,-1,-1
373.52985,413.0266,37.559418,26.30841,0.13139036,3,-1,-1
427.55847,558.02374,24.448181,58.676575,0.121412486,2,-1,-1
870.7806,360.6699,49.851074,23.34311,0.12124589,4,-1,-1
378.29785,420.8858,41.927155,24.707367,0.11439952,3,-1,-1
885.9278,360.19138,55.312744,25.064209,0.11208671,4,-1,-1
777.3302,364.02643,42.609436,20.08316,0.11183885,5,-1,-1
281.2192,646.3844,33.912262,58.352783,0.11072302,3,-1,-1
271.9585,382.99435,55.55191,30.310028,0.108748645,8,-1,-1
419.631,634.6687,55.191803,43.900574,0.10866919,7,-1,-1
925.3069,380.35864,49.760925,21.100403,0.10788575,4,-1,-1
435.55432,428.07782,45.59265,28.221832,0.10711855,3,-1,-1
849.09357,362.00235,45.5968,20.638214,0.10565689,4,-1,-1
873.86993,372.4242,44.895813,22.184448,0.10539362,4,-1,-1
271.14667,384.61945,50.666534,29.3797,0.10463217,4,-1,-1
454.3084,430.75745,42.268127,29.28421,0.10363841,8,-1,-1
792.0057,362.2682,43.542297,19.940521,0.10314658,5,-1,-1
19.426096,402.7741,33.889824,30.95639,0.0992789,1,-1,-1
34.643864,589.1908,48.958103,47.446655,0.09556803,3,-1,-1
904.2429,370.08026,57.939392,24.874512,0.09325674,6,-1,-1
51.9554,732.891,43.101204,39.33423,0.09192178,1,-1,-1
281.2192,646.3844,33.912262,58.352783,0.090929955,10,-1,-1
373.52985,413.0266,37.559418,26.30841,0.09069261,10,-1,-1
898.02356,361.78986,57.765137,26.956635,0.09043491,5,-1,-1
423.39612,629.2136,37.17755,46.973022,0.09009805,1,-1,-1
165.86555,311.9203,37.51712,26.47763,0.08895463,6,-1,-1
424.4607,572.1557,23.613922,59.545227,0.088836014,2,-1,-1
468.9522,443.96994,39.197052,28.180664,0.08858323,10,-1,-1
381.85782,412.08466,51.323334,26.47467,0.08852321,3,-1,-1
433.58783,624.2996,32.923767,50.66504,0.08634725,3,-1,-1
420.35382,633.1215,59.462128,45.87018,0.08630663,10,-1,-1
390.04678,422.48175,46.435516,25.212433,0.08581856,3,-1,-1
818.5096,342.56992,46.98816,23.046082,0.08512083,5,-1,-1
247.65028,337.6499,41.819626,23.19217,0.08462691,5,-1,-1
440.5754,428.33865,49.67462,28.466888,0.08428955,10,-1,-1
260.3535,293.03522,50.758514,20.982117,0.083627045,4,-1,-1
247.67297,294.83792,52.673737,22.425018,0.083578795,6,-1,-1
766.7626,356.98178,49.347595,20.934021,0.083433986,4,-1,-1
263.09793,292.3882,48.17105,22.50888,0.08131638,9,-1,-1
927.9507,333.26453,52.635742,19.647247,0.08027819,4,-1,-1
48.057293,470.86298,21.710674,41.654358,0.07962021,2,-1,-1
818.5096,342.56992,46.98816,23.046082,0.07953891,4,-1,-1
237.4301,666.20514,31.439865,57.161865,0.07666919,3,-1,-1
796.6613,351.5848,44.451355,20.504486,0.075151324,4,-1,-1
120.2377,793.2501,28.17743,56.591125,0.074537605,1,-1,-1
784.2034,354.1611,46.355774,20.688263,0.07386175,4,-1,-1
17.669077,402.8238,38.645103,23.547882,0.072528064,2,-1,-1
233.38411,295.2472,54.37065,22.497253,0.07179874,5,-1,-1
927.9507,333.26453,52.635742,19.647247,0.07173157,5,-1,-1
864.60486,361.26053,46.147156,22.130615,0.0709717,5,-1,-1
232.09921,291.14948,53.2789,21.612885,0.06963265,6,-1,-1
138.6986,462.45657,25.862946,40.460236,0.06932932,1,-1,-1
238.34303,664.4613,31.471237,58.035706,0.06876835,2,-1,-1
468.5155,443.7746,39.218384,28.260162,0.0680905,3,-1,-1
378.29785,420.8858,41.927155,24.707367,0.06727967,10,-1,-1
849.09357,362.00235,45.5968,20.638214,0.06675047,5,-1,-1
24.50094,476.39224,23.87042,41.567352,0.06663248,2,-1,-1
14.175877,405.9031,35.128605,29.19693,0.06649023,10,-1,-1
785.46136,369.9551,48.126953,21.434082,0.066211015,4,-1,-1
868.3326,326.7376,50.345886,19.695587,0.066210866,5,-1,-1
271.7323,385.27002,50.231995,28.821442,0.06601179,1,-1,-1
52.74957,605.5517,34.22291,35.064697,0.06529075,1,-1,-1
291.6112,379.07986,56.658356,29.608673,0.06498164,5,-1,-1
179.45444,309.22827,41.711258,25.375916,0.06490749,5,-1,-1
334.09625,358.9122,39.29486,24.80133,0.06485662,4,-1,-1
53.46477,724.76184,79.54463,49.36017,0.06470069,1,-1,-1
425.78568,430.18442,40.427826,27.0177,0.06444207,7,-1,-1
271.14667,384.61945,50.666534,29.3797,0.06287953,7,-1,-1
89.624535,466.09003,21.909271,41.39926,0.06255093,2,-1,-1
227.55656,329.51486,44.860367,25.128021,0.062389255,4,-1,-1
345.46356,402.40634,36.77655,31.24353,0.061957538,1,-1,-1
882.93005,329.14218,45.88214,20.161163,0.06192547,6,-1,-1
936.51953,337.97412,61.706055,21.091248,0.06188199,5,-1,-1
454.3084,430.75745,42.268127,29.28421,0.06100282,3,-1,-1
14.175877,405.9031,35.128605,29.19693,0.05996442,3,-1,-1
895.10895,353.12866,57.6886,23.72409,0.058603466,4,-1,-1
351.0486,408.5773,43.110962,27.967804,0.058572322,3,-1,-1
257.1032,331.12915,45.16278,25.846436,0.058178008,4,-1,-1
500.16818,384.11377,36.517975,26.698029,0.05802211,4,-1,-1
822.411,361.58542,50.984497,19.981201,0.057890236,4,-1,-1
271.14667,384.61945,50.666534,29.3797,0.0577406,10,-1,-1
237.73416,331.38065,45.555084,25.28778,0.05768174,5,-1,-1
925.3069,380.35864,49.760925,21.100403,0.05756101,5,-1,-1
936.51953,337.97412,61.706055,21.091248,0.05748689,4,-1,-1
439.4595,425.15875,56.11139,31.587555,0.05686015,4,-1,-1
55.18409,612.93384,34.199593,34.307068,0.05657634,3,-1,-1
286.45874,378.53488,51.44391,31.998383,0.056001097,4,-1,-1
0.0,446.4613,20.418785,48.203857,0.05592966,1,-1,-1
753.2576,363.6656,52.99341,21.826447,0.055780143,4,-1,-1
179.45444,309.22827,41.711258,25.375916,0.055529565,4,-1,-1
37.27475,523.738,22.258179,45.18158,0.055499703,10,-1,-1
427.6488,598.0467,32.179077,56.429443,0.054668427,1,-1,-1
858.54913,372.94308,43.294983,21.002014,0.054166973,4,-1,-1
767.98285,368.60107,48.820496,20.212952,0.054079115,5,-1,-1
868.3326,326.7376,50.345886,19.695587,0.05331883,4,-1,-1
229.08458,339.23016,45.05095,22.35147,0.05292675,4,-1,-1
329.1707,379.77148,25.194977,38.019836,0.052716255,1,-1,-1
873.86993,372.4242,44.895813,22.184448,0.052697986,5,-1,-1
375.24924,539.0197,29.267426,43.18506,0.052217275,2,-1,-1
424.04337,428.11548,36.32086,29.243347,0.052110344,3,-1,-1
375.68793,412.51556,34.716705,27.429718,0.051428378,1,-1,-1
162.701,303.02716,40.470566,25.87555,0.05051738,5,-1,-1
327.4438,378.58896,28.795135,33.270844,0.05029741,4,-1,-1
196.95927,307.75946,40.13893,24.215485,0.05028552,5,-1,-1
390.04678,422.48175,46.435516,25.212433,0.050019026,10,-1,-1
