590.6286,749.4676,59.27588,107.274536,0.85738647,4,-1,-1
750.25977,437.00076,59.091187,29.463379,0.84851664,4,-1,-1
841.356,388.03793,40.03351,31.498962,0.82124645,4,-1,-1
904.5668,360.68954,31.202698,23.633575,0.789643,4,-1,-1
444.4172,322.21814,9.911743,18.62082,0.76962745,1,-1,-1
625.5554,316.44632,7.713928,15.889954,0.7484037,2,-1,-1
986.0409,756.36066,19.069641,32.2937,0.6998431,1,-1,-1
1171.1575,561.4614,16.856934,25.686462,0.654726,1,-1,-1
554.0141,401.69226,9.189026,19.219055,0.6505678,1,-1,-1
802.20404,226.38248,4.7853394,9.718765,0.6260419,1,-1,-1
342.02182,350.8287,13.13858,13.822052,0.6162234,1,-1,-1
603.7918,552.8028,13.685913,28.871582,0.5825937,2,-1,-1
1155.9612,552.9046,20.886108,29.195007,0.5814408,1,-1,-1
547.9549,180.92566,22.857727,10.525314,0.56208634,4,-1,-1
784.77893,563.65625,247.32605,105.81848,0.56117404,9,-1,-1
531.2013,169.97914,19.073547,8.224289,0.5445289,4,-1,-1
819.35693,336.5378,8.631165,17.342438,0.53516203,1,-1,-1
603.7742,562.81055,14.234924,31.45819,0.5247613,3,-1,-1
689.73553,825.6413,28.695679,66.19452,0.5132969,10,-1,-1
577.8179,176.96797,22.060852,11.014969,0.51066536,4,-1,-1
624.9403,319.38913,8.630615,16.247162,0.5030945,10,-1,-1
477.228,166.83755,21.935272,10.30574,0.46947384,4,-1,-1
497.9066,168.88428,19.782806,10.299042,0.4646538,4,-1,-1
504.8871,183.56343,5.0127563,8.685364,0.45482212,1,-1,-1
547.8825,181.1313,22.089539,11.640732,0.45014057,5,-1,-1
625.2754,318.84598,7.876526,16.94986,0.42802316,3,-1,-1
410.9286,169.50598,19.580414,12.141296,0.41941467,5,-1,-1
1216.7598,668.8866,23.247437,21.42871,0.40612274,1,-1,-1
577.4876,177.19264,22.509094,10.715866,0.4039412,5,-1,-1
551.17535,166.3899,18.735535,10.167633,0.40102035,6,-1,-1
1216.7598,668.8866,23.247437,21.42871,0.39235082,2,-1,-1
273.19608,168.92136,23.547028,13.359375,0.37893513,5,-1,-1
410.9286,169.50598,19.580414,12.141296,0.3783106,4,-1,-1
273.79752,169.661,24.562622,14.3541565,0.37760624,6,-1,-1
273.57312,168.61395,22.7836,13.068939,0.3762115,4,-1,-1
363.35086,138.96716,23.022552,15.042862,0.36679196,6,-1,-1
693.2274,833.3237,21.04187,42.804443,0.36363256,2,-1,-1
597.8488,216.37875,4.9955444,9.944962,0.360815,1,-1,-1
285.0731,177.09781,16.350586,10.8910675,0.35496995,4,-1,-1
550.31335,167.02892,18.299805,9.64595,0.3503342,4,-1,-1
442.00992,322.44458,8.392914,18.174225,0.34982887,1,-1,-1
630.9071,196.60191,5.2158813,10.009888,0.33773392,1,-1,-1
354.3239,179.78284,17.94043,9.53157,0.3364218,4,-1,-1
335.52206,182.23625,10.599823,9.152115,0.33638877,4,-1,-1
410.9286,169.50598,19.580414,12.141296,0.3330565,6,-1,-1
466.61597,186.57353,5.8260803,9.968048,0.33188963,1,-1,-1
524.2726,215.32185,5.9509277,9.291641,0.31761682,1,-1,-1
568.98444,332.2071,7.6418457,15.1058655,0.31720668,1,-1,-1
550.31335,167.02892,18.299805,9.64595,0.30880708,5,-1,-1
497.24054,168.65973,19.017456,10.193069,0.30753392,5,-1,-1
498.04718,166.69084,26.15509,12.302887,0.30657053,6,-1,-1
426.71112,154.01978,25.882874,14.398453,0.30204207,6,-1,-1
631.61456,169.1219,4.862488,8.698196,0.2969585,1,-1,-1
547.8825,181.1313,22.089539,11.640732,0.295453,6,-1,-1
391.23007,180.79869,10.458466,9.492325,0.29059327,4,-1,-1
626.6127,168.95221,6.227783,8.273285,0.28723657,1,-1,-1
426.66876,154.04468,25.85733,14.165176,0.28197807,5,-1,-1
121.517105,216.45218,15.835388,10.67012,0.27915365,4,-1,-1
603.4189,563.52057,14.236938,30.78894,0.27857074,10,-1,-1
577.4863,176.65013,22.739197,10.926392,0.27154368,6,-1,-1
252.94806,172.02141,6.168701,10.9947815,0.2704655,1,-1,-1
520.351,131.68045,37.12268,15.524277,0.27025115,6,-1,-1
641.4746,182.65935,4.7960815,9.909851,0.26712912,1,-1,-1
693.5606,835.85077,21.173035,40.31299,0.26650116,10,-1,-1
426.69202,153.94977,26.229553,14.366684,0.2662597,9,-1,-1
391.51114,181.80629,10.092194,8.728302,0.2661857,10,-1,-1
632.1597,171.46054,4.609558,9.290604,0.26551175,1,-1,-1
1171.349,560.8998,16.729004,26.036377,0.2646852,2,-1,-1
603.02277,556.4258,14.915039,37.124084,0.24867964,1,-1,-1
1303.1277,163.65997,23.00586,14.489746,0.24749807,6,-1,-1
335.69727,182.36165,10.389282,8.825546,0.23806453,7,-1,-1
478.75717,166.18321,19.499237,11.111252,0.23640269,5,-1,-1
550.6028,166.63991,19.517883,9.874039,0.23456061,9,-1,-1
363.35086,138.96716,23.022552,15.042862,0.23193586,5,-1,-1
107.686264,201.5936,34.56598,21.741913,0.23064256,6,-1,-1
986.4119,756.291,18.565979,32.412598,0.2290596,2,-1,-1
1157.4962,553.29,19.38086,28.867798,0.22881496,2,-1,-1
342.02182,350.8287,13.13858,13.822052,0.22441667,2,-1,-1
335.69727,182.36165,10.389282,8.825546,0.2241371,8,-1,-1
626.58185,313.48856,6.5530396,13.587799,0.22320423,2,-1,-1
466.77478,186.79323,5.625244,9.857208,0.22247317,2,-1,-1
520.0879,187.95914,4.5337524,7.7577515,0.2222555,1,-1,-1
583.4277,277.0373,7.4971313,17.130371,0.22121534,1,-1,-1
764.8601,430.58606,8.491577,10.968231,0.2206814,1,-1,-1
641.6674,177.90659,4.440979,9.129669,0.22056323,1,-1,-1
391.51114,181.80629,10.092194,8.728302,0.21871796,7,-1,-1
625.5554,316.44632,7.713928,15.889954,0.21670204,1,-1,-1
607.65027,168.12906,5.0305176,8.869858,0.21369785,1,-1,-1
130.53421,137.96758,23.14235,11.146469,0.2076377,4,-1,-1
504.8871,183.56343,5.0127563,8.685364,0.20614615,2,-1,-1
531.649,170.03418,18.536743,8.109238,0.20518479,5,-1,-1
455.20642,187.99217,20.320648,10.562424,0.20379764,4,-1,-1
410.9286,169.50598,19.580414,12.141296,0.2030522,9,-1,-1
605.089,552.98694,11.841064,25.79779,0.2017512,1,-1,-1
601.4422,556.8136,17.3443,36.542114,0.1985965,2,-1,-1
690.248,207.5639,6.95813,9.322586,0.19748595,1,-1,-1
626.84064,171.48425,4.799988,8.927109,0.19523564,1,-1,-1
689.73553,825.6413,28.695679,66.19452,0.19521192,3,-1,-1
478.75717,166.18321,19.499237,11.111252,0.19297439,6,-1,-1
498.04718,166.69084,26.15509,12.302887,0.1918824,9,-1,-1
425.92477,154.12811,24.513763,12.118973,0.18934992,4,-1,-1
392.5454,182.03653,8.41037,8.506897,0.18655115,2,-1,-1
1162.877,559.1184,22.196777,29.561646,0.18549442,1,-1,-1
391.51114,181.80629,10.092194,8.728302,0.18504915,8,-1,-1
335.43195,182.01553,10.755859,9.452057,0.18267053,6,-1,-1
363.35086,138.96716,23.022552,15.042862,0.18243039,9,-1,-1
605.6274,168.63538,7.9227295,7.438095,0.18077412,10,-1,-1
607.2286,168.1972,5.710144,8.500183,0.18062216,2,-1,-1
278.62677,173.02477,24.663055,14.267532,0.1789127,4,-1,-1
109.046906,208.7728,27.115875,18.813171,0.17842746,6,-1,-1
583.74585,280.95663,7.3605957,15.968292,0.17807308,3,-1,-1
819.4846,336.78143,8.365295,17.171112,0.17784661,2,-1,-1
515.47876,187.92621,4.9890137,7.8141937,0.17675424,1,-1,-1
1302.6812,161.13652,39.25525,17.218536,0.17653775,6,-1,-1
566.4057,144.09636,18.94983,8.879242,0.17597058,4,-1,-1
354.0295,122.44185,33.486176,16.412277,0.17552254,6,-1,-1
520.019,131.51073,37.963135,15.63829,0.17525157,9,-1,-1
583.76416,277.9395,6.8738403,14.254639,0.17414713,2,-1,-1
801.3539,222.96368,6.5111694,11.889191,0.17286211,1,-1,-1
287.04953,176.30208,15.62384,11.058182,0.17127618,5,-1,-1
354.60654,180.53578,18.790192,9.352386,0.17050752,6,-1,-1
1112.703,156.14946,17.75354,10.236542,0.17017433,4,-1,-1
583.74585,280.95663,7.3605957,15.968292,0.17011958,10,-1,-1
603.9645,552.35297,13.708191,31.035767,0.1668854,3,-1,-1
593.44855,183.07797,4.394348,9.209381,0.16637334,1,-1,-1
285.867,175.86916,17.35147,12.018021,0.1650148,6,-1,-1
335.47574,182.09995,10.568298,9.235916,0.1649788,5,-1,-1
502.00153,183.52768,5.5019836,8.281662,0.16343519,1,-1,-1
630.54803,197.06146,5.2939453,9.233078,0.16212279,2,-1,-1
630.54803,197.06146,5.2939453,9.233078,0.16098967,10,-1,-1
530.0077,169.53279,20.168396,8.456619,0.15993127,9,-1,-1
607.872,172.29285,4.6655273,8.70459,0.1591366,1,-1,-1
631.4136,192.60335,4.9991455,10.018188,0.15777975,1,-1,-1
354.53714,180.62428,19.623505,9.595932,0.15767902,7,-1,-1
462.2615,187.07518,11.709351,10.645538,0.15568697,1,-1,-1
500.7343,185.87178,5.221039,8.958954,0.15290111,1,-1,-1
129.1469,135.90123,25.20607,13.952408,0.15178022,5,-1,-1
603.37213,562.0318,14.371643,32.20807,0.15116543,7,-1,-1
392.74814,178.89232,7.302429,9.463593,0.15018716,2,-1,-1
447.47394,321.09235,9.382507,17.958405,0.14992791,1,-1,-1
693.2274,833.3237,21.04187,42.804443,0.14980671,1,-1,-1
624.9403,319.38913,8.630615,16.247162,0.14932209,7,-1,-1
530.0077,169.53279,20.168396,8.456619,0.14736378,6,-1,-1
842.0668,388.70374,39.192627,30.494415,0.14569137,5,-1,-1
569.0796,332.4225,7.3433228,13.842072,0.14555052,2,-1,-1
585.18787,281.93298,7.2249756,14.57135,0.14532396,1,-1,-1
393.28638,181.55916,6.7140503,9.071793,0.14531395,1,-1,-1
363.35086,138.96716,23.022552,15.042862,0.14499316,4,-1,-1
626.83545,169.1116,5.5308228,8.513199,0.1447551,2,-1,-1
446.18924,322.73956,7.317108,12.331482,0.14396745,1,-1,-1
1296.3248,167.22667,6.4732666,9.14238,0.14309141,1,-1,-1
685.6775,191.21211,6.691101,10.400009,0.14198941,1,-1,-1
0.05279201,297.62613,14.111968,9.263245,0.1415529,4,-1,-1
597.1067,219.8207,5.6254883,9.208435,0.14132512,1,-1,-1
593.23486,178.23148,4.917053,9.009674,0.13956818,1,-1,-1
549.0556,186.73215,4.6972656,8.880585,0.13903844,1,-1,-1
606.23975,552.8226,9.397461,19.667908,0.13840693,2,-1,-1
603.9645,552.35297,13.708191,31.035767,0.1379877,10,-1,-1
689.60657,826.1366,28.251892,65.79132,0.13728851,7,-1,-1
1245.3615,163.73672,5.38208,7.971588,0.13662422,1,-1,-1
577.4876,177.19264,22.509094,10.715866,0.13584623,9,-1,-1
335.52206,182.23625,10.599823,9.152115,0.13291219,10,-1,-1
486.4402,188.35895,4.724701,7.960556,0.13212097,1,-1,-1
762.0429,430.9008,10.42041,16.178253,0.13116878,1,-1,-1
675.2815,118.65747,16.720337,7.8666687,0.1310522,4,-1,-1
675.7229,159.21875,5.166504,8.34343,0.13053012,1,-1,-1
273.5597,169.18124,25.088196,14.7460785,0.12970722,9,-1,-1
1163.2802,552.7649,11.56189,25.07129,0.12936237,1,-1,-1
1113.6938,155.11372,17.20459,11.220703,0.12892476,5,-1,-1
568.85864,332.521,8.063599,16.679993,0.12865582,3,-1,-1
806.25104,340.8664,7.397156,9.812653,0.12802052,1,-1,-1
1166.9811,555.1857,12.10022,22.044678,0.12789384,1,-1,-1
195.87895,137.83202,45.422028,18.783676,0.12740129,6,-1,-1
525.33374,188.03181,4.5648804,7.4480743,0.12686378,1,-1,-1
597.8488,216.37875,4.9955444,9.944962,0.12664878,2,-1,-1
274.22742,170.71382,25.124878,14.121201,0.12641507,8,-1,-1
622.9486,168.49619,5.0214844,9.03302,0.12638852,1,-1,-1
547.29645,185.48526,22.001709,10.250809,0.12581795,4,-1,-1
612.6306,173.16293,4.3809204,8.801346,0.124840826,1,-1,-1
545.5571,167.75987,18.776245,9.199112,0.12385368,6,-1,-1
504.3767,185.62936,6.171509,9.603027,0.12340945,1,-1,-1
535.939,169.34622,12.468018,7.231476,0.12279168,4,-1,-1
631.61456,169.1219,4.862488,8.698196,0.12118071,2,-1,-1
696.3137,844.27,16.092651,27.431946,0.121178985,2,-1,-1
354.58624,179.60785,17.01828,9.411499,0.120995134,5,-1,-1
278.62677,173.02477,24.663055,14.267532,0.12079555,5,-1,-1
152.92793,169.4416,21.18666,8.770752,0.12067181,4,-1,-1
497.76846,165.75954,28.707306,13.09584,0.119916886,5,-1,-1
764.0977,432.86536,13.948975,15.608185,0.11914888,1,-1,-1
549.4681,183.37753,4.9815674,8.953476,0.118230134,1,-1,-1
354.60654,180.53578,18.790192,9.352386,0.11783522,8,-1,-1
630.54803,197.06146,5.2939453,9.233078,0.117117345,3,-1,-1
391.4109,179.02939,9.44693,10.019608,0.116410196,1,-1,-1
905.10736,360.8721,31.579529,23.799957,0.1159794,5,-1,-1
691.62427,845.2355,28.766296,36.628418,0.11587846,2,-1,-1
1302.8951,163.3645,23.821655,14.538467,0.115670025,7,-1,-1
764.8601,430.58606,8.491577,10.968231,0.114601046,2,-1,-1
549.2314,179.44885,15.57666,8.819565,0.11444765,4,-1,-1
547.9549,180.92566,22.857727,10.525314,0.11306089,9,-1,-1
689.60657,826.1366,28.251892,65.79132,0.112234205,8,-1,-1
583.9479,273.54776,6.803955,13.256409,0.11167866,1,-1,-1
806.15955,340.96564,7.744507,9.937134,0.1114628,3,-1,-1
318.42984,134.23466,38.547882,15.272125,0.11123186,6,-1,-1
358.36603,182.81776,15.66626,7.50502,0.110057,4,-1,-1
444.9289,321.8516,9.709412,18.367035,0.10920027,2,-1,-1
477.228,166.83755,21.935272,10.30574,0.108864695,9,-1,-1
641.4746,182.65935,4.7960815,9.909851,0.10857922,2,-1,-1
488.68826,140.65015,28.615265,14.191483,0.10783115,6,-1,-1
390.59418,179.8076,11.1427,10.500702,0.10774884,5,-1,-1
1302.1952,163.12247,25.890991,15.0134735,0.10692376,8,-1,-1
986.4151,756.32855,18.43866,32.3349,0.106858194,4,-1,-1
493.34232,137.03064,48.832733,17.917923,0.10668644,6,-1,-1
585.9422,277.44794,6.630188,14.341278,0.10638443,1,-1,-1
355.78677,181.58076,18.841888,8.880951,0.10602799,10,-1,-1
350.26526,137.79509,4.7159424,9.811432,0.10513508,1,-1,-1
693.5606,835.85077,21.173035,40.31299,0.10499123,3,-1,-1
591.5292,749.75525,59.57599,107.01984,0.104325116,5,-1,-1
345.92465,352.4069,9.950562,9.9270935,0.10376775,1,-1,-1
289.6961,177.25905,10.960388,10.727661,0.10354254,1,-1,-1
751.0789,439.18808,57.46631,25.483215,0.103295356,5,-1,-1
372.70984,189.19513,6.968048,7.52536,0.103161484,1,-1,-1
362.7028,183.19408,8.751923,7.5625153,0.10303122,1,-1,-1
603.2833,168.81192,5.1934204,8.317352,0.10260475,1,-1,-1
631.4136,192.60335,4.9991455,10.018188,0.10234678,2,-1,-1
503.83734,183.61143,6.223633,8.104645,0.10211879,10,-1,-1
603.181,172.6994,4.411377,8.527893,0.101888835,1,-1,-1
624.09625,309.36563,9.946228,16.374512,0.1017535,2,-1,-1
485.82498,167.65005,22.55658,9.54335,0.10145798,4,-1,-1
589.39874,178.07048,10.287537,8.878387,0.101306826,1,-1,-1
446.1891,326.89255,6.843506,15.40683,0.10118532,1,-1,-1
566.3082,143.83821,11.474976,7.4187164,0.10068172,4,-1,-1
503.83734,183.61143,6.223633,8.104645,0.100590736,3,-1,-1
356.8468,182.31383,10.693054,7.7624664,0.1004695,4,-1,-1
625.3021,170.72221,8.493347,10.101532,0.1003457,1,-1,-1
549.96606,163.66069,28.055237,14.542633,0.1002267,6,-1,-1
367.21625,184.23634,7.5336914,6.8213196,0.10010895,1,-1,-1
68.31347,283.72067,6.130989,8.325104,0.100008756,1,-1,-1
161.63759,170.04504,12.212494,6.770813,0.09988439,4,-1,-1
335.8941,182.44978,9.945129,8.936386,0.099838525,1,-1,-1
269.98587,172.78813,29.807648,18.129715,0.0992977,6,-1,-1
645.0984,172.60173,21.381958,10.788803,0.099238664,4,-1,-1
363.829,182.69579,6.590973,8.1609955,0.099003166,2,-1,-1
92.53717,220.4363,17.940514,14.002136,0.09890103,4,-1,-1
613.0925,111.485085,17.611572,11.603561,0.098873764,6,-1,-1
583.84894,279.40372,6.0739136,9.931763,0.09853348,1,-1,-1
585.9667,278.21796,6.3203735,12.653961,0.09838566,2,-1,-1
583.4508,283.20697,6.9733276,12.522156,0.09831783,2,-1,-1
626.4551,323.48456,5.8567505,13.391907,0.097181946,10,-1,-1
623.2849,316.75778,12.0720215,19.725037,0.09708792,2,-1,-1
622.51624,172.5814,4.9334717,8.64801,0.09702444,1,-1,-1
533.4469,188.79033,6.1082764,6.7335815,0.09681848,1,-1,-1
820.789,341.5037,6.1884155,15.181152,0.09666428,1,-1,-1
460.18118,187.91618,9.378174,8.852173,0.096631914,1,-1,-1
1306.238,154.36668,41.035034,17.286438,0.096419156,6,-1,-1
505.6044,135.13441,34.013885,13.669678,0.09614402,6,-1,-1
628.86176,197.14366,5.788208,9.438187,0.096084714,1,-1,-1
607.872,172.29285,4.6655273,8.70459,0.09604555,2,-1,-1
991.89374,757.50934,11.494629,26.607788,0.09567812,1,-1,-1
289.6961,177.25905,10.960388,10.727661,0.09548774,2,-1,-1
802.20404,226.38248,4.7853394,9.718765,0.09547022,2,-1,-1
583.45355,283.957,6.5059814,11.117432,0.095106155,1,-1,-1
822.3913,336.92642,10.78363,17.94635,0.09484276,1,-1,-1
121.39193,216.46895,15.916557,10.686371,0.09371695,5,-1,-1
640.28845,186.03761,6.694702,8.516617,0.09353146,1,-1,-1
108.587875,207.22469,27.945633,20.298935,0.09318787,4,-1,-1
213.87679,188.02794,6.944687,9.708893,0.09300339,1,-1,-1
358.5166,182.4414,6.6768494,7.8459625,0.09298572,2,-1,-1
607.7879,563.6801,11.46582,23.004333,0.0928424,3,-1,-1
605.6274,168.63538,7.9227295,7.438095,0.09274736,3,-1,-1
675.9901,116.649925,15.354614,7.1108246,0.09240329,4,-1,-1
390.59418,179.8076,11.1427,10.500702,0.09239456,6,-1,-1
592.97473,186.27931,4.897888,8.69014,0.092289895,1,-1,-1
489.2166,140.02898,25.21997,10.437866,0.09219405,4,-1,-1
462.2615,187.07518,11.709351,10.645538,0.09211013,2,-1,-1
1216.899,669.0589,23.196777,22.213501,0.09208533,10,-1,-1
339.05716,349.9231,11.354279,15.324005,0.09206021,1,-1,-1
493.34232,137.03064,48.832733,17.917923,0.09185949,9,-1,-1
626.04266,168.91864,8.045349,7.875931,0.0917871,10,-1,-1
547.9549,180.92566,22.857727,10.525314,0.091760695,7,-1,-1
75.62687,275.8955,11.654823,5.9558716,0.091359586,10,-1,-1
334.22733,179.00243,14.8992,11.111771,0.091354966,4,-1,-1
645.3413,172.17633,20.019592,11.286911,0.091195434,5,-1,-1
485.8811,167.64552,12.532471,8.48674,0.09115547,4,-1,-1
629.5084,171.73955,8.499878,10.148941,0.09098253,1,-1,-1
605.37256,562.586,9.815002,24.398499,0.090911716,2,-1,-1
548.6006,179.67203,17.794495,9.327866,0.09088346,5,-1,-1
904.50275,360.66708,31.302002,23.616241,0.090523034,1,-1,-1
505.35178,131.64589,61.50589,21.666885,0.09045449,6,-1,-1
519.91187,131.84764,37.8786,15.396103,0.09020653,5,-1,-1
478.76334,168.57603,12.664276,8.153687,0.09009063,4,-1,-1
859.832,205.33199,5.5407715,10.280716,0.090064555,1,-1,-1
504.09064,138.1286,21.553406,9.777939,0.089621514,4,-1,-1
357.90582,182.54831,8.265045,7.807724,0.08961332,1,-1,-1
75.59802,275.74478,11.917343,6.281189,0.089203775,1,-1,-1
488.2967,140.56177,29.867981,14.308014,0.088594526,9,-1,-1
386.94522,177.96408,14.383362,10.689636,0.088590235,4,-1,-1
275.48032,167.4777,19.067291,12.010696,0.088531375,6,-1,-1
674.667,205.45108,6.2908936,11.817566,0.08844206,1,-1,-1
819.20276,336.23785,8.903931,17.58551,0.08832806,3,-1,-1
553.6692,182.64679,5.2962036,9.156784,0.08807802,1,-1,-1
653.1905,114.34651,15.448608,9.114159,0.08785927,6,-1,-1
496.08105,139.13704,23.888672,9.88327,0.087587595,4,-1,-1
464.94873,187.02359,8.21402,10.188492,0.08749056,4,-1,-1
680.95953,196.76509,5.0863037,9.566925,0.08706054,1,-1,-1
1224.9388,671.1373,13.1953125,20.297668,0.08703813,1,-1,-1
397.6683,163.43378,6.5880127,7.7035522,0.08697498,4,-1,-1
286.80124,177.32565,14.275848,10.507904,0.086924344,10,-1,-1
286.2321,176.80353,14.742096,11.525284,0.08656347,7,-1,-1
335.8941,182.44978,9.945129,8.936386,0.08621064,2,-1,-1
585.6675,283.8904,6.8340454,11.546753,0.08596951,3,-1,-1
115.53539,200.95218,41.377464,19.775833,0.08577514,6,-1,-1
1216.8718,669.49475,23.400146,22.51825,0.08526403,3,-1,-1
252.98946,172.21307,6.1786957,10.61525,0.08507797,2,-1,-1
626.58185,313.48856,6.5530396,13.587799,0.085005015,1,-1,-1
818.85126,336.60434,9.568909,17.913483,0.0847477,10,-1,-1
695.2688,829.9897,16.78711,30.426514,0.08474755,2,-1,-1
597.7365,177.98479,4.3460083,8.86528,0.08464643,1,-1,-1
445.16797,319.12024,8.750397,12.548645,0.08464393,1,-1,-1
631.959,171.92273,4.9127197,9.15654,0.08443236,2,-1,-1
674.48676,199.3283,6.563843,13.052872,0.084426016,1,-1,-1
629.95447,193.92046,7.708252,14.087265,0.08421767,1,-1,-1
119.67756,212.98593,18.815224,14.195984,0.08397353,6,-1,-1
1205.9724,157.82642,17.447632,9.449585,0.08294469,6,-1,-1
801.41174,228.88336,6.1835938,9.453125,0.082836986,1,-1,-1
195.87895,137.83202,45.422028,18.783676,0.082796484,9,-1,-1
626.32324,171.82112,6.0686035,8.95192,0.08278465,10,-1,-1
670.81226,181.97711,5.0620117,9.99176,0.08257961,1,-1,-1
154.77844,152.51463,6.127243,8.35791,0.08184299,1,-1,-1
1332.618,171.69116,50.118042,16.375946,0.08178961,6,-1,-1
680.3677,207.28355,5.6467896,9.45578,0.08177751,1,-1,-1
551.17535,166.3899,18.735535,10.167633,0.08162588,8,-1,-1
715.22095,150.04134,5.657898,8.023499,0.0815036,1,-1,-1
128.28851,135.01949,27.532867,15.326462,0.08140069,6,-1,-1
1261.4138,169.71437,20.092041,9.065643,0.081154615,4,-1,-1
111.90061,213.87991,18.565727,14.7200775,0.081130356,4,-1,-1
548.3822,180.61034,22.400818,10.679337,0.080837846,8,-1,-1
816.03973,335.45316,15.213013,20.417206,0.08073738,1,-1,-1
594.31055,222.28116,5.2229614,7.9413757,0.08066994,1,-1,-1
342.02182,350.8287,13.13858,13.822052,0.0806402,4,-1,-1
389.11264,178.60968,13.089996,10.285889,0.08013272,7,-1,-1
602.3463,169.02237,9.182434,7.1903076,0.07997012,10,-1,-1
1158.0769,553.27124,19.008911,29.178162,0.079806805,10,-1,-1
607.10284,173.0902,6.1465454,7.8980865,0.079662114,3,-1,-1
461.41968,187.62651,20.355957,9.703445,0.07952148,4,-1,-1
690.69604,118.09261,13.746704,9.010307,0.07914576,4,-1,-1
641.6674,177.90659,4.440979,9.129669,0.0788289,2,-1,-1
529.81604,188.44044,6.467102,7.03006,0.07868016,1,-1,-1
251.99588,169.46657,7.534149,10.050232,0.07835621,1,-1,-1
553.633,186.10472,5.0496216,9.440628,0.07821742,1,-1,-1
286.2321,176.80353,14.742096,11.525284,0.078121275,8,-1,-1
607.61786,172.70001,5.2163086,8.429871,0.07782003,10,-1,-1
367.21625,184.23634,7.5336914,6.8213196,0.07781708,2,-1,-1
1171.4525,561.3939,16.614136,25.681702,0.077790976,4,-1,-1
167.27345,169.36249,7.4169617,7.2815704,0.077604085,1,-1,-1
577.02997,174.10402,21.55365,10.159485,0.07749593,5,-1,-1
389.32367,177.92279,5.171112,9.226166,0.077418745,1,-1,-1
278.5232,167.7902,16.094208,10.338364,0.07738915,4,-1,-1
363.7666,143.39714,5.5814514,8.792114,0.07737714,1,-1,-1
571.0474,332.79907,6.8668213,11.657379,0.077290386,1,-1,-1
1155.5675,552.8524,21.048828,29.333374,0.07719487,4,-1,-1
129.39857,133.51799,31.797653,17.252365,0.07704839,4,-1,-1
483.67444,168.15459,15.540192,7.4615936,0.07692599,5,-1,-1
608.36676,560.1348,10.061157,20.987854,0.07684529,2,-1,-1
496.12527,164.2781,4.2358704,8.67247,0.07680699,1,-1,-1
564.7675,144.83627,21.752747,9.619736,0.07678801,5,-1,-1
584.99585,280.94208,7.7160034,16.010437,0.076646656,2,-1,-1
1083.7156,149.1438,14.505737,8.980606,0.07659,4,-1,-1
163.80974,169.59134,9.0985565,7.3603973,0.0764851,1,-1,-1
584.687,275.74493,8.180359,19.452484,0.07640341,10,-1,-1
551.17535,166.3899,18.735535,10.167633,0.076369256,7,-1,-1
623.2849,316.75778,12.0720215,19.725037,0.07636824,1,-1,-1
546.26086,168.54166,16.161377,7.672287,0.0762018,4,-1,-1
662.8617,115.96011,10.796448,5.8653564,0.076146215,4,-1,-1
389.11264,178.60968,13.089996,10.285889,0.07609317,8,-1,-1
1074.2023,173.75954,26.908691,9.334076,0.0760774,4,-1,-1
536.63947,166.1101,24.078857,10.720596,0.076076895,6,-1,-1
391.51114,181.80629,10.092194,8.728302,0.076021224,3,-1,-1
714.8291,153.02184,4.9682007,7.9178314,0.07601702,1,-1,-1
593.44855,183.07797,4.394348,9.209381,0.075901866,2,-1,-1
689.43475,200.42426,8.992737,16.407455,0.07576248,1,-1,-1
126.78538,218.00806,10.831673,7.516876,0.07562804,4,-1,-1
128.94681,134.33667,30.838638,15.723099,0.07561937,9,-1,-1
382.696,153.9913,20.042816,12.75853,0.07557541,6,-1,-1
717.7011,149.80946,5.4660034,7.362152,0.07554191,1,-1,-1
802.20404,226.38248,4.7853394,9.718765,0.07550135,10,-1,-1
636.73926,173.04639,4.410034,9.203629,0.075464755,1,-1,-1
1170.161,560.5537,19.157959,28.108643,0.07534468,10,-1,-1
806.62854,339.35834,7.1082153,9.936157,0.07520437,2,-1,-1
271.41226,179.0955,25.459137,16.67543,0.075102836,6,-1,-1
514.0305,133.92366,43.647217,16.675781,0.07499826,4,-1,-1
675.18353,116.43685,19.93628,9.39727,0.07493767,6,-1,-1
343.01428,348.87836,9.353119,11.863098,0.07483131,1,-1,-1
545.5571,167.75987,18.776245,9.199112,0.07481331,9,-1,-1
287.0678,174.16634,13.366974,10.055603,0.07447082,4,-1,-1
684.76526,208.00456,6.613098,8.563812,0.07415739,1,-1,-1
426.90814,156.27234,15.767914,10.881607,0.07404673,5,-1,-1
480.79257,169.01251,15.886658,6.3825684,0.0739817,4,-1,-1
1166.9542,554.6337,11.640747,23.543335,0.07364097,2,-1,-1
99.69713,241.8011,12.001869,7.50972,0.07359415,10,-1,-1
577.55414,176.55112,22.0307,11.806625,0.07342607,1,-1,-1
490.9793,188.6386,4.9716187,7.805359,0.07335681,1,-1,-1
99.78894,193.97893,52.993088,27.426956,0.07323757,6,-1,-1
1263.6815,180.92967,5.034912,9.544586,0.073094696,1,-1,-1
749.7374,436.98953,59.783264,29.674957,0.07306677,1,-1,-1
553.16974,164.23813,20.061462,9.711685,0.07304266,6,-1,-1
455.4692,187.84402,21.174469,10.266785,0.07287955,7,-1,-1
107.79017,201.2698,34.590767,20.574478,0.07277155,5,-1,-1
455.28876,188.16101,20.251465,10.255753,0.072693795,5,-1,-1
216.63625,188.50357,7.0814514,9.268158,0.0726915,1,-1,-1
461.8204,187.79315,5.7237244,8.694489,0.07247591,2,-1,-1
1163.4052,554.80286,10.686523,23.732056,0.072461516,2,-1,-1
553.57776,401.74948,9.219177,19.086365,0.07244998,2,-1,-1
976.527,120.69256,8.123352,6.977272,0.0723702,4,-1,-1
656.85406,115.87186,12.086731,6.852806,0.07234612,4,-1,-1
689.89075,825.54535,28.537964,65.697205,0.07204378,1,-1,-1
802.1911,226.49907,4.8554077,9.548264,0.07202023,3,-1,-1
689.53076,201.78748,6.1102905,10.03125,0.07199976,1,-1,-1
687.7862,191.55577,6.869446,9.977875,0.07178825,1,-1,-1
583.9479,273.54776,6.803955,13.256409,0.071733534,2,-1,-1
1293.9803,167.65381,6.0686035,9.053772,0.07166821,1,-1,-1
30.792416,51.659134,17.692581,11.832825,0.07164568,7,-1,-1
641.9452,175.2046,4.4468384,8.502869,0.07129261,1,-1,-1
672.834,120.45909,13.77887,6.193573,0.071256876,4,-1,-1
816.4634,338.526,8.70636,15.65979,0.07118371,1,-1,-1
992.5495,756.54626,10.679932,22.620972,0.07115063,2,-1,-1
290.38312,174.3056,7.9667664,8.4879,0.07110074,1,-1,-1
354.95782,182.17311,6.055023,7.607376,0.07086164,1,-1,-1
499.03223,165.51274,30.97644,11.946426,0.07084823,4,-1,-1
1234.7224,147.45859,5.025879,10.151886,0.07083538,1,-1,-1
392.74814,178.89232,7.302429,9.463593,0.070674,4,-1,-1
337.11478,181.25888,16.704102,10.53595,0.07062164,4,-1,-1
562.66516,182.85796,6.624817,8.477463,0.07026571,1,-1,-1
626.5816,172.13202,5.3794556,8.761063,0.07025665,2,-1,-1
470.16473,186.61731,5.615692,10.118256,0.07002702,1,-1,-1
337.11478,181.25888,16.704102,10.53595,0.06990188,6,-1,-1
501.59558,183.51967,5.3477783,8.647171,0.0696435,2,-1,-1
382.9285,154.68912,19.263367,11.170624,0.06957537,4,-1,-1
359.22565,182.95665,13.86853,7.701309,0.06954813,2,-1,-1
253.98412,171.51329,7.9052887,12.901657,0.069544405,1,-1,-1
75.53261,275.72552,11.714882,6.1948853,0.069488585,4,-1,-1
554.4515,182.74391,17.100525,8.4027405,0.06940976,5,-1,-1
552.2402,164.53615,21.470398,10.01091,0.069337696,4,-1,-1
1219.5616,671.414,16.617188,14.645996,0.069306284,2,-1,-1
639.9262,177.17319,7.5959473,10.953751,0.069297016,1,-1,-1
289.80167,174.19774,9.264893,10.684082,0.06910333,2,-1,-1
354.3239,179.78284,17.94043,9.53157,0.068947196,9,-1,-1
1113.56,156.3114,18.406128,10.726242,0.06877354,9,-1,-1
356.51544,179.56326,10.970154,8.104599,0.06874785,4,-1,-1
1224.9388,671.1373,13.1953125,20.297668,0.06867799,2,-1,-1
550.2854,165.32523,15.007568,8.173538,0.06860295,4,-1,-1
460.18118,187.91618,9.378174,8.852173,0.068579674,4,-1,-1
577.02997,174.10402,21.55365,10.159485,0.068401545,4,-1,-1
755.5739,432.0285,18.7807,17.818024,0.0683929,1,-1,-1
164.62654,187.99019,4.8041077,8.688171,0.06826362,1,-1,-1
489.07617,140.66388,27.15094,14.198654,0.068096906,5,-1,-1
565.2283,330.43665,9.899048,16.326477,0.06799394,1,-1,-1
680.62,200.08179,5.334656,12.040817,0.06770265,1,-1,-1
438.55634,322.02182,15.389191,22.650482,0.067694455,1,-1,-1
485.82498,167.65005,22.55658,9.54335,0.06761682,5,-1,-1
30.035587,51.985176,18.646736,15.146912,0.067601204,8,-1,-1
816.77313,188.65482,5.860901,8.577744,0.06750569,1,-1,-1
1168.9933,562.8118,12.448853,22.835144,0.067426264,1,-1,-1
614.3731,111.03036,14.169312,6.7421722,0.06732097,4,-1,-1
894.3687,219.50294,6.502136,16.774643,0.06721014,1,-1,-1
208.8802,203.4347,5.1277924,9.263931,0.06719151,1,-1,-1
765.30664,432.27292,12.307739,16.29242,0.06710854,2,-1,-1
1210.8925,158.45203,23.360962,10.828888,0.06706947,6,-1,-1
356.1328,181.77744,13.036987,8.369736,0.06700131,2,-1,-1
228.21623,168.16653,19.999771,9.771378,0.066871315,4,-1,-1
695.8109,118.151505,12.472229,8.73922,0.06683904,4,-1,-1
631.55115,172.2428,5.349365,8.951813,0.06665614,10,-1,-1
355.4078,180.88686,15.739105,9.176483,0.06641877,1,-1,-1
146.72824,193.05702,23.004074,14.688812,0.066233635,6,-1,-1
1259.0062,157.05328,5.5909424,7.8444366,0.06618646,1,-1,-1
806.10175,339.60345,7.9957275,10.337494,0.06595242,10,-1,-1
607.72003,175.9402,4.562256,8.736298,0.065705895,1,-1,-1
524.9641,167.71106,23.122742,9.731018,0.065692425,4,-1,-1
603.9645,552.35297,13.708191,31.035767,0.0656836,7,-1,-1
444.50635,321.91476,9.720367,18.835297,0.06564757,4,-1,-1
546.26086,168.54166,16.161377,7.672287,0.06560734,5,-1,-1
455.20642,187.99217,20.320648,10.562424,0.065579236,6,-1,-1
653.1905,114.34651,15.448608,9.114159,0.06554866,9,-1,-1
583.30853,286.94934,6.3997803,10.599762,0.065494895,3,-1,-1
625.91473,316.61465,6.899719,14.275848,0.06548923,10,-1,-1
633.0192,188.35037,12.05658,6.7964935,0.06546077,10,-1,-1
343.19586,355.2308,9.424866,10.158203,0.06525943,1,-1,-1
1083.7156,149.1438,14.505737,8.980606,0.06525391,5,-1,-1
605.6274,168.63538,7.9227295,7.438095,0.0652343,7,-1,-1
631.17474,169.02357,5.342102,8.5229645,0.06518033,10,-1,-1
108.298645,207.60904,28.559128,19.787292,0.065116316,5,-1,-1
558.11615,143.4139,19.652893,8.876785,0.065048754,4,-1,-1
547.29645,185.48526,22.001709,10.250809,0.06459081,5,-1,-1
1310.396,168.22382,86.24512,27.30423,0.0645031,6,-1,-1
390.57397,179.3799,10.743286,8.3246765,0.064451456,10,-1,-1
623.47424,323.3648,11.889038,14.0177,0.06436649,3,-1,-1
159.41403,169.70937,14.560684,7.5269012,0.064350426,10,-1,-1
840.3097,387.67618,39.723267,32.02182,0.06431967,1,-1,-1
1299.3931,158.19846,35.575073,19.029877,0.06406817,4,-1,-1
584.687,275.74493,8.180359,19.452484,0.06384036,3,-1,-1
669.0408,115.286194,20.095093,8.552063,0.06382033,4,-1,-1
