647.08514,227.39633,10.52478,15.951736,0.8483062,1,-1,-1
634.3382,233.13992,10.705688,21.15416,0.7878001,1,-1,-1
645.9638,256.4036,10.712524,15.774353,0.71050835,1,-1,-1
675.26794,224.32661,10.123779,16.426498,0.69389087,1,-1,-1
1095.8533,378.5961,10.939209,12.428314,0.6190948,1,-1,-1
944.84393,380.0553,11.334778,18.445953,0.5229199,1,-1,-1
1326.9739,319.87775,8.041382,7.5858765,0.48905608,1,-1,-1
964.11694,422.9034,7.84552,9.064362,0.44886872,1,-1,-1
991.45404,431.9034,6.855591,7.887085,0.42898116,1,-1,-1
932.3905,352.48917,10.305481,13.83078,0.42870772,1,-1,-1
1186.44,179.35515,6.8477783,10.813797,0.4229837,1,-1,-1
1235.8713,695.40576,15.775635,19.569458,0.3960157,4,-1,-1
937.4167,373.8781,8.936157,13.419708,0.39488098,1,-1,-1
933.53925,372.48956,12.276062,19.848114,0.38852355,1,-1,-1
1320.5029,329.8664,8.420166,7.7207947,0.36149275,1,-1,-1
969.1668,426.92075,7.217102,9.913055,0.35580927,1,-1,-1
987.44257,439.36612,7.236511,7.2389526,0.31936657,1,-1,-1
987.2465,430.17178,6.932495,9.796143,0.3165704,1,-1,-1
1116.7369,354.21735,9.178467,10.074432,0.31420434,1,-1,-1
989.709,429.1382,8.335388,8.645233,0.3058316,1,-1,-1
1079.5988,404.3666,14.113647,11.24823,0.30392143,1,-1,-1
1113.9838,391.9176,13.986694,10.580444,0.29909557,1,-1,-1
933.85077,352.94998,9.267273,13.195496,0.29806334,2,-1,-1
1241.8932,659.3185,14.185547,19.964417,0.2886377,5,-1,-1
820.46454,546.7182,34.332092,16.836731,0.28080338,4,-1,-1
1067.5038,227.02036,22.190063,18.724213,0.27853283,1,-1,-1
770.75836,506.50906,8.053955,9.317108,0.27034947,1,-1,-1
942.6973,351.70773,7.168152,13.248444,0.2646484,1,-1,-1
948.8937,380.14175,8.478394,12.603577,0.26456577,1,-1,-1
1323.7417,297.31433,11.497681,7.7101746,0.2602309,1,-1,-1
1187.9854,591.45013,26.181274,17.624512,0.25429368,10,-1,-1
966.87524,424.96957,9.2491455,9.424591,0.2509034,1,-1,-1
1342.764,367.02997,22.10254,23.901154,0.2505347,4,-1,-1
1134.3068,749.47394,3.659668,7.094055,0.24863708,1,-1,-1
932.7054,377.40594,8.324646,14.58371,0.248557,1,-1,-1
778.9852,534.72986,6.0238647,6.091675,0.23966882,1,-1,-1
1235.6095,695.434,16.21045,19.595947,0.23779011,5,-1,-1
1358.492,372.73013,22.935669,20.676392,0.23709634,4,-1,-1
820.46454,546.7182,34.332092,16.836731,0.23054776,5,-1,-1
986.6791,436.4827,8.077148,8.098267,0.22370046,1,-1,-1
1188.385,182.29387,4.9276123,8.65889,0.22091964,1,-1,-1
633.6011,491.52216,14.335083,26.45044,0.21560016,1,-1,-1
935.9873,373.4916,9.555603,10.572754,0.20838574,2,-1,-1
1046.9739,130.90417,17.718262,23.934113,0.20781505,2,-1,-1
819.97473,525.5774,26.759705,16.806702,0.20608512,5,-1,-1
938.797,373.8181,6.868103,8.771759,0.20590076,1,-1,-1
1124.8309,407.68747,8.114746,6.373291,0.20328,1,-1,-1
1242.0581,659.11255,14.073853,20.386292,0.20262054,4,-1,-1
820.46454,546.7182,34.332092,16.836731,0.20240429,6,-1,-1
988.0494,429.6484,5.5529175,6.7929993,0.1997076,1,-1,-1
1183.9795,618.23596,16.810303,7.7111816,0.19942096,10,-1,-1
1183.3345,614.5903,16.994873,8.046509,0.19934177,10,-1,-1
1253.8369,642.4416,145.68384,145.10236,0.19742203,6,-1,-1
1103.011,352.40414,7.8320312,9.124573,0.19662777,1,-1,-1
1320.3934,331.91254,9.464355,8.64151,0.19285911,1,-1,-1
846.571,549.5637,6.01239,12.786499,0.19228283,1,-1,-1
935.47784,375.244,8.329041,10.647949,0.19208324,1,-1,-1
936.6365,351.34305,13.586853,16.772247,0.18806139,1,-1,-1
819.97473,525.5774,26.759705,16.806702,0.18190843,6,-1,-1
819.89545,548.7168,5.95166,12.322815,0.17932433,1,-1,-1
1186.5717,626.84125,16.362305,8.641541,0.17136225,10,-1,-1
773.94836,507.79715,9.166626,9.930939,0.17134374,1,-1,-1
805.5513,614.44666,7.135437,7.404846,0.17060116,1,-1,-1
1045.24,126.464485,19.619751,29.267952,0.16897762,1,-1,-1
993.4872,433.14462,5.588562,5.845886,0.16872627,1,-1,-1
1112.5822,392.41046,15.298096,11.211151,0.16837451,2,-1,-1
1197.4221,518.9877,8.130005,7.1869507,0.16621107,1,-1,-1
943.44836,382.97214,8.7925415,14.867493,0.16526192,1,-1,-1
1185.719,621.7933,17.191895,8.017456,0.16413438,10,-1,-1
963.0101,424.45105,6.048401,7.5830994,0.16037264,1,-1,-1
989.1279,439.738,7.713684,8.412445,0.15992936,1,-1,-1
819.97473,525.5774,26.759705,16.806702,0.15978652,4,-1,-1
1319.9396,297.05756,11.995117,8.670044,0.15885517,1,-1,-1
848.4018,549.9775,6.189087,12.026062,0.15826666,1,-1,-1
1111.3573,397.68942,11.779175,8.993225,0.15682656,1,-1,-1
1183.6119,611.54834,16.306763,7.4642334,0.15580639,10,-1,-1
1382.4764,356.3798,17.044312,20.275604,0.15487835,4,-1,-1
769.04895,504.5505,8.49585,9.577423,0.153404,1,-1,-1
1182.1052,611.75757,22.111206,12.644897,0.14606175,10,-1,-1
967.86255,339.57123,8.694275,15.867889,0.1454212,1,-1,-1
932.9447,353.76746,6.8691406,10.154083,0.14185512,1,-1,-1
1183.9795,618.23596,16.810303,7.7111816,0.14174443,3,-1,-1
1329.3232,321.04684,6.483032,8.0138855,0.14128065,1,-1,-1
1235.8713,695.40576,15.775635,19.569458,0.14003116,6,-1,-1
939.2132,373.97507,6.362671,7.9575806,0.1397661,2,-1,-1
1016.3962,439.47653,6.440979,5.818695,0.13940668,1,-1,-1
822.62335,465.12396,33.75592,17.250916,0.1379447,5,-1,-1
946.5324,381.82346,7.267151,14.128723,0.13764912,1,-1,-1
935.28625,378.48938,7.1237183,11.257629,0.13706225,1,-1,-1
932.4283,352.05197,7.8584595,11.16745,0.13604736,2,-1,-1
1376.5785,352.1188,22.94226,33.85379,0.13505441,4,-1,-1
1180.9232,556.25964,7.897461,13.806763,0.13381085,1,-1,-1
890.32385,671.78845,9.906372,9.307068,0.13346103,1,-1,-1
958.22723,262.8507,5.3276978,10.371643,0.13237286,1,-1,-1
823.7564,491.1222,20.731506,11.990692,0.1319941,10,-1,-1
950.1366,380.91925,6.4014893,7.294922,0.13140169,1,-1,-1
962.0092,421.4692,8.354736,12.2146,0.13108173,1,-1,-1
634.9082,233.06503,9.546143,16.388138,0.13073668,2,-1,-1
943.153,351.9415,6.34906,8.977905,0.13054153,2,-1,-1
1119.3098,391.56058,9.452026,9.506866,0.13048089,1,-1,-1
938.7429,352.9606,8.134155,12.278717,0.12921855,1,-1,-1
771.2676,418.12805,7.114441,6.115143,0.12912399,1,-1,-1
1187.2874,628.6377,16.710693,7.8882446,0.12806243,1,-1,-1
1183.3345,614.5903,16.994873,8.046509,0.1277827,3,-1,-1
1080.6667,403.52448,10.158325,8.629486,0.124850154,1,-1,-1
1113.5009,394.36765,10.037598,9.427399,0.124751955,1,-1,-1
1103.011,352.40414,7.8320312,9.124573,0.12395808,2,-1,-1
1185.153,180.07599,6.380127,8.113235,0.122464836,1,-1,-1
1101.5931,346.81744,9.748657,15.2751465,0.122080505,1,-1,-1
990.06067,433.53812,7.7145996,9.320343,0.121925145,1,-1,-1
1150.1958,183.48541,8.339233,18.244293,0.12162879,1,-1,-1
1321.7266,297.6844,7.9978027,6.039856,0.12148246,1,-1,-1
949.82294,380.81226,6.9379272,7.882324,0.12142357,2,-1,-1
938.6543,370.8343,9.323547,13.633057,0.12099928,1,-1,-1
1346.451,360.61047,31.78772,33.044067,0.12077451,4,-1,-1
929.8012,348.36978,16.715271,17.66867,0.12075493,1,-1,-1
1185.719,621.7933,17.191895,8.017456,0.12007749,4,-1,-1
1346.4274,372.39194,26.458374,19.137146,0.12003592,4,-1,-1
939.7608,350.91696,8.916016,11.393555,0.11976829,1,-1,-1
929.85156,724.0048,31.821655,18.968567,0.11943394,4,-1,-1
963.9621,423.13477,8.103699,8.841431,0.11917782,2,-1,-1
640.90625,228.85039,14.214844,15.771912,0.11906996,1,-1,-1
1377.1094,372.34106,22.411377,29.101624,0.118617594,4,-1,-1
943.3065,352.325,6.274536,7.2752686,0.11569023,1,-1,-1
958.6768,260.6206,5.1154785,9.211487,0.115505785,1,-1,-1
819.8254,525.4703,28.336304,16.686646,0.115201056,10,-1,-1
777.80115,508.17172,7.092285,9.426239,0.1149618,1,-1,-1
1183.194,616.3428,20.006958,14.698486,0.114176154,10,-1,-1
1328.9607,297.86008,6.947998,6.9073486,0.114097655,1,-1,-1
1186.9645,595.25006,17.244629,14.038086,0.11402294,10,-1,-1
1318.8822,360.74664,28.637085,28.957458,0.11389759,4,-1,-1
636.2447,233.45564,7.203064,13.12381,0.11380878,1,-1,-1
1362.0537,400.71863,37.46704,31.925598,0.11365846,6,-1,-1
1269.334,749.355,13.079102,7.7218018,0.112324536,1,-1,-1
935.8918,351.8734,6.345398,10.883759,0.112231195,1,-1,-1
1190.6193,587.75037,26.086792,16.053223,0.11171758,10,-1,-1
1322.7153,432.27234,18.562622,7.8489685,0.11155546,10,-1,-1
1116.7285,354.373,9.243774,9.763794,0.11137968,2,-1,-1
973.46954,376.04633,5.0427246,9.980499,0.11092919,1,-1,-1
1339.3944,362.86926,25.617432,28.586853,0.11066741,5,-1,-1
645.8386,255.79846,10.594788,15.663147,0.11035064,2,-1,-1
1253.8369,642.4416,145.68384,145.10236,0.11026776,9,-1,-1
763.93494,435.20163,6.6763916,13.072998,0.110016525,1,-1,-1
671.4913,223.05527,11.393005,15.560562,0.10986695,1,-1,-1
935.8918,351.8734,6.345398,10.883759,0.10968804,2,-1,-1
1268.895,372.6112,21.425781,29.567047,0.109615624,4,-1,-1
938.18414,352.59653,9.006226,13.318268,0.10931283,2,-1,-1
770.2405,536.107,12.631226,22.354492,0.10906541,1,-1,-1
772.3501,505.0544,8.501221,13.968048,0.108882636,1,-1,-1
1154.9142,537.70355,7.489868,6.3693237,0.10852462,1,-1,-1
1122.3254,439.32547,10.385132,7.108246,0.1084882,2,-1,-1
811.24347,417.83478,9.628967,7.105438,0.10828918,1,-1,-1
1155.6736,492.38135,4.4731445,8.682434,0.10762465,1,-1,-1
1188.1233,628.92773,17.332153,7.4351196,0.107473254,4,-1,-1
1227.1938,757.60895,6.883423,6.451477,0.10693517,1,-1,-1
1184.8478,621.8551,16.696533,7.920471,0.105823755,3,-1,-1
1183.6659,618.17786,17.439453,7.506775,0.105784506,4,-1,-1
934.6583,369.09973,14.999084,18.819916,0.10545695,1,-1,-1
1187.9867,600.7951,24.282959,13.462585,0.10478905,10,-1,-1
1260.7529,94.79829,9.132446,25.014732,0.104658276,1,-1,-1
633.88885,491.65942,13.773132,26.336182,0.10447398,3,-1,-1
1067.4305,226.79297,22.35852,19.079239,0.10384625,2,-1,-1
819.97473,525.5774,26.759705,16.806702,0.103765994,8,-1,-1
1078.1078,403.0619,13.548706,19.29425,0.10365191,1,-1,-1
934.59045,375.36548,9.185791,15.754669,0.10344264,2,-1,-1
819.97473,525.5774,26.759705,16.806702,0.10343623,7,-1,-1
1347.4774,361.57306,31.014038,32.62085,0.10341287,5,-1,-1
1149.7146,183.13885,9.71582,19.127884,0.10285562,10,-1,-1
1187.4882,632.62695,15.237183,7.503357,0.102760494,1,-1,-1
990.65466,442.59335,6.0514526,6.1749268,0.10266903,1,-1,-1
1186.2949,625.69147,18.091064,7.881836,0.10242951,4,-1,-1
842.238,343.9806,6.180542,11.556122,0.101950556,1,-1,-1
1086.7596,502.367,14.880615,11.669739,0.10172391,2,-1,-1
1048.7379,428.22604,10.961914,27.333496,0.10127622,10,-1,-1
929.3429,724.241,32.659424,18.474792,0.10040715,1,-1,-1
1358.492,372.73013,22.935669,20.676392,0.1001828,5,-1,-1
1095.9685,377.5144,12.384399,13.809387,0.09972215,2,-1,-1
1115.0667,347.9637,11.744141,16.306793,0.09966713,1,-1,-1
1187.3019,624.537,21.953857,13.110107,0.099051,10,-1,-1
642.253,257.74356,16.430603,19.046448,0.098313004,1,-1,-1
1378.6202,375.18155,20.900513,24.523834,0.09767622,5,-1,-1
1079.5988,404.3666,14.113647,11.24823,0.09744942,2,-1,-1
947.36816,380.90982,7.5804443,9.373627,0.09614739,1,-1,-1
1116.8477,392.77,9.794556,7.1219788,0.09569895,1,-1,-1
770.76984,539.0606,8.1297,13.85907,0.095683336,1,-1,-1
1377.826,30.593647,21.694702,63.03992,0.09464434,4,-1,-1
776.545,534.05023,7.571167,7.9335938,0.09462136,1,-1,-1
1048.6708,427.8549,11.257324,27.999725,0.09457293,3,-1,-1
820.46454,546.7182,34.332092,16.836731,0.094557345,9,-1,-1
932.7054,377.40594,8.324646,14.58371,0.09413347,2,-1,-1
1120.6348,354.98383,6.9189453,8.317657,0.094070494,1,-1,-1
1357.9645,358.4066,38.52661,35.224365,0.09403092,4,-1,-1
967.7977,338.23962,8.707214,15.498627,0.093960404,3,-1,-1
843.44507,595.91644,7.9190063,9.106934,0.09375283,1,-1,-1
936.53186,375.88113,6.312439,10.364227,0.09347448,2,-1,-1
984.0396,435.19586,8.738403,9.472595,0.09339377,1,-1,-1
1362.0537,400.71863,37.46704,31.925598,0.093295336,5,-1,-1
1184.4974,621.8757,17.325195,7.527466,0.09324765,1,-1,-1
1235.6794,695.41724,16.134644,19.440369,0.09305048,9,-1,-1
1183.312,178.92407,8.523193,12.181549,0.0929679,1,-1,-1
1092.2947,699.8217,18.385986,14.927612,0.092876494,1,-1,-1
1190.4436,632.95575,16.186401,6.9814453,0.09275228,10,-1,-1
946.8261,380.48337,8.658447,11.947144,0.09220585,2,-1,-1
970.816,383.25555,6.9398804,14.688568,0.09208313,1,-1,-1
1255.0793,641.67346,144.4414,145.87048,0.09161809,5,-1,-1
1112.4907,400.78427,9.249268,4.7601013,0.09155777,1,-1,-1
1183.6119,611.54834,16.306763,7.4642334,0.09099418,3,-1,-1
1188.9194,598.5935,14.761108,10.159729,0.09058815,1,-1,-1
815.9785,427.5227,5.3068237,9.817474,0.09045789,1,-1,-1
1062.7886,225.95236,18.005371,22.212082,0.09014472,1,-1,-1
1109.2675,390.7108,17.648438,15.03894,0.09011814,1,-1,-1
1095.2668,374.4836,13.356567,21.032288,0.08997074,1,-1,-1
775.7065,510.89258,7.079956,8.088867,0.089913845,1,-1,-1
1366.3324,0.0,18.606567,14.428684,0.089820355,1,-1,-1
1117.2665,391.533,11.941528,9.951202,0.08979684,2,-1,-1
933.1917,380.0579,6.3988647,9.429596,0.0897432,1,-1,-1
1124.6953,431.57584,6.7695312,7.525116,0.08957991,1,-1,-1
1324.5497,318.90372,11.464966,10.7239685,0.08953127,1,-1,-1
1136.3312,104.608665,14.299438,35.258415,0.0892438,1,-1,-1
1188.4921,602.5242,15.966187,8.362671,0.08837956,10,-1,-1
1015.36084,440.7247,7.8189697,15.327667,0.08803904,1,-1,-1
1152.1135,488.84515,7.3216553,11.319061,0.087937474,1,-1,-1
1120.3276,630.5587,8.796753,8.774963,0.087732315,2,-1,-1
933.4292,377.04816,6.1032715,9.148865,0.08731696,1,-1,-1
1098.279,420.55045,10.569702,7.7178955,0.08702582,1,-1,-1
964.91223,421.3551,10.644836,9.249054,0.086993754,1,-1,-1
1378.3038,352.99646,21.216919,30.498901,0.0865863,5,-1,-1
1121.4031,431.93445,34.039307,27.17508,0.08651823,10,-1,-1
988.35376,466.1719,10.83429,5.2903748,0.08632305,1,-1,-1
1318.5771,330.83514,12.402954,13.475952,0.08629575,1,-1,-1
1362.3289,369.93896,29.31958,25.112457,0.08623946,4,-1,-1
1210.1747,662.2367,14.276001,24.248596,0.086227536,4,-1,-1
1319.0515,333.30884,8.19751,6.4135437,0.08601189,1,-1,-1
1151.3048,168.31215,7.215454,16.164337,0.08597916,1,-1,-1
821.73975,504.28705,33.062195,16.17389,0.08588201,6,-1,-1
933.00507,355.8066,5.512146,11.705322,0.08572343,1,-1,-1
1079.5988,404.3666,14.113647,11.24823,0.08547881,10,-1,-1
945.2756,380.58328,9.893372,17.280731,0.08516243,3,-1,-1
1179.4567,443.80368,11.505127,10.643799,0.0850113,10,-1,-1
920.6936,296.33307,7.8948975,15.144501,0.08489448,1,-1,-1
1121.6226,439.15576,9.633911,7.1608276,0.08469981,1,-1,-1
1098.7834,380.6081,8.395996,8.220795,0.08428338,1,-1,-1
835.15234,603.48486,5.9016113,6.5895386,0.083825886,1,-1,-1
931.0124,352.68658,13.754944,21.946869,0.08375549,1,-1,-1
1344.1033,573.22144,12.370605,33.355164,0.08371499,1,-1,-1
1122.9989,435.98938,9.342041,8.282318,0.08367899,2,-1,-1
1362.7311,400.5474,36.789673,32.390747,0.083514124,4,-1,-1
819.8254,525.4703,28.336304,16.686646,0.083511144,3,-1,-1
929.403,353.08026,8.855835,13.122284,0.08350316,1,-1,-1
972.7227,377.71533,6.218933,12.537933,0.083396316,1,-1,-1
1017.09393,449.32907,6.5839844,8.104248,0.08305454,1,-1,-1
1304.4031,355.15924,38.805298,39.38034,0.083049566,4,-1,-1
945.2756,380.58328,9.893372,17.280731,0.0830147,10,-1,-1
1086.8049,500.23666,17.591675,14.239349,0.08297455,1,-1,-1
965.9908,338.14612,8.603699,13.927063,0.082680285,1,-1,-1
1268.1388,87.08557,7.6967773,14.088997,0.08255133,2,-1,-1
1060.448,224.6577,28.498535,28.653305,0.08243984,1,-1,-1
932.2249,355.22784,7.3779297,11.853943,0.082335144,2,-1,-1
1122.9989,435.98938,9.342041,8.282318,0.08209568,1,-1,-1
1187.3019,624.537,21.953857,13.110107,0.08176017,1,-1,-1
968.1821,336.58728,7.7750244,12.757111,0.081575185,1,-1,-1
929.85156,724.0048,31.821655,18.968567,0.08148387,10,-1,-1
1187.7966,629.02405,15.426636,7.344055,0.081478596,3,-1,-1
1342.5065,369.12836,22.998901,22.254059,0.08134779,1,-1,-1
824.21515,492.13358,18.003784,9.638977,0.08123696,4,-1,-1
935.65265,369.79718,9.026184,12.4823,0.08114612,1,-1,-1
993.3364,428.93732,6.838745,9.679321,0.08112982,1,-1,-1
1079.6073,702.5598,12.996704,12.522217,0.08096379,1,-1,-1
1183.3345,614.5903,16.994873,8.046509,0.080724955,4,-1,-1
1172.8682,368.50482,7.784668,17.208313,0.08060554,1,-1,-1
1186.5916,625.5299,17.368164,8.2526245,0.08054626,1,-1,-1
1150.8441,162.63773,8.5546875,18.165558,0.08042696,1,-1,-1
1189.4567,599.8499,16.628906,8.639587,0.08014181,10,-1,-1
969.77875,425.29858,4.8952026,8.384186,0.08013934,1,-1,-1
1116.6604,354.09436,9.331055,10.290924,0.08006263,3,-1,-1
1368.0612,335.62192,19.573853,18.714233,0.07999468,4,-1,-1
955.45575,259.6229,5.2527466,10.2716675,0.07989663,1,-1,-1
970.30884,282.34384,4.8044434,10.474884,0.07871452,1,-1,-1
1119.372,351.14926,8.997925,11.471863,0.078662425,1,-1,-1
822.92303,466.17993,33.68103,17.333557,0.07857528,4,-1,-1
904.52405,515.7917,10.186462,14.630737,0.07845703,1,-1,-1
766.72614,501.5454,8.525879,12.992249,0.078262806,1,-1,-1
994.6461,443.3792,5.6575317,7.851288,0.07820135,1,-1,-1
1112.4043,391.81934,15.703613,13.13559,0.07785252,10,-1,-1
511.23096,234.18549,28.708496,38.246674,0.07776609,4,-1,-1
968.77924,343.62955,6.5445557,10.131653,0.07764557,1,-1,-1
809.83923,417.3891,5.342346,7.3125916,0.077611566,1,-1,-1
1186.5131,179.38399,6.843506,10.758011,0.07754797,2,-1,-1
1183.6659,618.17786,17.439453,7.506775,0.07737693,1,-1,-1
1317.4583,359.72873,30.798706,30.333038,0.07715461,5,-1,-1
1358.344,576.10126,12.944702,35.926636,0.07702088,1,-1,-1
1096.5277,381.36935,7.3952637,10.853088,0.076967776,1,-1,-1
965.27527,424.5399,7.3046265,11.607971,0.07677391,1,-1,-1
1384.0856,380.3728,15.435181,20.050232,0.076767445,4,-1,-1
935.79785,380.0155,6.0268555,9.193695,0.07675511,2,-1,-1
847.9895,591.54803,6.215637,10.23645,0.076583505,1,-1,-1
967.58655,426.27377,8.290039,5.06958,0.07642543,1,-1,-1
930.86304,350.70187,14.179199,17.268524,0.07628238,2,-1,-1
769.87714,502.2933,11.6449585,13.409943,0.07624543,1,-1,-1
779.8598,534.9551,9.098816,6.0775146,0.07616183,1,-1,-1
967.7977,338.23962,8.707214,15.498627,0.07593039,10,-1,-1
1331.0961,276.25626,14.944336,15.963348,0.07553908,4,-1,-1
924.8876,297.6043,6.6853027,13.629608,0.07544404,1,-1,-1
791.80316,578.0281,4.71344,7.559204,0.07543677,1,-1,-1
1065.1403,226.14795,10.093994,8.32457,0.075349,1,-1,-1
822.0326,504.14825,32.799927,16.224487,0.075318426,4,-1,-1
1353.2216,579.89667,11.729126,32.69452,0.07498872,10,-1,-1
851.32196,550.3578,5.581665,11.354492,0.07488641,1,-1,-1
964.04926,422.61172,8.031311,9.584106,0.074836195,10,-1,-1
1366.3324,0.0,18.606567,14.428684,0.074768126,10,-1,-1
935.94324,354.7584,6.364441,12.904816,0.074710906,1,-1,-1
822.0326,504.14825,32.799927,16.224487,0.07459965,5,-1,-1
1358.492,372.73013,22.935669,20.676392,0.074429005,1,-1,-1
1112.4069,392.88748,13.812866,12.032166,0.07439265,3,-1,-1
1255.0793,641.67346,144.4414,145.87048,0.074023515,4,-1,-1
648.6319,226.75363,6.5582275,13.235626,0.07384983,1,-1,-1
1347.7047,579.7779,11.833984,31.078918,0.07376939,10,-1,-1
1068.9764,230.99834,11.16272,14.578537,0.07354674,1,-1,-1
671.22675,225.35616,15.231567,22.254257,0.07352051,1,-1,-1
932.51447,372.8054,10.128296,11.061859,0.073343396,1,-1,-1
964.04926,422.61172,8.031311,9.584106,0.07327053,3,-1,-1
1362.7311,400.5474,36.789673,32.390747,0.07295892,9,-1,-1
940.15875,351.28378,8.06366,10.261871,0.07269508,2,-1,-1
969.28314,427.23224,6.990906,9.5703125,0.07259029,2,-1,-1
1187.9854,591.45013,26.181274,17.624512,0.0722298,3,-1,-1
1092.6565,698.8425,18.881592,15.72345,0.07203317,4,-1,-1
992.5571,466.0653,8.870483,6.136444,0.071698904,1,-1,-1
942.6626,378.44275,8.856628,15.530609,0.07113376,1,-1,-1
1186.5916,625.5299,17.368164,8.2526245,0.07111922,3,-1,-1
636.4586,238.9806,7.232727,17.16652,0.0708434,1,-1,-1
1321.472,328.22775,7.6467285,6.9026184,0.070602834,1,-1,-1
940.6043,375.02734,9.648621,12.090851,0.070459485,1,-1,-1
1016.2604,447.30048,7.024536,7.8105164,0.07036626,1,-1,-1
1188.4921,602.5242,15.966187,8.362671,0.070121855,3,-1,-1
971.69794,427.95575,5.9332275,8.473663,0.069755554,1,-1,-1
1301.1936,363.64127,32.731445,40.97525,0.06963804,4,-1,-1
1031.8213,706.31836,5.4106445,14.043213,0.06959748,1,-1,-1
1081.4729,405.67297,7.732788,8.296356,0.06938508,1,-1,-1
1232.7274,84.90803,7.7628174,15.333176,0.069372356,1,-1,-1
647.08514,227.39633,10.52478,15.951736,0.06937027,4,-1,-1
1251.8711,71.70859,7.5195312,15.920746,0.0693109,1,-1,-1
1123.3044,408.09045,7.6729736,4.5158386,0.06921995,1,-1,-1
769.1981,536.8493,7.291321,12.13147,0.0688262,1,-1,-1
1117.291,395.01285,8.281128,7.847412,0.06867877,1,-1,-1
925.8767,375.02194,15.399597,18.941132,0.06866509,1,-1,-1
787.3111,543.953,5.812805,9.377075,0.068565845,1,-1,-1
1322.5343,432.6279,21.802368,12.8685,0.0685505,10,-1,-1
646.9291,226.84366,10.025269,15.873749,0.068425894,2,-1,-1
1363.416,584.8033,12.8897705,32.744812,0.06837261,10,-1,-1
1242.0581,659.11255,14.073853,20.386292,0.06820279,6,-1,-1
634.34845,233.11903,10.603577,20.963013,0.06799555,4,-1,-1
1324.0234,297.22568,11.107178,7.9415283,0.067937404,2,-1,-1
1189.0942,629.79974,15.822266,6.13916,0.06790182,10,-1,-1
902.99896,518.54443,8.947937,14.289429,0.06788227,1,-1,-1
947.63837,381.32135,6.498291,7.1740723,0.06780422,2,-1,-1
815.765,425.064,5.5786743,8.822144,0.067760885,1,-1,-1
1334.8533,0.0,49.010986,23.862938,0.067572504,4,-1,-1
1121.54,392.52258,6.463135,6.5649414,0.06751913,1,-1,-1
969.63184,430.2048,5.890381,8.270752,0.06749782,1,-1,-1
1148.0063,186.23283,8.232422,16.469604,0.067471445,1,-1,-1
1363.2656,0.0,30.738525,18.429049,0.067414284,4,-1,-1
933.34766,377.29865,6.40271,8.1241455,0.06736091,2,-1,-1
1305.5453,442.69986,12.0842285,10.7846985,0.06734127,1,-1,-1
1018.3358,15.16815,21.403442,23.298796,0.06709191,2,-1,-1
1123.5216,431.69626,5.095703,7.3629456,0.066955924,1,-1,-1
936.51807,374.6757,7.435669,6.665344,0.06688395,2,-1,-1
936.51807,374.6757,7.435669,6.665344,0.06686208,1,-1,-1
1076.7283,455.60822,9.523682,10.520233,0.066672504,2,-1,-1
1337.3302,294.33047,8.531738,10.260223,0.06655216,1,-1,-1
1137.2625,105.83988,10.446045,24.132164,0.06649017,1,-1,-1
1120.0269,630.9057,9.074219,8.450073,0.06633979,1,-1,-1
635.28326,232.94424,8.642212,21.882584,0.06627393,3,-1,-1
1012.67303,12.738852,30.627258,28.51148,0.06605336,10,-1,-1
1357.9645,358.4066,38.52661,35.224365,0.066031754,5,-1,-1
1067.3026,231.3194,16.90564,19.503494,0.065876424,1,-1,-1
1112.0259,688.5559,11.25647,11.467407,0.06556386,10,-1,-1
939.4098,376.34534,14.963684,24.05249,0.06554371,1,-1,-1
1153.9188,535.6551,9.481934,6.9003906,0.06554273,1,-1,-1
1189.4534,593.99054,11.188721,13.083618,0.065452546,1,-1,-1
1083.0535,406.28745,10.5061035,6.6219482,0.06534469,1,-1,-1
921.40814,323.79733,6.7855835,11.742432,0.065116405,1,-1,-1
966.40137,424.54205,9.887695,10.336304,0.06496814,2,-1,-1
1251.8711,71.70859,7.5195312,15.920746,0.06489357,2,-1,-1
1062.3073,455.8357,11.4678955,11.804749,0.06479716,1,-1,-1
1092.6075,502.96698,11.289429,12.40741,0.06468132,2,-1,-1
1105.1731,683.80524,18.450195,14.045715,0.06454277,10,-1,-1
1197.4564,518.96027,8.052002,7.1882324,0.064534694,2,-1,-1
940.95734,263.1937,4.270813,9.066895,0.06443477,1,-1,-1
1190.5714,633.50653,8.989868,5.934387,0.06431982,1,-1,-1
1377.7333,30.136702,21.787476,62.894623,0.06417304,5,-1,-1
1228.4229,771.1435,6.63562,6.978821,0.06411901,1,-1,-1
1378.7616,352.36023,20.759155,31.221283,0.06407568,6,-1,-1
1382.0732,357.33774,17.44751,18.632965,0.0639039,1,-1,-1
1213.9198,433.03317,6.407837,6.2195435,0.06385225,1,-1,-1
1327.7338,297.02487,5.6695557,7.882904,0.06384385,1,-1,-1
940.74243,165.06612,4.8516846,8.087067,0.063797146,1,-1,-1
955.67224,261.46164,6.2077026,12.005676,0.06377751,1,-1,-1
1226.8263,759.0522,7.501831,8.728394,0.063755244,1,-1,-1
1185.2832,177.86948,5.3447266,8.012833,0.06369567,1,-1,-1
1118.0128,357.29385,7.005493,8.486267,0.06365147,1,-1,-1
839.037,530.74884,4.118164,8.440186,0.06364679,1,-1,-1
1039.7892,131.15771,20.400513,25.367874,0.06361735,2,-1,-1
1120.6956,392.2587,7.565796,7.310547,0.06353891,2,-1,-1
802.78296,588.96796,9.593018,7.845093,0.06353089,1,-1,-1
1096.6204,416.12653,8.960205,10.987213,0.063499,1,-1,-1
839.51294,533.956,3.9332275,7.8554688,0.06344867,1,-1,-1
790.7236,352.5889,4.6123047,5.9721985,0.06323326,1,-1,-1
1050.6101,132.68315,10.061523,15.478424,0.063059896,2,-1,-1
1048.7379,428.22604,10.961914,27.333496,0.06305891,1,-1,-1
929.1541,88.9719,4.831787,6.5370407,0.06294504,1,-1,-1
1125.7073,406.22827,10.401367,8.762146,0.06292829,1,-1,-1
1122.4696,430.99338,7.7718506,9.984222,0.06288725,1,-1,-1
1136.3312,104.608665,14.299438,35.258415,0.062836826,2,-1,-1
1186.5007,607.6761,17.335938,7.3217773,0.062746525,10,-1,-1
1059.4156,217.75433,17.565308,10.854797,0.062726796,1,-1,-1
1111.3302,394.75183,8.355347,9.974396,0.06271693,1,-1,-1
1245.6006,91.77917,8.243774,16.888458,0.06265095,2,-1,-1
1046.5465,130.33665,18.079834,24.748672,0.06260884,10,-1,-1
1188.9194,598.5935,14.761108,10.159729,0.06256026,2,-1,-1
933.1917,380.0579,6.3988647,9.429596,0.06252551,2,-1,-1
1131.6737,414.86902,8.620361,7.2680664,0.062286943,1,-1,-1
1374.8485,369.53598,24.672241,32.64087,0.06225103,6,-1,-1
1124.4587,431.42078,7.173584,7.9668884,0.062232643,2,-1,-1
938.6543,370.8343,9.323547,13.633057,0.062213898,2,-1,-1
1171.3661,686.88324,3.536377,8.2178955,0.062189043,1,-1,-1
1171.1823,684.28973,3.605713,7.696533,0.062167704,1,-1,-1
846.6491,593.26715,8.621948,11.058533,0.062117368,1,-1,-1
822.6501,466.3849,32.885254,17.23352,0.062087685,10,-1,-1
933.02576,372.50864,12.458008,19.979095,0.062029928,3,-1,-1
636.80457,233.81535,6.2719116,10.985367,0.06199822,2,-1,-1
944.62415,385.71613,5.5703125,11.612122,0.0619525,1,-1,-1
1268.1245,89.145645,7.6760254,13.836998,0.061814874,1,-1,-1
1111.4578,397.06384,11.466919,9.898712,0.06180206,2,-1,-1
1111.3573,397.68942,11.779175,8.993225,0.061770767,3,-1,-1
787.4385,541.9106,5.804138,7.4561768,0.06175676,1,-1,-1
760.0643,424.09348,6.4468994,14.669189,0.061751753,1,-1,-1
1323.2454,431.9843,17.532349,8.143188,0.061530143,3,-1,-1
1120.3198,750.38666,4.5375977,6.2964478,0.06146592,1,-1,-1
1005.63,454.27493,6.0950317,6.9410706,0.0614056,1,-1,-1
933.5875,352.41608,5.015442,8.584198,0.061264038,1,-1,-1
1302.3177,377.15472,17.46228,30.096222,0.061219692,4,-1,-1
1061.6415,241.5921,17.175903,18.01715,0.061094284,1,-1,-1
1179.4844,443.48563,11.252075,12.464996,0.060872167,3,-1,-1
644.4659,255.54333,8.8394165,12.453278,0.06085387,1,-1,-1
1121.882,352.60895,5.8605957,8.071655,0.06078303,1,-1,-1
891.55975,512.44385,7.9627075,7.532776,0.06077206,1,-1,-1
1104.4294,126.54237,17.738525,32.46245,0.06064537,1,-1,-1
1078.5436,750.6495,7.591675,5.713806,0.060579628,1,-1,-1
1101.2059,354.46173,7.963623,7.913788,0.0605675,1,-1,-1
1111.6898,399.58295,6.8623047,6.507721,0.060399145,1,-1,-1
987.66016,441.59872,7.45459,7.486725,0.060221523,1,-1,-1
849.6712,512.87146,4.310791,6.3778687,0.060185075,1,-1,-1
929.3429,724.241,32.659424,18.474792,0.06013456,2,-1,-1
941.98114,348.41315,8.66156,11.57843,0.060067475,1,-1,-1
511.13995,235.32172,27.62201,36.29547,0.060001224,1,-1,-1
1092.6565,698.8425,18.881592,15.72345,0.05999416,10,-1,-1
1185.066,177.06618,9.906128,10.993423,0.059989095,1,-1,-1
947.3156,377.47684,13.25116,22.53543,0.05980313,1,-1,-1
1173.6929,185.24106,4.864502,6.4169617,0.05975744,1,-1,-1
1269.3374,85.79466,7.764038,13.083611,0.05971089,1,-1,-1
774.0075,545.20166,8.651245,13.430176,0.05970338,1,-1,-1
1113.6447,394.17456,9.161865,9.952545,0.059681475,2,-1,-1
1187.0894,599.16064,10.863403,8.991028,0.05966571,1,-1,-1
820.46454,546.7182,34.332092,16.836731,0.059653103,7,-1,-1
965.4852,421.71628,5.2911987,8.638306,0.059533775,2,-1,-1
1308.7333,275.1446,7.0058594,6.665344,0.059518605,1,-1,-1
1187.844,628.23816,15.144287,8.818481,0.059499234,2,-1,-1
778.1035,512.09143,7.274475,6.687439,0.059491962,1,-1,-1
1060.8271,221.41489,16.236206,14.514175,0.05945131,1,-1,-1
935.2298,374.0169,10.096191,14.861176,0.05940613,10,-1,-1
972.56976,382.48666,6.343994,11.33139,0.05934435,1,-1,-1
803.94244,615.6964,8.112671,8.910706,0.059271485,1,-1,-1
1210.4596,663.48096,15.481079,29.332764,0.059234887,5,-1,-1
1362.3289,369.93896,29.31958,25.112457,0.059165895,5,-1,-1
1327.7156,321.17075,5.133423,7.9555664,0.05914572,1,-1,-1
1134.3068,749.47394,3.659668,7.094055,0.059099138,2,-1,-1
1152.3926,444.6722,18.585327,37.511627,0.05885178,10,-1,-1
1173.5404,553.19635,6.281006,7.435852,0.05875671,1,-1,-1
910.67554,577.599,41.28955,57.003845,0.05869165,6,-1,-1
1190.4028,589.8581,19.92688,10.506836,0.058687717,10,-1,-1
1061.466,224.41498,13.115234,8.178558,0.058596015,1,-1,-1
951.1439,379.9764,8.776123,10.469727,0.05859074,1,-1,-1
824.0318,492.03845,18.781921,9.5112,0.058541387,7,-1,-1
1000.3357,132.36104,67.06299,34.556046,0.058434457,4,-1,-1
1364.804,367.63495,18.640259,22.742157,0.058318406,4,-1,-1
1101.5931,346.81744,9.748657,15.2751465,0.05829242,2,-1,-1
1235.5002,695.4138,16.318604,19.58252,0.058231175,10,-1,-1
973.71783,380.3547,4.393982,8.152679,0.058114946,1,-1,-1
1320.028,298.1161,7.2994385,5.0250854,0.058103204,1,-1,-1
1063.7614,228.13145,24.39502,19.84233,0.058101147,4,-1,-1
1231.3304,451.47314,9.301514,12.020264,0.058004797,1,-1,-1
1377.7333,30.136702,21.787476,62.894623,0.05792114,9,-1,-1
1188.7839,599.2056,15.8741455,9.214111,0.057830304,3,-1,-1
962.64355,421.99884,6.293091,7.5895386,0.057761014,1,-1,-1
923.09985,48.41224,5.0114746,7.3256416,0.05769068,1,-1,-1
846.0979,549.3023,5.0357056,9.022217,0.057622433,1,-1,-1
1187.2743,604.1006,13.954102,9.276245,0.057621807,10,-1,-1
1122.4292,406.0535,9.033691,8.360016,0.05742243,1,-1,-1
1188.051,632.9829,14.0354,6.8311157,0.057418168,3,-1,-1
911.3595,608.6461,6.4190063,5.3953247,0.057358146,1,-1,-1
