403.01578,154.24213,21.197998,34.321457,0.85113955,1,-1,-1
660.05426,19.283659,13.5303955,33.211716,0.8214836,1,-1,-1
444.36356,149.36415,20.373505,33.952545,0.79979444,1,-1,-1
227.92361,302.57193,29.238617,64.215,0.76803535,1,-1,-1
433.15045,76.18384,20.656769,32.7613,0.7667483,1,-1,-1
720.80554,53.720142,15.104553,32.319027,0.75591373,1,-1,-1
566.3326,195.00371,23.95636,49.76149,0.7404432,1,-1,-1
627.247,231.20929,26.57544,46.005493,0.7368194,1,-1,-1
727.1014,124.15356,14.016785,40.41253,0.55683523,1,-1,-1
841.4854,359.749,19.534973,36.652527,0.5211636,1,-1,-1
687.303,55.76726,15.973328,33.703983,0.47513714,1,-1,-1
261.69504,332.08014,22.373047,40.543854,0.47033697,1,-1,-1
30.066977,105.611885,32.823914,40.83738,0.44511318,2,-1,-1
860.37006,365.59283,21.202698,38.496765,0.42930564,1,-1,-1
231.40239,243.89697,30.090286,47.599274,0.42781794,1,-1,-1
311.25034,289.63794,29.365936,69.25012,0.42075416,1,-1,-1
1004.15405,136.71365,24.385132,40.667908,0.40687418,4,-1,-1
1276.6573,327.11255,32.30066,42.05612,0.3709529,4,-1,-1
856.55426,347.5676,19.630615,42.9198,0.3521269,1,-1,-1
1342.2789,702.628,57.24182,84.915955,0.31279993,6,-1,-1
239.20203,261.35773,20.250519,28.406403,0.27082616,1,-1,-1
27.85956,106.67885,35.479897,40.580658,0.26545888,1,-1,-1
392.8012,79.3451,28.671997,32.837227,0.26070547,2,-1,-1
261.69504,332.08014,22.373047,40.543854,0.24553555,2,-1,-1
821.90466,339.6765,23.636292,45.010498,0.24325362,1,-1,-1
787.0559,140.96135,10.154846,24.050339,0.21116716,1,-1,-1
395.28113,78.60531,28.371918,35.425446,0.20677724,1,-1,-1
389.25763,186.16373,16.153564,32.397537,0.20347953,1,-1,-1
1084.9266,395.24585,64.87512,65.60123,0.19805646,8,-1,-1
459.72394,220.35248,31.057281,45.93814,0.19217622,1,-1,-1
56.19912,365.164,23.73246,22.454712,0.18475708,1,-1,-1
1118.1339,435.6008,25.94397,25.934662,0.18190068,1,-1,-1
830.6549,112.02104,7.510193,19.653015,0.17580006,1,-1,-1
461.68042,181.26027,16.561066,37.110214,0.1723606,1,-1,-1
712.7491,161.66289,13.075439,35.90445,0.16875207,1,-1,-1
1271.5353,635.32684,86.54126,87.6192,0.16869792,6,-1,-1
701.8072,289.62943,7.937439,19.790771,0.16754934,1,-1,-1
1271.5353,635.32684,86.54126,87.6192,0.16248968,4,-1,-1
695.7881,162.19582,11.938904,30.268112,0.16085094,1,-1,-1
1084.9266,395.24585,64.87512,65.60123,0.16038746,7,-1,-1
841.51935,358.89954,19.701965,37.33026,0.15790501,10,-1,-1
311.18652,289.46652,29.606537,69.61688,0.15777802,10,-1,-1
0.0,105.12606,51.71284,41.610252,0.15019438,2,-1,-1
77.37295,229.4188,28.490196,44.869385,0.14884913,1,-1,-1
393.63876,78.27343,28.5914,35.78109,0.1470356,10,-1,-1
841.8006,359.59354,18.937256,36.999847,0.1445122,2,-1,-1
566.26324,194.39809,24.15149,50.35913,0.14340854,2,-1,-1
13.812295,101.59675,55.645973,50.860542,0.13910204,2,-1,-1
1004.3548,137.27986,23.79132,39.751907,0.13828632,5,-1,-1
699.61707,256.01144,18.621338,53.620087,0.13788363,1,-1,-1
821.7162,349.1707,15.596558,39.30075,0.1374569,1,-1,-1
821.7884,347.12027,17.163452,40.583313,0.13537341,10,-1,-1
728.56665,135.10214,9.480408,29.733475,0.13472903,1,-1,-1
1166.2043,500.69595,71.993286,75.5806,0.13421187,4,-1,-1
433.26627,76.39179,20.557098,32.313835,0.13241875,2,-1,-1
1252.8251,310.72733,53.610474,55.90332,0.13082615,4,-1,-1
1336.4828,697.785,63.037964,89.75897,0.1303955,7,-1,-1
0.0,102.49702,27.301832,42.743217,0.12857795,2,-1,-1
628.1118,231.29402,26.043274,45.496048,0.1281932,2,-1,-1
1118.4856,435.0919,24.68396,25.711456,0.12816563,2,-1,-1
58.694744,366.45593,21.736012,20.412567,0.12713042,10,-1,-1
841.9986,358.51105,18.014832,38.76886,0.123380154,4,-1,-1
609.0966,292.49942,19.859314,36.48163,0.12323752,1,-1,-1
480.8115,316.54846,7.158966,16.632263,0.12222481,1,-1,-1
1331.9283,734.8571,15.122803,25.629517,0.12042484,1,-1,-1
311.18652,289.46652,29.606537,69.61688,0.12040457,2,-1,-1
784.964,139.27419,17.127563,31.66127,0.11982849,1,-1,-1
0.0,106.91956,46.240257,39.380928,0.119493246,1,-1,-1
821.4894,339.85605,23.835632,44.90796,0.11794609,2,-1,-1
393.2529,77.873535,29.42163,36.81978,0.11740166,7,-1,-1
233.49083,244.85909,27.97438,46.24977,0.11449644,2,-1,-1
727.1014,124.15356,14.016785,40.41253,0.1142579,4,-1,-1
691.4644,157.53894,12.820984,31.948486,0.113535196,1,-1,-1
151.70345,329.94766,26.238083,48.92749,0.11341658,1,-1,-1
633.90955,18.429972,11.241028,25.531702,0.113312155,1,-1,-1
227.92361,302.57193,29.238617,64.215,0.112926215,2,-1,-1
1166.2043,500.69595,71.993286,75.5806,0.1127443,5,-1,-1
1276.6573,327.11255,32.30066,42.05612,0.11250746,5,-1,-1
1269.8164,634.7197,89.75452,87.93103,0.11199278,5,-1,-1
720.80554,53.720142,15.104553,32.319027,0.111328155,4,-1,-1
140.56274,310.05835,35.12593,68.35297,0.11087865,1,-1,-1
841.87714,344.43658,25.149353,45.63681,0.109414786,1,-1,-1
45.61378,324.5278,15.600662,19.337341,0.10830122,1,-1,-1
319.2048,313.0461,18.399841,47.92935,0.107634425,1,-1,-1
239.20203,261.35773,20.250519,28.406403,0.106820434,2,-1,-1
230.73222,245.34071,31.117752,47.152054,0.10584515,10,-1,-1
51.96121,354.9722,30.960903,36.05539,0.10501552,1,-1,-1
445.30908,200.31721,17.430725,36.084366,0.104203165,1,-1,-1
1084.6108,396.14047,64.85889,64.867065,0.104126215,6,-1,-1
141.78665,309.33267,24.287476,30.721252,0.101809144,2,-1,-1
860.37006,365.59283,21.202698,38.496765,0.101018846,2,-1,-1
141.07161,308.82056,26.578857,38.418518,0.10076904,1,-1,-1
397.64987,79.42079,18.800995,24.999893,0.10044223,2,-1,-1
459.88428,220.30756,30.07904,45.973785,0.10035494,2,-1,-1
624.1544,267.62128,24.461182,50.57138,0.10010815,1,-1,-1
1084.7189,395.8055,66.46033,65.74997,0.09950268,5,-1,-1
684.4541,56.82761,12.84259,27.719112,0.09843865,1,-1,-1
1222.8014,298.0008,54.70276,38.049408,0.09550843,4,-1,-1
687.25336,55.697796,15.845093,33.940525,0.09512794,2,-1,-1
1237.3168,409.5179,11.393555,11.031403,0.094754696,1,-1,-1
0.0,224.06746,25.393879,39.890976,0.09464589,2,-1,-1
399.78366,88.40952,20.306335,27.653183,0.09457278,2,-1,-1
900.3451,461.0621,18.664612,45.903046,0.09434751,1,-1,-1
699.84906,274.8034,14.086304,36.910034,0.09377584,1,-1,-1
55.79283,364.4464,24.980415,23.057465,0.09298515,2,-1,-1
699.6682,162.77393,19.46283,36.09056,0.09286791,1,-1,-1
1336.9178,696.06946,62.602905,91.47449,0.092133135,8,-1,-1
796.792,334.0151,19.59143,42.82263,0.09197599,1,-1,-1
238.81363,246.4248,20.616943,24.784027,0.091918975,1,-1,-1
570.706,193.2091,15.868286,39.975143,0.091370165,1,-1,-1
311.2198,289.55893,29.58496,70.19992,0.09081316,4,-1,-1
266.3693,338.55463,13.641632,33.174316,0.09067547,1,-1,-1
1337.477,697.13934,62.0437,90.4046,0.09024319,4,-1,-1
1085.0463,396.32834,65.16577,65.29129,0.089913875,4,-1,-1
1006.33716,142.39723,43.58203,37.095276,0.08975375,4,-1,-1
393.2529,77.873535,29.42163,36.81978,0.08970079,8,-1,-1
260.88452,331.94128,24.404633,40.79828,0.08949047,10,-1,-1
1272.3867,635.8397,85.23999,87.16565,0.08938411,7,-1,-1
155.40053,349.77612,17.992142,26.02182,0.08905512,1,-1,-1
819.2893,118.51045,7.1448364,20.801498,0.08868736,1,-1,-1
81.04221,216.42113,27.400368,53.047684,0.08852956,2,-1,-1
231.40239,243.89697,30.090286,47.599274,0.0882889,3,-1,-1
83.24465,217.52808,23.526718,45.01529,0.08790904,1,-1,-1
0.0,101.651634,63.990433,49.02604,0.08789447,3,-1,-1
389.25763,186.16373,16.153564,32.397537,0.087279975,2,-1,-1
227.80043,302.1116,28.965347,65.0892,0.0872491,4,-1,-1
822.4471,109.20328,10.854126,24.793167,0.08692512,1,-1,-1
634.153,19.17128,10.78418,24.180584,0.08688602,3,-1,-1
257.94388,322.87183,33.383118,62.328583,0.08635849,1,-1,-1
727.1014,124.15356,14.016785,40.41253,0.08615708,10,-1,-1
1269.9475,314.00607,41.026123,54.684967,0.085980505,6,-1,-1
720.80554,53.720142,15.104553,32.319027,0.08515325,2,-1,-1
227.7625,301.66235,28.04567,64.73651,0.08441764,10,-1,-1
313.98184,192.30502,21.461456,36.978012,0.08430073,1,-1,-1
82.78339,216.21246,24.268257,28.387802,0.08367464,2,-1,-1
559.5617,309.35303,7.9744873,16.287262,0.08306864,1,-1,-1
727.1014,124.15356,14.016785,40.41253,0.08299723,2,-1,-1
0.0,223.37181,26.913465,43.51329,0.08282167,1,-1,-1
237.4182,325.73798,17.17517,39.657837,0.08261028,1,-1,-1
40.41028,321.35626,30.358429,36.492645,0.082184255,1,-1,-1
1342.2349,701.4632,57.28589,86.08075,0.0821524,5,-1,-1
24.58248,105.814735,37.52803,40.32389,0.08198202,3,-1,-1
694.1053,59.20093,16.283386,31.418224,0.08122769,1,-1,-1
393.63876,78.27343,28.5914,35.78109,0.08119434,3,-1,-1
856.03296,347.84317,17.20813,37.61618,0.08114323,2,-1,-1
627.54767,4.270498,15.357605,31.471762,0.080823034,1,-1,-1
264.19696,333.8167,18.192627,35.93341,0.08036077,3,-1,-1
718.01654,164.38762,10.944641,32.736206,0.07991019,1,-1,-1
140.56274,310.05835,35.12593,68.35297,0.07870811,10,-1,-1
65.75758,405.0705,18.609589,29.433289,0.078341246,1,-1,-1
47.85008,323.54376,34.76379,62.80652,0.07821825,1,-1,-1
157.17633,358.93176,9.865036,15.915619,0.07813361,1,-1,-1
856.14343,348.27182,20.505432,42.65094,0.07802948,10,-1,-1
720.80554,53.720142,15.104553,32.319027,0.07800922,10,-1,-1
1283.6063,342.02655,23.803833,27.586975,0.07741013,4,-1,-1
62.11401,366.52466,13.123829,18.929443,0.07734972,1,-1,-1
687.25336,55.697796,15.845093,33.940525,0.077289015,4,-1,-1
763.4445,132.27838,11.631897,29.454742,0.077279836,1,-1,-1
910.9179,119.29596,6.9905396,14.087997,0.07725772,1,-1,-1
859.76544,364.6177,21.158997,38.90033,0.07652271,10,-1,-1
391.03445,185.43132,12.073578,21.093933,0.07642603,1,-1,-1
608.6663,291.92316,20.92389,37.061066,0.076327145,2,-1,-1
661.704,26.323177,7.836853,22.87394,0.07626271,1,-1,-1
1281.8909,141.78128,117.62988,54.972595,0.07618496,4,-1,-1
659.8445,19.214657,13.725891,33.002796,0.07615572,4,-1,-1
694.9776,455.01105,15.257629,19.081818,0.07591051,1,-1,-1
266.3693,338.55463,13.641632,33.174316,0.07559556,2,-1,-1
689.8094,150.28474,12.041626,31.657959,0.075470656,1,-1,-1
61.06575,367.02115,15.654556,18.098755,0.074810684,2,-1,-1
702.16797,509.93134,23.48413,12.5997925,0.074795336,3,-1,-1
851.12885,276.402,41.63452,43.367554,0.07471514,10,-1,-1
0.0,104.927505,24.71391,38.788437,0.07466677,1,-1,-1
636.12305,22.711687,7.510437,18.056143,0.074091256,1,-1,-1
230.11444,299.98508,21.67958,46.979645,0.07367477,1,-1,-1
7.417258,103.44263,61.01117,49.14099,0.07367033,1,-1,-1
724.1701,63.306774,8.091187,20.918049,0.07339117,1,-1,-1
692.0981,62.13635,8.577087,25.407047,0.07339057,1,-1,-1
321.52298,332.64682,17.16452,28.205017,0.07338968,1,-1,-1
1271.5353,635.32684,86.54126,87.6192,0.07290104,8,-1,-1
318.2673,315.57632,19.820526,44.94052,0.0723345,2,-1,-1
1243.9581,305.514,34.12256,33.88147,0.07216656,4,-1,-1
660.75146,19.337622,12.609009,32.37999,0.07206696,2,-1,-1
462.5145,220.91231,17.48059,40.17256,0.07188952,1,-1,-1
820.492,340.61374,25.089111,48.206207,0.07075766,3,-1,-1
702.4295,510.01044,22.757385,12.650818,0.07050291,1,-1,-1
393.15552,96.408424,22.604065,22.099731,0.070257515,2,-1,-1
1252.9868,310.2136,55.997314,56.962494,0.07014385,5,-1,-1
444.8634,149.19714,20.194885,33.487,0.06997982,4,-1,-1
1044.0394,608.0697,29.227417,44.334534,0.0699645,1,-1,-1
838.6424,158.56024,13.718384,31.614777,0.06995034,1,-1,-1
238.81363,246.4248,20.616943,24.784027,0.06990793,2,-1,-1
1270.2332,636.0117,89.97229,90.240234,0.06977177,9,-1,-1
322.55478,335.37677,8.394257,16.88324,0.069610894,1,-1,-1
823.28424,340.16782,23.033813,42.048096,0.0695802,10,-1,-1
394.50085,77.992424,29.162872,36.706818,0.069493055,4,-1,-1
798.0686,138.55739,7.8500977,20.113968,0.06924763,1,-1,-1
566.54803,194.41003,23.73053,49.987045,0.06912312,4,-1,-1
794.5782,138.31842,12.767517,26.104187,0.069010645,1,-1,-1
79.146484,236.68576,25.561653,36.497986,0.06876862,2,-1,-1
1171.2289,502.08032,66.98474,71.173035,0.06865001,6,-1,-1
694.8753,463.42242,8.482056,12.13623,0.06827715,1,-1,-1
796.72925,333.1829,20.239868,44.332672,0.06827623,10,-1,-1
52.23948,358.05215,31.522972,31.941437,0.06810665,10,-1,-1
233.18806,311.5873,17.74797,52.31778,0.06767535,1,-1,-1
386.58377,188.26355,24.86316,39.0484,0.06742039,1,-1,-1
312.02383,289.06967,30.509918,73.16635,0.0674071,3,-1,-1
687.25336,55.697796,15.845093,33.940525,0.06726116,10,-1,-1
228.23735,565.6103,19.819977,14.388794,0.067154676,10,-1,-1
1268.7992,400.49228,11.844727,10.056427,0.067138284,1,-1,-1
1236.2463,408.50577,15.201782,18.103058,0.06703842,1,-1,-1
570.706,193.2091,15.868286,39.975143,0.06691429,2,-1,-1
736.1387,221.66869,12.171204,26.680222,0.0668343,1,-1,-1
627.2324,231.31674,26.421753,46.010162,0.06631464,4,-1,-1
403.24908,154.15413,21.026184,34.36165,0.06605789,4,-1,-1
889.86926,556.70905,18.595276,44.735596,0.06599459,1,-1,-1
84.39365,216.12343,17.448433,15.779648,0.06597614,2,-1,-1
402.6438,153.80673,20.824127,34.97502,0.06573135,2,-1,-1
815.52264,116.01134,12.018494,26.717056,0.06569582,1,-1,-1
712.41797,55.059605,15.575867,30.710613,0.06566653,1,-1,-1
633.90955,18.429972,11.241028,25.531702,0.0654504,2,-1,-1
807.11414,392.85956,13.900757,39.753967,0.065261334,1,-1,-1
433.64175,75.567955,19.571472,33.22438,0.064742535,4,-1,-1
36.11474,105.407684,22.120968,28.714172,0.06439406,2,-1,-1
0.0,184.00267,25.801298,49.856308,0.06421542,2,-1,-1
58.119682,366.97537,12.277672,17.311829,0.06408927,1,-1,-1
40.86537,319.0827,25.901505,24.769897,0.06364417,1,-1,-1
662.9811,17.974731,8.907043,26.605064,0.06361136,1,-1,-1
705.2018,175.32507,13.519592,36.476654,0.0634684,1,-1,-1
437.2366,78.1563,34.10846,30.849937,0.06336743,1,-1,-1
692.86206,460.3441,12.479309,17.428986,0.06336078,1,-1,-1
787.0788,140.29167,13.24231,28.3004,0.06333351,2,-1,-1
705.35425,157.20226,13.848389,33.465225,0.06318456,1,-1,-1
858.5149,372.72708,15.78009,29.18869,0.06256968,1,-1,-1
1276.6573,327.11255,32.30066,42.05612,0.062430173,9,-1,-1
841.8006,359.59354,18.937256,36.999847,0.062321752,3,-1,-1
237.4182,325.73798,17.17517,39.657837,0.06231442,2,-1,-1
1332.9865,695.0045,66.5343,92.53943,0.06203267,10,-1,-1
460.00244,221.22028,33.958344,45.01068,0.061683714,10,-1,-1
1341.1223,703.01276,58.398438,84.53119,0.061480224,9,-1,-1
556.12354,49.41265,13.07959,8.547802,0.061466992,1,-1,-1
459.91434,179.23325,22.149384,39.270615,0.061296284,2,-1,-1
1300.7054,19.470404,8.3116455,15.104002,0.061180294,1,-1,-1
1084.4978,395.9282,63.913696,64.64484,0.061136097,10,-1,-1
0.0,207.61807,24.330084,45.04933,0.061109424,2,-1,-1
0.0,103.91899,60.82816,45.045532,0.061102957,10,-1,-1
444.62885,149.53296,20.316315,33.611145,0.061037183,2,-1,-1
841.4211,89.59154,13.879822,33.849144,0.060944647,1,-1,-1
36.11474,105.407684,22.120968,28.714172,0.06069219,1,-1,-1
660.14703,19.240555,13.5182495,32.89371,0.060629368,3,-1,-1
564.14886,193.69504,27.333374,50.654922,0.06046766,10,-1,-1
837.8487,106.83106,7.206238,18.886742,0.06039667,1,-1,-1
396.8103,198.23149,15.614441,36.15909,0.060365647,1,-1,-1
767.7118,255.95934,120.92413,57.53911,0.060049385,4,-1,-1
625.39844,0.0,16.47522,23.665735,0.060023665,1,-1,-1
436.54794,78.67664,11.83963,25.265182,0.059661925,1,-1,-1
390.73468,185.90225,13.049774,19.466248,0.059433967,2,-1,-1
1004.15405,136.71365,24.385132,40.667908,0.059385777,10,-1,-1
535.57666,3.4728289,4.6642456,4.9268465,0.059371352,1,-1,-1
0.0,184.61151,26.290098,48.5085,0.059279084,1,-1,-1
695.78906,162.80438,11.5251465,29.177872,0.058991075,2,-1,-1
1171.2289,502.08032,66.98474,71.173035,0.058967948,8,-1,-1
739.014,219.28589,21.357483,44.606445,0.05886495,1,-1,-1
711.23517,170.67009,14.909485,39.2836,0.058793664,1,-1,-1
572.4097,206.26964,13.937744,36.692886,0.058721215,1,-1,-1
482.6023,317.0377,7.7259827,13.9921875,0.05787334,1,-1,-1
139.5978,309.77307,36.92827,68.596405,0.057214975,2,-1,-1
665.46857,30.307856,7.235962,21.8165,0.057212323,1,-1,-1
1004.83185,140.81686,20.962585,35.377808,0.057209074,6,-1,-1
459.7129,220.21095,30.398224,46.483566,0.057171464,3,-1,-1
720.3932,169.33682,7.7323,19.766373,0.057168335,1,-1,-1
617.0855,0.0,14.342773,17.95346,0.057085514,1,-1,-1
239.29799,260.8041,19.913559,29.147736,0.0570547,10,-1,-1
694.27,451.7929,29.023193,22.953857,0.05679691,1,-1,-1
76.34828,237.24574,19.201828,31.372574,0.056611866,1,-1,-1
627.3219,231.13573,26.486633,46.103745,0.056555957,10,-1,-1
1040.3746,583.509,31.85205,36.066833,0.056502342,1,-1,-1
1268.9575,400.2323,16.368164,10.447998,0.056478173,10,-1,-1
821.7884,347.12027,17.163452,40.583313,0.056469858,4,-1,-1
861.2233,368.25668,19.05896,34.352722,0.056281656,4,-1,-1
789.61523,141.60991,6.4019775,17.350433,0.05608657,1,-1,-1
726.36847,110.30343,19.104736,45.15394,0.056036025,1,-1,-1
740.4902,233.12584,16.430847,41.965256,0.05578825,1,-1,-1
836.9194,94.68036,12.891174,32.555428,0.055344194,1,-1,-1
445.30908,200.31721,17.430725,36.084366,0.05532676,2,-1,-1
241.73007,253.44907,16.923096,28.852295,0.05522266,1,-1,-1
1085.7144,403.54028,7.630005,16.515411,0.05513349,1,-1,-1
821.6165,115.513084,7.4613037,19.458214,0.05510986,1,-1,-1
1337.477,697.13934,62.0437,90.4046,0.054786503,1,-1,-1
458.68805,180.089,26.428284,50.082123,0.054752737,1,-1,-1
451.04276,154.59103,18.725769,30.40364,0.054522842,1,-1,-1
388.91696,70.277794,28.455597,26.604744,0.05452171,2,-1,-1
910.87506,36.91024,4.154541,9.185493,0.05449584,1,-1,-1
734.0343,163.08488,12.152832,33.279633,0.054449677,1,-1,-1
325.8331,338.04825,7.7049255,15.438995,0.054333538,1,-1,-1
1362.4058,582.9217,29.396606,38.291626,0.054305255,1,-1,-1
604.9877,279.64914,30.111023,47.314636,0.054145396,1,-1,-1
236.43176,311.98434,27.816803,55.076965,0.0540933,1,-1,-1
810.51117,120.43474,7.9768066,18.081894,0.05409065,1,-1,-1
691.71765,157.85628,12.113159,31.017288,0.05401641,3,-1,-1
801.54114,382.60583,18.541077,43.762695,0.05392462,1,-1,-1
1080.5359,389.22678,94.82947,91.44595,0.053548723,6,-1,-1
557.7435,292.7478,14.658447,33.633728,0.053453535,1,-1,-1
728.97577,123.63373,9.133118,31.012207,0.053354293,1,-1,-1
0.0,207.61807,24.330084,45.04933,0.05303803,1,-1,-1
47.85008,323.54376,34.76379,62.80652,0.05302462,10,-1,-1
399.78366,88.40952,20.306335,27.653183,0.05294159,1,-1,-1
716.67035,58.68752,15.393005,31.158863,0.052880526,1,-1,-1
45.61378,324.5278,15.600662,19.337341,0.052663594,2,-1,-1
712.60815,162.26549,13.651428,34.128708,0.052354902,2,-1,-1
932.12195,80.46533,21.121399,25.380249,0.05234161,4,-1,-1
1272.3867,635.8397,85.23999,87.16565,0.05214542,10,-1,-1
814.739,337.81754,39.257202,54.5148,0.0520356,1,-1,-1
1116.4819,431.19016,40.855347,32.999054,0.05191791,1,-1,-1
0.0,77.48506,63.896286,68.24745,0.051819175,1,-1,-1
798.07935,327.58627,19.171692,41.24875,0.05175087,2,-1,-1
462.27502,218.67426,18.058075,28.19374,0.05174306,2,-1,-1
1118.0248,436.10422,26.559326,26.400604,0.0517326,10,-1,-1
787.15155,141.31593,6.7400513,16.779846,0.05143106,1,-1,-1
726.8412,56.134087,8.063782,20.472466,0.051315516,1,-1,-1
444.36356,149.36415,20.373505,33.952545,0.05119583,3,-1,-1
413.48163,340.4749,8.223572,15.035736,0.0510042,1,-1,-1
461.5462,195.54475,16.453156,33.790314,0.05079487,1,-1,-1
141.95908,310.7535,18.964111,26.88617,0.05074793,1,-1,-1
885.72864,316.6371,19.253235,47.428223,0.050644368,1,-1,-1
689.8094,150.28474,12.041626,31.657959,0.05061534,3,-1,-1
1241.1349,290.9616,45.890503,41.601013,0.050442517,4,-1,-1
0.0,103.03911,28.732258,41.947083,0.050307274,3,-1,-1
628.88635,281.2551,15.20166,37.984222,0.05009681,1,-1,-1
