501.1041,101.78138,21.697845,44.01539,0.804147,1,-1,-1
558.5807,5.8602414,18.617126,38.78621,0.65460485,1,-1,-1
601.1558,88.80765,46.951294,31.035843,0.5907561,3,-1,-1
617.6039,13.506391,39.769714,27.054031,0.58221513,3,-1,-1
609.81824,56.960632,39.30316,29.167725,0.56302524,3,-1,-1
637.6612,111.7775,24.230896,37.91597,0.553038,1,-1,-1
609.8077,98.51823,42.51184,23.599663,0.45160592,3,-1,-1
446.4785,198.04036,27.802246,40.838287,0.4435829,1,-1,-1
901.0068,657.1867,277.8084,128.16669,0.43881115,6,-1,-1
1342.622,24.529016,38.317017,44.849907,0.40788826,1,-1,-1
926.62573,365.26874,38.226013,16.655792,0.39586747,1,-1,-1
600.8778,88.89132,46.704285,28.869904,0.3673715,10,-1,-1
914.0617,382.6522,31.077576,15.913116,0.357935,1,-1,-1
446.5974,198.21017,27.56073,41.943237,0.34111294,2,-1,-1
372.64456,433.6903,25.690308,24.54541,0.33474666,2,-1,-1
336.608,319.6841,24.468567,28.474182,0.30670446,2,-1,-1
440.9308,674.9461,20.919098,28.282715,0.29925704,1,-1,-1
446.59637,220.10387,25.226837,38.76857,0.2975789,1,-1,-1
1301.5963,23.637117,20.02295,21.756239,0.29415107,2,-1,-1
316.06345,318.7542,22.05484,23.033722,0.2907753,2,-1,-1
608.492,96.27506,44.28186,26.87085,0.28530514,10,-1,-1
585.298,727.42847,17.040527,15.460205,0.2781347,2,-1,-1
610.0732,57.14897,38.805298,28.64782,0.27493566,10,-1,-1
429.48517,327.68646,28.162659,31.346558,0.27398348,1,-1,-1
1103.3905,752.2762,45.33899,31.2417,0.25692776,1,-1,-1
630.2636,314.85156,11.775024,13.394104,0.25581202,1,-1,-1
912.85065,380.1501,57.039246,22.59665,0.2557509,1,-1,-1
475.78772,45.803364,22.395996,42.94537,0.23803964,1,-1,-1
1331.2227,20.237854,20.124756,21.226768,0.2294707,2,-1,-1
913.3533,379.97617,55.434753,22.04004,0.22822744,3,-1,-1
1212.2631,760.0986,23.137573,21.727966,0.22607183,1,-1,-1
638.0491,111.45191,23.514465,37.711754,0.22025728,2,-1,-1
878.56134,50.197674,155.25836,77.8147,0.21868476,6,-1,-1
410.28146,255.87425,16.514587,20.226883,0.21140963,2,-1,-1
444.34662,239.59758,24.88446,38.153458,0.20936674,1,-1,-1
912.85065,380.1501,57.039246,22.59665,0.20719907,10,-1,-1
1274.5525,22.602255,20.034302,19.001623,0.20620579,2,-1,-1
429.48517,327.68646,28.162659,31.346558,0.20551029,2,-1,-1
372.64456,433.6903,25.690308,24.54541,0.2003958,1,-1,-1
1340.1819,21.755285,39.742798,46.96647,0.19957161,2,-1,-1
1329.0294,56.67061,32.432983,75.703186,0.19946256,1,-1,-1
582.63654,732.4206,11.997498,12.362427,0.19847977,2,-1,-1
926.70953,364.49008,41.105225,18.49887,0.19022092,3,-1,-1
1356.5151,14.871393,36.815308,41.383232,0.18989646,1,-1,-1
1321.0231,12.136558,33.357056,30.05299,0.18812773,1,-1,-1
1173.4838,757.2766,29.057983,22.858398,0.18486881,1,-1,-1
1295.0857,48.495243,16.907349,21.695171,0.18398717,2,-1,-1
616.9397,549.9192,8.008972,13.9487915,0.18279782,1,-1,-1
440.9308,674.9461,20.919098,28.282715,0.18016282,2,-1,-1
914.0617,382.6522,31.077576,15.913116,0.17968827,2,-1,-1
447.0232,178.39415,25.700104,50.28755,0.17894861,1,-1,-1
630.0576,313.24353,11.3029785,13.160858,0.17883742,2,-1,-1
905.97845,654.05084,278.13312,133.4931,0.17781341,7,-1,-1
1206.2936,406.60953,193.22717,137.07675,0.17482623,7,-1,-1
609.81824,56.960632,39.30316,29.167725,0.17094019,1,-1,-1
1214.3291,759.4903,20.246582,23.317017,0.16893253,2,-1,-1
1101.1804,714.909,63.537476,36.374756,0.16670725,1,-1,-1
633.1061,747.4939,13.564331,19.575745,0.16638958,2,-1,-1
1321.8334,12.316839,32.17444,29.053278,0.16637719,2,-1,-1
446.9742,253.95934,20.789307,26.232956,0.16416132,2,-1,-1
926.70953,364.49008,41.105225,18.49887,0.16132113,10,-1,-1
609.56384,97.16876,42.787598,25.40799,0.16103053,1,-1,-1
374.28256,429.76675,40.644287,28.400726,0.16073433,2,-1,-1
453.45865,132.90555,21.809387,41.285202,0.15971431,1,-1,-1
446.988,222.97804,24.028625,35.078354,0.1596689,2,-1,-1
453.84653,144.97653,19.09793,29.050552,0.15937546,2,-1,-1
476.35938,735.99744,19.234375,23.462708,0.15748107,1,-1,-1
612.48834,241.11574,21.094788,21.07991,0.15478149,1,-1,-1
420.29535,271.55203,22.875824,28.09317,0.15456173,2,-1,-1
915.2089,382.69363,16.30304,14.7127075,0.15379721,1,-1,-1
1329.523,15.78666,36.835205,37.799732,0.15351337,1,-1,-1
462.47717,100.11695,20.99768,40.842278,0.15319926,1,-1,-1
1115.7456,753.5882,52.357666,26.110352,0.15298212,1,-1,-1
942.7154,382.5212,29.461731,17.620667,0.1506066,1,-1,-1
1210.3583,760.8791,25.688599,20.62976,0.14897126,3,-1,-1
1139.306,724.35645,25.344116,15.738281,0.14640898,1,-1,-1
1174.9641,756.0557,58.923584,26.17865,0.14490569,1,-1,-1
335.56052,320.2849,27.524963,39.09424,0.14376283,1,-1,-1
315.96826,318.33557,22.450592,24.634125,0.14283472,1,-1,-1
375.54492,241.45993,22.73819,33.76593,0.14187038,2,-1,-1
926.62573,365.26874,38.226013,16.655792,0.14147815,2,-1,-1
1119.3604,720.3939,46.33667,25.716797,0.14083782,1,-1,-1
374.28256,429.76675,40.644287,28.400726,0.13978577,1,-1,-1
444.34662,239.59758,24.88446,38.153458,0.13956189,2,-1,-1
1301.186,23.860506,20.794434,21.442915,0.13927776,1,-1,-1
585.298,727.42847,17.040527,15.460205,0.13888678,1,-1,-1
427.82693,269.99338,25.764252,29.093842,0.13878736,2,-1,-1
605.1764,24.100155,41.850952,34.22341,0.13862267,3,-1,-1
428.94098,314.25812,31.63675,33.07379,0.1383478,1,-1,-1
441.7425,686.50385,17.591583,17.674866,0.13780996,1,-1,-1
1106.1239,737.6135,49.884277,26.884949,0.13720378,1,-1,-1
586.762,726.7982,11.123291,12.446533,0.13692433,2,-1,-1
1214.5416,225.9162,15.316772,24.870682,0.13656217,2,-1,-1
1295.8953,19.665308,26.238037,33.474396,0.13654917,2,-1,-1
1185.6615,37.36355,213.85925,117.48261,0.13603634,6,-1,-1
1208.0691,761.9629,29.141602,18.849792,0.13600686,10,-1,-1
632.6789,746.9401,14.383728,20.580872,0.1359792,1,-1,-1
469.96173,736.0871,17.619232,20.581665,0.13486543,1,-1,-1
1330.4519,20.424555,21.338745,20.802698,0.13473848,1,-1,-1
630.4535,310.95096,15.396179,20.48639,0.13348338,1,-1,-1
1320.2244,19.42386,22.692627,22.498953,0.13345304,2,-1,-1
350.99435,445.97806,15.815399,32.82657,0.13336745,10,-1,-1
349.61795,446.5537,16.805298,31.549957,0.13335773,1,-1,-1
639.27344,341.741,8.870483,12.662018,0.13257608,1,-1,-1
432.01138,336.6203,30.183289,37.77005,0.13143697,1,-1,-1
1176.8666,759.81964,19.380615,22.469238,0.13037282,2,-1,-1
428.94098,314.25812,31.63675,33.07379,0.12985039,2,-1,-1
1105.7318,750.1986,95.77478,37.345337,0.12825447,1,-1,-1
932.2667,379.96915,39.32599,17.769928,0.12764311,2,-1,-1
1210.2607,377.3921,189.26001,161.17285,0.12756333,8,-1,-1
602.7446,83.9008,33.910706,28.307625,0.12739328,3,-1,-1
610.72656,550.923,8.5928955,11.300842,0.12734538,1,-1,-1
1178.1006,760.1645,17.575317,22.186523,0.12634167,1,-1,-1
590.7294,729.0625,10.166931,12.298584,0.12499651,2,-1,-1
476.1391,47.264183,22.36676,40.966797,0.12466282,2,-1,-1
635.7168,122.91746,26.009155,47.502083,0.12448463,1,-1,-1
465.19052,730.81995,13.695587,19.38446,0.1239686,1,-1,-1
451.6313,147.77542,20.86438,30.96405,0.12301028,1,-1,-1
405.96625,240.97763,22.046509,32.671936,0.12256473,2,-1,-1
1214.3937,226.42029,15.740845,24.200089,0.12236422,1,-1,-1
447.0232,178.39415,25.700104,50.28755,0.121649146,2,-1,-1
1133.464,755.1043,49.65686,24.315369,0.121213466,1,-1,-1
617.83295,13.773539,38.974304,27.201014,0.121197194,10,-1,-1
349.47366,446.48257,17.17749,31.630493,0.1208002,2,-1,-1
611.8088,33.79897,40.5849,35.524044,0.12035802,3,-1,-1
443.0682,666.80133,24.227905,32.08081,0.11993617,1,-1,-1
1147.2914,754.412,56.86682,27.248535,0.11976847,1,-1,-1
331.30627,318.47476,22.351044,24.933899,0.119457215,2,-1,-1
1099.7225,752.78595,40.1615,30.755615,0.118787974,2,-1,-1
1321.7012,14.883656,16.676514,21.222439,0.11855498,2,-1,-1
1364.1598,12.53565,28.695435,29.988008,0.11686733,1,-1,-1
1292.7573,47.33879,23.943726,31.449554,0.11672628,2,-1,-1
1239.6156,105.43456,21.329468,28.47007,0.11656234,2,-1,-1
447.4356,253.39095,20.180481,27.018845,0.11625528,1,-1,-1
1198.0343,760.27856,40.291138,27.26538,0.11579943,1,-1,-1
877.16504,50.938927,159.25757,79.35166,0.11578199,5,-1,-1
912.85065,380.1501,57.039246,22.59665,0.1156725,2,-1,-1
581.38666,730.9914,18.570496,16.25885,0.1144456,2,-1,-1
609.81824,56.960632,39.30316,29.167725,0.11441952,2,-1,-1
914.0482,382.49692,30.556274,16.320465,0.114243925,10,-1,-1
485.5406,0.0,29.784058,20.15658,0.11390415,1,-1,-1
635.7288,112.05663,29.97107,40.12165,0.113722235,10,-1,-1
617.6039,13.506391,39.769714,27.054031,0.113366306,1,-1,-1
1359.4724,169.91718,40.04834,84.17906,0.113290966,1,-1,-1
1115.5696,750.2859,120.77075,37.258057,0.113146365,10,-1,-1
432.35577,239.41945,29.443878,36.510544,0.11300647,1,-1,-1
1173.394,755.18976,62.921143,28.3656,0.11124754,3,-1,-1
1295.241,48.961197,16.840698,22.963081,0.11029047,1,-1,-1
385.99673,643.10406,24.155304,34.218872,0.109000504,1,-1,-1
1203.2998,411.10587,196.22095,131.1055,0.10880646,6,-1,-1
1173.394,755.18976,62.921143,28.3656,0.10841793,10,-1,-1
343.92798,443.8755,77.869995,98.167175,0.1078403,4,-1,-1
1191.0217,0.0,208.49902,92.35476,0.107028246,6,-1,-1
449.0079,165.70615,19.008026,33.2305,0.10650727,1,-1,-1
636.98944,111.48492,25.723938,38.082893,0.10619554,3,-1,-1
406.8242,251.3611,21.86499,31.901718,0.10596287,2,-1,-1
905.65674,654.5132,282.98572,131.17291,0.105817795,8,-1,-1
419.63715,269.8305,24.866425,29.995758,0.105238765,1,-1,-1
1326.5654,45.12127,57.518677,61.34852,0.10496792,1,-1,-1
1220.5785,762.9002,16.025879,16.144653,0.104673475,1,-1,-1
1316.1536,20.87725,18.293457,20.591652,0.10405406,2,-1,-1
584.36005,729.5042,11.276001,11.647217,0.10378763,2,-1,-1
333.47827,317.9892,23.471558,27.334656,0.1034202,1,-1,-1
629.69574,314.4637,16.383362,15.700714,0.103309065,2,-1,-1
940.37103,365.6754,30.247986,18.997498,0.102787286,1,-1,-1
442.88208,685.9523,22.14328,18.471191,0.102669865,2,-1,-1
610.3559,97.43056,41.187805,25.203812,0.101617664,2,-1,-1
471.29083,1.6862609,26.475555,43.81089,0.10156837,1,-1,-1
628.7712,313.89694,10.735901,10.531738,0.10105157,1,-1,-1
956.41064,391.72873,22.224426,23.883972,0.10033521,2,-1,-1
632.3704,317.6029,14.170776,10.097473,0.09991369,1,-1,-1
613.0611,550.2741,10.072754,14.632446,0.09991068,1,-1,-1
591.5913,751.36035,25.25055,32.53253,0.09983656,2,-1,-1
434.2497,203.84686,35.490448,42.502106,0.099223465,1,-1,-1
603.0448,240.4117,31.038391,34.08934,0.098858,1,-1,-1
442.51233,310.0124,23.685242,25.42221,0.09861842,1,-1,-1
375.96924,249.99461,26.823792,36.00554,0.09827301,2,-1,-1
1326.8922,14.217372,65.21619,63.284634,0.09786627,1,-1,-1
1189.4663,212.70459,26.354248,34.661453,0.09781435,1,-1,-1
386.18668,743.72284,27.468567,35.9209,0.09768283,1,-1,-1
435.30466,223.9263,31.066467,36.505188,0.09755546,1,-1,-1
499.68243,101.262596,23.6344,44.60473,0.09751287,4,-1,-1
1188.4692,211.58046,29.611816,36.52339,0.0973894,2,-1,-1
427.82693,269.99338,25.764252,29.093842,0.097245336,1,-1,-1
956.13464,403.2866,20.771545,16.668243,0.09721777,2,-1,-1
1303.6312,21.615625,26.001831,28.79539,0.096895814,2,-1,-1
455.8693,130.73616,17.71582,36.653442,0.09678307,2,-1,-1
441.9487,679.422,14.547546,17.237793,0.09584534,1,-1,-1
1359.4124,171.4539,40.1084,83.92882,0.09559795,2,-1,-1
1331.7798,40.04451,35.585327,49.72505,0.09544742,1,-1,-1
434.02774,0.806869,18.901672,40.505764,0.095131785,1,-1,-1
611.8227,549.30383,15.271973,23.297302,0.09501606,1,-1,-1
1095.0338,745.2215,67.28174,42.32245,0.09487149,1,-1,-1
376.2584,262.84802,27.124084,40.6951,0.09483385,2,-1,-1
485.88492,0.0,28.793,20.10935,0.09464076,2,-1,-1
433.4326,240.73955,27.197601,32.923386,0.09458977,2,-1,-1
1187.4253,756.3869,32.694702,23.473877,0.09392023,1,-1,-1
1117.6149,750.4014,120.217285,37.142517,0.093441725,3,-1,-1
1220.7065,762.1203,15.142578,17.77069,0.0933837,2,-1,-1
343.42416,316.71082,37.14438,35.614014,0.093022734,1,-1,-1
343.42416,316.71082,37.14438,35.614014,0.09276,2,-1,-1
600.8778,88.89132,46.704285,28.869904,0.09275535,1,-1,-1
594.4343,743.00665,19.052673,23.264954,0.092722505,1,-1,-1
1366.1234,17.631382,19.39856,19.700768,0.09254247,1,-1,-1
1110.2439,756.10297,28.309082,24.60376,0.09226853,1,-1,-1
1159.1155,149.97359,25.568726,14.155258,0.092248976,1,-1,-1
633.1066,9.555676,51.128723,28.409485,0.092014104,3,-1,-1
602.482,6.5660753,46.046448,34.432114,0.091965646,3,-1,-1
582.63654,732.4206,11.997498,12.362427,0.09146136,1,-1,-1
335.0578,320.78122,35.079987,38.64023,0.09144777,2,-1,-1
913.1837,375.92,58.78418,28.176239,0.09137368,7,-1,-1
1267.142,18.665276,26.531616,27.902554,0.090972096,2,-1,-1
1317.3046,83.14036,39.46582,49.41964,0.09090075,1,-1,-1
385.99673,643.10406,24.155304,34.218872,0.09085891,2,-1,-1
1323.8917,63.755585,59.00769,73.578384,0.090759456,1,-1,-1
560.6265,746.01984,31.404297,15.384949,0.089643836,3,-1,-1
1133.9818,754.43463,98.173096,33.109314,0.08944249,1,-1,-1
1186.7175,33.67547,212.80322,121.94326,0.089356184,8,-1,-1
1234.1417,627.8075,22.15564,18.344055,0.08909091,1,-1,-1
428.60886,252.97852,29.21576,39.617767,0.08880332,1,-1,-1
1207.3273,220.07874,24.149292,36.639526,0.08878589,2,-1,-1
1309.1537,107.03963,29.093506,31.485275,0.088740796,2,-1,-1
641.5669,113.856995,32.31787,42.34601,0.08870435,1,-1,-1
375.54492,241.45993,22.73819,33.76593,0.08850369,1,-1,-1
915.2089,382.69363,16.30304,14.7127075,0.08837187,2,-1,-1
425.41,250.64246,34.22336,42.41107,0.08811903,2,-1,-1
417.0422,240.50085,24.625885,34.369263,0.0875954,2,-1,-1
448.6283,164.71014,20.058136,35.626343,0.08738229,2,-1,-1
1274.5525,22.602255,20.034302,19.001623,0.08722246,1,-1,-1
1158.9059,151.11076,14.822632,11.274796,0.08720994,1,-1,-1
374.96405,634.2212,33.387726,39.0542,0.08715114,1,-1,-1
1181.363,42.072838,48.8562,24.416283,0.087046325,10,-1,-1
1083.7473,709.8326,81.11743,57.486694,0.0870128,1,-1,-1
901.3412,655.981,276.0067,131.52563,0.08695006,4,-1,-1
1330.6448,66.93964,31.600586,65.643234,0.08690828,2,-1,-1
1317.3046,83.14036,39.46582,49.41964,0.08679062,2,-1,-1
417.64798,251.3088,28.162598,42.124786,0.08678362,2,-1,-1
945.86554,391.28577,24.780823,20.139069,0.08673525,2,-1,-1
914.0617,382.6522,31.077576,15.913116,0.08654973,3,-1,-1
589.9128,245.25014,50.02533,38.513474,0.08653298,3,-1,-1
1186.7175,33.67547,212.80322,121.94326,0.086192966,7,-1,-1
385.1082,343.9754,80.65875,42.11505,0.08587286,3,-1,-1
86.352356,248.91078,29.932114,44.543045,0.08583191,1,-1,-1
1105.7318,750.1986,95.77478,37.345337,0.08549723,2,-1,-1
458.04868,112.649765,24.535004,53.222412,0.08549178,1,-1,-1
591.5828,759.8383,21.759888,25.174316,0.08538389,1,-1,-1
1313.6355,0.0,20.742188,12.529041,0.08534747,1,-1,-1
353.36813,445.51517,12.501709,22.902771,0.08521265,2,-1,-1
1308.1381,310.0455,43.720825,62.032684,0.084783494,2,-1,-1
593.01556,743.1921,22.194458,23.900208,0.08477318,2,-1,-1
1215.0912,765.91455,16.427246,18.08075,0.084741294,1,-1,-1
1273.5682,253.12308,31.575684,37.56546,0.084605366,1,-1,-1
441.9487,679.422,14.547546,17.237793,0.08434436,2,-1,-1
438.4208,666.9812,20.300232,28.925598,0.08419603,1,-1,-1
1324.0553,56.5536,29.026733,54.70367,0.08411345,1,-1,-1
954.65234,395.97632,21.976624,23.734741,0.08350009,1,-1,-1
650.56854,6.161807,25.68042,32.72261,0.083307356,1,-1,-1
921.1594,378.12817,36.92151,19.79953,0.083114505,1,-1,-1
1313.6355,0.0,20.742188,12.529041,0.083108604,2,-1,-1
1320.8019,14.92604,18.921265,22.458553,0.083081126,1,-1,-1
949.8513,267.41327,37.55017,14.908447,0.08278051,10,-1,-1
625.1554,260.74268,16.321411,31.420563,0.08264956,1,-1,-1
429.2854,334.81442,33.450287,39.770233,0.08264172,2,-1,-1
1169.531,756.23676,41.38611,23.538818,0.0822756,3,-1,-1
1096.2687,759.1887,42.67566,28.355225,0.081703335,1,-1,-1
374.73398,635.10583,32.00473,35.713013,0.081593186,2,-1,-1
629.5372,576.71466,6.9922485,11.687439,0.08112216,1,-1,-1
384.0072,265.5333,28.921967,42.95926,0.080854505,2,-1,-1
935.0568,379.5686,35.46289,18.53366,0.08082512,3,-1,-1
432.0178,258.20862,26.012787,26.383606,0.08078423,2,-1,-1
473.9128,0.0,35.53528,27.649248,0.080783606,1,-1,-1
878.4335,49.58373,154.66003,79.588394,0.08056274,4,-1,-1
1161.7386,128.66283,32.571045,15.8585205,0.08054882,10,-1,-1
413.94287,351.82742,49.679443,32.505768,0.0805271,3,-1,-1
373.662,304.0422,32.374542,41.224426,0.080090255,1,-1,-1
471.08087,2.5706625,26.340271,42.38761,0.080085605,2,-1,-1
321.8828,315.80936,17.837708,20.558533,0.079826325,2,-1,-1
299.32794,331.91202,25.635773,31.203613,0.079734445,1,-1,-1
1094.5007,709.1127,65.53357,55.158936,0.07959393,2,-1,-1
1358.6991,15.431247,33.550415,38.094147,0.07955104,2,-1,-1
504.12967,610.3348,19.814178,16.80133,0.079520494,1,-1,-1
478.59732,734.98834,15.778656,15.553345,0.07950848,1,-1,-1
1158.5604,758.35156,34.86377,19.747559,0.07946867,1,-1,-1
307.81134,316.56137,24.216309,23.560455,0.07943511,2,-1,-1
1160.2109,126.03694,40.305542,21.404922,0.079395324,1,-1,-1
402.39594,351.08255,58.28076,34.336456,0.07896051,1,-1,-1
371.55792,430.15778,44.987457,29.346802,0.07872844,10,-1,-1
469.45673,10.314667,26.588654,57.36756,0.078562915,1,-1,-1
1184.4137,223.84497,41.44104,27.91362,0.07850313,2,-1,-1
464.26523,74.73419,21.693054,43.20024,0.07825941,1,-1,-1
612.2496,239.8362,20.54181,27.62947,0.078235924,2,-1,-1
440.13538,310.49237,30.150177,29.722382,0.07789993,2,-1,-1
587.23676,730.5057,9.994385,14.578125,0.07757169,2,-1,-1
441.47476,674.9513,23.023163,29.191284,0.07752457,10,-1,-1
581.04956,730.25323,17.957458,17.193054,0.077154785,1,-1,-1
497.7857,100.90778,25.422485,45.771965,0.07695794,10,-1,-1
385.22668,743.3924,28.754791,36.998352,0.0769009,2,-1,-1
1137.3647,761.3011,48.799805,26.242859,0.07677978,1,-1,-1
468.92673,0.0,28.28061,46.833004,0.07646608,10,-1,-1
448.3877,195.59093,18.327484,33.1783,0.07641399,1,-1,-1
445.6241,198.74297,28.89737,43.934387,0.07640311,10,-1,-1
879.83545,86.16917,153.68347,68.13476,0.07594553,6,-1,-1
618.9445,12.911786,36.59491,28.261318,0.075788856,2,-1,-1
1172.0759,754.8014,34.871704,27.477722,0.07572943,2,-1,-1
365.52753,435.41046,24.77185,21.479736,0.07567802,2,-1,-1
575.13513,2.154117,28.337524,39.904892,0.075642735,1,-1,-1
342.8807,482.72858,31.80484,53.68274,0.07556459,1,-1,-1
300.51053,332.73566,23.371552,27.966187,0.075433224,2,-1,-1
940.04114,382.5865,31.421204,17.22345,0.07542327,10,-1,-1
878.56134,50.197674,155.25836,77.8147,0.07533255,9,-1,-1
922.33936,385.9456,53.332947,27.225952,0.07528329,3,-1,-1
415.87744,239.32385,26.892548,38.70056,0.07506597,1,-1,-1
405.96625,240.97763,22.046509,32.671936,0.0749158,1,-1,-1
322.22812,335.60483,16.393616,21.669556,0.07485029,2,-1,-1
1095.981,701.00037,59.736084,42.353394,0.07479051,1,-1,-1
503.74234,609.81287,24.515472,21.829834,0.07443574,10,-1,-1
1132.5591,753.7239,32.95996,17.782715,0.07439613,1,-1,-1
917.0305,388.37296,35.602478,15.988098,0.074309856,1,-1,-1
611.52435,552.1334,6.1781616,7.5664062,0.07428059,1,-1,-1
1168.4546,759.4143,43.533203,28.129639,0.074065,1,-1,-1
927.57635,359.43024,46.7959,29.808105,0.0738692,1,-1,-1
913.4485,383.1136,12.338989,11.875793,0.073673636,1,-1,-1
617.0751,103.47802,38.887756,34.00248,0.073459506,3,-1,-1
1313.1417,0.0,47.216187,21.085953,0.073438495,1,-1,-1
1151.0487,379.15146,238.51233,133.10617,0.07342911,7,-1,-1
452.61703,212.91394,21.228546,32.22386,0.07322195,1,-1,-1
603.4247,37.55702,38.687073,26.929226,0.07306197,3,-1,-1
905.97845,654.05084,278.13312,133.4931,0.073011935,3,-1,-1
953.27783,364.529,25.01233,19.396667,0.07266167,1,-1,-1
1323.8917,63.755585,59.00769,73.578384,0.0725342,2,-1,-1
418.80627,265.75784,15.698456,18.498108,0.072478026,2,-1,-1
643.49536,112.02629,16.74585,26.549347,0.07241365,1,-1,-1
409.34625,233.08115,18.652435,28.5065,0.07239294,2,-1,-1
707.864,453.8785,8.9296875,16.772552,0.07236943,1,-1,-1
1271.2883,128.75061,22.214722,17.224915,0.07235089,2,-1,-1
470.85367,738.3835,10.012451,16.12262,0.07225317,1,-1,-1
1095.0338,745.2215,67.28174,42.32245,0.0722208,2,-1,-1
80.03243,248.14746,34.661797,45.654663,0.07210404,2,-1,-1
1291.8325,31.324207,30.509521,42.348064,0.07203898,2,-1,-1
1121.0043,742.3779,37.904663,18.765564,0.07197273,1,-1,-1
1315.5084,20.328976,19.345215,21.534431,0.0719344,1,-1,-1
407.2191,252.48979,20.778198,29.460861,0.07189673,1,-1,-1
419.5305,268.84235,17.49704,23.702454,0.07178867,2,-1,-1
1334.75,81.81909,24.818726,48.983063,0.07171926,1,-1,-1
934.7051,387.1836,38.968567,26.539612,0.0717189,2,-1,-1
435.954,326.31784,35.243347,38.251038,0.071715355,1,-1,-1
378.92166,433.1093,17.231262,19.058807,0.07145542,2,-1,-1
604.0964,92.530266,45.160217,27.705437,0.071409345,4,-1,-1
940.42926,389.1442,32.171936,23.889038,0.07138625,1,-1,-1
578.6664,725.4902,27.663757,25.479187,0.07121235,2,-1,-1
1146.2787,116.113205,9.684814,10.920357,0.071166456,1,-1,-1
1327.4575,38.806664,55.390747,76.39896,0.070987016,2,-1,-1
912.79364,379.74783,58.453613,23.934418,0.070726454,8,-1,-1
449.66013,203.49152,34.30609,43.522736,0.070718706,1,-1,-1
1142.198,0.0,26.208374,11.779513,0.07038656,1,-1,-1
1118.6017,739.82623,30.473999,16.445068,0.07034594,1,-1,-1
637.8045,315.3796,9.6206665,14.374115,0.07028553,1,-1,-1
1185.6615,37.36355,213.85925,117.48261,0.07024914,4,-1,-1
628.9604,317.9581,9.8585205,12.823547,0.07021347,1,-1,-1
1203.3951,761.6131,33.14209,25.930847,0.07007396,2,-1,-1
465.45465,37.574738,28.779327,52.917442,0.0699597,1,-1,-1
375.86325,261.6659,28.87976,44.51703,0.06994605,1,-1,-1
1273.2017,253.57773,32.336792,37.434967,0.069755405,2,-1,-1
558.5807,5.8602414,18.617126,38.78621,0.0696992,4,-1,-1
476.84567,727.01154,20.776398,24.426147,0.06946275,1,-1,-1
337.90683,572.6072,17.992981,27.024475,0.06938368,1,-1,-1
373.662,304.0422,32.374542,41.224426,0.06933609,2,-1,-1
417.57315,342.1793,51.1503,39.270264,0.06917179,1,-1,-1
338.75073,427.0832,155.65036,117.92975,0.06896374,4,-1,-1
497.7857,100.90778,25.422485,45.771965,0.0688993,2,-1,-1
1112.454,752.89453,57.359253,28.3432,0.06888834,2,-1,-1
943.3464,401.21347,26.38617,22.420258,0.06865415,2,-1,-1
423.9047,340.71527,43.980682,35.335175,0.06833249,3,-1,-1
433.88074,221.86491,34.176117,40.449997,0.068323225,2,-1,-1
1049.0564,61.86756,12.910034,10.61219,0.06822646,1,-1,-1
410.03342,304.421,39.342804,41.485565,0.068136364,2,-1,-1
913.97327,383.71033,20.626526,20.928009,0.068128526,1,-1,-1
419.21503,257.66626,23.475403,24.93814,0.06806472,2,-1,-1
359.72784,320.75568,21.466461,31.938812,0.06798041,2,-1,-1
418.26077,226.53,19.82312,28.308044,0.06782335,2,-1,-1
456.3064,130.02505,16.173737,30.627853,0.067715764,1,-1,-1
316.64273,322.93613,22.411957,31.578064,0.0676603,2,-1,-1
1195.776,0.0,203.74475,84.29329,0.067650646,7,-1,-1
1372.2574,16.384613,27.263306,37.169506,0.067608714,1,-1,-1
413.6176,257.11404,10.423889,15.888123,0.067581594,2,-1,-1
1312.7063,18.316103,47.112793,29.927706,0.067522705,2,-1,-1
1276.785,19.406971,22.240112,29.316372,0.067402214,2,-1,-1
438.5255,251.0378,32.113922,33.970383,0.067129046,1,-1,-1
1374.6686,367.27954,24.852173,30.634918,0.06710747,2,-1,-1
344.3036,485.3046,42.812256,50.519806,0.06699923,2,-1,-1
1248.7583,96.25784,25.667725,29.941536,0.06689167,2,-1,-1
438.5255,251.0378,32.113922,33.970383,0.06671971,2,-1,-1
1157.1168,195.30705,242.40393,127.13063,0.06658697,7,-1,-1
945.7306,385.37595,26.374146,17.758148,0.06655985,2,-1,-1
375.80884,276.87878,29.641754,36.909576,0.066473484,2,-1,-1
616.36487,87.28998,55.87726,28.821053,0.06611806,3,-1,-1
434.2497,203.84686,35.490448,42.502106,0.06611487,2,-1,-1
477.1787,0.0,29.928497,24.901173,0.066103905,2,-1,-1
1252.7482,104.75675,26.866455,32.24656,0.06608772,2,-1,-1
1185.4315,0.0,214.08923,85.22279,0.0660665,5,-1,-1
428.26556,350.6513,31.901306,31.737366,0.0658313,1,-1,-1
651.7264,7.543667,23.440857,30.628426,0.06577146,3,-1,-1
1105.8904,754.81635,27.559204,21.911377,0.06571081,2,-1,-1
1185.4315,0.0,214.08923,85.22279,0.06569648,4,-1,-1
467.02902,76.4005,26.812134,54.45883,0.06552601,1,-1,-1
419.66977,307.94333,51.715088,51.981934,0.06552011,1,-1,-1
417.64798,251.3088,28.162598,42.124786,0.06541586,1,-1,-1
600.8778,88.89132,46.704285,28.869904,0.06531352,7,-1,-1
1161.7721,129.20796,24.004517,14.639191,0.065228194,1,-1,-1
1312.7063,18.316103,47.112793,29.927706,0.06511164,1,-1,-1
590.42664,729.4596,10.827637,11.727661,0.065068305,1,-1,-1
587.97546,724.3105,20.851196,20.13324,0.06500882,2,-1,-1
1374.6002,8.778984,24.920532,31.133377,0.064924866,1,-1,-1
582.68915,747.91486,38.07257,39.62909,0.06489387,1,-1,-1
1326.8922,14.217372,65.21619,63.284634,0.0647949,2,-1,-1
1116.5966,158.87941,282.9242,118.38707,0.064688444,7,-1,-1
1337.1577,37.761837,49.166748,46.104572,0.06465927,1,-1,-1
411.8644,307.4833,36.00412,37.072723,0.06463021,1,-1,-1
1237.0052,97.73186,26.20935,28.505302,0.0646117,2,-1,-1
1314.7227,0.0,84.798096,38.790337,0.064570904,1,-1,-1
1324.5245,49.990948,26.328735,32.571537,0.06451866,1,-1,-1
939.36774,400.08664,34.25891,24.693146,0.064447165,1,-1,-1
432.00278,354.45392,18.076233,26.84784,0.06440738,2,-1,-1
381.834,431.2178,26.857239,19.061981,0.064388126,1,-1,-1
317.6479,315.03278,15.260254,21.933533,0.06423634,2,-1,-1
1204.4127,213.0455,26.254028,38.241318,0.06420404,1,-1,-1
1334.8591,58.673172,25.696167,47.14216,0.06410295,1,-1,-1
475.90524,0.0,34.76883,24.495901,0.064046234,10,-1,-1
463.8289,103.33177,19.764648,34.47516,0.06384036,2,-1,-1
1191.0217,0.0,208.49902,92.35476,0.06361714,8,-1,-1
649.3742,114.01141,20.468689,29.635773,0.0635609,1,-1,-1
1198.0343,760.27856,40.291138,27.26538,0.0635353,3,-1,-1
1303.9124,7.4526114,41.253296,37.41565,0.06346896,1,-1,-1
1171.9652,756.3649,34.54712,24.008728,0.06345001,10,-1,-1
938.7222,714.68317,278.01202,72.86078,0.063412964,6,-1,-1
1300.3107,19.093966,34.094482,33.48983,0.06337103,1,-1,-1
1104.8512,737.6151,51.930054,26.459595,0.063186854,2,-1,-1
474.27988,0.0,37.412506,25.876507,0.06311834,4,-1,-1
1293.9773,42.37625,23.17627,24.170517,0.06310919,2,-1,-1
1329.523,15.78666,36.835205,37.799732,0.06307262,2,-1,-1
592.8331,748.0792,19.604248,29.373413,0.06285888,1,-1,-1
1312.7773,108.851814,24.073242,23.372063,0.06281856,1,-1,-1
1213.0331,371.08267,186.48767,167.94504,0.0627535,3,-1,-1
320.73492,316.43323,41.30371,35.122284,0.06271523,2,-1,-1
1182.1936,185.73758,217.32715,126.08179,0.062562734,3,-1,-1
901.0068,657.1867,277.8084,128.16669,0.06236109,5,-1,-1
950.0375,267.17728,36.926636,15.155243,0.062270164,3,-1,-1
1349.2805,24.476727,29.266724,27.95922,0.062248707,1,-1,-1
1304.6049,5.2781925,35.32202,40.89583,0.062235862,2,-1,-1
1215.4291,763.9029,26.506836,23.641052,0.062186122,1,-1,-1
657.1075,118.51311,17.119507,33.20764,0.062175393,1,-1,-1
633.7625,316.41083,16.805359,14.766937,0.06216401,1,-1,-1
447.0799,234.48193,18.7753,32.156586,0.062130064,1,-1,-1
470.12784,0.91215986,28.003235,45.066963,0.06208977,4,-1,-1
616.56134,0.0,37.348328,31.576296,0.06207812,3,-1,-1
1299.6166,309.80066,65.575195,92.24115,0.0620555,2,-1,-1
911.5285,371.08185,65.87146,37.79251,0.0620085,3,-1,-1
1293.9941,38.437984,23.931885,33.506176,0.061900795,1,-1,-1
377.25128,251.63643,22.70401,33.140213,0.061879784,1,-1,-1
1196.5414,760.929,27.611938,18.417236,0.06183356,3,-1,-1
343.19205,482.3819,30.959259,53.927612,0.061488986,4,-1,-1
1292.8599,27.096779,24.576538,21.711731,0.061430395,2,-1,-1
615.07104,551.4359,7.272583,9.813232,0.061370462,1,-1,-1
432.00278,354.45392,18.076233,26.84784,0.06127897,1,-1,-1
1334.3784,50.86109,25.945679,30.647156,0.061252803,1,-1,-1
638.0493,112.758644,23.716064,39.06254,0.06103146,4,-1,-1
1197.5837,760.21985,24.802368,19.926758,0.060762137,2,-1,-1
413.87082,255.0363,19.894867,24.156082,0.060699254,2,-1,-1
416.27353,276.56985,26.57779,37.898438,0.06066984,2,-1,-1
1147.4258,80.54952,244.54736,111.05038,0.060634494,6,-1,-1
438.9955,664.2016,36.405884,42.914673,0.06063062,1,-1,-1
1239.4858,104.080025,21.61267,30.15313,0.060621947,1,-1,-1
634.8429,318.9515,9.695129,12.20462,0.060542226,1,-1,-1
1185.087,222.02158,39.247925,29.110764,0.060490668,1,-1,-1
1141.498,756.30237,85.32861,31.241577,0.06036547,2,-1,-1
1195.801,217.34668,19.154419,27.54805,0.060267776,2,-1,-1
437.16803,228.146,23.433777,27.01004,0.060110956,2,-1,-1
444.16888,689.55743,13.372772,12.509216,0.060082972,2,-1,-1
1099.2184,737.46484,41.46692,38.089355,0.06003982,1,-1,-1
449.24606,134.1957,30.777374,38.558273,0.060016632,2,-1,-1
615.6434,52.62181,47.800415,29.719398,0.05996847,3,-1,-1
403.00983,225.63344,27.59967,40.17195,0.05991453,2,-1,-1
410.74515,256.24887,15.760559,19.379578,0.059842706,1,-1,-1
631.59155,312.1437,8.722595,10.057861,0.05975899,1,-1,-1
1215.904,766.9825,14.227417,16.443542,0.05968356,2,-1,-1
1095.981,701.00037,59.736084,42.353394,0.05960557,2,-1,-1
1300.4443,14.751538,69.34595,48.581455,0.059584647,1,-1,-1
589.9128,245.25014,50.02533,38.513474,0.059490442,1,-1,-1
1261.5723,102.81302,19.776611,24.34233,0.059259564,2,-1,-1
1207.6377,314.78732,191.88306,155.6272,0.059224755,7,-1,-1
404.68604,265.62692,23.027557,36.359344,0.05912885,2,-1,-1
372.6493,433.8584,26.39325,24.46466,0.059121966,10,-1,-1
932.7204,370.00262,26.661804,10.806519,0.058867067,1,-1,-1
579.6241,747.94006,47.39026,39.60388,0.058862895,2,-1,-1
1345.6213,41.222836,53.899414,63.88548,0.058772743,1,-1,-1
760.8229,751.7234,33.5412,35.820557,0.058713347,4,-1,-1
1197.3704,761.51917,24.220581,17.268799,0.058588654,1,-1,-1
434.01804,0.0,19.040955,41.289524,0.058588564,2,-1,-1
572.3372,0.0,14.240234,18.338226,0.058576643,1,-1,-1
1128.697,760.95123,36.78943,26.592712,0.058508933,1,-1,-1
