861.34686,429.32782,40.822327,51.85025,0.8435798,1,-1,-1
215.12715,316.91147,33.441788,48.325806,0.7755141,1,-1,-1
505.32922,319.31787,33.27942,52.87448,0.7409382,1,-1,-1
612.49615,174.31023,215.79504,96.7278,0.7049507,4,-1,-1
52.517036,285.42212,33.74376,46.720734,0.6737287,1,-1,-1
771.82904,418.21866,30.865967,49.819305,0.64763117,1,-1,-1
378.98752,331.06876,35.822845,59.41391,0.6167672,1,-1,-1
572.3186,323.01605,28.614502,51.210632,0.5723931,1,-1,-1
381.34952,348.8521,38.15091,54.752594,0.56213987,1,-1,-1
755.9714,444.98236,35.829285,52.761658,0.51309896,10,-1,-1
1186.3821,0.0,178.22705,53.285164,0.5016556,4,-1,-1
278.2449,272.48526,33.457,53.083588,0.4337731,10,-1,-1
754.84625,445.62796,33.44049,49.677216,0.4050359,1,-1,-1
607.5736,386.19,34.286926,82.10025,0.36732483,10,-1,-1
276.9365,272.54697,33.568817,52.678436,0.36355206,1,-1,-1
277.984,272.40802,33.494263,52.83188,0.3106699,3,-1,-1
757.15515,431.4665,35.499268,56.962616,0.3047549,2,-1,-1
607.07404,388.95813,31.493164,74.01694,0.2632319,1,-1,-1
378.23187,331.59634,35.336823,62.61151,0.23131731,10,-1,-1
1188.0822,0.0,176.75427,52.878998,0.22301435,5,-1,-1
247.54887,271.1805,32.877975,48.79544,0.21666685,1,-1,-1
378.23187,331.59634,35.336823,62.61151,0.21647245,2,-1,-1
754.60693,427.21353,46.002502,63.658325,0.21154967,1,-1,-1
755.9714,444.98236,35.829285,52.761658,0.20115936,3,-1,-1
749.97546,427.11826,53.26068,74.38931,0.17466322,10,-1,-1
205.04645,263.9767,81.264496,63.597137,0.16123974,8,-1,-1
607.5736,386.19,34.286926,82.10025,0.15920764,3,-1,-1
759.74054,446.53036,22.325806,33.507996,0.15714994,2,-1,-1
771.82904,418.21866,30.865967,49.819305,0.15558529,2,-1,-1
218.27652,327.236,33.906113,59.445465,0.15089458,1,-1,-1
58.50379,300.19818,35.568443,49.37323,0.15045351,1,-1,-1
382.7913,366.85046,35.16571,56.72934,0.14400408,1,-1,-1
612.9909,173.1637,213.65216,97.79172,0.14199394,5,-1,-1
378.23187,331.59634,35.336823,62.61151,0.141343,3,-1,-1
382.3401,351.7647,36.360535,51.158752,0.13878253,2,-1,-1
277.03458,273.2101,32.467438,51.42447,0.13800004,2,-1,-1
381.7866,350.71326,37.79831,53.46936,0.13621557,10,-1,-1
211.0214,315.3397,37.648834,49.923798,0.13375211,2,-1,-1
215.3114,342.24335,28.375824,48.68274,0.13180941,1,-1,-1
247.54887,271.1805,32.877975,48.79544,0.13154697,10,-1,-1
396.37784,394.22275,39.31543,41.876312,0.13034344,1,-1,-1
771.82904,418.21866,30.865967,49.819305,0.12759715,10,-1,-1
860.8572,430.1544,42.658447,50.14148,0.12678516,2,-1,-1
207.6285,266.11136,76.0428,60.117035,0.12557152,10,-1,-1
578.0169,346.96716,20.16455,27.671997,0.12495032,1,-1,-1
50.562435,285.0597,36.78433,45.747833,0.123366,2,-1,-1
368.41022,342.2615,57.114655,74.702545,0.123132914,1,-1,-1
612.3654,173.53207,217.26917,98.03366,0.12126607,9,-1,-1
380.5662,337.71185,17.69168,31.598755,0.11465475,2,-1,-1
376.0977,329.9048,27.326538,46.944427,0.11384547,1,-1,-1
381.83902,390.2203,42.601593,45.98761,0.11128846,1,-1,-1
264.29318,275.20016,37.30063,50.397644,0.11068207,10,-1,-1
205.04645,263.9767,81.264496,63.597137,0.106834024,7,-1,-1
577.4195,324.3484,18.249207,40.018127,0.10592064,1,-1,-1
388.88486,356.55923,18.909454,34.632202,0.10531533,2,-1,-1
382.3401,351.7647,36.360535,51.158752,0.10343903,3,-1,-1
205.15805,320.2722,39.604233,68.653595,0.10218313,1,-1,-1
578.0169,346.96716,20.16455,27.671997,0.10171321,2,-1,-1
368.41022,342.2615,57.114655,74.702545,0.09932652,10,-1,-1
243.71455,271.1259,34.972885,49.095337,0.09812805,2,-1,-1
222.36674,346.37445,16.949554,31.24997,0.09675038,1,-1,-1
57.63054,287.04834,20.189339,32.03958,0.096484244,1,-1,-1
394.4216,357.34067,19.259247,28.403564,0.09540588,2,-1,-1
776.27637,418.39658,17.920288,38.518707,0.09291616,1,-1,-1
891.23267,512.2894,41.526306,48.440002,0.09209052,1,-1,-1
380.5662,337.71185,17.69168,31.598755,0.0911082,1,-1,-1
756.93713,445.1332,22.97821,35.70929,0.08947012,1,-1,-1
57.63054,287.04834,20.189339,32.03958,0.089071214,2,-1,-1
263.92993,273.79398,36.093872,52.317017,0.086885005,1,-1,-1
247.54887,271.1805,32.877975,48.79544,0.08453187,3,-1,-1
752.37177,449.50708,32.38025,41.362152,0.0823006,2,-1,-1
688.1517,461.44696,38.042725,54.684875,0.082291305,1,-1,-1
286.8159,290.4578,20.30365,33.375946,0.08162212,1,-1,-1
841.35486,508.50604,51.485474,46.446106,0.079951316,1,-1,-1
765.55225,417.59415,49.03839,65.60895,0.07972261,10,-1,-1
607.07404,388.95813,31.493164,74.01694,0.0789102,2,-1,-1
388.36188,356.0489,19.247925,31.496613,0.07883361,1,-1,-1
593.7035,384.9615,51.84668,93.62875,0.07789391,1,-1,-1
570.18933,319.95782,44.533203,67.61005,0.07747847,1,-1,-1
776.27637,418.39658,17.920288,38.518707,0.07747066,2,-1,-1
366.6618,391.60333,39.2518,47.270172,0.0773786,1,-1,-1
770.0886,417.29407,32.33429,51.77835,0.07726261,3,-1,-1
0.0,277.42484,125.876076,123.66977,0.076773465,4,-1,-1
225.19057,349.9181,25.37297,39.29303,0.07651174,1,-1,-1
749.5227,492.131,152.43085,124.29898,0.07550278,4,-1,-1
264.29318,275.20016,37.30063,50.397644,0.074421644,3,-1,-1
381.75708,349.30316,18.146362,34.62729,0.073950976,2,-1,-1
208.13011,269.5685,75.36214,56.19806,0.07295263,3,-1,-1
211.19078,272.065,70.13002,52.900635,0.0726431,1,-1,-1
278.48074,272.7487,32.52243,52.633698,0.072417855,8,-1,-1
59.095455,302.27777,24.324574,28.200806,0.07166824,1,-1,-1
206.02153,257.24304,78.72856,69.19379,0.070931494,4,-1,-1
393.87085,357.76266,20.3331,31.13559,0.07074645,1,-1,-1
370.20993,335.46072,51.274384,78.50528,0.070661634,2,-1,-1
222.69048,345.84283,16.577896,32.384064,0.07042098,2,-1,-1
575.2759,340.69412,28.875244,44.084595,0.07038745,1,-1,-1
753.01,425.16162,32.661804,51.144196,0.06903672,1,-1,-1
51.38095,305.80624,34.254936,36.761383,0.06872228,1,-1,-1
721.60596,448.45862,50.342712,66.42444,0.06866497,10,-1,-1
278.0726,273.62073,18.751556,32.23929,0.06853187,1,-1,-1
278.1781,272.87988,33.305298,52.35382,0.06802553,7,-1,-1
612.49615,174.31023,215.79504,96.7278,0.06782955,6,-1,-1
765.55225,417.59415,49.03839,65.60895,0.067261964,1,-1,-1
0.0,277.42484,125.876076,123.66977,0.06723526,6,-1,-1
752.8963,424.94516,50.840942,68.00049,0.06716508,3,-1,-1
286.48538,282.3655,23.111664,35.735504,0.06711632,2,-1,-1
855.4667,511.27106,56.82202,43.059937,0.0668543,1,-1,-1
245.82915,265.58417,68.49779,66.43497,0.06682381,10,-1,-1
375.30606,349.15747,29.756989,42.02066,0.06608486,1,-1,-1
817.82916,497.2805,43.265747,46.736176,0.06582165,1,-1,-1
205.04645,263.9767,81.264496,63.597137,0.06498766,5,-1,-1
357.26215,390.32886,33.861237,49.03424,0.06409368,1,-1,-1
613.0968,181.33066,135.57239,67.90105,0.063526005,4,-1,-1
831.8033,499.11542,44.066467,45.884155,0.06327096,1,-1,-1
807.0894,492.1739,39.243347,51.921326,0.0631921,1,-1,-1
50.125744,284.99945,37.44,44.73059,0.0629898,10,-1,-1
754.58545,445.13623,32.931458,50.645844,0.06298956,4,-1,-1
65.99553,315.39056,28.190643,43.5596,0.06264359,1,-1,-1
212.21487,316.59055,36.95912,44.42581,0.06243217,10,-1,-1
381.4283,350.7628,18.828186,32.305725,0.062362194,1,-1,-1
1188.0822,0.0,176.75427,52.878998,0.06169924,9,-1,-1
378.23187,331.59634,35.336823,62.61151,0.061684042,4,-1,-1
387.71054,345.73077,17.622314,32.752228,0.060183823,2,-1,-1
511.8385,337.79858,16.698364,34.98291,0.06011185,1,-1,-1
50.125744,284.99945,37.44,44.73059,0.060097724,3,-1,-1
382.7913,366.85046,35.16571,56.72934,0.05999261,2,-1,-1
43.321514,282.06985,58.150112,75.272,0.05966866,1,-1,-1
861.4195,429.54803,41.430664,50.93988,0.05949834,4,-1,-1
701.31305,462.22644,37.43921,53.05841,0.05946675,1,-1,-1
750.3078,456.5294,45.97473,88.31668,0.059452713,10,-1,-1
59.095455,302.27777,24.324574,28.200806,0.05937165,2,-1,-1
285.97186,286.85153,23.4581,40.03885,0.059141964,3,-1,-1
614.5952,390.20575,18.055542,33.82315,0.058947027,1,-1,-1
212.21487,316.59055,36.95912,44.42581,0.05868444,3,-1,-1
580.266,338.08762,14.932861,30.484253,0.058229685,1,-1,-1
66.406075,296.7879,18.642838,25.94635,0.05796486,1,-1,-1
278.0726,273.62073,18.751556,32.23929,0.0575819,2,-1,-1
899.294,549.7582,104.147766,100.70819,0.0572699,4,-1,-1
240.79628,269.8188,75.87727,61.106018,0.05654487,8,-1,-1
54.090836,285.5312,17.390205,26.358185,0.056522816,1,-1,-1
256.86523,691.2789,10.031311,12.411743,0.056299537,1,-1,-1
276.9365,272.54697,33.568817,52.678436,0.055965036,4,-1,-1
614.2222,427.8738,20.008606,30.088501,0.05566907,1,-1,-1
765.0783,445.29248,26.152649,31.813354,0.05542791,2,-1,-1
1188.8741,0.0,56.751343,31.006172,0.05537951,4,-1,-1
1186.3821,0.0,178.22705,53.285164,0.05497378,6,-1,-1
396.37784,394.22275,39.31543,41.876312,0.054459274,2,-1,-1
660.3867,462.30612,37.569824,50.22812,0.054163933,1,-1,-1
385.77368,340.50418,20.461884,25.988342,0.0540002,2,-1,-1
614.9046,415.84195,18.960388,25.04956,0.053966105,1,-1,-1
263.92993,273.79398,36.093872,52.317017,0.053862333,2,-1,-1
387.71054,345.73077,17.622314,32.752228,0.053231597,1,-1,-1
572.7551,324.07678,19.111206,29.847626,0.053228676,1,-1,-1
368.93042,378.6647,52.093292,71.04208,0.05320072,1,-1,-1
576.386,323.6399,17.37146,20.213928,0.05313322,1,-1,-1
576.0506,323.55182,19.426392,37.003082,0.052765936,2,-1,-1
789.72546,492.89667,43.956116,47.172485,0.05253443,1,-1,-1
860.92505,429.46924,42.098694,51.11905,0.05209574,10,-1,-1
749.5227,492.131,152.43085,124.29898,0.05204755,5,-1,-1
573.43677,322.9136,28.310303,52.781647,0.052022427,2,-1,-1
597.6984,391.68954,54.792908,92.56943,0.051398635,10,-1,-1
256.19757,271.96338,24.284882,32.341003,0.051054597,1,-1,-1
286.48538,282.3655,23.111664,35.735504,0.050852805,10,-1,-1
377.5225,343.2844,16.72937,33.028748,0.050833702,1,-1,-1
130.9948,333.2254,40.653214,45.51294,0.050709665,1,-1,-1
53.779766,285.7186,18.259212,25.098724,0.05054909,2,-1,-1
613.91736,429.35934,20.779419,27.845245,0.050402522,2,-1,-1
214.38647,304.20044,49.63217,70.47568,0.050285935,1,-1,-1
377.5225,343.2844,16.72937,33.028748,0.05007121,2,-1,-1
68.34779,309.36404,20.760803,36.907745,0.05006349,1,-1,-1
275.1858,269.04105,24.854187,44.617523,0.050032854,3,-1,-1
