236.8788,617.71075,132.53032,66.95758,0.99999774,4,-1,-1
750.71967,446.56848,62.067688,36.71347,0.99998933,4,-1,-1
691.6315,448.40292,65.81903,34.19046,0.999931,4,-1,-1
829.6416,439.68622,62.968018,31.70755,0.9998605,4,-1,-1
23.972775,688.14136,163.77441,78.4845,0.99965006,4,-1,-1
799.5288,415.8799,47.470642,27.54245,0.9996022,4,-1,-1
861.17377,415.5944,53.76367,28.774872,0.9994122,4,-1,-1
1130.8474,305.2817,73.146484,39.07309,0.9988338,9,-1,-1
384.69864,530.61523,105.416046,64.01257,0.9984448,5,-1,-1
897.4337,386.64093,39.30841,24.690765,0.99702644,4,-1,-1
933.8761,433.2285,60.440735,42.337646,0.99693805,4,-1,-1
621.313,517.4826,83.33411,45.21399,0.99603,4,-1,-1
564.587,481.5119,89.746765,50.035828,0.9952194,4,-1,-1
933.8016,396.09286,54.876892,37.41986,0.9950652,4,-1,-1
47.1631,647.61444,139.24355,66.89783,0.9917589,4,-1,-1
1063.9716,395.21094,47.18335,27.058777,0.98595595,4,-1,-1
987.5919,678.3296,22.882996,45.30249,0.9818798,1,-1,-1
1299.3662,324.6593,50.472168,19.917633,0.97474074,4,-1,-1
971.76917,676.7945,17.336548,49.222595,0.9290551,1,-1,-1
1368.977,288.79254,29.972778,38.49051,0.9267539,4,-1,-1
990.8723,366.6142,42.332397,25.57837,0.9246589,4,-1,-1
963.7697,363.04684,34.947693,22.929413,0.91527957,4,-1,-1
1021.6164,341.51898,32.954895,21.76123,0.9030695,4,-1,-1
1216.5536,329.92862,41.63916,17.276611,0.90088975,4,-1,-1
625.59454,480.5752,78.28046,49.04834,0.8913353,5,-1,-1
898.4918,738.7393,19.123901,47.554688,0.84941846,1,-1,-1
1231.2444,361.71924,42.257935,22.325592,0.6633589,4,-1,-1
875.31055,750.602,18.166138,36.044678,0.6490752,1,-1,-1
1035.6066,345.6988,54.89624,45.496063,0.6447645,6,-1,-1
1073.2893,326.56964,31.01001,19.27008,0.6163649,4,-1,-1
1030.8501,623.6213,19.237915,41.957092,0.5623828,1,-1,-1
1281.7709,291.8074,26.153076,23.460358,0.4423576,4,-1,-1
1032.1924,638.3377,20.08545,37.478577,0.42887717,1,-1,-1
1189.6703,399.87814,35.76538,19.190063,0.35055947,4,-1,-1
1035.3387,345.47958,55.53955,46.30078,0.32629734,9,-1,-1
1281.7709,291.8074,26.153076,23.460358,0.31660986,5,-1,-1
577.8274,480.19012,87.45453,50.387207,0.30872455,5,-1,-1
1105.7229,384.6845,37.125854,16.593628,0.26451883,4,-1,-1
1198.2196,402.47723,32.5166,20.942139,0.25849476,4,-1,-1
1245.2836,367.18985,42.207153,17.242767,0.24846697,4,-1,-1
975.63824,291.6482,46.723267,17.158783,0.2380349,5,-1,-1
621.9913,517.85864,80.61603,45.638733,0.22501776,5,-1,-1
1102.8406,340.40494,25.810059,23.083374,0.22414753,4,-1,-1
1102.8406,340.40494,25.810059,23.083374,0.223831,5,-1,-1
989.1032,389.13248,38.135437,18.95932,0.21223575,4,-1,-1
881.39484,743.2931,26.643677,42.38452,0.19298255,1,-1,-1
1086.9119,575.4202,14.848267,40.200684,0.18789706,1,-1,-1
1031.4429,344.43817,45.098633,31.184418,0.1807484,4,-1,-1
973.733,293.22568,46.992188,16.729279,0.17904857,4,-1,-1
1237.0627,359.5704,47.240967,18.726349,0.15725565,4,-1,-1
1209.3029,469.45233,15.430176,35.557037,0.15429693,1,-1,-1
979.992,283.81122,43.316467,16.853699,0.14547968,5,-1,-1
1033.35,639.8862,19.690063,36.003296,0.14544952,10,-1,-1
978.04517,283.83044,43.893127,17.49582,0.14507669,4,-1,-1
1072.6816,333.40482,30.552979,24.511139,0.14260402,4,-1,-1
875.1222,750.40344,19.36322,36.243225,0.13233534,10,-1,-1
1226.0461,477.06427,21.486694,30.540222,0.13170144,1,-1,-1
1023.8335,338.8474,47.90869,27.283691,0.1237376,4,-1,-1
1071.0878,340.29922,29.890625,26.700714,0.11938912,4,-1,-1
1033.35,639.8862,19.690063,36.003296,0.11715186,3,-1,-1
1031.2487,624.76855,20.507568,40.01184,0.113352895,2,-1,-1
1232.9604,357.2228,36.036255,24.442139,0.11074385,5,-1,-1
877.1639,251.5649,39.468994,18.143417,0.10782471,4,-1,-1
873.3371,750.8246,19.773865,35.822083,0.10577586,2,-1,-1
937.6369,388.5318,52.270264,28.482544,0.10351583,4,-1,-1
975.63824,291.6482,46.723267,17.158783,0.100504875,6,-1,-1
620.34186,480.4373,80.73328,51.019806,0.0957208,4,-1,-1
1032.3907,624.7991,19.638672,41.714905,0.09344283,10,-1,-1
1071.0878,340.29922,29.890625,26.700714,0.09228495,5,-1,-1
1220.2316,291.9617,24.441528,24.212921,0.089642346,4,-1,-1
1369.1581,288.9719,29.791748,38.80316,0.088050544,1,-1,-1
979.992,283.81122,43.316467,16.853699,0.08774033,6,-1,-1
975.63824,291.6482,46.723267,17.158783,0.08699471,9,-1,-1
991.13794,366.2937,42.583862,26.141235,0.08686733,5,-1,-1
1203.0231,281.75757,30.379517,19.140198,0.085307926,4,-1,-1
1254.5297,368.66428,34.088257,18.767365,0.08494398,5,-1,-1
1281.4403,290.92557,25.912476,23.974182,0.0813261,6,-1,-1
1207.3516,270.88284,26.667114,22.322906,0.07973793,9,-1,-1
1220.2316,291.9617,24.441528,24.212921,0.07854974,5,-1,-1
1232.9604,357.2228,36.036255,24.442139,0.077739835,6,-1,-1
1254.092,451.90186,20.399658,29.569275,0.07732114,1,-1,-1
384.69415,530.39886,105.09631,63.99579,0.076969415,2,-1,-1
1033.35,639.8862,19.690063,36.003296,0.075683504,2,-1,-1
620.34186,480.4373,80.73328,51.019806,0.075223416,1,-1,-1
1220.2316,291.9617,24.441528,24.212921,0.07427129,6,-1,-1
1153.4061,495.26608,16.723877,32.99521,0.07340562,1,-1,-1
1369.3204,288.96408,29.629395,38.116608,0.07268533,5,-1,-1
899.02264,739.2732,18.529419,46.751404,0.07266325,10,-1,-1
1207.7345,398.75345,32.67212,21.958435,0.07187644,4,-1,-1
965.8745,295.54794,47.12793,18.439941,0.07119867,5,-1,-1
1292.6782,415.92645,20.382446,32.625153,0.06999171,4,-1,-1
1073.2893,326.56964,31.01001,19.27008,0.06997508,5,-1,-1
966.8064,387.82553,40.5506,21.26117,0.06962103,4,-1,-1
948.70624,281.85934,36.909668,17.674744,0.06746325,4,-1,-1
1072.6816,333.40482,30.552979,24.511139,0.06735158,5,-1,-1
1024.0503,357.30475,34.274536,30.539398,0.06711733,4,-1,-1
932.78546,407.16568,58.48694,42.77896,0.06675023,4,-1,-1
1292.7505,415.8121,19.568726,32.152893,0.06618583,7,-1,-1
875.1222,750.40344,19.36322,36.243225,0.06500471,3,-1,-1
1201.0482,400.51334,29.264282,22.487274,0.0642589,5,-1,-1
989.1032,389.13248,38.135437,18.95932,0.06365171,10,-1,-1
620.34186,480.4373,80.73328,51.019806,0.063578874,8,-1,-1
712.8346,232.77217,30.509827,21.200027,0.063310295,5,-1,-1
102.094765,688.7305,23.266953,37.84845,0.06310135,1,-1,-1
620.7885,498.03476,24.746765,37.09793,0.0630416,1,-1,-1
1031.4429,344.43817,45.098633,31.184418,0.06202653,9,-1,-1
1198.2196,402.47723,32.5166,20.942139,0.061977327,7,-1,-1
331.57727,665.5537,13.312988,55.736755,0.06118551,1,-1,-1
873.3371,750.8246,19.773865,35.822083,0.060771793,4,-1,-1
38.393116,654.2395,147.79308,71.97748,0.060614526,5,-1,-1
1281.329,291.52954,25.907837,23.990448,0.06047544,7,-1,-1
934.32007,396.03098,54.94806,37.836487,0.060252488,1,-1,-1
964.8861,282.29526,42.264893,18.679932,0.059794843,4,-1,-1
965.02893,683.0587,18.025574,47.502136,0.059509993,1,-1,-1
951.4983,381.99005,36.958313,22.792328,0.05927354,4,-1,-1
974.8288,685.027,19.638245,47.244568,0.058900416,1,-1,-1
1102.2065,340.85358,26.18103,23.571808,0.058033615,9,-1,-1
950.39105,387.95383,45.186462,21.993347,0.057819992,7,-1,-1
1281.7709,291.8074,26.153076,23.460358,0.05765629,8,-1,-1
1291.4847,414.91998,19.412842,33.76996,0.056818277,1,-1,-1
1064.0886,395.06665,46.963257,27.195648,0.056760997,5,-1,-1
1203.0231,281.75757,30.379517,19.140198,0.05633682,9,-1,-1
1020.3597,343.3463,40.639587,31.169434,0.05595553,4,-1,-1
971.6754,675.76276,17.806946,49.817505,0.055261493,2,-1,-1
914.7195,264.75583,39.016724,20.892029,0.054474622,4,-1,-1
712.8346,232.77217,30.509827,21.200027,0.054298073,4,-1,-1
1207.3516,270.88284,26.667114,22.322906,0.05415213,6,-1,-1
1032.5647,352.85083,46.075073,36.465454,0.054069787,4,-1,-1
950.97705,287.4494,40.35431,18.34491,0.053744704,4,-1,-1
899.02264,739.2732,18.529419,46.751404,0.05346489,3,-1,-1
1266.4491,423.07404,22.458374,29.129547,0.053372324,7,-1,-1
933.8673,393.67563,55.53607,36.70993,0.053164244,5,-1,-1
971.2608,318.73062,20.846497,27.065643,0.05227983,4,-1,-1
1256.8519,373.19736,32.17798,22.030945,0.052239567,4,-1,-1
949.1134,273.27106,36.460815,18.271149,0.051800877,4,-1,-1
1292.7505,415.8121,19.568726,32.152893,0.05153656,5,-1,-1
1207.3516,270.88284,26.667114,22.322906,0.051249176,4,-1,-1
1037.0446,626.4255,22.14209,35.294983,0.05110076,1,-1,-1
1021.534,340.67612,34.278503,22.98111,0.05079025,5,-1,-1
1031.4429,344.43817,45.098633,31.184418,0.0507752,6,-1,-1
988.13055,274.388,37.705627,16.717285,0.050604045,4,-1,-1
989.1032,389.13248,38.135437,18.95932,0.05016467,7,-1,-1
