446.4078,519.81146,107.48367,60.839905,0.99999255,4,-1,-1
753.1586,644.20605,163.23334,103.689514,0.9999709,4,-1,-1
558.4368,599.012,149.4068,85.48529,0.99996793,4,-1,-1
1049.6656,681.7557,191.51953,104.43591,0.99989593,4,-1,-1
471.04944,638.6272,164.98596,108.43683,0.9998362,4,-1,-1
281.10126,435.89694,94.81082,45.567047,0.99978733,4,-1,-1
870.2963,543.1545,128.0155,66.34204,0.9996216,4,-1,-1
396.7456,454.20374,89.91586,50.344666,0.9995971,4,-1,-1
951.4457,600.7287,151.53625,76.08496,0.99947774,4,-1,-1
342.60947,480.6278,104.17282,55.243652,0.99942386,4,-1,-1
1013.22144,740.3672,232.93445,129.25409,0.9992785,4,-1,-1
515.28345,485.93597,105.99902,51.31256,0.9987217,4,-1,-1
825.4387,611.5054,131.99377,87.26178,0.9984691,4,-1,-1
742.41724,554.4452,134.00189,61.98938,0.98437226,4,-1,-1
703.15765,506.15704,111.506714,57.07843,0.97642004,5,-1,-1
229.69925,457.15915,96.622986,49.385376,0.9416853,4,-1,-1
566.8388,556.7822,128.54492,65.94977,0.9394468,4,-1,-1
1182.8683,659.62976,189.88538,100.484924,0.9390073,4,-1,-1
16.023787,524.06976,29.63159,49.92737,0.9074279,1,-1,-1
1032.3196,708.64655,217.01294,118.49237,0.70705116,4,-1,-1
1046.004,583.28796,149.3186,81.52728,0.70041597,5,-1,-1
226.61095,457.41663,100.34517,49.704468,0.6542657,7,-1,-1
1046.1803,583.0268,149.08105,81.46912,0.509767,4,-1,-1
252.77289,448.49063,95.694244,47.761505,0.49552453,4,-1,-1
1185.0979,657.3265,184.95264,105.50055,0.33502012,5,-1,-1
697.97986,506.52017,119.358826,57.346283,0.2813518,6,-1,-1
711.0077,416.3287,42.59143,24.480103,0.27106324,10,-1,-1
697.3167,506.53543,119.04016,57.848846,0.25442415,4,-1,-1
244.19421,458.15253,68.90579,40.05246,0.25057632,2,-1,-1
752.71545,661.1508,25.478088,53.41571,0.23355374,1,-1,-1
1055.3188,679.06903,185.8136,107.593994,0.21585733,5,-1,-1
184.60373,321.62473,51.862854,21.198212,0.21564946,4,-1,-1
228.99892,458.49152,97.097885,48.986298,0.20300591,10,-1,-1
752.95435,660.52435,26.792175,50.902405,0.2011506,2,-1,-1
1049.2014,582.7819,150.75024,80.92145,0.19177255,9,-1,-1
971.45856,594.75653,161.93475,90.4436,0.19102746,5,-1,-1
1278.8999,659.79926,28.701172,43.702637,0.18525788,1,-1,-1
1278.8999,659.79926,28.701172,43.702637,0.16856718,2,-1,-1
1316.9855,655.8282,82.13953,46.490295,0.15714353,7,-1,-1
1331.7301,748.4112,66.940186,86.75177,0.15221545,8,-1,-1
697.97986,506.52017,119.358826,57.346283,0.14365402,9,-1,-1
1329.3291,748.7496,68.54944,84.456665,0.14116251,7,-1,-1
184.60373,321.62473,51.862854,21.198212,0.13645875,5,-1,-1
1188.9999,656.838,182.39355,103.99036,0.12837362,6,-1,-1
226.61095,457.41663,100.34517,49.704468,0.12211627,8,-1,-1
1286.4602,667.0969,41.410522,37.5343,0.111721635,10,-1,-1
1329.3102,750.31866,69.81482,84.94647,0.10945788,1,-1,-1
1277.7723,662.3221,34.911255,41.855408,0.109000236,10,-1,-1
563.4789,555.24585,118.00934,56.35852,0.10653338,5,-1,-1
560.55475,625.89014,28.869934,53.815796,0.102091104,1,-1,-1
1288.706,664.34784,35.26245,41.2063,0.09993687,2,-1,-1
334.06378,177.93669,49.98221,19.870773,0.09980556,4,-1,-1
825.66724,566.87396,153.15503,95.744446,0.09694725,4,-1,-1
226.67885,459.09036,61.60936,37.298035,0.0962781,2,-1,-1
693.05676,414.37003,46.819763,24.561066,0.09007859,10,-1,-1
748.6757,557.2257,129.70117,62.716125,0.08987844,5,-1,-1
1288.706,664.34784,35.26245,41.2063,0.08935514,1,-1,-1
227.34477,458.12378,97.39171,49.1539,0.08722088,1,-1,-1
1046.1881,584.1421,149.1499,80.50415,0.08326703,1,-1,-1
713.6581,417.34814,39.315735,25.348694,0.08114767,3,-1,-1
1331.5553,748.9187,66.97473,86.32709,0.08015916,10,-1,-1
805.9576,608.08606,154.49835,95.404236,0.079951316,5,-1,-1
252.63075,463.535,35.971725,42.348022,0.07938826,2,-1,-1
992.3126,594.8327,148.92065,78.2489,0.07792795,9,-1,-1
804.7448,631.0547,36.911194,45.69696,0.07786122,1,-1,-1
567.4647,632.7298,30.87799,54.79364,0.07701838,1,-1,-1
761.69574,616.4359,179.67358,101.85132,0.076526105,4,-1,-1
816.4018,636.3423,33.604187,53.526917,0.07596609,1,-1,-1
0.0,848.22107,210.98656,163.34973,0.07571828,7,-1,-1
15.537055,523.39154,29.96735,50.784607,0.073213756,2,-1,-1
567.4647,632.7298,30.87799,54.79364,0.07256305,2,-1,-1
334.06378,177.93669,49.98221,19.870773,0.070286125,10,-1,-1
334.06378,177.93669,49.98221,19.870773,0.06830025,3,-1,-1
1050.9482,679.8666,191.38037,109.56256,0.06773478,1,-1,-1
1267.7908,657.82007,26.938232,40.91455,0.065710545,2,-1,-1
1314.0789,655.9339,85.04614,46.791992,0.06540474,4,-1,-1
711.0077,416.3287,42.59143,24.480103,0.06513074,7,-1,-1
853.60895,663.5489,28.778015,46.123413,0.06494275,2,-1,-1
1328.8702,746.33344,68.854126,89.172424,0.06385529,4,-1,-1
261.5519,454.27258,35.83789,37.683197,0.06237024,2,-1,-1
252.77289,448.49063,95.694244,47.761505,0.061278075,8,-1,-1
1283.9524,662.5219,40.633057,40.608154,0.06123215,3,-1,-1
743.90265,662.09454,25.589417,50.173645,0.060967177,1,-1,-1
526.53,620.10114,168.54895,98.58771,0.06084025,4,-1,-1
701.98376,504.57788,104.45703,58.720398,0.05945009,1,-1,-1
15.442104,525.40485,30.482517,48.551758,0.059375077,10,-1,-1
756.1562,564.4759,144.48315,83.67731,0.058879435,4,-1,-1
1055.3188,679.06903,185.8136,107.593994,0.05787602,6,-1,-1
1343.9506,657.45685,53.829346,37.818726,0.05761674,10,-1,-1
812.42285,632.984,35.822327,50.738342,0.057050884,10,-1,-1
1185.0979,657.3265,184.95264,105.50055,0.056815624,7,-1,-1
763.2273,660.66327,28.640564,52.296814,0.05664313,2,-1,-1
742.9004,554.2289,133.82886,62.164062,0.056511104,1,-1,-1
1301.6938,670.45306,28.985718,38.92102,0.056129992,2,-1,-1
1354.2944,647.2709,29.35608,39.302002,0.0550583,1,-1,-1
1184.12,660.3959,187.25403,100.18878,0.05469328,1,-1,-1
1248.3914,667.9572,32.48633,39.230957,0.05468467,2,-1,-1
729.9439,534.3815,127.60315,64.90393,0.054612458,5,-1,-1
1183.9103,659.5857,187.9906,102.51721,0.054482132,10,-1,-1
1258.8181,662.07635,43.064453,28.63031,0.05407849,2,-1,-1
737.0229,555.8153,139.909,60.3255,0.05358383,6,-1,-1
1070.9381,626.03625,31.868164,43.23578,0.05352074,1,-1,-1
1081.8242,346.40555,32.331055,28.542358,0.053402364,4,-1,-1
1301.6938,670.45306,28.985718,38.92102,0.053388715,1,-1,-1
700.78644,414.42545,42.40265,26.382019,0.053324938,3,-1,-1
565.17126,556.3383,120.562256,57.183777,0.053073645,1,-1,-1
252.77289,448.49063,95.694244,47.761505,0.05302745,7,-1,-1
1305.0762,669.7781,89.54907,61.010254,0.053001016,7,-1,-1
1329.3291,748.7496,68.54944,84.456665,0.052707314,5,-1,-1
812.5052,579.8029,26.83429,49.652832,0.05270213,1,-1,-1
737.0229,555.8153,139.909,60.3255,0.052197337,9,-1,-1
1294.9055,664.3235,100.326294,47.279663,0.051532805,3,-1,-1
1359.5715,652.2814,38.147705,33.494873,0.051215023,10,-1,-1
1267.7908,657.82007,26.938232,40.91455,0.050853044,1,-1,-1
1344.6353,652.03937,44.587646,35.159363,0.050823838,7,-1,-1
1347.9424,643.88104,24.760986,38.85254,0.05045283,1,-1,-1
838.9265,441.42105,53.538757,26.088776,0.050107837,3,-1,-1
1293.1578,679.02045,45.66919,29.45282,0.050032675,10,-1,-1
