958.3073,437.9096,255.82452,144.6377,0.8954538,9,-1,-1
1136.436,725.68567,147.36108,60.961,0.84467083,6,-1,-1
289.0404,491.5483,49.497498,46.276886,0.7619474,4,-1,-1
944.2142,344.2692,255.70587,168.88205,0.7145566,9,-1,-1
380.06873,521.961,35.502533,41.34778,0.70617986,7,-1,-1
957.6714,539.5082,36.193787,39.36499,0.6970164,2,-1,-1
1030.4886,216.84904,179.98889,100.94328,0.6964763,6,-1,-1
1273.308,353.83484,119.70764,98.89438,0.6900506,7,-1,-1
1277.0778,183.75154,121.87207,98.87416,0.63875616,6,-1,-1
1043.9598,578.3129,306.07507,201.39478,0.61646205,6,-1,-1
1206.519,487.494,25.795654,37.774017,0.60987693,1,-1,-1
489.954,266.086,22.887665,30.4646,0.58105624,1,-1,-1
1291.409,683.5465,106.021484,100.963806,0.5699124,6,-1,-1
955.8097,546.6995,37.79474,34.553467,0.55111504,10,-1,-1
1190.6327,467.5049,39.738647,58.65506,0.51960343,1,-1,-1
419.27478,547.8189,26.505005,25.901367,0.5031622,10,-1,-1
432.38287,300.10544,23.17569,29.511139,0.48504108,10,-1,-1
949.6002,589.4613,116.945435,78.25433,0.45488608,6,-1,-1
428.42035,409.94687,24.77835,31.828339,0.41941363,1,-1,-1
735.73615,722.4835,206.48633,64.16315,0.40853643,9,-1,-1
1026.8832,578.40173,233.03711,166.54736,0.401038,9,-1,-1
1000.5794,300.2161,185.71954,143.92007,0.37749785,9,-1,-1
1272.9774,320.04813,125.97241,133.15588,0.36414126,9,-1,-1
390.65314,520.1218,35.12912,33.24945,0.35559136,7,-1,-1
1015.94257,284.58792,179.8028,72.3952,0.3459041,6,-1,-1
732.6786,714.5501,218.68304,72.09656,0.34006697,6,-1,-1
131.27618,626.3001,25.928741,25.383484,0.3400601,1,-1,-1
445.35495,556.7202,31.64804,41.58423,0.32880205,1,-1,-1
945.4448,352.35388,252.26428,156.85773,0.31955487,6,-1,-1
608.595,231.71617,18.641113,31.936813,0.3171245,1,-1,-1
446.4944,555.5943,33.235107,48.507202,0.31156164,10,-1,-1
1269.9718,318.41718,128.97803,106.38693,0.31043303,7,-1,-1
1061.2726,543.36633,30.842773,35.997437,0.30643198,1,-1,-1
469.4007,560.3644,21.540283,33.878357,0.30566794,2,-1,-1
318.65277,451.9688,45.595825,38.773895,0.3027845,8,-1,-1
811.6701,70.98797,28.598633,22.0999,0.2987458,10,-1,-1
934.65753,682.7052,212.4505,103.895325,0.2984353,6,-1,-1
962.04407,525.4693,30.499695,44.38739,0.29644412,2,-1,-1
968.053,667.9621,39.23242,26.535645,0.29532927,2,-1,-1
452.43558,141.6391,30.480164,24.405197,0.2934882,10,-1,-1
445.5551,556.00616,32.140625,44.51172,0.28800243,2,-1,-1
318.3797,452.21368,45.66443,38.35901,0.28797412,1,-1,-1
395.44403,519.62305,30.21878,30.80597,0.28631943,10,-1,-1
528.5415,375.39285,22.856384,28.794586,0.2857948,1,-1,-1
380.06873,521.961,35.502533,41.34778,0.28324974,10,-1,-1
423.58887,300.67795,23.90091,30.000793,0.2823848,10,-1,-1
982.6587,622.8471,259.25574,155.24841,0.27788925,6,-1,-1
951.04987,442.60498,252.78961,140.75098,0.2756408,6,-1,-1
968.11035,667.68634,39.003418,26.674683,0.27408934,1,-1,-1
286.27042,494.10678,52.03952,50.94449,0.27403986,6,-1,-1
271.89868,530.9817,46.25595,53.787476,0.2718249,6,-1,-1
1060.6278,548.9053,30.04187,31.477844,0.26565123,2,-1,-1
1118.0702,686.51056,154.92065,96.432556,0.26511002,6,-1,-1
426.04562,549.6687,26.783386,29.381714,0.2642296,10,-1,-1
1014.618,286.78796,177.8725,85.41232,0.26302275,9,-1,-1
439.82925,551.794,24.615356,29.981384,0.25991178,10,-1,-1
427.70688,409.89767,19.550934,31.189423,0.25684768,2,-1,-1
271.7162,530.35785,46.710205,57.43683,0.25622475,8,-1,-1
1072.6973,173.92699,180.25195,88.47923,0.25601143,6,-1,-1
1272.6007,318.53207,126.17395,134.64774,0.25437433,6,-1,-1
452.47748,150.80186,28.68814,23.16983,0.253895,10,-1,-1
436.51593,407.54807,34.815643,37.860077,0.2500829,1,-1,-1
1272.9774,320.04813,125.97241,133.15588,0.24749485,4,-1,-1
380.06873,521.961,35.502533,41.34778,0.24356264,8,-1,-1
1057.0587,554.54486,28.553345,28.494263,0.23865467,1,-1,-1
749.28894,644.43396,139.09814,74.025024,0.23684794,6,-1,-1
1164.5232,272.2539,30.718506,35.820374,0.2303952,2,-1,-1
457.19986,563.33417,27.619598,40.295532,0.22772732,2,-1,-1
439.90024,551.86597,27.687073,29.742737,0.22764283,1,-1,-1
275.03674,502.48758,55.523956,59.57309,0.22082144,6,-1,-1
949.618,589.1992,118.73724,78.22485,0.220263,7,-1,-1
446.55377,538.11273,37.89859,34.730713,0.21842253,10,-1,-1
609.96686,272.48917,29.925842,23.05017,0.21701697,10,-1,-1
442.65817,552.5128,30.054565,32.701843,0.21616921,2,-1,-1
736.6089,724.96,167.47565,61.686646,0.21569127,5,-1,-1
472.3084,525.0649,27.239105,32.49225,0.21333784,10,-1,-1
471.98746,568.9886,19.453156,35.67871,0.20590481,10,-1,-1
318.3306,452.29538,46.3338,38.889313,0.2038956,4,-1,-1
436.5642,548.45996,44.237823,30.285828,0.2033078,10,-1,-1
1099.4053,659.1409,151.38708,102.21472,0.20223555,6,-1,-1
510.1174,480.52606,34.64865,32.137817,0.20208585,10,-1,-1
1161.8301,274.1351,31.521484,36.714813,0.20207709,1,-1,-1
234.7733,768.2061,43.524216,18.440552,0.2019692,10,-1,-1
642.74927,52.908752,18.612854,29.785973,0.20161968,1,-1,-1
1007.5681,303.1623,173.69238,119.07059,0.20054352,6,-1,-1
1052.9365,552.3839,26.0979,30.388245,0.19852826,2,-1,-1
457.19986,563.33417,27.619598,40.295532,0.19650665,1,-1,-1
455.97153,546.7541,29.680511,34.11139,0.19432926,2,-1,-1
1070.5973,548.5835,29.854126,32.38269,0.19356102,1,-1,-1
506.93774,160.81131,23.60437,27.566055,0.19098979,10,-1,-1
522.87274,429.10785,26.488647,32.600616,0.18885267,1,-1,-1
432.80078,299.92944,22.631195,30.0867,0.18868926,2,-1,-1
187.34651,562.1154,99.591446,97.67212,0.18709329,6,-1,-1
609.96686,272.48917,29.925842,23.05017,0.18116614,1,-1,-1
512.729,164.46565,21.105408,30.383362,0.17919895,10,-1,-1
632.35126,58.179043,21.50824,28.828777,0.17864728,1,-1,-1
1039.7328,216.54845,183.43726,90.746475,0.17847204,7,-1,-1
449.99655,546.7807,37.36319,41.190796,0.17493346,10,-1,-1
472.51025,558.86865,17.79303,38.57782,0.17297286,1,-1,-1
317.9358,451.97632,46.275116,38.902496,0.17222407,7,-1,-1
1049.8291,558.9348,28.087158,27.243591,0.1706692,1,-1,-1
653.1329,3.7398036,21.141235,34.4932,0.17057988,1,-1,-1
1168.8865,272.59473,30.941284,32.385803,0.16991395,10,-1,-1
558.47723,392.72498,25.367249,26.094513,0.16946119,2,-1,-1
233.71611,580.11035,55.35695,53.99933,0.16551694,7,-1,-1
439.88507,405.60245,37.201965,42.64917,0.16333339,8,-1,-1
285.11484,389.56616,18.35614,32.108734,0.16224992,1,-1,-1
455.97153,546.7541,29.680511,34.11139,0.16068757,1,-1,-1
558.47723,392.72498,25.367249,26.094513,0.1597229,1,-1,-1
444.113,552.62085,28.73581,36.423584,0.15935695,10,-1,-1
272.81647,530.0991,45.502655,55.457214,0.15725416,7,-1,-1
955.6029,536.2434,46.317505,50.760864,0.15643534,1,-1,-1
472.8967,543.7668,19.083344,37.61499,0.1551817,2,-1,-1
443.39093,136.8618,32.36252,25.26384,0.15390575,10,-1,-1
236.63008,580.8776,50.42003,54.150513,0.1532645,1,-1,-1
426.04562,549.6687,26.783386,29.381714,0.15290621,1,-1,-1
231.84222,579.93646,56.399353,54.641174,0.15221143,8,-1,-1
1283.9728,185.67787,114.97705,99.37254,0.15199018,9,-1,-1
442.65817,552.5128,30.054565,32.701843,0.1516869,3,-1,-1
288.61514,493.01614,50.025513,47.361115,0.151344,7,-1,-1
528.5415,375.39285,22.856384,28.794586,0.15131807,2,-1,-1
820.05914,57.682198,27.27069,22.48944,0.1500234,10,-1,-1
745.2298,644.4451,140.12811,70.89801,0.14909834,7,-1,-1
1030.6799,216.4096,183.44202,94.20157,0.14757907,9,-1,-1
499.4199,157.79308,21.175568,30.063614,0.1452739,10,-1,-1
419.9925,547.91705,26.825073,24.643372,0.14409608,3,-1,-1
523.36566,429.42255,26.088684,32.838257,0.14379826,2,-1,-1
968.5022,363.9636,221.64404,155.04318,0.14332938,4,-1,-1
441.4915,332.36597,21.148163,28.999176,0.14301583,1,-1,-1
1205.6378,26.689373,166.73364,85.46054,0.14297846,6,-1,-1
558.47723,392.72498,25.367249,26.094513,0.14231297,10,-1,-1
396.49948,521.27203,29.584381,36.63434,0.14137602,1,-1,-1
200.26042,575.33905,86.678665,81.89563,0.14066687,7,-1,-1
445.46906,578.17255,31.989471,32.371033,0.13925648,10,-1,-1
958.9766,443.13455,235.6004,129.84634,0.13876775,4,-1,-1
512.729,164.46565,21.105408,30.383362,0.13845447,1,-1,-1
952.13806,529.3061,29.566223,41.154236,0.1382691,2,-1,-1
395.44403,519.62305,30.21878,30.80597,0.1380074,2,-1,-1
863.6031,638.3652,35.898254,19.304688,0.13739401,10,-1,-1
314.31177,678.8734,28.447601,20.794495,0.13731253,1,-1,-1
445.93848,403.56845,31.822998,35.8132,0.13671604,2,-1,-1
1079.627,650.86896,189.97217,122.52057,0.1355147,9,-1,-1
415.05414,539.29724,24.118866,28.26654,0.13537914,10,-1,-1
130.26247,426.33084,28.603485,26.911926,0.13134733,5,-1,-1
419.9954,547.80316,25.648926,27.038635,0.13053176,1,-1,-1
610.005,272.25076,30.233887,23.109772,0.13044053,3,-1,-1
481.16788,115.40215,25.543274,29.743294,0.13008258,10,-1,-1
1185.7245,462.88007,32.652344,52.7323,0.12934813,1,-1,-1
468.56873,549.6149,22.159698,35.248047,0.12861589,1,-1,-1
446.4056,555.3817,33.820404,47.147583,0.12854093,3,-1,-1
444.8302,160.50636,21.89746,24.88095,0.12842539,10,-1,-1
1272.9774,320.04813,125.97241,133.15588,0.12761274,5,-1,-1
390.65314,520.1218,35.12912,33.24945,0.12756091,8,-1,-1
457.19986,563.33417,27.619598,40.295532,0.12656951,10,-1,-1
447.58932,153.41031,25.548492,24.232407,0.12627894,10,-1,-1
237.69658,595.4985,29.050491,41.039978,0.12619206,1,-1,-1
429.48108,406.25555,28.311462,28.29541,0.12463099,2,-1,-1
953.2182,550.0736,32.45636,31.907532,0.12424901,2,-1,-1
426.04562,549.6687,26.783386,29.381714,0.12366775,2,-1,-1
472.686,548.72266,17.7453,39.712463,0.12207231,10,-1,-1
1070.5973,548.5835,29.854126,32.38269,0.121436834,2,-1,-1
863.6031,638.3652,35.898254,19.304688,0.121103644,3,-1,-1
450.98465,536.80634,28.920746,26.353027,0.12003651,1,-1,-1
131.36914,626.19354,26.378525,25.106201,0.119648814,3,-1,-1
510.1174,480.52606,34.64865,32.137817,0.11918756,8,-1,-1
445.93848,403.56845,31.822998,35.8132,0.118581116,1,-1,-1
490.1327,266.15604,22.662659,30.604095,0.11825365,10,-1,-1
428.24753,497.8422,30.553345,25.05716,0.118219435,3,-1,-1
452.39783,557.3712,40.11792,36.10901,0.117467225,2,-1,-1
463.34534,537.43695,23.095978,33.723145,0.11670643,1,-1,-1
1171.8104,270.54337,29.342773,32.777527,0.116681725,1,-1,-1
1055.3092,554.61707,30.83496,25.374817,0.11605206,3,-1,-1
272.81647,530.0991,45.502655,55.457214,0.115407944,4,-1,-1
510.72964,165.95898,22.594208,27.596558,0.11331087,2,-1,-1
432.80078,299.92944,22.631195,30.0867,0.11293045,1,-1,-1
432.5571,135.75252,34.21518,23.650162,0.112759024,10,-1,-1
1270.4165,0.0,96.273315,56.38655,0.11147863,6,-1,-1
1099.217,671.6552,139.87549,99.97272,0.11113277,4,-1,-1
426.04562,549.6687,26.783386,29.381714,0.1101971,3,-1,-1
526.5857,414.70435,24.472717,38.898804,0.11018023,1,-1,-1
415.3228,306.15308,21.12918,30.814606,0.11010486,10,-1,-1
627.6339,62.98863,19.085754,32.783405,0.10917565,1,-1,-1
1049.8291,558.9348,28.087158,27.243591,0.10914898,3,-1,-1
489.94046,266.30975,22.751984,30.812408,0.108995706,2,-1,-1
992.8415,655.06024,27.527893,26.194763,0.10870612,2,-1,-1
1208.9492,422.574,27.221924,25.756042,0.10848603,1,-1,-1
453.62244,537.81964,24.912872,32.44922,0.10795364,2,-1,-1
973.2572,521.02625,22.895264,40.599487,0.107847005,2,-1,-1
444.06027,538.10486,26.039276,25.639465,0.107542664,10,-1,-1
967.888,667.95337,39.572205,27.027283,0.10601017,10,-1,-1
1034.2002,576.01556,44.069214,20.418396,0.105971366,3,-1,-1
461.2699,536.022,26.51471,28.357971,0.10555422,10,-1,-1
480.78885,115.266014,26.102722,30.283623,0.10493764,4,-1,-1
961.0868,678.35016,180.49536,104.82446,0.10491192,4,-1,-1
664.7332,213.92546,21.909424,30.16397,0.10463983,1,-1,-1
473.12323,530.9415,23.31488,33.683594,0.102755964,2,-1,-1
1043.9598,578.3129,306.07507,201.39478,0.10269055,7,-1,-1
380.18042,522.103,35.067963,41.10022,0.1025691,1,-1,-1
432.55588,402.41318,47.09558,49.070892,0.10238242,7,-1,-1
968.053,667.9621,39.23242,26.535645,0.10194558,3,-1,-1
427.91388,497.84155,31.913147,23.122925,0.101824105,10,-1,-1
1024.3651,455.60202,177.86719,99.63815,0.10168496,9,-1,-1
1033.356,217.51872,182.646,87.450455,0.10097319,8,-1,-1
380.57834,521.90936,35.61142,41.402405,0.100392014,4,-1,-1
389.4487,528.4733,39.503082,35.638184,0.10025698,10,-1,-1
362.21628,378.5267,23.054901,25.032593,0.100061655,1,-1,-1
817.4443,66.23316,29.270813,24.329597,0.099681586,10,-1,-1
933.78876,433.2099,164.85736,126.406555,0.099613994,9,-1,-1
435.11426,408.13663,36.1929,35.5437,0.09895572,2,-1,-1
490.1327,266.15604,22.662659,30.604095,0.09886736,3,-1,-1
664.8259,3.1159608,21.289673,31.479662,0.09829852,1,-1,-1
36.44136,654.502,29.297905,23.185486,0.09814009,10,-1,-1
1038.444,214.97928,179.47913,97.84189,0.096968085,4,-1,-1
1213.1641,420.60202,25.05896,27.668304,0.096832454,2,-1,-1
474.15164,523.4828,28.11499,32.979004,0.09626928,3,-1,-1
463.34534,537.43695,23.095978,33.723145,0.09595737,2,-1,-1
933.78876,433.2099,164.85736,126.406555,0.09508899,4,-1,-1
353.66788,520.9125,22.192749,25.502258,0.094946325,10,-1,-1
1187.8792,338.99246,25.720093,30.117615,0.09494501,10,-1,-1
1133.517,693.2588,142.48059,88.10895,0.09420812,4,-1,-1
1258.7737,274.13165,133.9397,90.73816,0.09399673,4,-1,-1
1212.866,496.08643,24.545532,33.085144,0.093688875,1,-1,-1
207.65344,557.1946,29.027008,34.100403,0.09319469,1,-1,-1
271.4316,394.42886,19.160797,29.091614,0.0929625,1,-1,-1
366.3763,375.88797,24.08545,25.105652,0.09281251,3,-1,-1
526.5857,414.70435,24.472717,38.898804,0.09271008,2,-1,-1
383.13333,522.6201,37.961334,38.276,0.09263164,2,-1,-1
847.98846,458.44226,189.12946,116.58038,0.09262687,9,-1,-1
586.90717,74.79157,27.33374,25.487663,0.09253228,10,-1,-1
1298.6577,631.1272,100.292114,147.22516,0.092461646,7,-1,-1
272.01654,531.3283,47.10498,56.830627,0.09150109,1,-1,-1
431.82526,289.73285,21.039612,32.46164,0.0910368,10,-1,-1
1078.3845,234.2027,26.01062,33.13745,0.09007108,1,-1,-1
1202.3086,473.9201,31.072021,42.909485,0.08997509,1,-1,-1
1069.3959,171.7303,184.63684,87.21266,0.08979702,9,-1,-1
1076.1808,169.88074,166.1073,84.36989,0.08962718,4,-1,-1
448.2129,413.6414,31.505432,38.353607,0.089356035,1,-1,-1
673.7214,27.106297,17.423462,33.564728,0.08909753,1,-1,-1
1051.262,544.91437,24.91858,34.1933,0.0890325,1,-1,-1
391.83456,602.32196,21.13498,30.07959,0.088422984,1,-1,-1
883.55,465.51346,21.373718,37.256042,0.088125974,1,-1,-1
1039.8497,571.30396,38.477417,23.778748,0.088045,1,-1,-1
1037.1333,586.15247,323.65088,195.10156,0.087897986,8,-1,-1
404.47113,306.15317,23.209106,31.290558,0.08771074,10,-1,-1
473.12323,530.9415,23.31488,33.683594,0.08755529,1,-1,-1
1218.0823,279.42557,178.94592,58.799408,0.087522805,7,-1,-1
275.03674,502.48758,55.523956,59.57309,0.08734572,7,-1,-1
849.8326,437.3242,136.35406,130.30392,0.08703667,4,-1,-1
418.3804,547.8692,28.621948,24.735718,0.086886615,2,-1,-1
428.97125,408.88745,36.11731,40.558838,0.08687219,8,-1,-1
446.16354,571.3339,28.236725,38.949524,0.08629283,2,-1,-1
1079.1748,235.67424,25.45288,33.161057,0.086197734,2,-1,-1
1006.81946,313.9111,169.3949,120.26657,0.085927665,4,-1,-1
426.66086,410.2149,18.545807,34.808807,0.085510015,10,-1,-1
950.2527,588.2847,119.964966,77.814575,0.08519009,9,-1,-1
437.26944,549.5341,52.977783,40.869385,0.0851419,3,-1,-1
451.4461,529.2253,27.333252,26.113647,0.085139036,10,-1,-1
949.33124,589.4465,118.6579,78.0437,0.085133135,8,-1,-1
471.98746,568.9886,19.453156,35.67871,0.08509746,3,-1,-1
366.3763,375.88797,24.08545,25.105652,0.08439964,10,-1,-1
823.4193,613.35223,338.59192,172.74115,0.08437097,6,-1,-1
1009.651,446.94644,25.561035,39.299805,0.08427,1,-1,-1
445.82343,539.82623,22.114746,29.776001,0.08369321,1,-1,-1
968.8178,523.9543,25.608032,39.11023,0.08361575,1,-1,-1
318.3306,452.29538,46.3338,38.889313,0.08333817,2,-1,-1
557.71075,378.1936,22.666992,30.641632,0.08302769,1,-1,-1
1177.3114,543.1987,34.983154,40.758484,0.08302596,1,-1,-1
1281.8903,186.22691,117.05957,97.04497,0.0828639,4,-1,-1
938.08923,640.527,231.1543,146.11969,0.08255759,9,-1,-1
1159.5406,278.06052,30.79004,35.35199,0.082428604,10,-1,-1
1283.0149,372.08823,94.19653,76.04132,0.08228049,1,-1,-1
446.16354,571.3339,28.236725,38.949524,0.081578195,1,-1,-1
431.77753,298.349,22.400055,30.664917,0.08106646,3,-1,-1
517.37646,484.08795,30.531311,33.27118,0.0806534,1,-1,-1
429.46512,410.1558,22.812775,33.867615,0.08042264,3,-1,-1
346.0467,396.1217,25.902252,31.810425,0.080076694,3,-1,-1
1194.2063,20.972439,187.03052,87.25528,0.08003807,9,-1,-1
1217.9414,278.14743,177.4032,59.202637,0.079363644,6,-1,-1
894.4261,393.0139,269.37177,179.6376,0.07932183,9,-1,-1
437.6673,153.60513,26.299164,25.036636,0.07898307,10,-1,-1
523.1905,422.4406,26.966003,40.457306,0.07886273,8,-1,-1
1327.1064,384.2951,27.946411,30.070953,0.07869357,2,-1,-1
296.1716,357.26193,22.053223,26.518219,0.07861015,1,-1,-1
434.1942,548.81476,32.829773,27.248413,0.07849142,3,-1,-1
997.3729,648.46594,27.655273,25.16156,0.078348756,2,-1,-1
610.1016,271.93625,29.564636,23.435303,0.07806167,2,-1,-1
318.3306,452.29538,46.3338,38.889313,0.07805115,10,-1,-1
1258.7737,274.13165,133.9397,90.73816,0.07774174,9,-1,-1
303.6785,336.27686,26.118927,25.684845,0.077350736,1,-1,-1
415.6317,537.5279,21.457428,31.195251,0.07734856,1,-1,-1
959.95306,506.75925,45.14569,65.895966,0.07622534,1,-1,-1
405.63156,293.32425,24.300323,37.108948,0.07618952,10,-1,-1
1117.789,518.58765,22.408936,27.357727,0.076070726,2,-1,-1
955.0219,549.1861,37.633728,32.859253,0.07592088,3,-1,-1
480.78885,115.266014,26.102722,30.283623,0.07532266,5,-1,-1
667.4142,9.840727,18.84845,39.18425,0.07525599,1,-1,-1
428.8273,413.49686,24.953827,37.03003,0.075149685,2,-1,-1
1154.4647,268.781,40.559692,44.126617,0.074995965,3,-1,-1
1175.7155,273.23505,28.74353,29.935242,0.07499346,2,-1,-1
439.56445,279.51282,23.64215,23.788666,0.07464597,10,-1,-1
