557.93365,703.9748,19.064209,43.04016,0.88164175,1,-1,-1
568.1278,710.45135,19.163086,41.094543,0.86184037,1,-1,-1
726.6594,535.8525,15.381592,33.39557,0.8605995,1,-1,-1
336.7019,466.5171,16.983551,29.050293,0.86039305,1,-1,-1
1167.9412,249.16705,45.63025,17.953705,0.84719265,4,-1,-1
697.6753,565.7266,16.6026,41.474487,0.82005906,1,-1,-1
743.0216,569.3723,15.790466,38.734253,0.7945862,1,-1,-1
723.6181,565.22626,14.94458,37.90619,0.79114485,1,-1,-1
707.1153,551.4602,17.148071,39.317566,0.7911036,1,-1,-1
435.482,484.47568,14.650726,27.949554,0.7793523,1,-1,-1
393.74374,483.61966,14.249023,28.22705,0.73790133,1,-1,-1
432.6415,280.4709,37.814514,15.831329,0.73661375,4,-1,-1
323.491,468.43573,16.105164,26.94226,0.7265531,1,-1,-1
1208.1642,172.31961,17.463745,9.351181,0.710886,4,-1,-1
415.47293,290.8288,38.141754,17.69217,0.7052659,4,-1,-1
735.0489,558.73975,15.454956,37.950073,0.7011335,1,-1,-1
922.9357,153.0207,19.684875,8.680481,0.6989294,4,-1,-1
418.29022,311.58813,7.9318542,15.588104,0.66195774,1,-1,-1
458.0928,822.1814,23.732025,45.75244,0.64525145,1,-1,-1
460.65082,302.56088,7.4641724,15.69577,0.63185644,1,-1,-1
528.7931,235.94414,19.28357,9.357162,0.6189553,4,-1,-1
744.39453,528.65735,14.08313,36.31372,0.61314005,1,-1,-1
454.79846,301.44617,7.462921,16.58612,0.5799373,1,-1,-1
440.71393,270.99268,37.836212,15.350342,0.5713272,4,-1,-1
404.19702,479.75702,14.010284,25.989746,0.5712577,1,-1,-1
451.7361,266.88187,33.257477,14.761658,0.56733775,4,-1,-1
538.32214,242.7792,24.371704,10.01181,0.5574209,4,-1,-1
1310.0314,225.3697,7.651245,14.596909,0.5329549,1,-1,-1
413.21436,482.32074,14.800446,25.914825,0.50506943,1,-1,-1
459.08508,796.97943,25.62854,38.784912,0.4958987,1,-1,-1
17.135931,387.3765,11.341791,17.896332,0.49090368,1,-1,-1
973.6284,148.58649,48.322266,17.756378,0.47936884,6,-1,-1
339.73492,322.23868,54.29956,22.309967,0.47602668,4,-1,-1
1138.1273,177.74095,6.432129,9.287735,0.47166598,1,-1,-1
497.18884,250.85312,27.445557,12.123169,0.46557078,4,-1,-1
896.392,356.99387,10.253235,22.88385,0.46366018,1,-1,-1
487.15875,253.97653,29.0141,13.332642,0.4631183,4,-1,-1
6.369743,386.66885,12.158892,17.522247,0.4565851,1,-1,-1
1350.3217,246.53415,7.3502197,14.559784,0.45451188,1,-1,-1
454.71216,262.75684,32.27954,14.439545,0.45412177,4,-1,-1
1012.0952,149.95149,56.277832,19.555038,0.45080465,9,-1,-1
534.2722,255.71135,5.3217773,12.308609,0.43109107,1,-1,-1
1180.694,178.56862,5.2611084,9.688736,0.4291664,1,-1,-1
745.87,563.01685,13.789612,31.978882,0.41432723,1,-1,-1
865.1965,151.17357,21.12323,10.444092,0.40887213,4,-1,-1
1012.30035,149.85612,55.7984,19.76332,0.40645182,6,-1,-1
457.8571,302.48553,7.8108215,15.085663,0.4006368,1,-1,-1
1145.3138,148.61421,63.685547,23.981735,0.40014935,9,-1,-1
10.882725,385.72464,10.376991,18.315216,0.39851537,1,-1,-1
535.5584,241.23067,21.68866,9.011017,0.39633828,4,-1,-1
529.29626,255.47334,5.4561768,11.491043,0.38545078,1,-1,-1
459.00482,794.06537,27.09259,40.861816,0.38067532,2,-1,-1
926.1211,127.601036,23.89032,14.9235,0.37024364,6,-1,-1
465.6648,242.47656,30.02246,10.9552765,0.36093444,4,-1,-1
1006.8028,446.10568,10.077637,19.469757,0.35157692,1,-1,-1
20.483685,389.74725,10.816517,17.338623,0.34999153,1,-1,-1
583.04266,253.338,27.774963,13.795181,0.34282535,4,-1,-1
1123.368,163.62059,5.904785,9.094299,0.33645505,1,-1,-1
454.5247,262.31754,32.552246,16.23468,0.32966918,5,-1,-1
1350.4259,246.25276,7.0932617,13.5327,0.31105006,2,-1,-1
1083.6289,168.75719,4.876587,10.574936,0.30935156,1,-1,-1
1145.6946,149.14716,43.892456,16.790573,0.30007935,9,-1,-1
583.34906,253.88498,26.829102,13.8498535,0.29987532,6,-1,-1
1140.3235,176.59927,6.006592,10.225891,0.29866582,1,-1,-1
1117.921,164.64668,5.486084,9.283478,0.29057607,1,-1,-1
1223.13,162.58582,25.659912,13.296921,0.2760322,6,-1,-1
1110.5741,192.23395,6.1987305,9.759506,0.27215225,10,-1,-1
1112.0969,163.40886,5.32666,9.87236,0.27129662,1,-1,-1
725.33527,552.4479,15.97467,37.993042,0.26973373,1,-1,-1
528.1918,239.99788,22.130066,9.269287,0.26840913,4,-1,-1
1306.9283,225.02887,8.234985,13.694077,0.2679303,1,-1,-1
526.6088,267.53485,6.376709,13.339722,0.2647667,1,-1,-1
460.15793,303.55106,8.512939,15.079498,0.26274034,3,-1,-1
968.076,159.11433,22.940247,8.75705,0.25781727,4,-1,-1
460.68277,302.4993,7.2871704,15.41452,0.25763953,2,-1,-1
438.21707,239.24858,26.233246,10.968887,0.2529012,4,-1,-1
506.6897,250.02194,26.597778,11.329712,0.2496438,4,-1,-1
1310.3636,225.5276,7.256836,14.201569,0.24080789,2,-1,-1
610.7251,246.11841,21.13684,10.481171,0.2405073,4,-1,-1
534.6458,250.40408,4.8013916,10.29306,0.2398785,1,-1,-1
612.55975,231.61595,20.26361,8.859741,0.23518595,4,-1,-1
1040.0256,127.73813,34.356445,12.341415,0.2334224,9,-1,-1
1165.6796,154.55215,42.02185,16.70523,0.22997802,9,-1,-1
1181.2869,173.0524,5.6539307,9.139877,0.2289932,1,-1,-1
401.92606,477.38702,11.582214,23.76587,0.22753236,1,-1,-1
459.4322,822.6475,21.40509,43.290833,0.22701648,2,-1,-1
521.1835,234.07047,24.148865,10.607285,0.22575632,4,-1,-1
486.35867,253.86548,30.273651,14.247314,0.22475407,5,-1,-1
457.7986,821.79297,24.694244,46.37079,0.22410244,3,-1,-1
436.24857,272.21396,39.592163,16.122192,0.22333363,5,-1,-1
1131.7158,162.79437,6.321533,8.787903,0.221006,1,-1,-1
454.95477,301.6299,7.4900208,16.35022,0.22016308,2,-1,-1
925.6644,133.84627,21.220886,11.209274,0.21960247,6,-1,-1
458.51685,252.32768,32.75287,16.688889,0.2181418,5,-1,-1
1103.474,159.52681,5.7176514,8.707825,0.21695727,1,-1,-1
583.04266,253.338,27.774963,13.795181,0.21689752,5,-1,-1
710.7763,561.7115,11.459351,29.549438,0.21543476,1,-1,-1
1127.0468,162.3873,5.3863525,9.975906,0.21261609,1,-1,-1
843.66174,153.36517,24.98285,9.875198,0.21113265,4,-1,-1
394.33112,243.43398,24.816467,12.472641,0.20980108,4,-1,-1
396.07074,468.2069,13.602417,26.03833,0.20815772,1,-1,-1
458.9654,796.6779,27.58844,41.866333,0.20675167,3,-1,-1
590.1853,239.78923,21.936768,16.467392,0.20562041,6,-1,-1
870.1412,225.84024,7.390381,8.446579,0.20459378,1,-1,-1
460.32748,816.9401,19.385834,35.17383,0.2034837,1,-1,-1
737.1556,572.5368,10.309143,26.896057,0.20239714,1,-1,-1
922.8432,152.91507,20.03479,8.857788,0.20148659,5,-1,-1
1080.3894,168.12529,5.458008,9.756973,0.20142019,1,-1,-1
736.0137,531.881,18.285828,35.13153,0.20025411,1,-1,-1
450.0641,267.20795,34.35959,15.451019,0.19750965,5,-1,-1
977.96747,143.8276,40.23517,16.94374,0.19741222,6,-1,-1
460.53308,304.93484,7.5720825,13.265289,0.1967439,10,-1,-1
1388.144,192.07475,11.248291,16.886597,0.19655898,1,-1,-1
544.74664,245.38821,19.552673,8.464264,0.19585314,4,-1,-1
500.755,246.87975,23.107483,10.364548,0.19419193,4,-1,-1
510.3649,223.7941,20.173492,10.472626,0.19380298,4,-1,-1
1040.7317,128.335,30.779785,10.018158,0.19346234,4,-1,-1
584.6318,251.42699,22.77655,10.659683,0.19344535,4,-1,-1
521.7698,241.36787,21.419312,9.152832,0.19302815,4,-1,-1
989.1079,150.42285,51.174072,17.45314,0.1924839,6,-1,-1
735.9441,545.9295,16.974854,29.951904,0.19115824,1,-1,-1
1064.2135,158.23016,5.1518555,9.6091,0.1905252,1,-1,-1
514.4742,241.97365,25.631714,11.218933,0.1903126,4,-1,-1
459.47076,253.01736,34.551147,18.148956,0.19021231,4,-1,-1
746.5649,542.16345,11.583923,28.284668,0.18942082,1,-1,-1
1208.1836,172.21637,17.55835,9.573334,0.18905044,5,-1,-1
526.8377,239.75603,32.47046,13.826675,0.18870702,4,-1,-1
697.697,553.72015,18.858887,39.902893,0.18865627,1,-1,-1
1110.8807,192.41638,5.8829346,9.314255,0.18838662,2,-1,-1
1059.5374,158.5231,4.9196777,9.26442,0.18636388,1,-1,-1
455.09338,305.21622,7.802307,13.703735,0.1861465,3,-1,-1
582.75745,256.65033,19.870178,12.408356,0.18486893,4,-1,-1
1176.5023,179.03354,6.697632,9.64592,0.18412292,1,-1,-1
1073.0894,162.35654,5.482788,10.935287,0.18136743,1,-1,-1
861.1413,220.4491,5.1658936,10.2721405,0.1812203,1,-1,-1
1110.8807,192.41638,5.8829346,9.314255,0.17936301,3,-1,-1
1040.7092,127.63412,33.31787,11.718895,0.17931658,5,-1,-1
3.8982575,384.43903,10.484894,15.477631,0.17811835,1,-1,-1
736.28876,557.48376,14.956421,29.981018,0.17754784,2,-1,-1
432.7889,279.19894,37.10208,18.049316,0.17698252,5,-1,-1
1088.8939,171.74654,4.554077,9.985794,0.17686966,1,-1,-1
865.1965,151.17357,21.12323,10.444092,0.17535165,5,-1,-1
414.66977,218.78964,20.444672,12.812592,0.17412257,8,-1,-1
744.72394,528.0115,13.935486,33.92108,0.17401078,2,-1,-1
676.1165,222.14801,14.75531,7.45961,0.17397916,4,-1,-1
18.607384,389.29172,7.036457,14.098358,0.17332107,1,-1,-1
900.2694,355.21432,10.487305,22.909485,0.17300957,1,-1,-1
1138.1273,177.74095,6.432129,9.287735,0.16951731,2,-1,-1
495.0075,233.71973,28.41034,10.985443,0.16933542,4,-1,-1
410.5209,479.4144,11.208496,24.188202,0.16920778,1,-1,-1
838.679,152.76552,28.805237,11.934647,0.168955,6,-1,-1
610.95374,236.35065,18.74884,9.138992,0.16736609,4,-1,-1
457.8571,302.48553,7.8108215,15.085663,0.16718397,2,-1,-1
437.85983,236.28842,21.386658,11.122116,0.16632786,4,-1,-1
415.5669,290.68396,37.727814,17.822876,0.16610679,5,-1,-1
395.0212,480.5778,10.242889,23.506561,0.16522822,1,-1,-1
611.4491,231.94482,20.046143,9.113052,0.16517147,5,-1,-1
438.7596,496.36023,11.766693,17.979187,0.16477585,1,-1,-1
340.06888,322.6076,53.497467,21.678131,0.16435045,5,-1,-1
1083.8135,161.32292,5.161621,9.882172,0.16344246,1,-1,-1
590.8253,240.47057,21.371399,14.547012,0.16276458,5,-1,-1
476.4519,251.0572,35.0419,15.798294,0.162714,4,-1,-1
948.3873,142.71973,17.82721,9.460739,0.16021967,4,-1,-1
856.9458,152.93944,24.402588,9.473175,0.16010565,4,-1,-1
582.82306,256.6836,19.410156,12.444183,0.1597617,5,-1,-1
644.7727,242.50006,27.584045,10.545044,0.15956229,4,-1,-1
1224.4603,163.51984,23.961548,12.188889,0.15807253,4,-1,-1
534.7941,247.12627,4.5862427,9.435684,0.15753067,1,-1,-1
970.6562,154.59097,42.45038,13.222321,0.15705666,6,-1,-1
610.7251,246.11841,21.13684,10.481171,0.15646523,5,-1,-1
460.22345,223.68849,20.407166,10.599991,0.15629873,4,-1,-1
704.0215,563.2448,21.806152,38.017334,0.15582135,1,-1,-1
1310.989,226.52129,6.765381,13.804291,0.15582082,10,-1,-1
503.15192,224.53084,19.455505,9.444885,0.15575099,4,-1,-1
716.9213,559.26385,25.032776,38.270874,0.15556204,1,-1,-1
1142.8365,146.41772,38.671265,14.578278,0.15489158,9,-1,-1
1310.4352,226.54402,7.6674805,13.779007,0.15472484,3,-1,-1
528.7931,235.94414,19.28357,9.357162,0.1544401,5,-1,-1
415.79953,290.439,37.3479,17.954437,0.15374064,6,-1,-1
440.9569,238.82112,38.130646,14.239151,0.15373358,4,-1,-1
513.394,221.59427,20.922424,10.010925,0.1535869,4,-1,-1
583.04266,253.338,27.774963,13.795181,0.15240198,8,-1,-1
738.725,559.41974,11.579224,24.484497,0.15222132,1,-1,-1
701.5849,568.2311,11.125,28.309143,0.15194765,1,-1,-1
1088.5554,168.95302,5.060913,9.382889,0.1518332,1,-1,-1
461.3414,819.41583,17.318085,29.387695,0.15166986,2,-1,-1
1349.9248,246.7371,8.128296,14.102249,0.15135527,10,-1,-1
926.1211,127.601036,23.89032,14.9235,0.1511626,9,-1,-1
400.30292,243.62968,19.654602,11.5278015,0.15101221,7,-1,-1
688.29236,228.45589,17.419983,8.137054,0.1503587,4,-1,-1
1059.8016,153.09378,5.6713867,10.0634,0.15034482,1,-1,-1
517.4338,225.41644,18.04071,9.647522,0.15026647,4,-1,-1
6.7292137,385.13513,10.813681,18.52652,0.15019095,2,-1,-1
501.8179,250.51576,27.100922,12.076553,0.14998788,5,-1,-1
455.95688,306.12256,11.696472,14.280121,0.14933667,1,-1,-1
435.0598,484.69174,15.160217,27.542816,0.14868635,2,-1,-1
1040.0256,127.73813,34.356445,12.341415,0.14821553,6,-1,-1
610.79944,236.25685,19.352966,9.102829,0.14816308,5,-1,-1
505.70413,233.86159,28.194061,10.999878,0.14794236,4,-1,-1
617.8708,246.77705,13.336243,8.178177,0.14765966,4,-1,-1
405.4673,471.53387,13.58313,26.973114,0.14568025,1,-1,-1
582.82306,256.6836,19.410156,12.444183,0.14532271,8,-1,-1
926.5718,131.35239,21.936829,13.617584,0.14524016,4,-1,-1
1368.9032,246.97717,7.269409,15.455048,0.14514145,1,-1,-1
1223.13,162.58582,25.659912,13.296921,0.14433229,9,-1,-1
8.78077,388.6344,7.4014883,14.326324,0.14432839,1,-1,-1
486.83243,233.68,27.244965,10.227051,0.14326683,4,-1,-1
399.62314,464.62024,11.964691,22.122467,0.14301112,1,-1,-1
900.63995,149.75996,20.989197,8.164307,0.14202821,4,-1,-1
1093.7567,162.97115,5.526245,7.904541,0.14199066,1,-1,-1
506.14368,241.84018,30.904785,12.215317,0.14185274,5,-1,-1
1210.2698,170.0518,14.472412,8.693207,0.14136225,4,-1,-1
403.7749,478.37045,11.740112,25.652618,0.1412726,2,-1,-1
1209.0979,123.55904,19.604736,11.406677,0.1412023,4,-1,-1
669.20544,231.81897,17.43274,7.9825287,0.14109439,4,-1,-1
716.35315,564.70966,10.439026,24.155212,0.14080483,1,-1,-1
439.0102,238.97417,27.521393,11.893814,0.14037171,5,-1,-1
456.52737,300.80078,9.826599,15.395905,0.14030096,3,-1,-1
495.5871,243.4101,30.174133,11.983749,0.13998458,4,-1,-1
394.33112,243.43398,24.816467,12.472641,0.13969266,5,-1,-1
537.4882,242.47629,25.065674,10.192398,0.1392625,5,-1,-1
665.0547,233.5183,19.34674,9.879303,0.13883787,4,-1,-1
399.7585,484.60205,11.653076,24.859955,0.13872194,1,-1,-1
1389.4799,191.97527,9.912476,16.455978,0.13864562,10,-1,-1
413.56458,483.2915,13.0842285,25.012451,0.13840699,2,-1,-1
1063.9222,153.83595,5.4244385,9.618729,0.13783547,1,-1,-1
1186.5387,158.5878,20.861816,10.689972,0.13761172,9,-1,-1
530.6215,224.49855,5.248352,10.182022,0.13749701,1,-1,-1
973.6284,148.58649,48.322266,17.756378,0.13714233,4,-1,-1
450.80856,296.86868,8.386902,13.469482,0.13703278,1,-1,-1
529.7347,252.1963,5.4039917,10.646835,0.13670462,1,-1,-1
706.2747,551.3978,17.740173,36.475464,0.13648564,2,-1,-1
465.3024,242.1886,30.5802,11.802475,0.13647231,5,-1,-1
454.8588,304.67117,8.154999,14.402222,0.13606298,10,-1,-1
612.3513,249.50766,16.828064,9.742279,0.13548294,4,-1,-1
476.4519,251.0572,35.0419,15.798294,0.13535279,5,-1,-1
1110.8807,192.41638,5.8829346,9.314255,0.13504791,1,-1,-1
490.7376,259.35696,4.7777405,10.559326,0.13490188,1,-1,-1
514.6714,250.97906,24.762207,11.673279,0.13472384,4,-1,-1
345.44052,272.00476,21.256744,13.266235,0.13402373,4,-1,-1
746.4585,528.31116,9.69574,23.10846,0.1332463,1,-1,-1
1054.6968,159.21019,6.176758,8.478241,0.13323823,1,-1,-1
970.79333,155.53333,38.451477,11.976715,0.13279822,4,-1,-1
1349.2379,249.88734,9.131958,15.850143,0.13272992,1,-1,-1
702.7003,547.9757,18.15039,35.409668,0.13241282,1,-1,-1
220.29141,312.147,10.514755,19.111908,0.1319184,1,-1,-1
1224.9805,164.94861,23.463379,11.834549,0.13169134,5,-1,-1
459.42972,817.7105,20.766815,32.550293,0.13128585,3,-1,-1
533.4156,225.9443,5.0511475,9.793121,0.13092867,1,-1,-1
872.60114,225.4496,6.860718,9.235916,0.13089153,1,-1,-1
459.1831,252.34877,31.997803,15.465775,0.1307885,6,-1,-1
474.30417,240.66238,25.921692,9.504822,0.13074085,4,-1,-1
746.73914,557.84534,12.552002,29.153809,0.13051495,2,-1,-1
1311.5186,222.32408,6.2266846,13.544861,0.13033736,1,-1,-1
503.0502,224.7511,20.260406,9.366669,0.13024774,5,-1,-1
402.6146,244.99805,19.976105,10.072983,0.1300179,4,-1,-1
400.30292,243.62968,19.654602,11.5278015,0.12993437,8,-1,-1
513.4367,225.46574,20.332214,9.627121,0.12931955,5,-1,-1
1171.1367,178.24458,5.9348145,9.757889,0.12918359,1,-1,-1
869.37317,149.6475,14.72583,9.355164,0.12889999,4,-1,-1
614.6771,244.0963,19.932129,10.130234,0.12850332,4,-1,-1
457.50064,301.6698,8.122284,15.073059,0.12843025,10,-1,-1
1389.308,192.12767,10.084351,15.906036,0.12836495,3,-1,-1
1390.1953,190.53366,9.1970215,16.18422,0.12712663,2,-1,-1
147.21487,217.81848,31.993149,17.297333,0.12679103,4,-1,-1
533.92,236.56235,19.231567,10.510895,0.1265338,4,-1,-1
1178.9525,180.72444,7.4643555,9.420105,0.12604988,1,-1,-1
1076.0509,136.21031,9.742554,6.196686,0.12604335,4,-1,-1
975.3313,145.05846,46.21698,18.74385,0.12593088,9,-1,-1
863.0937,151.20837,22.84668,10.583588,0.12580323,6,-1,-1
529.6839,222.54872,6.255615,8.832596,0.1252594,1,-1,-1
927.675,131.04808,20.488098,13.691727,0.12518844,5,-1,-1
572.83905,236.16537,17.21997,7.380142,0.124741524,4,-1,-1
917.6296,149.33311,18.178223,8.723587,0.12472975,4,-1,-1
584.82587,227.34862,10.6875,7.408951,0.124376774,4,-1,-1
446.51138,221.56174,5.227661,10.570297,0.124061406,1,-1,-1
1122.6748,166.42825,5.9718018,8.325012,0.123848975,1,-1,-1
735.8729,125.88122,14.095337,7.8251266,0.1236864,4,-1,-1
533.44495,249.85782,7.1242676,14.449463,0.12311387,1,-1,-1
1073.2811,158.836,5.225708,9.854553,0.12295398,1,-1,-1
559.30164,703.7962,32.067078,49.453735,0.122920364,1,-1,-1
627.2084,250.66904,4.935913,9.588593,0.12267095,1,-1,-1
1089.0187,161.7498,5.2403564,8.653763,0.12260258,1,-1,-1
539.63446,246.12526,4.4370117,9.15892,0.122051954,1,-1,-1
520.3724,244.9452,21.364624,9.6839905,0.1219334,4,-1,-1
644.8973,232.34686,20.215393,9.8467865,0.1218611,4,-1,-1
583.1342,256.6917,18.05841,12.555206,0.121430755,6,-1,-1
663.90735,236.88321,16.956726,8.012527,0.12119368,4,-1,-1
827.54016,152.73479,25.112915,11.493362,0.12118247,6,-1,-1
1082.4409,170.46881,7.8552246,11.526199,0.12113857,1,-1,-1
585.28436,256.12845,35.440125,16.831024,0.120954335,6,-1,-1
1137.1622,174.05634,7.4257812,10.703598,0.12030545,1,-1,-1
1210.8024,121.136444,16.772583,8.126785,0.12021768,4,-1,-1
448.88788,277.72705,25.88794,11.515198,0.11978084,4,-1,-1
746.4585,528.31116,9.69574,23.10846,0.11971122,2,-1,-1
919.5015,129.79703,31.773132,17.692383,0.1196115,6,-1,-1
548.5017,221.69588,5.1210938,8.2339325,0.119553685,1,-1,-1
489.22192,258.13974,21.846619,10.668823,0.11924398,4,-1,-1
1209.0979,123.55904,19.604736,11.406677,0.11924273,5,-1,-1
451.73563,224.43051,5.521393,8.95256,0.11922154,1,-1,-1
1389.308,191.96925,10.084351,16.343018,0.119220525,4,-1,-1
545.428,221.32321,4.682434,8.817474,0.118781954,1,-1,-1
844.8794,153.00137,24.684937,11.389923,0.11874655,5,-1,-1
1391.628,191.11516,7.764282,13.306244,0.11859557,1,-1,-1
13.955115,384.2169,6.244418,15.371094,0.11858174,1,-1,-1
437.17032,230.11317,5.312805,9.259369,0.11835641,1,-1,-1
527.3046,263.23203,6.826782,14.585754,0.118032575,1,-1,-1
480.46823,222.07454,21.368378,10.925354,0.118008286,4,-1,-1
1005.534,448.0451,8.15863,15.240906,0.117993474,1,-1,-1
428.9914,274.49747,37.98047,17.414917,0.11796063,4,-1,-1
746.6047,560.7601,11.7977295,22.052307,0.11790103,1,-1,-1
535.07434,241.31474,4.3430176,8.93277,0.117792964,1,-1,-1
414.09433,220.4286,20.204529,13.079803,0.11774883,7,-1,-1
453.6637,273.38617,26.748047,11.3402405,0.11760169,4,-1,-1
607.55914,242.69626,23.16333,12.835693,0.11698127,6,-1,-1
532.6545,240.31866,21.136963,8.765442,0.116775185,5,-1,-1
336.6117,467.04904,17.234528,28.414246,0.11671001,2,-1,-1
969.52747,140.32242,61.51306,24.262695,0.11664677,6,-1,-1
455.95688,306.12256,11.696472,14.280121,0.11635411,3,-1,-1
1131.8513,162.02954,18.047852,10.4227295,0.11627129,8,-1,-1
1005.4506,445.8367,10.354553,19.895935,0.11587167,10,-1,-1
722.07733,565.76294,12.157471,23.859985,0.11573124,1,-1,-1
1006.6591,446.47653,10.345459,18.830994,0.115651846,2,-1,-1
582.77496,253.5006,28.275635,13.97197,0.11546114,7,-1,-1
17.618267,386.90472,11.394842,18.63858,0.115377486,2,-1,-1
201.86183,307.0271,14.391083,23.402649,0.11537117,1,-1,-1
1389.3256,194.8019,7.1887207,13.044891,0.11527783,1,-1,-1
1014.706,149.43709,51.513733,20.85881,0.11510083,5,-1,-1
1389.308,191.96925,10.084351,16.343018,0.11463612,6,-1,-1
676.99207,226.8729,19.5802,8.309113,0.11461681,4,-1,-1
439.78635,231.40706,18.411713,9.763016,0.11430743,4,-1,-1
528.3064,561.507,9.605774,10.808472,0.114106685,1,-1,-1
511.13947,225.87602,12.710693,8.614807,0.11389798,4,-1,-1
1340.1647,260.5683,8.213745,15.741394,0.11272767,1,-1,-1
54.035946,389.96384,17.560688,13.039642,0.1126686,3,-1,-1
1111.8165,188.9861,5.5751953,8.350357,0.112525225,2,-1,-1
513.394,221.59427,20.922424,10.010925,0.112458795,5,-1,-1
463.92908,222.2612,30.3031,12.874908,0.1118629,4,-1,-1
736.53687,570.1104,17.476135,38.145447,0.11167714,1,-1,-1
453.8421,300.50702,14.239105,17.02658,0.11166257,1,-1,-1
1098.2317,159.31001,5.20105,8.685898,0.11165115,1,-1,-1
1112.299,159.78441,5.581787,8.609573,0.111620635,1,-1,-1
710.39624,551.3731,12.62439,24.250122,0.111092925,1,-1,-1
742.41486,569.91,17.81073,38.405884,0.11109218,2,-1,-1
486.8651,242.93512,26.554321,11.058899,0.110933244,4,-1,-1
532.73065,244.62653,23.406921,9.857941,0.11062819,4,-1,-1
609.58777,246.91063,13.908081,8.656586,0.11048117,4,-1,-1
455.753,307.70514,7.104187,13.762512,0.110304356,1,-1,-1
462.50537,797.89197,17.197754,31.319092,0.109965295,2,-1,-1
1352.4255,246.99606,8.257568,15.020935,0.109859705,1,-1,-1
931.58215,128.83684,17.294922,9.612396,0.10940239,6,-1,-1
628.6868,223.32196,16.272095,11.223938,0.109363884,5,-1,-1
394.33112,243.43398,24.816467,12.472641,0.109201014,6,-1,-1
1126.8888,159.73204,5.982422,9.020279,0.10913929,1,-1,-1
589.9042,252.26118,25.832764,11.324966,0.10874814,4,-1,-1
613.393,233.06277,22.363342,9.837189,0.10867065,6,-1,-1
973.6284,148.58649,48.322266,17.756378,0.10838628,5,-1,-1
1174.9299,166.74329,18.413086,10.260345,0.10817444,4,-1,-1
1204.5616,814.54193,29.246216,16.211975,0.10786924,3,-1,-1
455.37524,299.93756,7.157959,11.400635,0.107625216,1,-1,-1
925.4939,133.93129,21.181335,11.222519,0.10753381,9,-1,-1
454.5247,262.31754,32.552246,16.23468,0.10743675,6,-1,-1
584.6318,251.42699,22.77655,10.659683,0.10710764,5,-1,-1
25.638134,388.59167,11.849846,15.035522,0.10705876,1,-1,-1
495.6185,244.21861,29.484894,12.504135,0.10677868,5,-1,-1
420.66818,314.09464,7.3917236,14.034393,0.10672426,1,-1,-1
21.97772,384.91345,8.310661,17.712982,0.106689155,1,-1,-1
1136.9203,163.83742,6.4414062,8.653458,0.10645452,1,-1,-1
502.83456,225.58981,10.862274,8.116409,0.106428295,4,-1,-1
1137.8907,178.10489,7.0737305,8.658493,0.10636005,3,-1,-1
893.4979,355.76746,16.754822,28.141174,0.10628915,1,-1,-1
449.95367,468.5324,10.513794,20.602692,0.106078565,1,-1,-1
1138.1273,177.74095,6.432129,9.287735,0.10598788,10,-1,-1
707.13983,567.09155,11.380249,28.024658,0.1057497,1,-1,-1
1140.9788,174.14873,6.2701416,9.359482,0.10573754,1,-1,-1
479.4683,234.0013,25.802063,11.129822,0.10536814,4,-1,-1
1056.5632,158.25179,11.028442,10.085693,0.10491443,1,-1,-1
435.04837,272.99838,39.735107,16.57602,0.10482207,6,-1,-1
452.05392,300.43097,8.472046,15.785919,0.10449043,1,-1,-1
428.02466,229.86807,4.6958313,9.228119,0.10444045,1,-1,-1
525.5441,254.86244,5.0548706,10.62822,0.104373485,1,-1,-1
828.59534,153.24898,22.067078,11.069458,0.10412836,4,-1,-1
324.69168,469.4682,13.829529,25.0318,0.1041258,2,-1,-1
1056.7135,152.08646,12.2578125,10.571228,0.103726,1,-1,-1
723.06604,565.32465,17.634949,37.5484,0.10368636,2,-1,-1
4.8072205,383.45926,18.949282,22.959167,0.103465736,1,-1,-1
1049.6256,162.02328,4.95874,8.378769,0.103325695,1,-1,-1
1160.2327,177.58914,6.1800537,9.863876,0.10331595,1,-1,-1
1346.9058,247.09436,8.487793,16.259918,0.1033124,1,-1,-1
504.8173,241.01295,32.654266,15.303238,0.10311654,4,-1,-1
536.9501,211.69481,9.370605,8.056213,0.103057265,4,-1,-1
530.1343,235.9548,4.515503,8.971176,0.10303354,1,-1,-1
1123.0458,159.85588,5.9086914,9.057053,0.10300061,1,-1,-1
1064.2257,161.80945,5.7547607,8.182205,0.10264644,1,-1,-1
336.63214,466.29434,17.01474,29.297394,0.102615565,4,-1,-1
583.4906,226.89948,13.300964,8.330093,0.102502465,5,-1,-1
786.49084,148.30193,31.687805,12.72934,0.10250211,6,-1,-1
1020.3256,151.59766,49.365417,16.779846,0.10223812,4,-1,-1
1140.3596,163.49767,7.0184326,8.721252,0.102214545,1,-1,-1
1389.4799,191.97527,9.912476,16.455978,0.102004796,7,-1,-1
438.00867,489.88208,12.022247,23.817322,0.101999015,3,-1,-1
529.11957,255.49016,5.7577515,11.223404,0.101970196,2,-1,-1
455.27014,292.592,7.134735,13.682098,0.101931244,1,-1,-1
517.94946,231.56319,19.276184,9.188095,0.101905376,4,-1,-1
610.951,240.23798,17.633179,9.114929,0.10189539,4,-1,-1
1171.8287,163.46231,5.215576,9.404572,0.10187283,1,-1,-1
674.6425,223.63715,19.63507,10.245056,0.10183564,4,-1,-1
753.3426,149.80588,16.37854,7.850235,0.10160497,4,-1,-1
12.942735,383.4759,19.140602,23.40866,0.10108334,1,-1,-1
439.24695,498.17365,11.027344,15.77179,0.10097432,2,-1,-1
1061.1354,158.14758,10.924438,10.307648,0.100940734,1,-1,-1
930.5274,125.80093,20.450378,9.784477,0.100837916,6,-1,-1
1306.9283,225.02887,8.234985,13.694077,0.10048464,2,-1,-1
521.2331,221.97537,11.947327,8.463028,0.09972954,4,-1,-1
628.0846,220.80098,16.848938,10.655228,0.09902516,6,-1,-1
1350.2266,246.97058,7.600952,13.362793,0.098970115,3,-1,-1
1365.4377,247.42479,7.4953613,15.261124,0.09891793,1,-1,-1
1167.6385,248.82375,45.97339,18.479782,0.09891781,5,-1,-1
948.4256,142.29465,20.65326,10.086533,0.098870754,6,-1,-1
1147.2701,153.73528,4.802246,8.7153015,0.098857045,1,-1,-1
1069.5211,158.77266,5.83667,9.3654785,0.09881875,1,-1,-1
558.8003,702.8658,18.490845,43.596924,0.098719776,2,-1,-1
460.27164,251.13815,34.56363,15.466553,0.09860098,9,-1,-1
911.91296,148.55133,18.682556,9.121094,0.09850404,4,-1,-1
461.62115,787.8121,18.90155,38.553833,0.09837556,1,-1,-1
896.6038,357.07483,9.786377,22.545837,0.09829202,2,-1,-1
920.1094,134.34337,20.309998,11.669266,0.0977397,4,-1,-1
587.811,252.09457,28.195557,12.169403,0.097687036,6,-1,-1
1140.3875,177.32916,5.7247314,9.197601,0.09745157,2,-1,-1
1164.8777,162.76654,17.494019,9.627411,0.09735203,4,-1,-1
889.73,136.25061,16.595703,7.986023,0.0972752,4,-1,-1
563.6709,701.7859,19.441284,41.123108,0.09725842,1,-1,-1
633.94086,242.69992,27.683228,10.87796,0.09723967,4,-1,-1
582.82306,256.6836,19.410156,12.444183,0.0971989,7,-1,-1
533.023,259.2807,8.028748,9.504547,0.097028166,1,-1,-1
1345.9683,253.35286,8.795776,16.285843,0.09688142,1,-1,-1
1179.0872,163.53165,23.517944,10.633926,0.096805006,4,-1,-1
590.5136,240.2153,20.914124,15.3484955,0.09645939,4,-1,-1
846.9803,153.60034,25.338867,9.494919,0.09635463,6,-1,-1
508.10892,222.24069,18.115631,10.630371,0.09632793,5,-1,-1
1142.3284,146.96338,22.223877,10.694122,0.09618059,4,-1,-1
458.91473,259.24188,25.501831,11.888214,0.095912874,4,-1,-1
1213.0725,168.48087,17.674805,8.954987,0.095682174,4,-1,-1
430.42218,281.1459,37.168518,16.0318,0.09559086,6,-1,-1
948.3873,142.71973,17.82721,9.460739,0.095532745,5,-1,-1
1131.4501,163.05801,6.448242,8.463364,0.09550738,2,-1,-1
525.4922,264.68845,6.378418,12.994934,0.09540892,1,-1,-1
1089.0315,175.67711,5.056885,11.135208,0.09540123,1,-1,-1
1389.308,191.96925,10.084351,16.343018,0.095293015,8,-1,-1
534.1994,255.91191,5.4751587,12.2426605,0.09499478,2,-1,-1
501.4949,222.31036,16.670074,10.249619,0.09490505,5,-1,-1
1169.8326,164.17506,23.989624,10.419678,0.094842285,4,-1,-1
1343.8379,258.4741,10.057373,14.115967,0.09482527,3,-1,-1
1136.6467,180.18909,7.1950684,9.214249,0.094760895,1,-1,-1
1208.9476,123.91411,20.035522,10.954498,0.09471741,9,-1,-1
1073.644,166.55765,5.268921,10.187408,0.094658196,1,-1,-1
538.32214,242.7792,24.371704,10.01181,0.094575286,6,-1,-1
405.02634,488.90213,11.280884,20.99762,0.09446779,1,-1,-1
1131.0729,160.05254,7.2697754,8.977936,0.0944567,1,-1,-1
1079.554,166.333,8.428711,13.162476,0.0941599,1,-1,-1
1079.8219,170.28868,5.6585693,11.622787,0.0939402,1,-1,-1
1103.2709,216.23932,5.369507,10.587158,0.0936825,1,-1,-1
52.77963,391.38965,18.68362,11.638641,0.09340137,10,-1,-1
434.307,271.4604,29.754578,12.433319,0.093164146,4,-1,-1
1181.3965,169.48299,5.5526123,9.638062,0.09298435,1,-1,-1
1349.5565,248.95985,8.429565,16.482742,0.092844814,2,-1,-1
438.1181,234.28998,24.874054,13.041565,0.09270182,5,-1,-1
748.48376,528.97656,11.045105,26.922302,0.092277855,1,-1,-1
1131.2186,162.14195,19.218018,10.168625,0.0920735,7,-1,-1
340.06888,322.6076,53.497467,21.678131,0.091843575,6,-1,-1
558.9543,230.30038,4.5320435,8.471146,0.09181118,1,-1,-1
397.2251,462.0322,13.819031,26.26361,0.09180176,2,-1,-1
1082.9368,159.21968,7.621826,10.004196,0.09155041,1,-1,-1
501.31314,222.3052,16.372711,9.645676,0.09154943,4,-1,-1
446.30264,225.23434,6.437958,9.144653,0.09146038,1,-1,-1
1093.3134,163.4645,6.5305176,7.3307343,0.09095326,10,-1,-1
399.68234,243.7015,20.350525,11.227783,0.090699375,10,-1,-1
1142.5648,153.23615,4.7299805,7.972336,0.090652674,1,-1,-1
635.98346,232.1749,17.389832,7.845993,0.090527,4,-1,-1
948.9294,144.71483,12.398743,6.3602295,0.090393186,4,-1,-1
1228.8573,995.601,24.210205,42.47284,0.09028974,1,-1,-1
1134.0458,161.95372,18.266357,10.359619,0.09028593,4,-1,-1
511.99655,225.8564,10.989105,8.609512,0.09026924,5,-1,-1
554.53955,227.22401,4.7128296,8.404083,0.090240955,1,-1,-1
474.21588,245.09975,25.680267,10.097427,0.09023625,4,-1,-1
146.24658,218.08485,33.914017,16.58789,0.09010616,5,-1,-1
1124.9515,161.42719,9.770508,11.50827,0.09001985,1,-1,-1
920.79767,134.07097,18.090881,12.05481,0.09001911,6,-1,-1
638.3196,233.05156,20.46045,9.793198,0.0898608,4,-1,-1
1393.1687,191.93643,6.223633,10.045395,0.089844555,2,-1,-1
1069.4083,162.07304,6.1586914,9.98764,0.089645386,1,-1,-1
458.00632,822.259,24.41217,44.832092,0.08962017,10,-1,-1
1123.368,163.62059,5.904785,9.094299,0.089113444,2,-1,-1
1175.6332,162.2723,5.147949,9.576157,0.08901644,1,-1,-1
1073.1776,135.13312,16.079224,7.7207794,0.08874825,4,-1,-1
455.95688,306.12256,11.696472,14.280121,0.08866182,10,-1,-1
559.0438,226.63486,5.304199,8.704636,0.0885548,1,-1,-1
1344.6237,257.9646,8.741455,14.728699,0.08845702,1,-1,-1
1042.101,129.1494,39.066406,16.391739,0.08837506,9,-1,-1
525.50574,236.13959,4.5115356,9.152573,0.08822149,1,-1,-1
