668.28906,673.8955,16.400085,34.69983,0.94317913,4,-1,-1
463.23096,824.13947,31.944702,19.847046,0.89675516,4,-1,-1
670.93274,367.30383,15.221619,36.66797,0.87042654,4,-1,-1
524.4547,1000.8094,17.871704,41.55365,0.8459958,4,-1,-1
93.39819,313.30542,35.523712,18.347076,0.8359367,4,-1,-1
19.157673,501.32526,32.03215,17.392578,0.834366,4,-1,-1
655.77875,824.5079,16.72705,40.33026,0.8021711,4,-1,-1
91.58093,503.41248,28.632088,14.86853,0.71472013,4,-1,-1
638.61383,355.71945,16.748596,45.441864,0.7030314,6,-1,-1
72.53022,525.1809,38.67224,16.351196,0.691558,4,-1,-1
992.5306,68.12153,52.224426,62.417885,0.682714,6,-1,-1
640.9164,596.003,15.136841,33.829346,0.65369844,4,-1,-1
451.5871,698.2507,32.451355,20.561707,0.6286349,4,-1,-1
85.38958,487.377,31.379875,17.246765,0.61844325,4,-1,-1
822.56793,37.98191,27.347656,32.223564,0.60543764,4,-1,-1
833.02997,0.0,81.3866,62.909203,0.56628823,6,-1,-1
54.517117,502.9773,32.112713,16.058167,0.56282824,4,-1,-1
1033.5999,65.548325,61.184814,51.034172,0.5485498,6,-1,-1
456.2416,158.36444,17.464111,31.78859,0.5387128,4,-1,-1
738.5249,980.59125,36.18518,20.46222,0.53485227,5,-1,-1
749.73114,1031.5477,16.494019,11.577515,0.5225377,10,-1,-1
684.8234,725.9562,15.000183,34.431152,0.5189701,4,-1,-1
1029.5096,25.9117,37.521973,25.99003,0.50642395,6,-1,-1
684.82135,726.05884,14.8376465,34.088318,0.4473971,5,-1,-1
710.3511,740.1367,15.251526,26.476135,0.43252763,4,-1,-1
1320.2096,38.09005,11.366699,14.412987,0.43041128,10,-1,-1
0.0,662.47156,44.841625,48.612488,0.42987445,6,-1,-1
116.1062,475.26392,29.212082,15.143799,0.4263091,4,-1,-1
738.7857,981.0537,35.72815,20.586548,0.3995279,4,-1,-1
42.45859,521.40466,65.13339,21.038513,0.39750403,6,-1,-1
35.750717,385.69403,32.741104,50.554688,0.3943308,6,-1,-1
0.0,537.9424,38.082005,18.935242,0.39318034,6,-1,-1
35.75249,0.0,26.708607,19.379667,0.379866,4,-1,-1
713.7263,1001.8546,7.0561523,17.84497,0.37816516,1,-1,-1
710.20264,1004.62195,6.4785767,17.083618,0.37774307,1,-1,-1
736.8466,1017.7743,17.402954,12.758911,0.37556,10,-1,-1
0.0,538.47394,37.89103,18.624695,0.37130362,5,-1,-1
638.61383,355.71945,16.748596,45.441864,0.35226792,4,-1,-1
992.54596,69.184265,53.247986,60.78578,0.34567937,5,-1,-1
641.0242,595.84454,14.859192,33.986816,0.34208578,5,-1,-1
828.9365,720.9501,8.099182,9.781372,0.3387488,1,-1,-1
484.51572,878.4979,11.428406,8.0928955,0.3370555,3,-1,-1
638.43567,355.85202,17.091919,44.770264,0.33682138,5,-1,-1
85.19167,487.48102,32.381706,17.858765,0.3297331,6,-1,-1
0.0,538.47394,37.89103,18.624695,0.31979978,4,-1,-1
820.54535,710.5417,7.4873047,10.818848,0.31315863,1,-1,-1
48.68434,521.6839,62.219086,20.744873,0.30905265,4,-1,-1
822.56793,37.98191,27.347656,32.223564,0.30792272,5,-1,-1
1033.198,65.36977,61.426025,51.408012,0.2975304,5,-1,-1
198.72218,407.45618,24.734222,13.3133545,0.28812623,4,-1,-1
483.44534,863.8894,12.341187,7.614868,0.28261107,3,-1,-1
59.10079,23.970358,19.578815,19.986612,0.28179944,10,-1,-1
687.5619,426.11548,6.8164673,15.343811,0.27900884,10,-1,-1
55.0306,503.15775,31.817245,16.239777,0.27741027,6,-1,-1
738.3566,0.0,30.29358,26.386875,0.27427942,6,-1,-1
0.0,663.2214,44.156113,47.931763,0.26400346,7,-1,-1
1030.1957,24.791622,37.006226,26.754593,0.25486416,7,-1,-1
482.7705,859.6852,12.436005,6.9387817,0.24902585,3,-1,-1
483.41083,868.59485,13.357544,8.191895,0.23986927,3,-1,-1
731.2373,1011.29816,23.530579,16.581482,0.2343834,7,-1,-1
55.0704,503.252,31.611881,15.854187,0.23131129,5,-1,-1
832.6117,0.0,81.606384,63.030483,0.23076132,9,-1,-1
451.8176,698.2542,32.004486,20.21936,0.22874877,5,-1,-1
85.19167,487.48102,32.381706,17.858765,0.22829103,5,-1,-1
483.54803,854.0686,12.179504,6.7960815,0.2282103,3,-1,-1
829.4029,29.198965,27.910156,34.0588,0.22641909,4,-1,-1
468.15298,333.0276,26.930328,43.88376,0.22525647,6,-1,-1
655.7007,824.5843,16.917786,40.366028,0.22336188,6,-1,-1
731.2373,1011.29816,23.530579,16.581482,0.22086954,10,-1,-1
62.214397,0.0,17.934261,10.99869,0.2200956,10,-1,-1
466.04883,655.53723,5.2789307,7.897461,0.21868813,1,-1,-1
1343.026,34.32232,11.24292,17.532913,0.21866769,10,-1,-1
738.478,980.5702,36.229736,20.6427,0.2181404,6,-1,-1
714.8414,988.8728,5.440857,8.702698,0.21593967,1,-1,-1
451.8176,698.2542,32.004486,20.21936,0.21464103,6,-1,-1
326.1388,408.36847,19.154968,14.871857,0.21292874,4,-1,-1
330.2872,250.4016,58.201843,25.353928,0.20977482,6,-1,-1
1107.1699,14.06325,28.290771,27.608812,0.20887464,10,-1,-1
52.149178,522.8802,58.883583,18.935669,0.204561,5,-1,-1
0.0,555.67535,32.646664,19.449097,0.2034049,6,-1,-1
456.1992,158.31024,17.300446,31.74588,0.20337522,6,-1,-1
209.65895,409.61758,22.63768,12.421936,0.20184502,4,-1,-1
483.09186,882.7241,11.476379,7.619629,0.19855666,3,-1,-1
826.356,721.3613,7.413086,9.739868,0.19793361,1,-1,-1
698.72363,332.3444,6.4733276,12.569458,0.19709107,10,-1,-1
1029.9602,25.33128,37.45117,26.577328,0.1966039,8,-1,-1
42.400658,523.6806,45.246323,15.988525,0.19630185,4,-1,-1
0.0,662.47156,44.841625,48.612488,0.19619823,8,-1,-1
638.738,356.03644,16.69403,46.22278,0.19448411,9,-1,-1
61.524757,0.0,19.666298,11.411949,0.19201422,4,-1,-1
992.5517,68.63174,51.772522,61.878105,0.18883625,9,-1,-1
495.84528,818.12244,4.8194275,11.726135,0.1870865,1,-1,-1
456.1992,158.31024,17.300446,31.74588,0.18702218,7,-1,-1
0.0,555.67535,32.646664,19.449097,0.18618461,5,-1,-1
476.7156,888.1908,13.516327,7.440735,0.18587133,3,-1,-1
72.53022,525.1809,38.67224,16.351196,0.18567887,6,-1,-1
832.17883,0.0,83.40643,63.563038,0.18348601,5,-1,-1
738.95764,0.0,28.625427,26.532305,0.18329418,4,-1,-1
687.5619,426.11548,6.8164673,15.343811,0.18258774,1,-1,-1
0.0,537.9424,38.082005,18.935242,0.18159801,9,-1,-1
751.16595,1029.6135,16.247986,9.280273,0.1799838,10,-1,-1
59.556618,496.4959,26.19133,16.503235,0.17937699,4,-1,-1
42.72149,523.725,42.72358,15.726746,0.17933929,6,-1,-1
592.5942,450.9535,6.8259277,13.400482,0.1759387,1,-1,-1
60.549854,23.744902,12.355045,15.02323,0.17591283,10,-1,-1
55.0306,503.15775,31.817245,16.239777,0.17289746,7,-1,-1
640.9164,596.003,15.136841,33.829346,0.1720928,6,-1,-1
503.64948,891.5218,6.4447327,18.353271,0.1715205,10,-1,-1
1034.2345,65.77355,62.019043,50.145584,0.17145538,4,-1,-1
41.964718,858.96735,29.860905,19.887512,0.17105061,5,-1,-1
754.9515,1000.57196,26.778625,15.2717285,0.17030928,4,-1,-1
23.359127,504.12778,36.532276,18.582611,0.1696581,4,-1,-1
36.211933,0.0,26.777985,19.765333,0.16899264,5,-1,-1
500.94583,892.27997,7.0820923,18.387207,0.16802886,10,-1,-1
741.2261,1021.71643,18.085022,10.455078,0.16801289,10,-1,-1
729.30035,1007.63434,6.099304,13.558655,0.16611981,1,-1,-1
0.0,662.70483,44.317627,48.439453,0.1657905,4,-1,-1
738.3035,0.0,29.135254,26.988138,0.16548687,5,-1,-1
478.04526,883.5504,14.383453,8.132507,0.16386306,3,-1,-1
729.971,1007.0399,14.631714,13.656738,0.16182998,10,-1,-1
710.47705,739.94275,15.419617,26.822937,0.16096297,5,-1,-1
63.1685,29.866417,13.523235,11.869156,0.16068816,10,-1,-1
538.3177,610.73883,6.9726562,12.660461,0.16031381,3,-1,-1
705.231,991.0325,6.4848633,15.773315,0.16005203,1,-1,-1
484.13678,892.4829,9.860504,8.55603,0.15991881,3,-1,-1
467.74792,332.36356,27.525604,44.855835,0.15891352,4,-1,-1
436.22598,882.1406,8.640778,12.136536,0.15840006,10,-1,-1
483.05988,873.1705,12.6970825,9.332031,0.15811947,3,-1,-1
733.65265,1009.4201,5.8669434,15.028015,0.15802526,1,-1,-1
748.9906,1030.5839,19.568604,12.28894,0.15674472,3,-1,-1
515.28094,725.1872,9.036377,21.746155,0.15569302,10,-1,-1
467.84406,332.44464,27.31897,44.893097,0.15544549,8,-1,-1
736.8466,1017.7743,17.402954,12.758911,0.15472078,7,-1,-1
500.94583,892.27997,7.0820923,18.387207,0.15320045,3,-1,-1
91.58093,503.41248,28.632088,14.86853,0.1526452,10,-1,-1
59.765003,24.486727,18.694355,18.667116,0.15226138,1,-1,-1
481.81732,678.7993,5.9055786,8.288879,0.1520119,1,-1,-1
0.0,570.372,26.099314,17.535706,0.15160477,4,-1,-1
747.914,1028.8522,23.452942,16.285034,0.15103203,10,-1,-1
92.42,503.31625,27.709763,15.099091,0.15093523,7,-1,-1
0.0,556.4958,31.42452,19.773743,0.14879125,4,-1,-1
1320.358,38.16546,11.659546,13.208057,0.14866456,1,-1,-1
35.46174,697.4852,20.629684,16.118652,0.14814162,10,-1,-1
202.62617,406.78976,41.496445,18.036346,0.14786246,4,-1,-1
62.16868,0.0,18.36959,11.226721,0.14783245,1,-1,-1
705.04626,996.827,5.6934204,12.352234,0.14669803,1,-1,-1
455.97717,158.13815,18.08316,31.978683,0.14584842,5,-1,-1
710.77075,1003.36163,8.404663,18.039368,0.14563692,10,-1,-1
9.500236,411.09033,22.975925,9.7500305,0.14554471,10,-1,-1
738.62646,0.0,29.70459,26.495083,0.14537972,9,-1,-1
1029.8798,26.093872,37.259277,25.668743,0.14479831,4,-1,-1
0.0,570.1342,29.745386,17.74524,0.14478192,6,-1,-1
1320.0237,37.254757,11.045776,14.304264,0.14411372,2,-1,-1
456.1992,158.31024,17.300446,31.74588,0.14355287,8,-1,-1
85.226364,488.1798,32.19986,16.478119,0.14261323,7,-1,-1
503.64948,891.5218,6.4447327,18.353271,0.14225051,3,-1,-1
91.20636,503.8174,28.36264,14.406525,0.1421346,6,-1,-1
699.5785,337.35562,5.684143,9.128052,0.1418472,2,-1,-1
477.1166,891.7167,14.8784485,9.515259,0.1405873,3,-1,-1
36.211933,0.0,26.777985,19.765333,0.1403997,10,-1,-1
426.60315,711.53485,15.159637,12.891907,0.13968766,10,-1,-1
198.52798,407.61203,24.906967,12.763367,0.13867587,5,-1,-1
539.04376,610.3545,5.996582,12.137878,0.13809842,1,-1,-1
60.549854,23.744902,12.355045,15.02323,0.13790423,1,-1,-1
736.8466,1017.7743,17.402954,12.758911,0.13722426,4,-1,-1
749.83026,1031.1205,17.002014,12.211914,0.13656434,4,-1,-1
500.157,898.3924,6.8894043,15.43396,0.13599536,10,-1,-1
495.71198,822.57623,4.9143677,11.691284,0.13507897,1,-1,-1
55.024887,503.38947,31.75917,15.737427,0.13495773,8,-1,-1
539.15845,610.26715,5.760254,11.843201,0.13444561,10,-1,-1
705.74713,299.226,5.58374,8.128387,0.13443717,1,-1,-1
0.0,569.7031,29.499966,18.307922,0.13442945,5,-1,-1
483.70087,509.54993,8.594269,7.8446655,0.13423333,1,-1,-1
85.61238,856.2818,38.711876,23.018188,0.13394454,4,-1,-1
694.8223,330.7038,8.540649,17.013153,0.13384521,10,-1,-1
670.93274,367.30383,15.221619,36.66797,0.1334374,6,-1,-1
1.5389862,0.0,61.036873,29.001493,0.1331369,4,-1,-1
502.88806,891.04205,7.229065,19.65741,0.1331003,1,-1,-1
0.0,662.70483,44.317627,48.439453,0.13304812,5,-1,-1
818.25964,690.25885,11.561157,14.676758,0.13299498,1,-1,-1
325.83698,408.80142,19.432526,14.339996,0.13250375,10,-1,-1
57.32824,24.05133,19.384811,19.859879,0.13247687,4,-1,-1
1033.5999,65.548325,61.184814,51.034172,0.1322504,9,-1,-1
40.661644,856.1564,32.235443,23.14154,0.13213268,4,-1,-1
455.65262,891.3865,6.075836,10.84021,0.13188186,3,-1,-1
174.73006,345.85934,6.0562134,12.847473,0.13074327,1,-1,-1
465.15244,848.56665,10.637939,8.4210205,0.13049996,10,-1,-1
739.68524,1018.2287,12.562256,11.998718,0.12993205,2,-1,-1
698.9182,332.79495,6.2651367,10.9453125,0.129827,2,-1,-1
34.299843,698.99054,31.996979,24.558044,0.12962717,7,-1,-1
754.9515,1000.57196,26.778625,15.2717285,0.12960902,5,-1,-1
699.57684,336.84277,5.7113647,9.803345,0.1292944,1,-1,-1
672.4106,367.8436,11.82135,21.312164,0.12895271,4,-1,-1
833.0701,0.0,80.990845,62.665028,0.12888527,4,-1,-1
684.8234,725.9562,15.000183,34.431152,0.12854764,6,-1,-1
207.52603,405.93326,21.784195,12.63559,0.12820852,4,-1,-1
168.84349,351.3437,6.7712097,11.173737,0.12778702,1,-1,-1
449.4631,890.49774,10.218048,12.570251,0.12755677,3,-1,-1
0.0,535.51514,59.619057,27.649597,0.12702826,6,-1,-1
603.2528,503.48303,5.3477783,7.863373,0.12693906,1,-1,-1
395.2866,467.48865,15.4826355,11.659088,0.12630123,1,-1,-1
699.13574,871.4322,4.987488,12.657593,0.12619755,1,-1,-1
190.12566,405.476,27.125992,12.876801,0.12608802,4,-1,-1
427.3143,685.7127,5.5874634,12.468262,0.1258361,10,-1,-1
714.73047,999.76605,5.295105,13.241699,0.12566262,1,-1,-1
790.5786,1037.5945,5.6467896,11.797852,0.12424314,1,-1,-1
234.4871,411.8311,28.02037,14.405273,0.12403044,4,-1,-1
788.5147,1037.7012,5.9327393,11.691162,0.1237244,1,-1,-1
1033.5999,65.548325,61.184814,51.034172,0.122983575,8,-1,-1
435.70227,885.24457,7.3441772,12.629883,0.12217277,10,-1,-1
325.83698,408.80142,19.432526,14.339996,0.12216237,1,-1,-1
474.00797,884.9837,16.17627,13.628174,0.122125626,3,-1,-1
655.8837,824.50024,16.937683,40.209106,0.12209985,5,-1,-1
61.378647,639.01465,63.95842,35.739502,0.12191549,6,-1,-1
58.589222,496.8381,28.0938,17.486542,0.12151432,6,-1,-1
439.09113,577.33875,7.181549,18.365051,0.12124631,1,-1,-1
63.1685,29.866417,13.523235,11.869156,0.12076303,1,-1,-1
699.57684,336.84277,5.7113647,9.803345,0.12054628,10,-1,-1
446.53665,889.6877,7.0424805,12.25769,0.120508105,3,-1,-1
41.770203,859.06995,29.993538,19.777649,0.11907762,8,-1,-1
42.940815,522.78613,60.83833,18.982544,0.11894336,7,-1,-1
32.527435,439.86502,15.069702,8.099365,0.118526846,10,-1,-1
730.4484,1010.3334,27.58722,19.721313,0.11784756,4,-1,-1
1030.2615,25.68461,37.05896,26.261843,0.117301226,5,-1,-1
500.3421,900.1849,6.634613,13.003662,0.11709517,3,-1,-1
713.3643,1000.8387,7.600281,18.786072,0.11697146,10,-1,-1
467.84406,332.44464,27.31897,44.893097,0.115939915,7,-1,-1
440.13705,881.7091,6.7503357,12.287842,0.1154753,10,-1,-1
736.73895,1017.6995,17.754272,12.460266,0.11546755,8,-1,-1
401.4883,830.4642,6.4555054,7.4243774,0.114243865,1,-1,-1
828.73413,30.73395,29.439941,32.210648,0.11405924,5,-1,-1
34.299843,698.99054,31.996979,24.558044,0.11382541,10,-1,-1
655.8837,824.50024,16.937683,40.209106,0.11366141,9,-1,-1
698.6808,332.52393,6.5214844,11.894989,0.11345264,1,-1,-1
60.387375,26.8243,22.676254,24.971586,0.11344716,10,-1,-1
462.90024,821.88654,31.18045,21.985779,0.11344105,5,-1,-1
1045.4796,0.0,23.689941,30.865108,0.113301784,7,-1,-1
730.52765,1007.51385,12.916748,13.129822,0.11286968,3,-1,-1
224.75563,407.45947,29.841354,17.502441,0.11279833,4,-1,-1
1043.1632,0.0,29.0177,33.250874,0.1125015,6,-1,-1
467.84406,332.44464,27.31897,44.893097,0.112381935,5,-1,-1
754.0895,1000.87054,24.971497,14.057983,0.11163911,7,-1,-1
482.32443,864.4445,15.631744,14.060303,0.11160532,3,-1,-1
888.44714,903.11316,8.065002,7.942383,0.11157507,1,-1,-1
51.752804,19.512505,29.23637,27.685692,0.11152601,4,-1,-1
446.83862,888.4649,6.651581,13.765503,0.11101115,10,-1,-1
1080.7773,0.0,53.683838,38.627163,0.11086431,6,-1,-1
737.7766,0.0,30.986206,27.340046,0.11023101,7,-1,-1
85.59237,856.81287,37.502625,22.099854,0.110152334,6,-1,-1
0.0,536.9204,56.141018,26.188171,0.10959095,4,-1,-1
336.38544,62.57072,12.047119,7.3324547,0.1095362,10,-1,-1
731.2373,1011.29816,23.530579,16.581482,0.10947147,8,-1,-1
411.75055,579.48175,33.344025,18.527588,0.10917258,4,-1,-1
738.2375,0.0,31.048767,27.514797,0.10893828,8,-1,-1
500.80252,901.3446,5.2978516,11.683289,0.108777136,1,-1,-1
289.19498,406.47562,8.003143,12.655518,0.10836989,10,-1,-1
40.661644,856.1564,32.235443,23.14154,0.10826966,6,-1,-1
641.09204,595.9864,15.016968,33.892212,0.10823718,9,-1,-1
32.07484,439.68814,11.735954,8.518402,0.10819307,1,-1,-1
500.98132,892.63617,6.721527,17.62323,0.107967705,1,-1,-1
473.16064,893.6499,10.573944,6.958313,0.10748884,3,-1,-1
0.0,557.8897,31.252258,26.012207,0.10747841,9,-1,-1
117.21778,478.9489,32.901985,17.668304,0.10713521,4,-1,-1
1354.8298,35.11221,18.703735,17.388859,0.10698286,10,-1,-1
746.8752,1023.1881,17.723389,9.515015,0.10670978,10,-1,-1
482.5262,853.5912,15.233429,12.780823,0.106595576,3,-1,-1
116.1062,475.26392,29.212082,15.143799,0.106562704,10,-1,-1
36.993874,697.24194,22.494423,17.676453,0.1059739,3,-1,-1
228.93881,409.83215,16.398102,13.486389,0.105409056,4,-1,-1
437.77438,577.5991,7.7709656,18.423767,0.10521409,10,-1,-1
91.87549,503.40277,27.219543,15.247009,0.10505694,5,-1,-1
194.08952,410.4412,22.348099,10.94281,0.10457435,4,-1,-1
816.8401,691.7212,8.367249,12.567444,0.10453588,1,-1,-1
448.90466,886.8023,7.867584,12.567505,0.10426584,3,-1,-1
739.05817,906.41223,4.678711,11.484558,0.10410738,1,-1,-1
116.336266,475.3207,30.639977,15.8055725,0.10365325,6,-1,-1
85.59237,856.81287,37.502625,22.099854,0.103640586,7,-1,-1
85.39059,488.25662,32.028145,17.139679,0.10325974,8,-1,-1
116.336266,475.3207,30.639977,15.8055725,0.10304618,5,-1,-1
64.96383,504.5634,41.108315,17.335419,0.102960914,4,-1,-1
481.2665,889.1054,12.137421,6.5370483,0.10294935,3,-1,-1
753.39746,1000.28625,4.673218,8.85498,0.1027118,1,-1,-1
27.181068,23.640171,49.10981,43.768406,0.10249871,4,-1,-1
479.91147,860.2267,11.369202,5.192627,0.10235533,3,-1,-1
473.6568,887.41583,12.059479,8.46228,0.101634145,3,-1,-1
62.16868,0.0,18.36959,11.226721,0.101540774,5,-1,-1
481.81732,678.7993,5.9055786,8.288879,0.10127446,10,-1,-1
35.750717,385.69403,32.741104,50.554688,0.10116053,4,-1,-1
991.7887,68.329346,53.513916,62.741516,0.10096833,4,-1,-1
35.882553,649.38605,20.162838,11.232971,0.100949824,7,-1,-1
821.4684,690.4335,13.437805,14.8220825,0.10080752,1,-1,-1
835.4929,715.89087,6.901428,10.199097,0.10078102,1,-1,-1
16.871393,500.3432,33.10901,19.186096,0.10032305,5,-1,-1
452.64606,838.15924,4.434265,9.396606,0.10011014,1,-1,-1
670.93274,367.30383,15.221619,36.66797,0.09983471,5,-1,-1
121.56598,507.6361,6.4342804,7.882019,0.0997698,1,-1,-1
734.09515,1013.2498,20.3266,12.964539,0.09936836,4,-1,-1
694.7496,335.66946,6.7454834,14.777374,0.09935841,10,-1,-1
738.4594,1018.1914,19.041748,12.000977,0.09929395,3,-1,-1
91.20636,503.8174,28.36264,14.406525,0.099155754,8,-1,-1
731.6992,1007.08374,9.630676,14.634766,0.09913689,1,-1,-1
74.10137,31.203125,10.638115,12.614876,0.09878528,1,-1,-1
729.3198,1012.14355,19.317017,11.106018,0.09859946,10,-1,-1
825.84717,33.88947,27.625488,33.647717,0.09856436,6,-1,-1
742.38257,1017.53125,13.272339,13.187012,0.09853843,1,-1,-1
826.4885,717.62756,11.867065,13.5043335,0.0984436,1,-1,-1
1010.0717,64.91019,66.91864,54.059715,0.09835583,6,-1,-1
60.549854,23.744902,12.355045,15.02323,0.09834024,2,-1,-1
31.9496,436.46527,11.78569,10.336121,0.09805927,10,-1,-1
748.42145,1030.463,18.114136,12.02478,0.097886115,7,-1,-1
696.8121,334.35104,9.464783,14.262451,0.0977537,10,-1,-1
338.3734,415.81003,7.306366,8.109192,0.09750736,1,-1,-1
1045.4796,0.0,23.689941,30.865108,0.097504705,10,-1,-1
84.54064,487.45633,31.501541,16.779999,0.0972732,10,-1,-1
426.5521,713.9805,14.895477,11.287231,0.09726086,3,-1,-1
440.4063,881.94183,6.3928223,11.668213,0.0969111,1,-1,-1
0.0,553.634,61.167126,32.794006,0.09670991,6,-1,-1
1104.811,13.800274,30.968018,28.136261,0.09649649,3,-1,-1
193.37582,401.2439,23.638153,11.242737,0.09641653,4,-1,-1
36.211933,0.0,26.777985,19.765333,0.09636626,1,-1,-1
48.019444,421.6724,8.01125,10.292664,0.095124185,1,-1,-1
484.51572,878.4979,11.428406,8.0928955,0.09501305,10,-1,-1
478.514,858.3742,15.242859,9.382935,0.094914824,3,-1,-1
75.52043,880.847,25.06388,16.069763,0.09489697,4,-1,-1
94.52436,311.93546,34.13479,19.57257,0.094786555,5,-1,-1
456.2416,158.36444,17.464111,31.78859,0.094352216,10,-1,-1
89.142525,845.48535,64.89831,33.395386,0.09419352,6,-1,-1
231.54,413.3144,19.736282,12.267151,0.09413132,4,-1,-1
1.5347503,553.22327,37.401646,17.349487,0.09410417,4,-1,-1
335.15698,47.76762,16.840363,11.136364,0.09396368,10,-1,-1
60.59334,495.82928,24.294712,14.312408,0.093740284,5,-1,-1
1342.4146,35.07087,11.067993,16.323215,0.093527734,1,-1,-1
480.1386,864.7044,11.225922,5.3756714,0.093211204,3,-1,-1
754.5056,1000.64233,22.894958,14.053711,0.09303486,10,-1,-1
52.554802,0.0,25.752983,13.7158,0.092916936,4,-1,-1
754.446,1000.066,27.926025,16.64215,0.09286559,6,-1,-1
327.71017,409.0109,16.02063,13.731384,0.092718214,2,-1,-1
753.041,1000.248,5.253662,8.535278,0.092160046,10,-1,-1
435.99063,881.81464,8.682831,13.971252,0.09209302,4,-1,-1
694.9164,341.2447,5.753357,10.39209,0.09173265,1,-1,-1
48.672123,704.7067,31.764393,22.010681,0.09169796,7,-1,-1
332.0201,415.95023,12.577087,8.008942,0.09160912,2,-1,-1
738.09186,1017.28766,8.618774,11.385437,0.09152454,2,-1,-1
992.6268,68.53251,52.80951,61.75376,0.090984344,8,-1,-1
42.125805,859.32874,29.871563,19.330078,0.0909023,7,-1,-1
435.692,890.2588,7.4584656,10.903137,0.09082875,10,-1,-1
217.88853,410.61084,21.530685,12.7118225,0.090816736,4,-1,-1
66.03462,31.102016,16.42955,11.144012,0.09076619,10,-1,-1
200.23656,412.02078,21.640182,11.747345,0.090700954,4,-1,-1
556.741,1040.3494,9.963989,9.042969,0.09069419,10,-1,-1
753.78314,1000.33136,25.037659,15.427856,0.09056562,8,-1,-1
378.31403,609.8409,13.114502,26.80841,0.09048289,10,-1,-1
483.54803,854.0686,12.179504,6.7960815,0.090384424,10,-1,-1
47.90216,3.1737213,15.402481,15.783493,0.090253204,10,-1,-1
63.1685,29.866417,13.523235,11.869156,0.09016529,2,-1,-1
486.70615,881.1285,10.075623,9.334839,0.090093225,3,-1,-1
597.0519,454.1996,6.211548,11.422485,0.08911461,1,-1,-1
607.8223,470.584,5.4780884,8.414124,0.08903849,1,-1,-1
731.99414,1012.42224,21.353333,12.24353,0.08880541,3,-1,-1
331.33575,415.17535,12.969116,9.065216,0.088538766,1,-1,-1
41.770203,859.06995,29.993538,19.777649,0.08841705,10,-1,-1
747.6238,1018.23975,5.911743,11.636108,0.08836433,1,-1,-1
732.40234,1008.69885,21.905212,11.081177,0.08834404,10,-1,-1
116.343346,475.26752,29.600868,15.273376,0.08812761,7,-1,-1
480.13577,854.7985,11.552612,5.690857,0.08798966,3,-1,-1
523.86176,1001.7461,18.595947,40.499878,0.08786255,1,-1,-1
42.400658,523.6806,45.246323,15.988525,0.08779955,5,-1,-1
481.41998,874.7219,16.514679,11.256958,0.08761692,3,-1,-1
63.973885,831.65485,15.633263,13.986389,0.08759329,10,-1,-1
205.83662,410.14093,18.970428,9.469299,0.08739519,4,-1,-1
818.6114,690.4817,18.93866,13.181641,0.08737242,10,-1,-1
440.31558,890.24133,6.958374,11.308594,0.08728972,10,-1,-1
753.3629,1011.65063,5.3135376,13.461792,0.087269396,1,-1,-1
6.1085014,3.95034,52.438465,47.449684,0.08700359,4,-1,-1
35.668385,386.12027,32.752224,50.181915,0.08698198,5,-1,-1
684.95276,726.2364,14.937622,33.90271,0.08657339,9,-1,-1
35.668385,386.12027,32.752224,50.181915,0.08651021,9,-1,-1
33.78853,436.34283,13.226498,9.785278,0.086500585,3,-1,-1
607.3592,537.9694,7.7785034,10.098145,0.086367935,1,-1,-1
748.4742,1035.3307,15.926514,10.265747,0.086212695,10,-1,-1
289.3063,406.96487,7.8616333,13.619263,0.08616477,1,-1,-1
401.80853,830.3921,6.116455,7.6273804,0.085748255,10,-1,-1
733.0561,1007.6984,6.6588745,14.01416,0.085561305,3,-1,-1
1106.5892,13.6089525,29.34607,28.03048,0.08552906,4,-1,-1
54.35146,20.679525,22.05981,29.731295,0.08543533,10,-1,-1
36.993874,697.24194,22.494423,17.676453,0.08521354,7,-1,-1
1344.4972,41.974384,9.738281,16.728996,0.08493969,10,-1,-1
1044.3536,0.0,26.947876,32.37784,0.08482924,8,-1,-1
751.8977,1020.5025,20.546204,10.831848,0.0847033,10,-1,-1
209.65895,409.61758,22.63768,12.421936,0.08469427,5,-1,-1
455.73914,886.9585,6.610565,12.7369995,0.08436516,3,-1,-1
466.25156,891.9361,7.1474915,9.392517,0.084053695,3,-1,-1
60.075516,24.61771,18.702843,18.472054,0.0840359,2,-1,-1
736.306,1014.31885,17.792053,9.731567,0.08383876,10,-1,-1
47.147007,22.58797,35.680676,38.73831,0.08287895,4,-1,-1
105.23901,845.9985,14.8255005,15.216675,0.08284184,10,-1,-1
539.04376,610.3545,5.996582,12.137878,0.082523406,2,-1,-1
655.8101,824.26654,16.797485,40.592773,0.08216265,10,-1,-1
1043.1632,0.0,29.0177,33.250874,0.08215982,4,-1,-1
682.06226,0.0,46.561462,31.538673,0.082087845,6,-1,-1
49.64349,705.32294,29.841137,20.885193,0.08183578,10,-1,-1
329.0925,249.02808,68.212616,27.794464,0.081685066,4,-1,-1
59.10079,23.970358,19.578815,19.986612,0.08135033,3,-1,-1
93.39819,313.30542,35.523712,18.347076,0.08105764,1,-1,-1
687.5619,426.11548,6.8164673,15.343811,0.081002295,3,-1,-1
736.5947,1016.63837,14.786804,13.356873,0.08097839,1,-1,-1
336.07214,49.534786,14.221619,10.169697,0.080809206,4,-1,-1
1320.5015,38.257168,11.410889,13.341408,0.08076227,3,-1,-1
134.57663,984.77454,11.000198,16.356445,0.08075109,1,-1,-1
206.86057,433.83255,39.84549,17.666595,0.08062446,4,-1,-1
189.42912,406.89395,37.401306,17.808685,0.080616,4,-1,-1
86.41711,302.10004,6.1280212,11.011047,0.08050591,1,-1,-1
428.44165,716.27734,12.389954,8.90741,0.08041608,10,-1,-1
66.03462,31.102016,16.42955,11.144012,0.08040622,1,-1,-1
471.6526,891.44684,14.082733,10.709717,0.08024278,3,-1,-1
732.23254,1009.349,8.242493,15.278564,0.080221176,10,-1,-1
62.127476,25.782623,8.185818,10.349205,0.07983604,1,-1,-1
329.09082,413.8767,15.905853,10.576569,0.07968712,10,-1,-1
1006.2276,933.7416,6.5495605,13.758911,0.07915205,1,-1,-1
710.3511,740.1367,15.251526,26.476135,0.0791108,6,-1,-1
523.65283,1001.73846,18.977661,40.792786,0.079063505,10,-1,-1
32.614685,436.27682,8.734337,10.534363,0.079057604,1,-1,-1
85.59237,856.81287,37.502625,22.099854,0.07905397,8,-1,-1
695.33484,331.25888,7.119629,13.81488,0.0789921,1,-1,-1
888.0513,903.0966,8.585083,7.711975,0.07899079,10,-1,-1
35.155373,699.4056,29.106888,25.157166,0.07892731,8,-1,-1
747.2627,1023.48596,17.135254,8.917236,0.07886353,3,-1,-1
0.0,661.3352,43.855083,50.56958,0.07844937,10,-1,-1
730.5833,1009.6668,14.440796,14.909485,0.078104526,1,-1,-1
49.64349,705.32294,29.841137,20.885193,0.078036785,3,-1,-1
60.580338,496.04684,24.365784,15.623901,0.077976495,7,-1,-1
33.27604,438.95157,5.6222687,8.955139,0.07791242,1,-1,-1
819.6006,711.36053,9.55896,15.270386,0.07738358,1,-1,-1
35.209175,633.9615,78.06075,38.276123,0.07731417,6,-1,-1
496.3131,814.15424,4.5650024,12.375061,0.07729712,1,-1,-1
733.65265,1009.4201,5.8669434,15.028015,0.07729444,2,-1,-1
731.0839,1008.53845,19.909363,11.537537,0.07722551,7,-1,-1
47.897156,3.1547742,14.942566,16.084282,0.07715562,4,-1,-1
0.0,536.008,60.456024,28.43689,0.07688868,9,-1,-1
62.920837,0.0,16.906143,10.924759,0.07688233,2,-1,-1
32.527435,439.86502,15.069702,8.099365,0.0765124,3,-1,-1
36.58957,430.26776,7.524929,9.081451,0.07639447,1,-1,-1
1321.0023,41.326714,7.9123535,13.099274,0.076345205,10,-1,-1
451.92685,698.27747,31.885956,19.809937,0.07632145,9,-1,-1
60.580338,496.04684,24.365784,15.623901,0.0761877,8,-1,-1
398.27908,12.607326,4.4894714,9.951247,0.07613608,1,-1,-1
754.3818,1028.576,17.08783,10.503052,0.07612395,3,-1,-1
515.0975,725.25934,9.243347,21.371216,0.07588139,4,-1,-1
821.0933,690.08575,15.539246,14.006836,0.07554123,2,-1,-1
115.11167,477.1715,20.923027,10.9721985,0.0755057,4,-1,-1
61.068516,22.78497,9.324764,10.679539,0.07547158,2,-1,-1
523.99927,1000.9963,18.496216,41.237976,0.07539621,5,-1,-1
394.6641,468.57446,16.98462,10.802307,0.07538673,4,-1,-1
49.978577,0.0,30.58918,13.135405,0.075341165,10,-1,-1
687.5619,426.11548,6.8164673,15.343811,0.07521409,4,-1,-1
267.2315,6.3648663,5.8546753,9.806101,0.074955106,1,-1,-1
465.84122,898.0398,7.295349,7.6690674,0.07471433,3,-1,-1
19.4811,501.58582,31.438726,17.016663,0.07460591,1,-1,-1
42.940815,522.78613,60.83833,18.982544,0.074503094,8,-1,-1
1106.5892,13.6089525,29.34607,28.03048,0.074356675,7,-1,-1
436.14194,889.3142,11.80957,14.168884,0.07433781,10,-1,-1
465.15244,848.56665,10.637939,8.4210205,0.07431349,3,-1,-1
694.44965,334.37723,7.3120117,16.2854,0.07422128,3,-1,-1
85.341255,486.86002,32.288025,17.861237,0.07413003,9,-1,-1
438.51505,884.3713,9.071442,13.906799,0.07408309,10,-1,-1
478.8745,867.7596,14.221069,9.996948,0.073994994,3,-1,-1
871.4007,890.8476,11.842712,9.281372,0.073825955,10,-1,-1
120.01412,686.55194,9.532387,13.996704,0.073805064,1,-1,-1
76.19519,880.7724,24.502151,16.637695,0.07376826,5,-1,-1
6.3411417,0.0,55.765472,24.89752,0.07353437,5,-1,-1
1033.0662,937.53973,7.2697754,14.124817,0.073483855,1,-1,-1
703.99,270.13156,5.1292725,7.8338013,0.07337335,1,-1,-1
54.310963,6.596278,10.150982,11.986426,0.073272556,10,-1,-1
738.09186,1017.28766,8.618774,11.385437,0.073236585,1,-1,-1
468.44885,893.14355,11.635712,8.547852,0.072998405,3,-1,-1
695.33484,331.25888,7.119629,13.81488,0.07294518,2,-1,-1
47.012638,843.501,26.075161,14.645935,0.072888315,10,-1,-1
741.2261,1021.71643,18.085022,10.455078,0.07271975,3,-1,-1
0.0,655.59454,11.882211,14.428284,0.0726752,4,-1,-1
33.717106,429.90146,9.014526,10.673035,0.07255316,10,-1,-1
36.211933,0.0,26.777985,19.765333,0.07251465,6,-1,-1
436.41415,881.89166,10.216858,14.568481,0.0724996,1,-1,-1
823.91455,694.4488,9.59436,13.042175,0.072484076,1,-1,-1
748.1988,1030.1313,17.50232,13.235107,0.07244572,1,-1,-1
749.73114,1031.5477,16.494019,11.577515,0.07242504,8,-1,-1
478.78656,862.71875,14.260071,9.488647,0.07238993,3,-1,-1
822.37714,37.766136,27.391602,32.7276,0.07232976,10,-1,-1
80.02957,514.39746,9.302467,6.718689,0.07227111,1,-1,-1
64.12232,27.067781,9.838921,10.51964,0.07212895,1,-1,-1
0.0,663.65424,44.116383,47.427246,0.0721249,9,-1,-1
694.7496,335.66946,6.7454834,14.777374,0.07209733,1,-1,-1
383.62296,250.21376,31.885712,17.001297,0.07200888,4,-1,-1
681.5082,0.0,47.447083,32.33403,0.07183716,4,-1,-1
35.198593,431.03137,10.558922,7.2134094,0.07181123,10,-1,-1
483.63226,850.579,10.317108,6.080078,0.07174048,3,-1,-1
729.30035,1007.63434,6.099304,13.558655,0.0717392,3,-1,-1
0.0,662.47156,44.841625,48.612488,0.071636945,3,-1,-1
286.22208,407.89703,9.611664,13.377533,0.07153228,10,-1,-1
743.0761,1018.4168,6.255554,10.444397,0.07153165,2,-1,-1
699.3782,335.95538,5.9802246,10.955627,0.07147652,3,-1,-1
