953.1501,630.4975,23.367615,52.077454,0.8737966,1,-1,-1
21.499023,601.303,30.24487,41.860718,0.7848296,1,-1,-1
16.142632,592.9787,26.55582,46.869263,0.7504928,1,-1,-1
214.92313,625.25616,20.733002,52.379944,0.64132154,1,-1,-1
1285.8744,381.93546,49.716064,19.080627,0.41212296,4,-1,-1
1281.3677,414.2616,45.50647,20.16867,0.3647516,4,-1,-1
36.232887,462.1742,24.972698,39.011505,0.3344208,1,-1,-1
780.7111,604.7351,19.403809,45.88623,0.31432754,1,-1,-1
458.20135,420.27673,54.50885,29.259888,0.30067596,4,-1,-1
1276.7532,395.46127,52.838135,20.417053,0.29447898,4,-1,-1
1276.7532,395.46127,52.838135,20.417053,0.28949237,5,-1,-1
1371.7595,810.258,24.674316,47.15747,0.28651565,1,-1,-1
826.204,786.67444,24.800842,49.247437,0.26887006,10,-1,-1
826.7899,786.8971,24.57196,49.179626,0.2593019,7,-1,-1
1285.8744,381.93546,49.716064,19.080627,0.25506157,5,-1,-1
1280.2072,402.59427,49.235596,18.874664,0.2532615,4,-1,-1
1347.8905,387.5602,41.75647,23.404877,0.17194882,5,-1,-1
1201.9333,423.12717,46.317017,19.365173,0.16916364,4,-1,-1
1280.2072,402.59427,49.235596,18.874664,0.16347522,5,-1,-1
457.06238,420.3316,57.075867,29.865387,0.1627999,5,-1,-1
825.73694,786.3659,26.360413,47.8833,0.1471264,2,-1,-1
1280.5326,421.2463,47.256714,20.806122,0.140446,4,-1,-1
19.717295,601.77484,31.102793,41.36792,0.13793033,3,-1,-1
1348.6719,387.02716,41.3938,23.836273,0.13604623,9,-1,-1
827.301,786.91064,25.539734,49.899475,0.13279355,3,-1,-1
1333.6509,430.72577,55.853027,19.818207,0.1284503,4,-1,-1
378.0166,444.5043,28.036346,41.174164,0.1170173,1,-1,-1
8.380493,589.6556,24.390224,48.861572,0.11234784,1,-1,-1
21.028778,602.38995,31.2379,40.48065,0.112095535,2,-1,-1
826.204,786.67444,24.800842,49.247437,0.11019498,1,-1,-1
1357.2826,379.29584,39.193726,29.163818,0.10157305,9,-1,-1
1281.3677,414.2616,45.50647,20.16867,0.09170663,5,-1,-1
1295.8958,377.20892,50.29663,20.21933,0.08934295,4,-1,-1
826.204,786.67444,24.800842,49.247437,0.08793655,8,-1,-1
1201.9333,423.12717,46.317017,19.365173,0.08663875,5,-1,-1
448.75085,424.56583,47.51465,30.976562,0.08520165,4,-1,-1
21.028778,602.38995,31.2379,40.48065,0.08470315,10,-1,-1
21.081665,602.11865,31.332287,40.615967,0.08273372,4,-1,-1
473.05664,415.28494,51.633423,26.991394,0.07985842,4,-1,-1
1319.0602,428.09262,52.25415,19.565094,0.07736188,4,-1,-1
463.6083,430.65643,28.122833,38.580963,0.076523095,1,-1,-1
1295.8958,377.20892,50.29663,20.21933,0.07566744,5,-1,-1
1269.793,382.15833,49.38562,22.431122,0.07542035,4,-1,-1
1298.2659,414.19327,49.860718,21.38205,0.071320534,4,-1,-1
450.1952,387.1328,52.350983,20.820496,0.07106927,4,-1,-1
36.232887,462.1742,24.972698,39.011505,0.07099253,2,-1,-1
1280.9299,434.38983,48.93518,21.34726,0.069565475,4,-1,-1
1346.1151,385.95642,43.52356,22.508362,0.06945944,4,-1,-1
15.701367,396.13562,83.254395,33.179535,0.06927043,4,-1,-1
370.31253,433.55774,27.544037,41.361786,0.06841934,1,-1,-1
1218.8336,418.93738,49.72046,19.249237,0.0681296,4,-1,-1
1345.2341,430.81122,48.1333,21.178589,0.06633821,5,-1,-1
452.97446,431.63016,29.591034,38.207336,0.065805346,1,-1,-1
16.142632,592.9787,26.55582,46.869263,0.06474906,2,-1,-1
1314.4121,415.78143,49.069946,20.21045,0.063657135,4,-1,-1
400.82608,437.6242,25.656616,43.635742,0.06344366,1,-1,-1
364.63428,446.2471,33.23181,39.1463,0.06281468,1,-1,-1
410.23404,434.33713,25.549011,43.483887,0.0626601,1,-1,-1
1285.8744,381.93546,49.716064,19.080627,0.062294513,6,-1,-1
1276.7532,395.46127,52.838135,20.417053,0.06159529,6,-1,-1
462.2066,422.1182,34.842316,34.99536,0.061159372,1,-1,-1
457.06238,420.3316,57.075867,29.865387,0.061139345,7,-1,-1
387.51843,445.5051,27.370789,45.402496,0.06007871,1,-1,-1
1280.2072,402.59427,49.235596,18.874664,0.059916526,6,-1,-1
1296.1052,401.40482,51.50061,23.256683,0.0576185,5,-1,-1
1307.11,719.1008,34.826294,28.124634,0.057475567,3,-1,-1
215.78763,627.9999,20.881653,51.34735,0.056902796,2,-1,-1
1277.8794,383.61908,46.76294,24.211334,0.056061625,5,-1,-1
1296.6653,392.90076,51.701782,23.625916,0.054460615,5,-1,-1
457.55615,391.9615,53.67813,20.388855,0.054174364,4,-1,-1
129.31181,373.8569,50.700287,19.383362,0.053644985,4,-1,-1
1307.11,719.1008,34.826294,28.124634,0.053338498,10,-1,-1
377.33542,419.2815,28.012451,38.80536,0.051922232,1,-1,-1
463.6083,430.65643,28.122833,38.580963,0.05133322,4,-1,-1
473.05664,415.28494,51.633423,26.991394,0.050991863,5,-1,-1
448.75085,424.56583,47.51465,30.976562,0.05066684,5,-1,-1
36.17593,462.15268,24.901558,39.180084,0.050620347,10,-1,-1
457.06238,420.3316,57.075867,29.865387,0.050545126,8,-1,-1
465.4431,442.6616,24.536133,38.889343,0.05017823,1,-1,-1
377.7267,431.11295,28.885132,39.78839,0.050152183,1,-1,-1
