845.1034,656.99677,49.846313,95.02081,0.9999987,4,-1,-1
850.26526,543.5845,40.370544,78.691284,0.99999475,4,-1,-1
704.635,275.7955,91.19415,45.903656,0.99956644,9,-1,-1
828.82837,327.82745,42.085938,45.65094,0.9993297,4,-1,-1
953.30035,36.221134,40.5849,20.329926,0.9021567,4,-1,-1
894.7042,46.569542,43.416748,18.512344,0.6956094,5,-1,-1
1000.9111,52.135082,42.83307,19.584003,0.6567483,4,-1,-1
872.4234,25.878296,42.926514,22.450684,0.65050995,5,-1,-1
1026.7083,672.9641,19.690308,31.094666,0.5708427,1,-1,-1
696.0121,223.87125,64.114746,36.44342,0.47910514,8,-1,-1
993.10077,684.6804,16.574585,35.886597,0.4781124,1,-1,-1
1046.0865,687.95703,17.991821,34.24524,0.4719103,1,-1,-1
978.6272,656.0258,17.63379,32.892212,0.4416823,1,-1,-1
962.28064,722.28815,16.482422,35.127075,0.43485934,1,-1,-1
873.03424,26.083721,41.64917,22.30552,0.3653479,4,-1,-1
894.7042,46.569542,43.416748,18.512344,0.34293893,4,-1,-1
912.39026,461.94107,16.42566,48.12155,0.3328209,1,-1,-1
1011.31213,619.94965,16.114258,36.769653,0.33248293,1,-1,-1
1022.02374,708.075,16.327454,35.507324,0.30389404,1,-1,-1
911.0265,416.08838,19.911621,42.510406,0.29116052,8,-1,-1
999.5004,760.8485,23.518127,25.798157,0.26178634,1,-1,-1
571.878,753.3185,18.69696,32.84326,0.25950694,10,-1,-1
1063.284,711.72754,17.877563,32.567078,0.2384288,1,-1,-1
1010.1846,674.27966,18.88684,32.519043,0.23811439,1,-1,-1
911.0265,416.08838,19.911621,42.510406,0.22331771,7,-1,-1
517.4205,716.7694,15.994263,36.396484,0.20599115,10,-1,-1
1044.8333,659.834,17.773315,31.937439,0.20206124,1,-1,-1
1005.39844,59.2526,42.835083,17.528137,0.19946426,4,-1,-1
682.48425,221.68872,75.872314,35.942444,0.19907123,7,-1,-1
953.65137,4.772984,40.15216,20.466648,0.19663998,7,-1,-1
517.4205,716.7694,15.994263,36.396484,0.18617126,1,-1,-1
675.3492,209.4884,91.11334,39.919586,0.17279309,6,-1,-1
684.3003,222.58821,78.32971,38.593796,0.16522145,6,-1,-1
916.74054,0.0,35.80603,19.168533,0.16414285,7,-1,-1
1030.0887,708.31805,15.405151,35.23999,0.16269267,1,-1,-1
933.3579,624.1433,18.265442,31.016113,0.16182816,1,-1,-1
1054.995,710.09753,19.575195,32.07672,0.15837589,1,-1,-1
1038.519,657.66486,17.265625,31.707397,0.15135801,1,-1,-1
952.6855,34.30609,40.085266,21.299911,0.1500358,5,-1,-1
674.6501,211.71211,90.62439,39.85028,0.14849046,8,-1,-1
591.4963,356.83292,18.41919,33.1994,0.14691803,10,-1,-1
1037.0504,707.1244,15.528564,35.452026,0.14552096,1,-1,-1
1034.7816,678.75555,20.889526,31.31195,0.13822055,1,-1,-1
354.3411,764.7384,35.79425,21.908264,0.13471079,10,-1,-1
916.83746,0.0,35.815796,19.136766,0.13422662,10,-1,-1
631.97943,187.00368,27.594727,25.890045,0.13146555,10,-1,-1
872.4234,25.878296,42.926514,22.450684,0.1297544,8,-1,-1
978.50226,600.8386,17.14032,32.650696,0.12797418,1,-1,-1
999.5004,760.8485,23.518127,25.798157,0.12637907,2,-1,-1
953.54736,4.6293526,40.04547,20.49592,0.12628236,8,-1,-1
894.7042,46.569542,43.416748,18.512344,0.11495322,6,-1,-1
680.23895,228.51765,34.82025,25.804886,0.10975027,7,-1,-1
953.54736,4.6293526,40.04547,20.49592,0.10801932,6,-1,-1
684.3003,222.58821,78.32971,38.593796,0.107325286,5,-1,-1
560.873,352.4845,19.826965,30.729828,0.10601345,3,-1,-1
1032.3744,670.5298,21.310059,29.619263,0.103373885,1,-1,-1
591.3277,357.3533,18.65387,33.41913,0.10153338,1,-1,-1
927.00336,356.55713,21.047485,28.132172,0.100574315,10,-1,-1
708.5829,270.7443,43.793884,20.72168,0.10008693,4,-1,-1
591.1991,356.501,18.834229,32.972626,0.0995768,3,-1,-1
1000.6339,52.078323,43.583252,19.727081,0.09808192,5,-1,-1
890.9221,320.04697,25.290161,23.00711,0.09802094,7,-1,-1
953.65137,4.772984,40.15216,20.466648,0.096912235,4,-1,-1
1048.0704,703.8993,16.502441,37.87909,0.094023764,1,-1,-1
685.6274,202.67084,65.56122,23.859863,0.09257135,10,-1,-1
998.2674,56.585823,34.58612,19.791458,0.092288464,4,-1,-1
910.51276,414.44608,20.17926,41.83786,0.092068255,6,-1,-1
915.71954,0.0,39.26245,17.840448,0.091380745,4,-1,-1
866.4176,62.60908,26.364746,25.73116,0.09018001,4,-1,-1
736.9295,320.7897,44.56476,25.178131,0.08929029,4,-1,-1
995.187,463.04556,16.852295,31.585114,0.088771075,1,-1,-1
978.3696,655.7313,17.7146,33.0506,0.08802715,10,-1,-1
631.5499,188.1898,28.666931,25.587997,0.08770943,3,-1,-1
572.46716,750.49316,19.625244,31.899231,0.0867725,7,-1,-1
1000.7214,72.20771,38.90326,16.844498,0.08583102,4,-1,-1
566.1878,347.55768,18.788025,32.096222,0.08550611,3,-1,-1
1040.2438,688.9227,16.492676,36.44983,0.08491719,1,-1,-1
873.03424,26.083721,41.64917,22.30552,0.08488703,1,-1,-1
895.47784,45.98058,43.40204,19.274029,0.08484912,8,-1,-1
596.343,209.16864,22.615417,26.484573,0.08413929,10,-1,-1
688.164,212.23837,53.7688,22.97969,0.08370429,10,-1,-1
683.4444,210.86792,69.87225,29.435425,0.082891345,7,-1,-1
510.86307,711.57263,16.575226,40.78003,0.08265698,1,-1,-1
565.60754,355.72076,19.412537,29.111633,0.08178198,10,-1,-1
529.9069,351.4243,17.938843,28.556671,0.081581116,10,-1,-1
1052.4242,702.0801,17.146484,35.398926,0.08138403,1,-1,-1
591.1991,356.501,18.834229,32.972626,0.08119807,2,-1,-1
354.3411,764.7384,35.79425,21.908264,0.08099243,8,-1,-1
910.51276,414.44608,20.17926,41.83786,0.08075124,2,-1,-1
510.86307,711.57263,16.575226,40.78003,0.07902688,10,-1,-1
996.54224,622.90594,16.871948,32.66089,0.0789074,1,-1,-1
354.3411,764.7384,35.79425,21.908264,0.07873601,2,-1,-1
521.44214,720.7395,18.118103,34.29254,0.07862139,1,-1,-1
1005.39844,59.2526,42.835083,17.528137,0.07834098,5,-1,-1
978.6272,656.0258,17.63379,32.892212,0.07655802,2,-1,-1
571.3925,753.94244,18.665222,32.125244,0.07550955,2,-1,-1
1027.1295,682.59656,21.248047,31.797241,0.075415045,1,-1,-1
571.7675,753.38885,18.482788,32.761658,0.07492614,1,-1,-1
962.28064,722.28815,16.482422,35.127075,0.07391283,2,-1,-1
574.3162,740.12683,20.428162,30.959717,0.07355219,10,-1,-1
731.3574,60.838688,46.384766,19.754276,0.072629124,4,-1,-1
571.7675,753.38885,18.482788,32.761658,0.07241821,4,-1,-1
738.3088,321.10834,42.055115,26.142914,0.07193929,5,-1,-1
679.7687,231.48827,31.090271,23.624146,0.071483314,10,-1,-1
681.82837,219.7975,81.24701,38.27977,0.07142067,4,-1,-1
851.8069,115.7366,16.33728,33.37596,0.071195364,1,-1,-1
903.5665,371.40652,16.638062,38.725647,0.07074341,1,-1,-1
952.6855,34.30609,40.085266,21.299911,0.06973788,10,-1,-1
354.3411,764.7384,35.79425,21.908264,0.06905043,7,-1,-1
1022.51587,679.1221,18.070557,34.197144,0.06881595,1,-1,-1
1008.0968,71.272,39.37671,16.099602,0.06876814,5,-1,-1
844.02124,771.0878,44.35614,15.558838,0.068419755,4,-1,-1
917.84576,0.18155012,38.483887,19.964277,0.06832141,8,-1,-1
517.06244,719.5704,17.65033,34.681885,0.067990124,2,-1,-1
927.00336,356.55713,21.047485,28.132172,0.06787491,7,-1,-1
892.5674,63.09201,56.233154,22.42891,0.06772885,4,-1,-1
591.1991,356.501,18.834229,32.972626,0.067402214,7,-1,-1
354.3411,764.7384,35.79425,21.908264,0.067303985,4,-1,-1
895.47784,45.98058,43.40204,19.274029,0.06672251,7,-1,-1
703.37897,182.2979,23.415771,27.512527,0.06577036,2,-1,-1
1008.3814,757.93756,19.53717,28.709106,0.06504059,1,-1,-1
570.55646,336.7428,22.437805,26.906982,0.06503394,3,-1,-1
633.2666,188.23904,28.521423,24.73944,0.06459966,7,-1,-1
910.51276,414.44608,20.17926,41.83786,0.06445128,1,-1,-1
888.10187,282.6338,20.371582,30.009033,0.0643132,1,-1,-1
403.94818,614.0263,17.45581,33.473328,0.064157665,10,-1,-1
929.9214,1.4956824,40.62097,20.165405,0.06342083,8,-1,-1
881.08563,31.020302,39.606506,21.673126,0.063304275,5,-1,-1
929.9214,1.4956824,40.62097,20.165405,0.06272596,7,-1,-1
680.55096,219.88435,53.599487,28.19629,0.062262207,7,-1,-1
954.335,3.9441268,39.58484,21.038624,0.06185764,5,-1,-1
573.50433,341.83762,17.386047,32.66458,0.061009884,3,-1,-1
996.1515,73.16958,36.545532,17.555702,0.060890824,10,-1,-1
882.22656,61.11875,44.48761,24.51883,0.060012847,4,-1,-1
690.49054,198.69432,42.21759,18.234009,0.059758753,10,-1,-1
603.735,210.11629,22.042786,26.538956,0.058478028,10,-1,-1
916.83746,0.0,35.815796,19.136766,0.05839619,3,-1,-1
354.3411,764.7384,35.79425,21.908264,0.05805275,1,-1,-1
537.2642,712.74677,21.15924,41.51288,0.057742327,1,-1,-1
1012.23016,70.33381,40.545227,16.541115,0.057551473,4,-1,-1
903.5665,371.40652,16.638062,38.725647,0.05728203,10,-1,-1
549.7622,345.8655,17.198792,33.50467,0.056798518,10,-1,-1
631.97943,187.00368,27.594727,25.890045,0.056790113,1,-1,-1
1000.7035,51.958508,41.94348,19.657642,0.05651635,10,-1,-1
888.07056,282.08612,20.765198,29.793243,0.05633402,7,-1,-1
525.535,349.12286,15.304993,33.36383,0.056320846,10,-1,-1
688.40656,222.66106,72.91467,37.08766,0.05614111,1,-1,-1
543.5453,351.75787,17.226685,29.860199,0.055722207,10,-1,-1
890.9221,320.04697,25.290161,23.00711,0.0554626,10,-1,-1
675.3492,209.4884,91.11334,39.919586,0.055332392,5,-1,-1
308.92416,119.07318,32.96872,20.417969,0.054168224,4,-1,-1
1061.9816,711.2055,19.858276,31.877136,0.053916454,2,-1,-1
707.5305,226.40938,47.893494,34.140305,0.053876877,2,-1,-1
1051.878,616.32086,18.850098,31.812805,0.05384606,1,-1,-1
909.6764,405.09415,20.181824,36.279297,0.053746253,2,-1,-1
885.8027,61.177116,54.336853,24.84974,0.053278297,5,-1,-1
962.3592,722.24316,16.329895,34.785767,0.05315706,3,-1,-1
531.2345,360.1854,18.007996,28.365448,0.05309266,10,-1,-1
565.1545,356.0132,20.218628,29.368744,0.05289966,1,-1,-1
894.7042,46.569542,43.416748,18.512344,0.05253622,1,-1,-1
673.74176,186.58089,21.003967,28.233536,0.052484512,1,-1,-1
682.42346,228.79048,39.115906,25.322052,0.052084,1,-1,-1
891.1653,321.0451,25.526123,21.834137,0.05205226,8,-1,-1
927.0565,356.57358,20.852661,28.537537,0.05159971,1,-1,-1
1029.0222,692.1657,17.382202,35.643677,0.05146855,1,-1,-1
910.51276,414.44608,20.17926,41.83786,0.05057141,5,-1,-1
557.61676,344.3581,18.369324,34.60553,0.050557673,3,-1,-1
953.30035,36.221134,40.5849,20.329926,0.050457507,1,-1,-1
705.6005,229.26868,44.34668,31.539307,0.050444156,1,-1,-1
549.0803,349.44388,18.577026,31.962524,0.05043763,3,-1,-1
1028.7289,438.9004,16.14502,37.957764,0.05011776,1,-1,-1
