474.77585,939.47876,75.92648,92.19226,0.89293087,4,-1,-1
259.56943,50.002224,35.839874,47.82468,0.88036406,4,-1,-1
1134.6948,316.1121,40.600098,56.220062,0.87286544,4,-1,-1
270.1635,218.55379,79.73953,146.62556,0.8699007,9,-1,-1
0.0,538.42505,78.30899,37.55237,0.84455293,4,-1,-1
253.57391,853.0033,69.98407,88.73541,0.81268084,4,-1,-1
64.40972,212.79147,65.1226,32.876892,0.79615545,4,-1,-1
1282.0193,376.25812,68.776,34.55945,0.7803525,4,-1,-1
1193.5114,253.92491,55.393066,57.02614,0.77964604,4,-1,-1
1265.7023,341.76694,59.102295,32.836945,0.77364933,4,-1,-1
515.9225,912.4543,69.716,88.85504,0.77285707,4,-1,-1
86.202385,164.14569,67.28408,35.496216,0.7281432,6,-1,-1
282.9781,398.28952,77.861176,125.707,0.7159775,6,-1,-1
308.2748,808.66724,74.67615,84.373474,0.7120931,4,-1,-1
375.83618,169.9067,10.0538025,15.478119,0.70967954,2,-1,-1
1363.4962,239.75311,35.89612,61.16745,0.6829487,4,-1,-1
7.876408,60.90231,53.360138,31.18851,0.67476946,4,-1,-1
1325.8239,243.3375,50.393066,59.175537,0.6394936,4,-1,-1
170.26546,884.9375,91.33122,106.097595,0.6206353,6,-1,-1
376.68692,174.16922,10.5546875,20.860031,0.56939393,10,-1,-1
0.0,443.88525,40.276707,35.578766,0.56213903,4,-1,-1
22.213,285.30936,75.87946,43.151917,0.54532546,5,-1,-1
229.49066,35.618626,15.057236,19.041382,0.5246577,1,-1,-1
0.0,105.51438,46.03497,28.519936,0.52205133,4,-1,-1
159.27641,25.61503,59.40544,81.745186,0.48441213,6,-1,-1
1188.6718,444.55978,26.154541,39.92395,0.48351386,5,-1,-1
0.0,642.03314,34.057842,39.901978,0.47247192,4,-1,-1
22.213,285.30936,75.87946,43.151917,0.4629611,4,-1,-1
1238.8955,257.68414,59.25244,58.77243,0.45868066,6,-1,-1
374.11066,2.3884385,11.780365,19.118813,0.4546216,10,-1,-1
372.56543,0.0,11.200745,14.422415,0.452849,2,-1,-1
229.25658,35.884674,15.647339,18.735416,0.44565782,10,-1,-1
1230.8037,427.833,16.239014,22.502167,0.43767786,3,-1,-1
0.0,739.75214,56.498047,56.89392,0.4357573,8,-1,-1
133.58968,6.5490217,9.739395,20.843788,0.42240143,1,-1,-1
129.07242,7.4481683,10.430344,19.61332,0.40345392,1,-1,-1
1324.9415,242.68105,50.86267,60.34651,0.39653248,5,-1,-1
1234.9584,428.3542,12.622192,16.57898,0.39370504,1,-1,-1
1359.5894,500.28326,26.337524,39.65857,0.39222613,10,-1,-1
157.15633,3.826546,9.962982,19.431467,0.3716328,1,-1,-1
1188.1167,444.13065,26.612427,40.782806,0.3697948,4,-1,-1
0.0,123.60964,31.324371,29.57891,0.3673575,4,-1,-1
179.40005,0.0,13.293045,15.345961,0.3668874,1,-1,-1
374.14743,1.8476933,11.664642,19.752878,0.3661277,2,-1,-1
169.9642,884.2602,91.374695,106.72931,0.36438996,8,-1,-1
0.0,740.4392,57.201576,55.88733,0.35884124,7,-1,-1
0.0,739.0748,56.52447,57.871643,0.3365322,6,-1,-1
1376.6124,122.749794,22.779907,31.265388,0.3307113,4,-1,-1
372.36304,0.0,11.922119,15.640793,0.3183733,10,-1,-1
1233.4636,427.7574,12.897827,17.578094,0.3058995,2,-1,-1
1237.9718,259.00446,58.600098,58.203094,0.30342215,7,-1,-1
239.78162,265.8042,13.2999115,18.875397,0.2947998,3,-1,-1
1230.6743,427.98166,16.468994,22.302277,0.29084098,10,-1,-1
1239.532,258.32373,58.57007,58.64087,0.28931895,8,-1,-1
229.24295,35.268288,14.172867,19.106922,0.28715357,2,-1,-1
0.0,105.23749,46.869827,30.746948,0.28692007,5,-1,-1
376.52383,174.3575,10.974274,20.59317,0.28667897,3,-1,-1
490.66504,919.93555,78.18964,99.191345,0.28630552,4,-1,-1
1228.483,430.21017,11.623047,19.655792,0.2852161,3,-1,-1
239.05066,266.90604,14.206299,16.835083,0.28430673,1,-1,-1
0.0,123.48239,31.424154,30.023743,0.28179348,5,-1,-1
86.71226,162.87704,66.41682,37.01425,0.2766809,5,-1,-1
1189.1226,444.73203,25.393188,40.04654,0.27649853,8,-1,-1
124.01833,5.031826,18.321068,22.628187,0.2761975,1,-1,-1
0.0,740.4392,57.201576,55.88733,0.27603644,4,-1,-1
239.94548,265.95575,12.978943,18.649353,0.2712534,10,-1,-1
1230.8994,429.04175,13.241943,20.873535,0.26932243,1,-1,-1
274.15463,330.8429,8.40271,19.920471,0.26371056,1,-1,-1
0.0,740.81195,56.558743,56.099792,0.25470978,5,-1,-1
160.31961,26.271208,58.52832,81.395744,0.25285548,9,-1,-1
100.666916,56.142853,14.094231,13.327484,0.2507251,1,-1,-1
1375.5275,502.4754,23.864868,35.17578,0.24981526,10,-1,-1
159.27641,25.61503,59.40544,81.745186,0.24641973,5,-1,-1
240.86096,34.320778,12.007141,15.135517,0.24282718,1,-1,-1
372.63806,2.0288923,12.321838,19.255621,0.24229693,3,-1,-1
124.32366,5.9831295,11.141884,17.968813,0.23894736,1,-1,-1
100.16767,56.148087,14.839943,14.0809555,0.23612937,10,-1,-1
1188.1167,444.13065,26.612427,40.782806,0.22900587,6,-1,-1
170.26546,884.9375,91.33122,106.097595,0.22822985,7,-1,-1
1363.1691,239.78212,36.223267,61.220596,0.2224018,5,-1,-1
1194.66,255.48479,52.91577,55.70076,0.22046447,6,-1,-1
229.56201,35.937973,15.060043,18.634129,0.2203368,3,-1,-1
1117.4711,529.0772,27.938232,16.939636,0.2184262,10,-1,-1
0.0,122.14751,30.191307,29.847366,0.21777397,8,-1,-1
1194.8417,255.09837,52.731323,55.61528,0.20839682,5,-1,-1
0.0,123.61324,32.121822,30.937569,0.20481434,6,-1,-1
100.16767,56.148087,14.839943,14.0809555,0.20236462,3,-1,-1
1194.8417,255.09837,52.731323,55.61528,0.19801003,7,-1,-1
1194.1674,255.72911,54.148315,56.43831,0.19788435,8,-1,-1
1348.9077,482.96686,40.496826,56.252197,0.19777784,10,-1,-1
133.57658,11.305091,10.032303,16.748749,0.19192404,2,-1,-1
0.0,444.23874,40.53526,35.083496,0.19108024,5,-1,-1
240.86096,34.320778,12.007141,15.135517,0.19102809,10,-1,-1
198.9556,6.9792557,20.505325,17.27253,0.18906692,3,-1,-1
0.0,105.49718,46.152634,29.987762,0.18465328,6,-1,-1
1158.2865,531.36237,22.003662,12.893982,0.18390888,10,-1,-1
1348.7975,469.08508,45.49353,52.07434,0.18362844,10,-1,-1
129.2197,7.2592525,10.170654,19.989153,0.17702231,2,-1,-1
22.786827,283.06238,76.40171,44.586395,0.1751487,6,-1,-1
151.87321,0.0,16.18135,21.789711,0.17343494,1,-1,-1
103.438774,313.6284,20.060402,21.389526,0.17223492,10,-1,-1
1348.7975,469.08508,45.49353,52.07434,0.172176,7,-1,-1
376.83002,8.102139,8.312042,13.7724085,0.17188123,2,-1,-1
514.74066,912.54865,71.303894,87.65369,0.17149687,5,-1,-1
373.17947,0.0,8.429138,8.740594,0.17148855,2,-1,-1
1363.1354,470.90604,26.501587,25.247253,0.17001718,10,-1,-1
204.50824,8.414627,11.527573,16.978458,0.16963622,1,-1,-1
103.09107,313.39532,21.14196,22.189758,0.16937315,3,-1,-1
1348.5212,468.30682,21.355835,26.08908,0.16566366,10,-1,-1
230.9401,35.209133,9.183975,15.092876,0.16449425,1,-1,-1
1381.955,503.22583,17.437378,34.696167,0.16389984,7,-1,-1
231.00334,36.09382,8.682571,13.19136,0.1638287,2,-1,-1
1234.1547,262.33527,26.37793,25.09195,0.16269535,10,-1,-1
308.2748,808.66724,74.67615,84.373474,0.16081953,5,-1,-1
282.76816,398.5551,78.26996,126.211975,0.16080812,5,-1,-1
1251.6387,668.64,48.7948,25.161133,0.15739983,4,-1,-1
1235.2721,263.01184,13.523315,18.728333,0.15686291,1,-1,-1
240.03477,265.61826,12.757858,19.177277,0.15660769,2,-1,-1
1359.5894,500.28326,26.337524,39.65857,0.15658242,7,-1,-1
159.6487,7.535618,6.165222,15.025421,0.15615168,1,-1,-1
1125.1737,531.3575,19.235107,10.796387,0.15598953,10,-1,-1
124.73485,5.763505,15.948959,19.98405,0.15422904,10,-1,-1
169.6722,886.1759,91.8701,105.523315,0.15387923,5,-1,-1
154.48479,4.285325,8.9895935,17.705242,0.15233362,1,-1,-1
240.33873,34.498127,12.783157,14.638851,0.15166885,2,-1,-1
1350.9009,468.57056,27.674072,38.669373,0.15128082,10,-1,-1
6.4985642,60.81928,55.42443,32.99783,0.15088382,5,-1,-1
129.6945,5.797363,7.467499,15.090008,0.15025786,1,-1,-1
372.30038,0.0,11.511139,11.80479,0.1498613,1,-1,-1
1373.0872,471.1008,21.500122,27.444458,0.14859176,10,-1,-1
1188.1167,444.13065,26.612427,40.782806,0.1483905,7,-1,-1
1182.5056,444.69427,21.096802,38.17581,0.14835629,5,-1,-1
375.8527,169.52898,10.12381,16.932358,0.1452457,10,-1,-1
135.37006,13.531858,6.82045,14.377769,0.14523068,1,-1,-1
242.06946,34.414974,10.874619,14.976082,0.14481995,3,-1,-1
374.6979,172.91383,13.581909,16.561264,0.14476019,2,-1,-1
282.4036,398.22546,78.50882,127.24902,0.14403117,9,-1,-1
204.50824,8.414627,11.527573,16.978458,0.14060056,3,-1,-1
372.63806,2.0288923,12.321838,19.255621,0.13964453,1,-1,-1
1266.1879,341.61295,58.67737,33.45871,0.13879362,5,-1,-1
1381.4535,503.43283,17.938843,34.583282,0.13848886,3,-1,-1
232.69858,3.5077715,10.90477,17.787907,0.13740775,1,-1,-1
123.96626,5.5882096,11.216568,14.484312,0.13736382,2,-1,-1
372.33755,0.0,11.348022,12.144549,0.13731891,3,-1,-1
664.6177,0.0,40.410522,58.377262,0.13692391,9,-1,-1
130.96846,10.202917,6.1454773,15.069336,0.13584873,1,-1,-1
1236.6693,429.16754,10.432861,11.820953,0.13531798,2,-1,-1
1228.9656,436.65805,8.639893,13.341187,0.1352759,3,-1,-1
253.03894,856.52045,70.13989,87.086365,0.13475049,5,-1,-1
1252.6385,296.6633,13.384155,19.242218,0.1345394,1,-1,-1
1155.5757,530.4694,25.63147,15.181152,0.13424677,3,-1,-1
86.433365,164.61755,66.67224,35.70137,0.13406181,4,-1,-1
132.90805,10.686122,10.963135,17.871788,0.13197282,10,-1,-1
0.0,122.33908,31.575317,30.239014,0.13172323,7,-1,-1
178.9751,0.0,8.930725,11.586385,0.13150483,1,-1,-1
123.88514,5.94047,18.056404,19.158417,0.13030952,3,-1,-1
179.77713,0.0,13.08017,14.618975,0.12921011,10,-1,-1
1265.9111,341.606,58.276733,33.175476,0.12866426,8,-1,-1
199.36092,8.285795,16.309479,15.473867,0.12807563,10,-1,-1
230.81808,1.8040088,13.272232,17.81792,0.12693366,3,-1,-1
471.9265,939.7637,81.20874,92.3645,0.12626475,5,-1,-1
154.18527,2.5628467,13.121307,20.13455,0.12591264,10,-1,-1
474.77585,939.47876,75.92648,92.19226,0.12549707,1,-1,-1
1375.4141,123.0584,23.978271,31.63015,0.124255925,5,-1,-1
1235.4304,262.7888,12.98584,19.352844,0.12390357,2,-1,-1
1371.013,470.60312,23.361938,32.39392,0.12371218,4,-1,-1
372.3313,5.524872,10.987396,12.008362,0.12215257,2,-1,-1
1228.7544,431.0406,10.325195,18.563965,0.122014046,1,-1,-1
244.49103,28.60295,10.853516,19.180971,0.12123892,1,-1,-1
1353.4751,492.43283,33.07715,45.68289,0.12050286,4,-1,-1
229.49066,35.618626,15.057236,19.041382,0.12044141,4,-1,-1
1382.4727,503.5584,16.919678,33.993103,0.11962184,4,-1,-1
135.48746,5.127904,6.1712494,15.8222,0.119610816,1,-1,-1
99.99829,55.95429,13.034027,13.121632,0.11795348,2,-1,-1
0.0,739.91846,56.477684,56.7229,0.11775744,10,-1,-1
0.0,120.37382,33.719753,34.857704,0.117637455,9,-1,-1
1235.7178,428.58188,11.690308,15.301727,0.117602825,10,-1,-1
1372.5582,471.93298,13.042114,16.528748,0.11752391,10,-1,-1
1359.5894,500.28326,26.337524,39.65857,0.11722976,3,-1,-1
232.22766,35.580162,22.621445,16.251667,0.116482705,10,-1,-1
1112.7745,532.20197,22.699097,13.662842,0.116080016,10,-1,-1
1362.6442,470.59933,29.1167,33.8808,0.11604914,7,-1,-1
1134.6948,316.1121,40.600098,56.220062,0.115796655,5,-1,-1
179.43774,0.0,14.004196,14.648572,0.115306646,3,-1,-1
86.12891,163.94455,66.93735,35.98593,0.1139566,9,-1,-1
375.79828,171.04266,11.701904,19.50972,0.11360726,1,-1,-1
125.511284,6.1920276,7.2537003,12.31419,0.11323038,1,-1,-1
240.97179,268.30643,9.6418915,12.626099,0.1131534,2,-1,-1
1363.1691,239.78212,36.223267,61.220596,0.11280799,1,-1,-1
1238.0842,257.5782,60.173096,58.803284,0.11253291,4,-1,-1
1238.8698,258.45953,59.437134,57.80658,0.111551285,5,-1,-1
1182.5056,444.69427,21.096802,38.17581,0.11142266,4,-1,-1
104.0823,313.70667,12.807373,16.38028,0.11099866,3,-1,-1
168.19363,884.3308,93.12677,107.83801,0.110806674,4,-1,-1
1228.483,430.21017,11.623047,19.655792,0.110702395,10,-1,-1
86.22017,164.08066,66.81044,35.416595,0.11053118,8,-1,-1
1251.378,667.6281,48.55078,24.856262,0.1101315,5,-1,-1
1381.4535,503.43283,17.938843,34.583282,0.10962823,6,-1,-1
37.6128,763.9099,16.285564,22.791992,0.10778037,2,-1,-1
1348.9482,485.75113,42.365967,53.181183,0.1076422,7,-1,-1
1370.8296,495.7057,28.562744,44.772156,0.107519776,7,-1,-1
0.0,642.03314,34.057842,39.901978,0.10718045,5,-1,-1
1195.9368,254.40323,54.352295,55.973175,0.10715029,1,-1,-1
1159.9185,442.08542,30.637451,44.363953,0.107132286,5,-1,-1
41.94915,0.0,86.60139,40.606754,0.107028276,6,-1,-1
100.75053,59.81519,9.416328,9.585545,0.10685727,1,-1,-1
241.24336,264.50974,9.524017,16.0242,0.10602188,1,-1,-1
1345.2996,525.53064,23.814209,36.15619,0.10538718,10,-1,-1
1210.4755,203.22287,13.257324,17.444656,0.10527831,2,-1,-1
281.8761,31.401854,17.942078,12.363829,0.10487917,3,-1,-1
664.15985,0.0,41.7771,56.760506,0.104777515,6,-1,-1
230.64294,0.0,13.040207,15.624841,0.104545474,1,-1,-1
1326.3112,242.62114,49.038696,60.389664,0.10407612,6,-1,-1
1326.5322,242.2697,48.411865,59.83763,0.10376698,8,-1,-1
1159.8175,448.08685,23.295532,42.15164,0.10339022,4,-1,-1
0.0,538.479,78.60647,37.248596,0.103000164,1,-1,-1
664.15985,0.0,41.7771,56.760506,0.10242325,5,-1,-1
247.30827,29.374935,18.445145,14.129395,0.10211024,3,-1,-1
1282.097,376.147,68.84082,34.621582,0.10182336,1,-1,-1
185.29172,0.0,10.517426,12.919897,0.10177335,1,-1,-1
166.90678,24.923141,10.498535,20.777576,0.10150471,1,-1,-1
1114.2007,522.37103,57.299805,25.085327,0.1005435,7,-1,-1
1350.452,468.05133,48.940308,53.279907,0.10052708,4,-1,-1
1351.3456,468.96878,48.046753,55.871857,0.10045761,8,-1,-1
154.18527,2.5628467,13.121307,20.13455,0.1000742,3,-1,-1
179.62292,0.0,13.589661,14.8714,0.099702,2,-1,-1
244.56712,267.913,9.209885,12.473145,0.09916991,1,-1,-1
1116.9905,528.6315,28.498047,17.458557,0.09888658,3,-1,-1
1265.8369,341.54855,58.69275,33.216187,0.09862751,7,-1,-1
1207.463,197.33362,19.601318,22.23648,0.098367155,1,-1,-1
129.51575,9.781078,10.272156,18.680683,0.098341525,10,-1,-1
112.32979,317.3681,14.083969,18.579834,0.098309815,3,-1,-1
1363.5122,239.64072,35.880127,61.690765,0.0982998,10,-1,-1
200.22404,5.1714754,14.300171,16.862583,0.09821275,1,-1,-1
1209.2881,198.74847,15.5946045,15.976471,0.09812805,2,-1,-1
376.2334,0.0,8.275116,9.714837,0.09806749,2,-1,-1
1234.1038,428.902,13.117065,19.227509,0.09793401,4,-1,-1
1266.1879,341.61295,58.67737,33.45871,0.09790456,10,-1,-1
1369.2671,471.54233,30.125244,56.07022,0.09763494,7,-1,-1
1237.7184,429.2583,8.46106,11.835419,0.09729338,1,-1,-1
1347.0188,485.65625,21.424438,48.70392,0.097056836,10,-1,-1
285.81134,33.232185,19.20401,12.804333,0.09698054,3,-1,-1
104.0823,313.70667,12.807373,16.38028,0.09692165,10,-1,-1
148.82613,3.5844593,10.713776,18.61893,0.09674516,1,-1,-1
63.942596,212.78052,64.40979,32.7554,0.0966323,5,-1,-1
1376.9534,500.6235,22.438965,38.333588,0.09622881,1,-1,-1
1232.8347,428.3571,10.278931,17.16449,0.095283896,3,-1,-1
205.02348,8.867624,10.830826,15.517784,0.09422368,2,-1,-1
375.4185,2.3624697,10.100647,10.48302,0.094191164,2,-1,-1
1355.265,495.06784,30.722412,42.68344,0.09413996,1,-1,-1
1265.8369,341.54855,58.69275,33.216187,0.09386054,1,-1,-1
237.2515,32.50696,17.395355,19.146221,0.09381276,3,-1,-1
0.0,740.2388,56.477776,55.57666,0.093648106,1,-1,-1
179.62292,0.0,13.589661,14.8714,0.0934861,4,-1,-1
1282.097,376.147,68.84082,34.621582,0.09325874,5,-1,-1
36.55935,752.9182,14.186939,21.538147,0.09265995,2,-1,-1
0.0,124.91141,31.012693,27.96939,0.09233227,1,-1,-1
128.05852,1.7144258,10.993027,17.19653,0.092231214,1,-1,-1
241.53203,27.316317,13.253143,20.159708,0.09146872,3,-1,-1
377.6781,172.83543,7.7428284,16.042908,0.091142714,3,-1,-1
288.69138,0.0,9.443115,10.570904,0.09113875,1,-1,-1
0.0,443.89325,40.458473,35.576416,0.090524465,6,-1,-1
250.51836,27.493326,16.183182,16.529078,0.09043914,10,-1,-1
123.31201,2.516926,11.299271,15.68215,0.09011456,1,-1,-1
271.14536,326.66324,14.2435,23.607971,0.090067565,1,-1,-1
373.25687,4.9671454,9.263153,13.368448,0.0896039,10,-1,-1
377.2564,178.49905,9.540527,15.820999,0.08953765,2,-1,-1
151.87321,0.0,16.18135,21.789711,0.089455366,4,-1,-1
253.26169,853.97943,70.68338,87.76398,0.089289606,7,-1,-1
1375.5415,499.99615,23.85083,39.427002,0.089270204,8,-1,-1
1230.8994,429.04175,13.241943,20.873535,0.08911288,7,-1,-1
1065.3289,531.22943,32.205566,18.638855,0.088956326,7,-1,-1
1353.7003,493.54675,33.975586,44.38922,0.08870146,8,-1,-1
0.0,105.28413,46.17515,33.540504,0.08838341,9,-1,-1
1233.4635,428.7515,9.074097,15.103943,0.08810961,1,-1,-1
253.66153,852.96344,69.960266,88.93823,0.088077724,6,-1,-1
131.79953,5.4982476,13.25795,20.38446,0.08788371,3,-1,-1
0.0,106.360115,45.113384,29.591942,0.087576866,8,-1,-1
664.6177,0.0,40.410522,58.377262,0.08738789,4,-1,-1
38.330982,773.0473,16.542206,14.730347,0.08711246,1,-1,-1
1350.7428,469.2515,30.51184,35.78961,0.087053746,7,-1,-1
0.0,539.86804,77.33833,38.238525,0.08697492,10,-1,-1
1372.0056,472.12567,27.386719,50.940613,0.08667669,10,-1,-1
35.923203,771.13794,20.183857,19.82965,0.08666435,2,-1,-1
1114.8868,524.121,49.821655,22.486694,0.086441904,10,-1,-1
373.57663,170.88893,15.188538,19.002136,0.0863626,3,-1,-1
123.46341,5.8617377,12.392944,13.311811,0.08626354,10,-1,-1
0.0,105.28822,46.709774,29.993973,0.086158365,1,-1,-1
1376.9534,500.6235,22.438965,38.333588,0.08591294,2,-1,-1
1363.7399,239.25847,35.652466,61.25276,0.085834384,6,-1,-1
0.0,642.63196,34.251858,40.487732,0.08567014,10,-1,-1
1194.8417,255.09837,52.731323,55.61528,0.08566046,10,-1,-1
1233.8174,429.34604,7.8188477,13.101379,0.08527133,2,-1,-1
241.53203,27.316317,13.253143,20.159708,0.08480626,10,-1,-1
1385.142,506.09836,14.250366,27.455414,0.0845969,10,-1,-1
1206.7543,191.88332,21.20581,18.822983,0.08452687,1,-1,-1
1111.8904,521.0026,28.39856,24.509094,0.08436197,10,-1,-1
369.25244,0.0,21.092712,17.68534,0.083937556,10,-1,-1
104.339096,310.95673,14.050613,16.07071,0.083871216,2,-1,-1
1233.856,264.3664,15.180176,20.76419,0.08380622,10,-1,-1
1231.2251,429.74738,11.979614,19.470703,0.083675355,2,-1,-1
1236.7336,429.47092,9.752808,16.042755,0.08365291,3,-1,-1
1373.6763,471.4929,19.486206,25.381012,0.083649576,7,-1,-1
268.52527,218.77806,81.35086,145.82536,0.083621055,5,-1,-1
124.01833,5.031826,18.321068,22.628187,0.08350897,2,-1,-1
1364.2408,239.27567,35.15149,61.625153,0.083403945,7,-1,-1
1282.384,376.5071,69.66736,35.164642,0.08330408,10,-1,-1
1232.5079,261.78528,11.770264,17.897766,0.08322573,1,-1,-1
259.52338,50.32496,35.781097,47.523605,0.08307171,1,-1,-1
373.18143,167.64708,11.082397,13.445328,0.08270651,2,-1,-1
1364.1431,491.1936,18.140625,14.2335205,0.08238354,10,-1,-1
370.07248,0.0,18.475403,22.723461,0.08226746,4,-1,-1
1378.8215,473.9612,20.5708,29.482147,0.08217567,4,-1,-1
1370.241,470.9434,25.357178,32.61081,0.08211547,8,-1,-1
1351.3456,468.96878,48.046753,55.871857,0.08199608,6,-1,-1
1231.6846,261.6221,23.358643,26.517181,0.08197424,1,-1,-1
1232.8347,428.3571,10.278931,17.16449,0.08187884,10,-1,-1
0.0,443.89325,40.458473,35.576416,0.08179507,10,-1,-1
377.90686,174.2843,7.4007874,13.004196,0.08111808,2,-1,-1
136.37244,11.793731,9.670944,17.4119,0.08093548,1,-1,-1
233.16333,36.02572,14.742157,14.438843,0.08091387,1,-1,-1
1181.6077,447.13507,25.036743,39.049652,0.0807693,8,-1,-1
1223.2968,232.1724,83.64636,90.18802,0.080550104,6,-1,-1
1252.3641,296.91714,14.068237,19.024109,0.08034751,2,-1,-1
1325.1318,242.0062,50.59778,60.38098,0.08026618,1,-1,-1
0.0,740.1942,57.855747,56.602295,0.080150634,3,-1,-1
1117.2612,523.2306,28.191162,22.473022,0.080135375,7,-1,-1
120.35001,4.5916376,11.181313,15.071202,0.08000398,1,-1,-1
577.40955,495.1377,45.773743,51.683594,0.07978052,6,-1,-1
379.499,179.15994,10.1649475,15.030045,0.079764366,10,-1,-1
1346.8657,473.94928,16.202759,18.212738,0.079758584,10,-1,-1
372.9505,169.31624,17.236298,25.51735,0.079348296,10,-1,-1
0.3073436,745.6961,27.182796,43.834045,0.07932937,1,-1,-1
1234.4336,262.60654,25.514404,24.888763,0.07882264,3,-1,-1
0.0,539.86804,77.33833,38.238525,0.07871729,5,-1,-1
0.0,642.7455,34.03986,39.313354,0.07849103,6,-1,-1
1368.2279,496.57523,31.164429,42.45163,0.07827854,4,-1,-1
131.19167,286.05988,12.192993,17.271088,0.07826191,3,-1,-1
376.19827,6.8868294,9.300415,15.288021,0.07816222,1,-1,-1
157.15633,3.826546,9.962982,19.431467,0.07803494,2,-1,-1
1237.0419,265.62134,17.765015,16.180817,0.078006566,10,-1,-1
700.2323,315.38904,4.2089233,10.055359,0.077839255,1,-1,-1
1368.2279,496.57523,31.164429,42.45163,0.07733378,3,-1,-1
130.96846,10.202917,6.1454773,15.069336,0.077242374,2,-1,-1
44.103508,772.8365,13.737686,17.30066,0.07710263,1,-1,-1
1371.013,470.60312,23.361938,32.39392,0.07704404,6,-1,-1
378.49454,169.67068,11.775635,17.301132,0.076816976,2,-1,-1
0.0,443.89325,40.458473,35.576416,0.076643884,1,-1,-1
233.16333,36.02572,14.742157,14.438843,0.07660854,2,-1,-1
23.065865,284.91245,74.498535,42.94464,0.07654044,8,-1,-1
196.71025,8.301599,28.007553,23.87838,0.07633653,8,-1,-1
132.40004,1.4506671,12.035461,19.307024,0.076315284,1,-1,-1
0.0,443.89325,40.458473,35.576416,0.0760763,7,-1,-1
1325.3483,242.48433,50.526123,59.64775,0.076075315,7,-1,-1
131.84178,6.519776,13.706589,17.282455,0.07587385,10,-1,-1
372.5987,0.0,9.665955,9.623649,0.0758332,10,-1,-1
1370.241,470.9434,25.357178,32.61081,0.07580623,5,-1,-1
1204.718,190.31189,24.238281,27.510712,0.075764745,10,-1,-1
152.16302,0.0,11.74173,12.880305,0.07568246,1,-1,-1
125.97944,14.482525,19.153816,12.737301,0.07557002,10,-1,-1
85.81601,164.27863,67.56041,35.537567,0.075193614,7,-1,-1
252.20224,853.68396,72.363495,88.877014,0.07513413,1,-1,-1
239.5487,266.45404,13.571838,18.171448,0.07513374,8,-1,-1
44.103508,772.8365,13.737686,17.30066,0.0749324,2,-1,-1
1239.4856,428.13364,10.403076,14.218933,0.07475984,1,-1,-1
0.0,444.23874,40.53526,35.083496,0.07453886,8,-1,-1
22.887768,283.2288,77.657135,44.269653,0.07448289,9,-1,-1
230.81808,1.8040088,13.272232,17.81792,0.07426691,10,-1,-1
1345.8583,511.6717,22.560425,36.567505,0.07423642,10,-1,-1
377.4923,165.45584,10.8524475,17.197388,0.07382345,2,-1,-1
153.68932,2.4370658,13.800522,20.41338,0.07335201,8,-1,-1
1150.7349,524.0479,29.54773,21.29419,0.07322961,10,-1,-1
1188.1167,444.13065,26.612427,40.782806,0.073079705,10,-1,-1
259.271,50.23292,36.411926,47.848263,0.07306066,5,-1,-1
200.2633,9.297798,13.701965,12.873676,0.07299441,3,-1,-1
234.76054,6.088053,10.120834,17.014786,0.07297459,3,-1,-1
1352.7146,478.24078,24.85205,45.33496,0.072921336,10,-1,-1
1374.5288,115.49839,24.863525,37.16674,0.07286775,6,-1,-1
271.08493,218.82254,77.900665,146.7922,0.072624445,4,-1,-1
0.0,739.91846,56.477684,56.7229,0.07258749,9,-1,-1
1350.452,468.05133,48.940308,53.279907,0.072413236,5,-1,-1
1379.9635,468.68204,19.428833,27.476318,0.072327614,10,-1,-1
206.29921,10.097905,18.503326,14.721866,0.07229331,3,-1,-1
1237.3893,267.45547,8.394409,13.456024,0.072039396,1,-1,-1
227.99538,35.251385,9.4878845,13.217419,0.07156733,1,-1,-1
22.33076,283.04626,78.024605,44.63092,0.07156363,1,-1,-1
157.66368,0.0,9.629272,13.514893,0.071168244,1,-1,-1
240.0746,265.96555,12.73558,19.107727,0.070923656,7,-1,-1
229.52866,35.844807,15.170364,18.643673,0.07085565,7,-1,-1
1232.9199,263.16342,21.649536,23.082,0.07084674,2,-1,-1
129.6945,5.797363,7.467499,15.090008,0.07082182,2,-1,-1
1355.8414,494.13718,29.714478,44.045746,0.07072711,2,-1,-1
276.88263,31.124825,15.305542,11.868446,0.070630044,3,-1,-1
229.41185,35.87549,15.438248,18.856789,0.07043365,8,-1,-1
370.09897,0.0,18.338013,16.317314,0.0701831,1,-1,-1
921.3066,513.97516,7.4107666,5.9924316,0.070099026,1,-1,-1
1282.097,376.147,68.84082,34.621582,0.070086926,7,-1,-1
375.24423,6.0224156,10.993622,12.933493,0.07006076,3,-1,-1
1285.1804,746.50824,56.868286,58.18036,0.06971845,4,-1,-1
64.64915,212.84277,64.89214,32.819366,0.06964028,1,-1,-1
1090.9806,521.10156,64.86218,27.336792,0.06962767,7,-1,-1
139.73886,174.12637,9.194809,19.003067,0.06962687,1,-1,-1
226.01508,34.076145,24.039658,24.683949,0.069505215,10,-1,-1
830.42755,330.15125,24.826843,11.748444,0.06915453,4,-1,-1
241.53203,27.316317,13.253143,20.159708,0.069144696,2,-1,-1
1104.8418,984.26825,8.958984,9.927551,0.06896046,1,-1,-1
1386.963,305.17792,12.429321,18.24408,0.068678975,3,-1,-1
1170.1809,606.02484,9.9157715,10.486084,0.06862372,1,-1,-1
86.34182,164.48802,30.406593,30.259216,0.068542,8,-1,-1
182.78624,0.0,8.285263,10.722018,0.06853491,1,-1,-1
1134.5718,315.93817,41.027832,57.22946,0.06852299,1,-1,-1
136.29681,3.6872704,9.985153,19.593029,0.068461895,1,-1,-1
1364.2408,239.27567,35.15149,61.625153,0.06835744,9,-1,-1
253.57391,853.0033,69.98407,88.73541,0.06834406,8,-1,-1
1230.6743,427.98166,16.468994,22.302277,0.06825575,8,-1,-1
0.0,642.63196,34.251858,40.487732,0.06817618,7,-1,-1
1237.3893,267.45547,8.394409,13.456024,0.06815779,2,-1,-1
1350.9009,468.57056,27.674072,38.669373,0.067953825,4,-1,-1
134.38304,4.838626,8.456451,18.915348,0.067705125,2,-1,-1
151.87321,0.0,16.18135,21.789711,0.06743884,5,-1,-1
149.42744,0.0,19.70903,18.459213,0.06737849,10,-1,-1
0.0,110.78561,42.70891,44.56617,0.06717411,4,-1,-1
1359.5894,500.28326,26.337524,39.65857,0.06691021,6,-1,-1
39.649258,766.6094,14.416996,17.977356,0.06675017,1,-1,-1
282.4036,398.22546,78.50882,127.24902,0.06647724,4,-1,-1
244.56712,267.913,9.209885,12.473145,0.066407174,2,-1,-1
1130.331,526.60156,15.280029,14.847107,0.06637582,10,-1,-1
1120.2191,312.8323,21.479736,13.3819275,0.06615746,3,-1,-1
1209.5432,204.79991,14.716064,15.71608,0.065926194,1,-1,-1
1185.0686,444.28488,28.954712,40.81189,0.065880686,9,-1,-1
1207.1527,191.08977,20.3396,19.88881,0.065645695,2,-1,-1
198.9301,6.9951625,20.818527,17.759535,0.06556994,8,-1,-1
200.56111,0.0,16.287231,18.40672,0.06551385,3,-1,-1
196.71025,8.301599,28.007553,23.87838,0.06522557,7,-1,-1
1114.4001,522.8321,54.836548,24.768677,0.06522396,8,-1,-1
1379.9733,537.5519,19.419067,35.73999,0.065181196,10,-1,-1
148.4431,0.0,10.120163,12.43894,0.06515893,1,-1,-1
1357.3539,500.01025,19.998901,31.320496,0.06493369,10,-1,-1
1135.3594,529.09564,39.71057,18.141235,0.06475997,10,-1,-1
1351.7971,521.8626,26.609009,38.091675,0.06448802,10,-1,-1
376.76575,170.40623,8.472534,12.938705,0.06427485,1,-1,-1
1116.5673,284.80402,38.785034,20.913666,0.064112246,7,-1,-1
0.0,443.1669,40.21919,36.27249,0.0640834,9,-1,-1
0.0,134.95488,22.306131,26.267609,0.06407198,4,-1,-1
876.27997,464.04813,24.058716,39.28061,0.06399205,6,-1,-1
1374.7968,121.05403,24.595581,34.06311,0.06393576,8,-1,-1
104.0823,313.70667,12.807373,16.38028,0.063849,1,-1,-1
101.15499,59.832115,8.801224,10.013855,0.0636169,2,-1,-1
124.47603,5.4377275,17.392609,21.061235,0.06357843,8,-1,-1
133.31143,15.504444,10.421356,16.065924,0.063546985,1,-1,-1
1350.9009,468.57056,27.674072,38.669373,0.063287675,8,-1,-1
241.42833,270.21576,8.127472,14.81778,0.06328121,1,-1,-1
106.61509,863.5533,12.962448,12.774719,0.06326401,1,-1,-1
1362.6934,464.00534,36.698975,36.983368,0.06317383,10,-1,-1
705.20264,315.28842,4.2649536,9.705658,0.063129455,1,-1,-1
0.0,105.28822,46.709774,29.993973,0.06301808,7,-1,-1
101.20092,310.81863,21.0169,15.046143,0.062984884,3,-1,-1
7.1151276,122.11813,17.825806,23.142593,0.06264499,1,-1,-1
1028.826,596.6988,9.605469,7.0823364,0.06253272,3,-1,-1
198.42787,7.333696,22.778625,18.48711,0.062446237,1,-1,-1
1239.0938,265.222,13.1258545,17.373505,0.062423408,1,-1,-1
143.13826,173.48079,10.472412,19.513657,0.062411755,1,-1,-1
142.85625,0.0,20.053177,16.531034,0.062348038,1,-1,-1
153.96564,2.3470614,13.324219,20.331833,0.062301368,7,-1,-1
1124.3779,522.60254,18.744873,20.86377,0.062298715,10,-1,-1
1347.5808,521.3561,17.921753,20.713318,0.06228298,10,-1,-1
379.499,179.15994,10.1649475,15.030045,0.062211365,3,-1,-1
1282.097,376.147,68.84082,34.621582,0.062123507,8,-1,-1
123.46341,5.8617377,12.392944,13.311811,0.062091887,3,-1,-1
1359.9785,242.18037,26.91272,47.057632,0.062053204,1,-1,-1
1114.8868,524.121,49.821655,22.486694,0.061998755,3,-1,-1
96.48002,54.406757,24.49466,17.71661,0.06185946,3,-1,-1
1380.7731,730.3427,18.619263,23.987793,0.06183833,4,-1,-1
35.44387,773.93756,15.988102,12.7126465,0.061757803,2,-1,-1
198.9301,6.9951625,20.818527,17.759535,0.061642498,7,-1,-1
253.26169,853.97943,70.68338,87.76398,0.061499834,10,-1,-1
1270.2821,531.8109,36.317505,18.673767,0.06147471,10,-1,-1
1134.6948,316.1121,40.600098,56.220062,0.061397433,6,-1,-1
0.0,122.33908,31.575317,30.239014,0.061279446,10,-1,-1
376.98468,5.9614396,7.416443,13.583559,0.061256915,10,-1,-1
197.41187,4.2411275,11.703705,17.036419,0.061250508,1,-1,-1
1379.3207,536.72125,20.071655,37.65851,0.06109771,4,-1,-1
158.20251,25.39532,59.96199,82.031525,0.060956657,4,-1,-1
1377.6824,501.26236,21.70996,37.10019,0.06083271,5,-1,-1
1363.7399,239.25847,35.652466,61.25276,0.060599446,8,-1,-1
372.52966,9.529807,10.798309,11.97873,0.06052658,2,-1,-1
133.98776,10.903487,9.22348,17.363163,0.060473412,3,-1,-1
129.08893,10.321035,11.442215,18.232378,0.060312778,3,-1,-1
124.60133,5.2430854,16.49231,21.612368,0.06024611,4,-1,-1
1157.0859,440.2759,38.647217,45.6326,0.060228616,4,-1,-1
277.7772,332.613,10.221924,18.231506,0.060220152,1,-1,-1
251.91643,27.62848,13.941605,16.184618,0.06018266,1,-1,-1
1363.1354,470.90604,26.501587,25.247253,0.060168028,4,-1,-1
0.0,640.7977,34.110996,38.845642,0.060096532,1,-1,-1
1375.2501,121.89946,24.142212,33.117386,0.060085982,10,-1,-1
897.3514,478.1115,7.279114,11.311676,0.059998125,1,-1,-1
1361.7568,479.94916,28.228271,36.470886,0.059963256,10,-1,-1
1378.8215,473.9612,20.5708,29.482147,0.05974099,7,-1,-1
1348.3534,468.39328,20.829834,25.6109,0.05965489,3,-1,-1
235.58861,38.756424,8.602936,14.311302,0.05963984,1,-1,-1
