775.03326,463.0172,46.581726,21.27246,0.8640973,4,-1,-1
779.2092,482.71158,46.782104,20.403046,0.8493717,4,-1,-1
785.6693,524.8011,51.361023,21.717285,0.83765596,4,-1,-1
254.09016,466.29437,48.975693,22.913544,0.83457947,4,-1,-1
822.1332,609.76306,62.895935,30.70813,0.81998193,4,-1,-1
789.9225,537.8257,49.877136,25.583618,0.8120558,4,-1,-1
756.87256,533.94916,26.242065,33.51001,0.80234766,4,-1,-1
421.81213,368.61124,33.22043,15.063477,0.7993917,4,-1,-1
191.13626,469.60535,48.6725,22.870941,0.7987431,4,-1,-1
700.7541,536.4657,24.881348,30.956848,0.7916104,4,-1,-1
772.05023,609.0738,39.13495,44.608215,0.78606915,4,-1,-1
779.6411,492.72534,48.971985,21.704163,0.7743453,4,-1,-1
830.1485,439.54013,7.791687,14.9340515,0.7743391,1,-1,-1
784.20667,511.86844,51.860474,21.411896,0.7652811,4,-1,-1
177.28636,460.63974,35.461456,21.196045,0.7607043,4,-1,-1
832.93646,668.7187,75.36316,35.431396,0.7458664,4,-1,-1
817.11597,592.34796,54.904358,28.74762,0.7444047,4,-1,-1
823.55273,640.9478,72.42432,36.17975,0.74015445,4,-1,-1
730.332,536.695,26.695496,31.093811,0.73089355,4,-1,-1
704.19507,617.79584,37.401733,47.424255,0.7228203,4,-1,-1
143.54208,498.5654,49.76973,22.70578,0.72209066,4,-1,-1
33.26074,659.43475,173.70322,182.56195,0.67955583,9,-1,-1
684.28625,293.38907,13.7074585,11.080688,0.6704972,4,-1,-1
904.8475,546.06903,63.38867,29.450928,0.66379285,4,-1,-1
822.1873,436.66452,7.538513,16.028107,0.65959865,1,-1,-1
699.1303,316.403,9.493164,10.570953,0.6523616,4,-1,-1
687.8725,279.72006,8.283569,9.100922,0.65045035,4,-1,-1
457.64087,298.29456,20.855347,10.469452,0.6012601,4,-1,-1
649.4946,726.40656,12.165222,21.816345,0.5986022,2,-1,-1
846.2185,688.8864,69.517456,34.46704,0.5953446,4,-1,-1
1348.4491,560.46106,47.1886,26.230286,0.5916823,4,-1,-1
878.1202,507.74918,61.101685,26.204132,0.5881568,4,-1,-1
648.3819,725.15765,13.740662,29.492737,0.5872309,10,-1,-1
453.05112,301.6419,23.196136,10.821655,0.58077514,4,-1,-1
614.62823,640.75226,35.919678,54.159424,0.57889426,6,-1,-1
812.19763,389.90344,6.967041,14.231171,0.5751027,1,-1,-1
24.437025,788.3111,23.817354,38.65161,0.57353085,1,-1,-1
690.86755,406.0833,25.335754,29.336151,0.56337726,6,-1,-1
740.2605,618.69574,31.613281,43.717957,0.56047535,4,-1,-1
1362.1323,572.79535,37.26001,28.846985,0.5594432,4,-1,-1
191.61896,438.2014,38.18283,19.157135,0.5305138,4,-1,-1
216.60344,567.3815,20.572815,19.68451,0.5212484,10,-1,-1
871.4924,493.10843,51.50824,24.171295,0.5181669,4,-1,-1
800.3067,419.4059,7.5526733,15.809418,0.51302934,1,-1,-1
735.2791,375.76468,6.218567,12.911255,0.5065489,1,-1,-1
683.76855,375.8723,9.133972,12.77948,0.5032882,10,-1,-1
681.60846,251.27396,7.0740356,8.069885,0.500046,4,-1,-1
42.937733,514.7418,54.282337,34.82019,0.49947155,4,-1,-1
680.7028,699.7275,52.537292,107.864136,0.4926687,6,-1,-1
678.6105,453.0711,8.0271,17.332062,0.4726337,3,-1,-1
688.9821,241.14548,6.579895,7.1460114,0.4713928,4,-1,-1
684.68317,375.939,7.3620605,11.714966,0.4297714,2,-1,-1
680.50183,312.23578,6.529907,12.263519,0.42367715,10,-1,-1
219.43059,566.4371,12.91246,17.052612,0.42159742,2,-1,-1
902.2787,534.5216,57.519653,23.998657,0.41002604,4,-1,-1
719.52167,795.22314,12.794434,27.202576,0.4023544,1,-1,-1
826.23566,365.16754,5.149719,11.668274,0.3948329,1,-1,-1
17.103725,494.7586,56.75433,28.753723,0.39358965,5,-1,-1
723.3791,385.34036,8.275757,11.846893,0.3935546,10,-1,-1
675.1142,283.48276,7.6480103,8.350494,0.39251566,4,-1,-1
743.88135,344.80322,5.2598267,12.16095,0.3871776,1,-1,-1
723.3791,385.34036,8.275757,11.846893,0.38226056,1,-1,-1
614.90314,640.7158,35.05121,54.572388,0.38210982,4,-1,-1
700.24164,240.87427,6.3690796,6.482086,0.38162932,4,-1,-1
821.59705,362.0595,5.369751,12.71106,0.38015506,1,-1,-1
685.3306,229.49014,7.0496826,9.4104,0.37916622,6,-1,-1
724.5195,794.2196,11.320251,27.728455,0.37805283,1,-1,-1
704.2401,468.4351,7.590088,14.889099,0.3755198,1,-1,-1
678.69543,452.88257,7.8063965,16.764587,0.37148917,1,-1,-1
614.06287,195.98036,11.949402,9.811829,0.3688997,6,-1,-1
698.70233,360.39932,10.335754,14.083801,0.36849278,10,-1,-1
691.3231,405.7959,25.040161,29.883698,0.36847982,5,-1,-1
760.9502,404.11627,14.579346,10.605438,0.36303437,10,-1,-1
969.521,566.5,12.201843,23.53595,0.3509093,1,-1,-1
243.07097,248.87526,18.364761,9.991562,0.348107,4,-1,-1
694.46094,220.33333,5.539795,8.947342,0.347283,6,-1,-1
17.103725,494.7586,56.75433,28.753723,0.34578985,4,-1,-1
185.04787,547.77576,12.131348,16.0979,0.33902293,2,-1,-1
904.8524,545.9553,63.607605,29.509949,0.33890444,5,-1,-1
614.2508,641.0064,36.338318,54.23297,0.33594692,5,-1,-1
817.11597,592.34796,54.904358,28.74762,0.33240813,5,-1,-1
771.8449,453.29654,7.757324,14.815826,0.3295546,1,-1,-1
699.01117,301.37683,5.7301636,8.138397,0.32594204,4,-1,-1
717.85065,380.0275,8.42865,9.230225,0.32586694,10,-1,-1
730.58026,439.61935,27.709656,23.049286,0.3256765,8,-1,-1
684.61017,375.9859,7.512207,11.816589,0.32489544,1,-1,-1
751.1854,369.90808,6.0182495,11.993805,0.32468545,1,-1,-1
467.23477,307.98288,4.969116,9.004761,0.32430184,1,-1,-1
816.08514,364.796,5.873657,11.981812,0.32362837,1,-1,-1
730.58026,439.61935,27.709656,23.049286,0.3210895,4,-1,-1
362.12662,406.3723,10.37381,17.585663,0.32047248,10,-1,-1
683.0171,456.1734,9.408813,16.349213,0.32002988,3,-1,-1
712.0243,370.45114,7.5632324,11.622253,0.31979814,10,-1,-1
698.68787,276.48584,5.973633,7.4779663,0.31972617,4,-1,-1
764.98627,452.17145,7.36792,14.423553,0.31801355,1,-1,-1
720.5565,271.46588,14.412598,6.659668,0.316611,4,-1,-1
43.005444,514.4739,53.683567,35.14972,0.31583315,5,-1,-1
143.13359,654.7115,14.267838,19.432129,0.3102244,10,-1,-1
718.70605,260.41214,17.684387,8.017426,0.30728638,4,-1,-1
687.8813,279.93,8.298218,8.858612,0.30608964,5,-1,-1
769.14606,456.4053,15.797119,13.170715,0.3037688,10,-1,-1
143.91722,653.7872,12.570938,20.498108,0.30296212,1,-1,-1
831.37115,365.82797,5.790344,11.080322,0.30131865,1,-1,-1
690.42804,254.91794,6.5808716,6.9466553,0.3008724,4,-1,-1
238.73926,499.13666,25.876343,27.878723,0.3002948,8,-1,-1
90.552284,508.40344,28.974838,25.514038,0.29919708,4,-1,-1
183.19923,550.03503,13.958542,15.155457,0.29641742,10,-1,-1
688.9877,462.52264,7.5133057,15.052673,0.29475534,1,-1,-1
737.19855,376.8779,6.048828,11.035126,0.28115636,1,-1,-1
216.60344,567.3815,20.572815,19.68451,0.2798081,7,-1,-1
716.33386,376.3881,11.552429,11.756195,0.2786004,10,-1,-1
183.2385,544.8815,10.2847595,17.177368,0.2757762,2,-1,-1
710.31665,375.00595,11.712036,10.855621,0.27488148,10,-1,-1
125.575676,502.169,59.44137,27.441833,0.2748695,4,-1,-1
771.0244,453.3066,10.091064,14.571808,0.27469486,10,-1,-1
770.9662,454.64447,19.807983,12.358704,0.2693854,10,-1,-1
730.34814,439.2901,28.416199,24.142517,0.2647425,7,-1,-1
493.6136,318.52347,6.1332397,9.411499,0.26368073,1,-1,-1
684.01575,376.30463,8.366394,12.454102,0.26213473,3,-1,-1
834.0742,916.4036,31.165222,46.820312,0.26018983,4,-1,-1
723.0599,388.67847,7.4471436,11.756348,0.25993344,1,-1,-1
703.98413,616.92084,38.125305,48.484924,0.25557956,5,-1,-1
796.28296,418.66776,9.125549,14.313873,0.25556904,1,-1,-1
183.26184,546.30566,10.775986,17.115906,0.2552418,1,-1,-1
145.49301,653.5398,11.003342,18.713074,0.25504535,2,-1,-1
768.5003,454.67087,25.053772,14.6763,0.25493655,7,-1,-1
688.91974,462.46036,7.6792603,15.377869,0.25443882,3,-1,-1
612.48126,199.51204,14.616882,11.201782,0.25266367,6,-1,-1
773.2169,366.985,5.3428955,10.498779,0.24970648,1,-1,-1
649.4946,726.40656,12.165222,21.816345,0.24900824,1,-1,-1
219.43059,566.4371,12.91246,17.052612,0.24756354,1,-1,-1
684.3586,461.18814,9.033508,13.515839,0.24731675,3,-1,-1
238.78947,498.9832,25.37004,27.959259,0.24628389,7,-1,-1
681.21216,309.02902,6.543457,11.924438,0.2462391,10,-1,-1
720.52167,276.16925,16.024658,7.000183,0.24422354,4,-1,-1
704.2864,468.2031,7.605896,15.324951,0.24406072,3,-1,-1
183.85233,554.4854,22.652939,12.445679,0.24399054,10,-1,-1
183.19923,550.03503,13.958542,15.155457,0.24260238,3,-1,-1
724.25116,366.02786,5.708313,9.741669,0.24228632,1,-1,-1
718.21924,377.21313,8.5789795,11.299774,0.24155575,1,-1,-1
426.69672,347.18488,9.948547,8.013702,0.24133542,10,-1,-1
690.484,465.0005,8.877319,15.474731,0.24129912,1,-1,-1
762.93536,364.70688,5.235779,12.401062,0.23913017,1,-1,-1
437.24823,338.78098,5.6109314,8.819366,0.23764312,10,-1,-1
774.9499,456.8262,18.661804,13.201294,0.23723626,10,-1,-1
437.33838,338.4118,5.3633423,9.366638,0.23187587,1,-1,-1
615.0758,194.01476,10.294678,8.258636,0.23088208,6,-1,-1
649.0243,725.7454,12.909241,28.68103,0.23080516,3,-1,-1
718.5507,377.15628,7.715027,10.822571,0.22983545,2,-1,-1
221.67947,562.2879,11.3572235,16.6792,0.22973555,2,-1,-1
692.9349,467.9583,8.827759,11.49588,0.2295376,1,-1,-1
709.5543,371.49084,8.268127,11.993469,0.22781602,10,-1,-1
730.332,536.695,26.695496,31.093811,0.22749671,5,-1,-1
1373.6886,523.1998,25.703735,23.043823,0.22737971,4,-1,-1
712.79266,370.22998,6.746704,11.420349,0.22634578,1,-1,-1
752.42096,443.75247,8.087891,15.360352,0.22605762,1,-1,-1
736.94055,246.22758,7.4699097,6.547119,0.22437605,4,-1,-1
892.83844,439.55786,7.73291,18.503143,0.2232846,1,-1,-1
795.0595,395.26447,7.303955,13.197479,0.22293085,1,-1,-1
372.37817,401.83746,11.895691,15.28537,0.22259301,10,-1,-1
183.0066,552.7158,24.34877,13.879456,0.21994752,3,-1,-1
718.95703,202.8132,7.8311768,7.9683075,0.21750659,6,-1,-1
705.2728,219.7552,10.710205,13.308044,0.2149604,6,-1,-1
717.9058,797.17847,9.240112,22.89209,0.21449184,1,-1,-1
782.95123,454.69086,12.403503,11.85321,0.21313325,10,-1,-1
702.7253,361.73898,6.7283325,10.559448,0.2126812,10,-1,-1
613.2831,366.59088,15.021179,10.923248,0.21253988,10,-1,-1
684.48755,460.65884,8.393188,13.931091,0.21235698,1,-1,-1
823.55273,640.9478,72.42432,36.17975,0.21184075,5,-1,-1
681.60846,251.27396,7.0740356,8.069885,0.21076214,5,-1,-1
799.48126,423.34296,9.179382,16.569214,0.20896703,1,-1,-1
688.9821,241.14548,6.579895,7.1460114,0.20828775,5,-1,-1
792.57605,395.18362,7.544922,12.285217,0.20754585,1,-1,-1
713.0443,370.94354,6.4018555,10.320038,0.20566541,2,-1,-1
691.13696,406.1712,25.020874,28.803864,0.20539197,4,-1,-1
467.23477,307.98288,4.969116,9.004761,0.205114,2,-1,-1
717.1894,376.66638,10.395325,11.803162,0.20505351,7,-1,-1
684.3792,293.41714,13.733093,11.040741,0.20450908,6,-1,-1
649.241,733.4428,11.193665,19.924438,0.20431763,2,-1,-1
878.9678,419.60098,6.253174,13.24823,0.20291269,1,-1,-1
774.9144,453.0057,8.355347,15.62384,0.20276684,1,-1,-1
561.71704,217.0505,9.449097,7.1630554,0.20262739,4,-1,-1
18.07657,494.91757,55.21042,29.12857,0.19911915,6,-1,-1
811.73236,361.46667,5.331299,13.27243,0.19866917,1,-1,-1
699.01117,301.37683,5.7301636,8.138397,0.19857949,1,-1,-1
760.9502,404.11627,14.579346,10.605438,0.19736588,3,-1,-1
684.3792,293.41714,13.733093,11.040741,0.19667947,9,-1,-1
776.59515,443.40128,7.7842407,15.898071,0.19638604,1,-1,-1
722.86926,385.5004,9.073853,11.320831,0.1959815,3,-1,-1
190.95152,436.54752,39.734467,21.007904,0.19517526,5,-1,-1
724.29913,362.6417,5.7960815,9.991089,0.19490445,1,-1,-1
703.35583,217.54211,9.9904785,9.553635,0.19487801,6,-1,-1
692.3833,467.41718,9.660278,12.290314,0.19475198,3,-1,-1
457.97806,297.9725,20.365784,10.905365,0.19382459,5,-1,-1
720.12994,279.51233,16.943848,7.741211,0.19342563,4,-1,-1
772.0891,369.56522,6.1864014,10.795746,0.19286835,1,-1,-1
595.0973,207.29329,10.744629,6.8050995,0.19283476,4,-1,-1
771.7036,453.38406,8.408936,14.658234,0.19262436,2,-1,-1
684.28625,293.38907,13.7074585,11.080688,0.19196975,5,-1,-1
219.43059,566.4371,12.91246,17.052612,0.19120845,10,-1,-1
834.418,670.8738,73.11572,34.165344,0.19089669,5,-1,-1
730.3735,439.17856,28.65918,24.538727,0.19014084,6,-1,-1
820.4747,364.4908,7.9470215,12.48291,0.18867087,1,-1,-1
737.0177,453.42123,17.841675,12.995087,0.18849939,10,-1,-1
1366.6622,385.6108,32.730103,33.332306,0.18811485,4,-1,-1
1381.2368,529.2399,18.155518,19.415771,0.18725023,4,-1,-1
678.6105,453.0711,8.0271,17.332062,0.18714985,10,-1,-1
721.3176,382.3735,10.243774,11.532257,0.18671432,10,-1,-1
183.20078,537.9932,27.884094,23.745422,0.18486917,8,-1,-1
748.3219,397.32028,5.725403,9.338928,0.18426502,1,-1,-1
703.9437,468.0063,7.8963623,15.680878,0.18422487,10,-1,-1
216.65211,567.237,20.568024,19.910156,0.18179724,2,-1,-1
452.76288,301.01437,23.363647,11.694458,0.18154329,5,-1,-1
700.7993,466.79254,8.8063965,15.70752,0.1813294,1,-1,-1
698.7297,315.30945,10.008972,11.646851,0.18114495,5,-1,-1
216.68587,567.2379,20.649536,20.003418,0.18071857,3,-1,-1
700.0831,248.03622,4.9874268,7.658493,0.18063915,4,-1,-1
806.4075,363.93,5.8690186,12.246643,0.17991161,1,-1,-1
112.45618,456.19443,16.469498,14.533447,0.17899776,10,-1,-1
756.99744,534.14386,26.403076,33.294617,0.1777406,5,-1,-1
614.6323,641.21674,35.9693,53.881287,0.17732275,8,-1,-1
697.8014,467.81763,7.604431,12.897858,0.17668566,1,-1,-1
827.20764,436.7308,9.441956,16.930115,0.17649758,1,-1,-1
675.1142,283.48276,7.6480103,8.350494,0.1763865,10,-1,-1
700.6657,360.64606,8.796082,12.974274,0.17631605,7,-1,-1
716.33386,376.3881,11.552429,11.756195,0.17617437,8,-1,-1
688.9532,241.09334,6.6104126,7.116989,0.17590386,6,-1,-1
878.96533,507.18338,59.762817,25.40512,0.17579985,5,-1,-1
647.9796,723.34143,14.283569,32.007507,0.17553592,7,-1,-1
701.0944,536.72437,24.11322,30.49884,0.17426041,5,-1,-1
730.34814,439.2901,28.416199,24.142517,0.17411575,5,-1,-1
186.48352,548.53455,10.408905,14.7404785,0.17328167,1,-1,-1
375.66916,403.704,9.743347,12.911407,0.17308322,3,-1,-1
216.72765,567.28864,20.341187,19.827942,0.17222506,8,-1,-1
748.36084,451.33624,7.213623,15.273132,0.17196324,1,-1,-1
782.32837,369.72925,5.4713135,11.912689,0.17144254,1,-1,-1
766.85333,371.66373,6.5753174,10.146088,0.17124686,1,-1,-1
1362.3225,572.3925,37.069824,28.409119,0.17095304,5,-1,-1
698.9187,360.41867,10.029663,13.80838,0.1701259,8,-1,-1
705.89954,783.0048,10.216248,23.479492,0.1699822,1,-1,-1
713.55334,368.77405,6.1102295,8.909119,0.16915879,2,-1,-1
708.9202,233.72409,7.8897705,11.483475,0.16887489,6,-1,-1
561.3187,213.52538,9.899536,7.20874,0.1686612,4,-1,-1
714.8475,214.96028,10.827026,12.140198,0.16789034,6,-1,-1
717.0288,257.49808,19.677185,8.685425,0.16784346,4,-1,-1
685.45734,219.2215,7.1950073,11.61557,0.16782385,6,-1,-1
706.9868,289.49854,13.047791,16.755646,0.16757736,6,-1,-1
775.03326,463.0172,46.581726,21.27246,0.16679129,5,-1,-1
772.01996,609.0405,39.546387,44.311707,0.16616717,5,-1,-1
718.8432,379.08286,10.930969,12.467712,0.16612181,10,-1,-1
772.95886,362.56522,5.015564,10.746002,0.16586736,1,-1,-1
694.46094,220.33333,5.539795,8.947342,0.1658482,4,-1,-1
717.25415,221.50473,10.198059,9.227509,0.16560993,6,-1,-1
648.9476,720.3796,11.624634,18.836548,0.16550723,10,-1,-1
650.03125,726.11597,9.26001,14.721069,0.16548368,2,-1,-1
141.63683,498.32968,51.904465,24.805206,0.16528624,5,-1,-1
337.4546,441.9721,13.151428,15.705658,0.16510317,10,-1,-1
723.53064,385.75424,7.786072,11.020355,0.16430277,2,-1,-1
32.837605,659.7791,174.5769,182.0929,0.16379672,5,-1,-1
182.37352,552.0184,24.991669,14.865051,0.16366091,7,-1,-1
822.0373,609.2026,63.123962,31.672852,0.16344133,5,-1,-1
177.22234,461.04688,35.193466,20.306763,0.16308564,5,-1,-1
744.9915,451.34024,11.565857,15.354492,0.16289896,10,-1,-1
696.3971,467.16718,10.069214,13.85202,0.162491,3,-1,-1
818.60486,435.8432,9.499268,17.473724,0.16217747,1,-1,-1
720.91925,793.67334,11.840942,26.721497,0.16198036,2,-1,-1
678.8358,453.5048,7.7963257,14.517426,0.1610094,2,-1,-1
864.90314,408.1155,6.088257,14.70697,0.16011652,1,-1,-1
231.47218,242.3564,17.139282,9.466949,0.15986216,4,-1,-1
1361.5763,620.8345,37.81604,34.14093,0.15965074,4,-1,-1
737.4318,236.6088,7.510254,7.0809174,0.15935934,4,-1,-1
611.7761,367.16678,6.0164185,8.608459,0.15931416,1,-1,-1
461.00262,296.35687,16.153229,9.235382,0.15901053,4,-1,-1
767.41705,454.3181,14.972839,14.232178,0.15892297,1,-1,-1
707.112,224.36287,8.734985,10.987961,0.1585395,6,-1,-1
651.3673,735.1796,11.238037,18.775696,0.15836233,10,-1,-1
767.88416,454.15472,26.88153,15.906616,0.15832928,4,-1,-1
536.17786,387.4502,23.539062,9.147156,0.15798745,4,-1,-1
717.771,537.2494,32.041504,32.039978,0.1578508,4,-1,-1
681.25415,698.65204,49.520752,106.915405,0.1568383,8,-1,-1
774.35175,453.74323,10.049194,13.577393,0.15655395,10,-1,-1
491.64795,318.16028,6.2716675,10.625702,0.15620649,1,-1,-1
1384.833,590.0075,14.559326,23.39264,0.15619189,4,-1,-1
763.95264,453.08832,11.601074,13.2430725,0.15594745,10,-1,-1
767.4993,362.60596,5.102417,10.631592,0.15570569,1,-1,-1
716.7345,221.35422,10.845398,9.313187,0.15502766,9,-1,-1
647.9796,723.34143,14.283569,32.007507,0.15483448,8,-1,-1
721.37476,376.48856,7.2175293,11.118866,0.15479147,1,-1,-1
878.96533,507.18338,59.762817,25.40512,0.15446097,6,-1,-1
465.61603,305.18088,7.392975,8.825989,0.1540682,1,-1,-1
239.30219,499.03793,25.907135,28.053558,0.1536609,6,-1,-1
187.2854,545.6024,8.514923,14.522766,0.1532414,2,-1,-1
772.4974,454.99506,18.019104,13.542023,0.15296057,3,-1,-1
684.4902,460.18915,7.961914,14.25827,0.1525667,10,-1,-1
699.01117,301.37683,5.7301636,8.138397,0.15186131,10,-1,-1
786.15576,455.43875,8.086914,14.760071,0.15182176,1,-1,-1
467.04504,308.54236,5.581543,8.502716,0.15172815,10,-1,-1
132.35707,454.31696,12.801636,10.165741,0.15167752,10,-1,-1
761.26184,403.86334,14.729126,10.794189,0.15112764,7,-1,-1
767.6312,365.9616,5.2921143,10.927887,0.15097332,1,-1,-1
736.7468,242.36334,7.7304688,8.333527,0.15092888,4,-1,-1
811.2164,364.79544,7.7402344,12.019897,0.15079954,1,-1,-1
763.20764,348.3063,4.7285767,9.635498,0.15054053,1,-1,-1
573.0313,213.09933,7.9735107,6.5275726,0.15048644,4,-1,-1
183.86201,528.8453,32.673355,23.281616,0.15017954,8,-1,-1
187.82152,549.2559,14.484528,15.241028,0.15013859,2,-1,-1
700.28827,466.5636,9.706177,15.699371,0.14957729,3,-1,-1
690.9418,405.93652,25.62976,29.080902,0.1491153,8,-1,-1
1007.7787,538.8949,10.392273,21.85431,0.14895797,1,-1,-1
453.05112,301.6419,23.196136,10.821655,0.14813101,6,-1,-1
255.984,508.9555,9.364914,19.151001,0.14791685,1,-1,-1
196.66972,546.22797,9.282181,18.603394,0.14775765,1,-1,-1
779.9573,480.834,46.42285,21.771332,0.14775404,5,-1,-1
147.83571,655.26807,8.199036,15.468201,0.14737377,1,-1,-1
364.4545,403.81146,12.199921,15.626068,0.14702213,10,-1,-1
709.3515,376.46634,7.899109,8.561401,0.14691934,10,-1,-1
761.64,371.2169,7.448303,10.664734,0.14668608,1,-1,-1
748.76245,322.6265,13.893982,17.155487,0.1466791,6,-1,-1
758.8211,370.99048,6.124634,10.471832,0.14646712,1,-1,-1
22.401966,787.7694,27.134483,38.53235,0.14597946,2,-1,-1
724.22,366.06577,5.767212,9.698914,0.14566246,10,-1,-1
703.5707,217.8643,9.2630005,7.9758453,0.14554262,4,-1,-1
674.76654,187.99815,8.204895,9.444412,0.1453731,6,-1,-1
719.45166,260.44336,16.741272,8.044922,0.14502823,5,-1,-1
720.0396,266.70184,16.083069,7.389923,0.14487168,4,-1,-1
376.42548,403.98438,8.960602,12.4071045,0.1448141,10,-1,-1
388.0931,371.628,9.048737,17.423523,0.1448037,3,-1,-1
711.0383,369.97836,9.704346,13.601074,0.14476976,7,-1,-1
1356.9409,520.2221,42.451416,21.527893,0.14451751,4,-1,-1
705.2728,219.7552,10.710205,13.308044,0.14424926,9,-1,-1
699.81396,360.8111,7.218445,11.915314,0.14394525,1,-1,-1
767.92737,454.97815,26.373535,14.443481,0.14385578,8,-1,-1
736.31616,456.0533,7.2680054,12.840149,0.14326534,1,-1,-1
691.6426,466.80405,10.714539,13.299103,0.14324242,10,-1,-1
800.704,398.34457,7.2824097,13.575958,0.14280033,1,-1,-1
183.20078,537.9932,27.884094,23.745422,0.14279225,7,-1,-1
647.02625,717.1492,15.639648,28.468567,0.14242375,10,-1,-1
824.0802,361.6816,7.5421753,13.297485,0.14202294,1,-1,-1
734.23865,452.44644,13.743408,14.56778,0.141884,10,-1,-1
767.41705,454.3181,14.972839,14.232178,0.14181304,3,-1,-1
437.33838,338.4118,5.3633423,9.366638,0.14168653,2,-1,-1
709.9658,806.42,13.01355,25.106384,0.14130107,1,-1,-1
649.241,733.4428,11.193665,19.924438,0.14116666,1,-1,-1
687.78485,276.64624,9.261597,9.56604,0.14088458,4,-1,-1
90.59641,508.2582,28.51307,26.292023,0.14058673,5,-1,-1
140.35416,655.56537,19.722519,27.152039,0.14035192,10,-1,-1
873.03845,495.29126,52.96582,24.101257,0.14007819,5,-1,-1
1011.557,299.19608,18.944946,11.627289,0.13986701,6,-1,-1
779.09796,470.27884,42.01593,18.838013,0.13967398,4,-1,-1
759.0665,366.91165,5.7631836,11.528931,0.1390894,1,-1,-1
703.2805,217.37775,10.28241,10.368454,0.13906989,9,-1,-1
685.40784,229.63936,6.88739,9.317398,0.13900629,4,-1,-1
246.20006,247.89911,14.287979,7.673355,0.13894299,4,-1,-1
1379.9419,528.37256,19.45044,20.58728,0.13889492,10,-1,-1
453.62222,302.41284,20.594604,10.507141,0.13836545,10,-1,-1
224.31787,568.20593,10.235504,13.1449585,0.13836017,2,-1,-1
790.5069,538.2902,49.701233,25.54425,0.13804793,5,-1,-1
692.9349,467.9583,8.827759,11.49588,0.1377717,2,-1,-1
118.20188,457.8359,13.229805,12.280914,0.13776118,10,-1,-1
724.2927,358.51535,6.2973022,8.306793,0.13773853,1,-1,-1
718.6534,231.57945,8.444702,7.747772,0.13770121,4,-1,-1
702.7253,361.73898,6.7283325,10.559448,0.13769072,1,-1,-1
723.29877,382.64343,7.3810425,10.740021,0.13719851,1,-1,-1
694.59985,275.62994,10.348389,8.859467,0.1367603,4,-1,-1
884.6708,428.45618,7.229309,14.30191,0.13671008,1,-1,-1
1352.0526,560.28735,47.33972,27.967896,0.13655153,5,-1,-1
708.89435,369.40167,14.154663,13.379089,0.136491,10,-1,-1
386.06924,377.4452,11.844269,13.919617,0.13624561,3,-1,-1
698.9066,365.97028,8.1032715,9.00824,0.1361937,10,-1,-1
0.0,667.11194,143.98734,161.31128,0.13564646,9,-1,-1
688.718,462.46274,7.963501,14.83667,0.13546589,2,-1,-1
718.5208,231.22125,9.073303,8.1427,0.13543347,6,-1,-1
784.9945,524.0692,51.94159,22.444275,0.1353217,5,-1,-1
689.4002,464.04565,7.404419,14.118469,0.13524532,10,-1,-1
690.9418,405.93652,25.62976,29.080902,0.13501254,9,-1,-1
823.51685,438.4589,8.950745,16.659515,0.13495535,1,-1,-1
182.57346,543.00836,16.607742,16.139343,0.13416514,2,-1,-1
557.12335,217.61415,9.447266,7.250229,0.13411865,4,-1,-1
34.76851,502.70074,59.472366,38.81073,0.13394082,5,-1,-1
191.86154,551.0311,12.595856,15.917969,0.13375318,3,-1,-1
731.65027,449.48492,23.177917,17.866638,0.13312623,7,-1,-1
187.82152,549.2559,14.484528,15.241028,0.1328108,10,-1,-1
648.43146,720.4419,12.717712,17.839294,0.13270405,2,-1,-1
717.8709,222.34863,9.327209,7.946884,0.13202155,4,-1,-1
745.94366,443.1642,12.903259,17.437439,0.13191321,1,-1,-1
182.2462,549.5814,18.4496,16.588562,0.13088787,1,-1,-1
715.0395,215.37242,10.197754,10.64682,0.13073179,9,-1,-1
694.46094,220.33333,5.539795,8.947342,0.13034284,9,-1,-1
182.48071,551.8906,25.26329,15.408508,0.13010761,8,-1,-1
709.9893,374.6428,12.891174,11.457214,0.12988889,7,-1,-1
846.9467,688.2291,68.66522,35.75891,0.12969801,5,-1,-1
716.60565,803.16895,10.206055,25.63092,0.12965894,1,-1,-1
695.1669,468.22504,12.277466,12.356049,0.12951162,10,-1,-1
718.4995,230.8705,9.47583,8.608154,0.12910527,9,-1,-1
814.44,389.98474,6.5289917,12.255371,0.12893835,1,-1,-1
704.2401,468.4351,7.590088,14.889099,0.12883922,2,-1,-1
713.18225,368.85867,6.647156,9.24176,0.12878707,10,-1,-1
760.1823,371.78354,10.536438,10.471954,0.12858036,10,-1,-1
811.0358,385.94107,9.358582,15.268402,0.1281076,1,-1,-1
218.80266,566.5458,14.361633,15.257507,0.12805867,3,-1,-1
773.2169,366.985,5.3428955,10.498779,0.12802067,2,-1,-1
778.8626,492.32346,49.658447,21.980438,0.12796229,5,-1,-1
165.08934,572.0202,23.96341,37.26642,0.12788033,8,-1,-1
731.224,449.6763,24.505493,17.81488,0.12785581,8,-1,-1
18.07657,494.91757,55.21042,29.12857,0.12706202,8,-1,-1
123.64089,454.29932,14.279655,12.880615,0.12704879,10,-1,-1
690.186,464.15518,9.720276,17.102325,0.12671044,3,-1,-1
802.2889,360.29645,5.1868896,12.511475,0.12663382,1,-1,-1
611.55536,367.06143,6.5578613,8.834045,0.12656036,10,-1,-1
764.11163,372.27863,11.286011,9.705933,0.12642002,10,-1,-1
94.83247,509.33453,44.973145,24.557678,0.1258331,4,-1,-1
453.62222,302.41284,20.594604,10.507141,0.12580144,7,-1,-1
737.33545,618.58105,35.18927,46.403503,0.12550315,5,-1,-1
550.03613,646.6563,14.230591,24.96582,0.12545833,10,-1,-1
104.10441,467.9507,9.571579,12.665466,0.12542391,1,-1,-1
144.72266,652.8068,8.548645,15.63031,0.12523493,1,-1,-1
699.6234,361.29068,7.600891,11.409454,0.12516287,2,-1,-1
815.13354,361.15503,8.92041,13.805298,0.12503666,1,-1,-1
418.86298,343.03265,5.7271423,10.439026,0.12477881,10,-1,-1
244.83734,253.0006,18.85025,10.30043,0.12453449,4,-1,-1
119.48916,511.29193,45.735847,23.373474,0.12446946,4,-1,-1
708.9426,233.46991,7.894348,12.130096,0.12439197,9,-1,-1
467.04504,308.54236,5.581543,8.502716,0.12331697,3,-1,-1
783.6569,511.06384,51.326904,21.160278,0.1230275,5,-1,-1
143.53395,654.27057,13.403992,19.8844,0.12255189,3,-1,-1
772.52856,455.9002,14.781677,13.996918,0.122428924,1,-1,-1
748.76245,322.6265,13.893982,17.155487,0.122318745,4,-1,-1
834.164,365.35626,5.8986816,11.078491,0.1221495,1,-1,-1
741.93835,341.27377,8.267944,14.967102,0.12187129,1,-1,-1
675.28546,191.95992,6.7282104,8.8284,0.12161371,6,-1,-1
466.2998,305.43777,6.4117737,9.437897,0.12139991,2,-1,-1
467.04446,299.94238,11.575043,8.1119995,0.12032464,10,-1,-1
700.1686,250.84401,5.156555,6.7822113,0.12030041,4,-1,-1
694.46094,220.33333,5.539795,8.947342,0.12025398,5,-1,-1
183.37914,544.15564,12.003952,17.324707,0.12019929,10,-1,-1
763.45703,457.58884,17.245544,11.591156,0.12019339,10,-1,-1
190.95152,436.54752,39.734467,21.007904,0.12010893,6,-1,-1
685.2492,374.72842,5.5029907,9.587891,0.11927906,2,-1,-1
735.1019,377.5365,9.344788,14.006653,0.11908963,1,-1,-1
611.8311,366.90833,6.043701,8.893951,0.118968815,2,-1,-1
616.75854,192.02818,12.616089,11.526077,0.11883327,6,-1,-1
677.16003,451.93402,14.279175,21.48819,0.118691206,3,-1,-1
243.19408,248.97975,18.24974,10.022049,0.11863759,5,-1,-1
614.06287,195.98036,11.949402,9.811829,0.11844522,9,-1,-1
765.0435,452.43427,7.659668,13.967041,0.118156075,2,-1,-1
1377.2024,520.3959,22.189941,23.627197,0.11776492,10,-1,-1
144.17296,655.20013,8.932556,14.426086,0.11765349,2,-1,-1
717.85065,380.0275,8.42865,9.230225,0.1175738,3,-1,-1
221.11163,567.47546,9.761154,10.603943,0.11729744,2,-1,-1
463.89575,305.11575,9.466888,8.900085,0.11703181,10,-1,-1
703.39545,217.73445,9.820496,8.753067,0.117025316,5,-1,-1
388.0931,371.628,9.048737,17.423523,0.116814315,10,-1,-1
741.5118,452.39438,8.7283325,13.494934,0.1166586,1,-1,-1
607.33594,201.64653,16.180176,10.872116,0.11651811,6,-1,-1
465.4788,300.02286,13.358765,7.806732,0.11633229,4,-1,-1
565.6322,217.8165,7.876587,6.44841,0.11632827,4,-1,-1
685.3834,229.6274,7.067505,9.454346,0.11629474,9,-1,-1
186.0909,553.2089,12.163345,13.114868,0.116253674,2,-1,-1
649.6562,730.00256,10.459045,18.883118,0.11619425,10,-1,-1
707.0288,224.7895,8.868835,10.447479,0.11572367,9,-1,-1
710.2529,370.8524,10.847229,13.187805,0.1156438,8,-1,-1
133.4094,447.47638,17.093262,13.303162,0.11543122,10,-1,-1
761.26184,403.86334,14.729126,10.794189,0.115406364,8,-1,-1
681.47656,309.2093,5.6918945,9.902893,0.115073174,2,-1,-1
189.84311,548.1703,11.783722,16.34674,0.1149666,1,-1,-1
741.5118,452.39438,8.7283325,13.494934,0.11495513,10,-1,-1
776.2149,366.82736,5.677368,11.261414,0.11479136,1,-1,-1
93.14486,516.4052,10.671494,23.748901,0.11479029,1,-1,-1
650.03796,739.2117,9.111572,11.705688,0.11473769,2,-1,-1
736.5086,242.38329,8.011841,7.725174,0.11464605,5,-1,-1
720.55286,271.02823,14.42511,7.7667847,0.11462787,5,-1,-1
812.0481,390.00482,7.247864,13.608368,0.11456141,2,-1,-1
773.016,357.83438,4.642578,9.927734,0.114556104,1,-1,-1
699.77386,239.83037,6.3168945,8.089142,0.11423451,6,-1,-1
700.05365,240.64626,6.3094482,6.643112,0.114088774,5,-1,-1
107.06663,458.86276,16.723938,12.89093,0.11379135,10,-1,-1
651.5908,729.55695,10.245117,13.138611,0.11360821,2,-1,-1
712.1876,242.6687,7.8096313,7.743332,0.11323604,4,-1,-1
787.09485,455.05984,6.3689575,11.727173,0.11317322,10,-1,-1
748.70917,322.80255,13.705872,16.9263,0.11305985,5,-1,-1
183.86201,528.8453,32.673355,23.281616,0.112954676,7,-1,-1
719.52167,795.22314,12.794434,27.202576,0.1129078,10,-1,-1
254.03767,466.4302,49.1707,22.890564,0.11288142,6,-1,-1
461.00262,296.35687,16.153229,9.235382,0.11286822,5,-1,-1
95.02731,468.87393,8.856148,13.031647,0.11249706,1,-1,-1
712.80994,368.6775,7.234436,8.285309,0.11231184,1,-1,-1
577.3734,446.9065,7.302246,14.449982,0.112152755,1,-1,-1
709.5543,371.49084,8.268127,11.993469,0.11208764,3,-1,-1
616.2238,367.61636,8.919128,8.907196,0.11153692,10,-1,-1
34.76851,502.70074,59.472366,38.81073,0.11141235,4,-1,-1
716.62573,260.06042,19.75415,8.767426,0.111014485,6,-1,-1
707.8086,226.15814,7.512512,8.420807,0.11100602,4,-1,-1
140.56554,446.1064,18.207138,11.196838,0.11096954,10,-1,-1
830.1432,362.77347,8.4627075,12.360596,0.11088535,1,-1,-1
580.2896,286.61407,10.167419,8.590424,0.110776395,1,-1,-1
680.635,312.9252,6.1135254,11.5008545,0.11048004,1,-1,-1
254.0225,466.2556,49.082687,22.833618,0.110425085,5,-1,-1
183.19923,550.03503,13.958542,15.155457,0.11029035,7,-1,-1
22.401966,787.7694,27.134483,38.53235,0.110257745,4,-1,-1
1373.4321,628.02893,25.960205,23.18811,0.11025196,4,-1,-1
