801.0755,844.20386,128.63263,71.16339,0.94202924,4,-1,-1
385.8564,692.9663,116.675934,58.677063,0.8880755,4,-1,-1
196.72054,591.0139,111.587906,51.367493,0.8824806,4,-1,-1
519.1206,609.1182,102.618835,51.134155,0.8629265,4,-1,-1
535.9407,575.4686,96.84125,48.4881,0.8547197,4,-1,-1
263.54126,501.3035,91.03085,43.110687,0.8511064,4,-1,-1
767.6957,640.3438,106.29132,55.440308,0.8439878,4,-1,-1
537.63135,542.85815,97.75519,45.568726,0.84343195,4,-1,-1
585.49084,267.67548,59.705933,26.240326,0.8393042,4,-1,-1
510.8257,690.2294,108.98398,58.283813,0.8382994,4,-1,-1
767.67706,730.5736,112.00037,56.986755,0.82773674,4,-1,-1
760.79724,527.8598,90.488525,44.233704,0.8190974,4,-1,-1
350.0985,845.1013,132.50742,69.941895,0.81906563,4,-1,-1
439.23132,544.0091,91.114685,45.34369,0.80522215,4,-1,-1
179.80627,627.40216,114.591034,53.855896,0.8021296,4,-1,-1
708.78534,142.25551,42.32074,19.592789,0.8011261,4,-1,-1
675.28827,168.5778,22.554443,22.497421,0.79999655,4,-1,-1
585.7859,282.0849,58.33539,28.108704,0.79279816,4,-1,-1
448.79294,515.72955,82.20596,42.31909,0.7903861,4,-1,-1
724.1389,212.00371,46.521973,22.192612,0.7893579,4,-1,-1
726.31,254.19395,55.98999,26.65239,0.78764224,4,-1,-1
313.3564,401.81448,83.42618,38.316742,0.7861767,4,-1,-1
785.6846,781.30865,120.07446,71.31305,0.78279245,4,-1,-1
603.8958,179.32013,43.06909,21.197205,0.77833533,4,-1,-1
723.53033,232.36086,50.873474,24.694717,0.77681315,4,-1,-1
1002.4924,669.6241,66.993835,88.92865,0.77591646,4,-1,-1
751.79456,498.65082,78.34454,39.830383,0.7751812,4,-1,-1
510.84915,644.94977,116.68967,55.91333,0.77366936,4,-1,-1
553.23895,490.01233,84.139465,40.00171,0.7724756,4,-1,-1
609.7987,54.026478,31.077637,15.6973915,0.7715689,4,-1,-1
461.85556,465.59653,81.24423,37.92917,0.7712867,4,-1,-1
163.3012,669.47974,114.26222,61.943054,0.7710387,4,-1,-1
570.5456,377.81232,70.8537,35.43289,0.7697126,4,-1,-1
332.46124,909.1358,144.52887,73.94513,0.7688202,4,-1,-1
609.1259,131.372,40.401245,18.533691,0.7677102,4,-1,-1
595.32874,194.1415,49.47699,21.99672,0.7651468,4,-1,-1
400.96133,606.2056,112.28195,54.232666,0.76138246,4,-1,-1
608.22864,142.17563,42.240723,18.754456,0.7588582,4,-1,-1
608.2904,121.13664,38.264587,18.74002,0.754718,4,-1,-1
713.14056,169.7048,43.395752,19.734375,0.7541112,4,-1,-1
719.2115,192.00075,45.952576,21.875122,0.753875,4,-1,-1
503.26437,358.42746,59.77939,33.232513,0.7501049,4,-1,-1
565.5527,439.15533,70.78912,38.772095,0.7488787,4,-1,-1
460.8524,441.62982,77.77341,38.447815,0.748143,4,-1,-1
613.7062,103.973335,39.798767,17.992317,0.7457355,4,-1,-1
594.27496,228.80202,52.454895,25.60756,0.7425931,4,-1,-1
589.36316,246.03214,56.496094,27.565796,0.7421582,4,-1,-1
475.3282,418.43436,69.014404,35.390533,0.734769,4,-1,-1
701.00916,113.5428,40.08319,18.53627,0.7334452,4,-1,-1
398.42798,651.81744,111.65488,50.826355,0.73188317,4,-1,-1
443.72498,573.5219,85.653625,40.54773,0.7312861,4,-1,-1
606.09607,160.4177,45.07483,21.034164,0.73044825,4,-1,-1
748.5076,434.77814,79.22278,41.769257,0.7290339,4,-1,-1
593.14606,212.28201,49.152283,22.944275,0.72884345,4,-1,-1
568.8407,394.5025,69.13312,38.161896,0.72865665,4,-1,-1
705.4371,122.36616,38.782776,18.237679,0.72541857,4,-1,-1
608.26776,150.64911,44.23639,19.871109,0.72541577,4,-1,-1
504.1716,734.2441,106.925934,55.41559,0.7249411,4,-1,-1
543.91675,515.3412,89.104126,41.81714,0.72195107,4,-1,-1
878.05347,361.8966,41.41736,46.61435,0.71536845,4,-1,-1
741.24274,466.91418,88.21234,41.887207,0.7113276,4,-1,-1
302.56256,981.39246,156.79251,67.99988,0.7109129,4,-1,-1
567.1915,418.0321,70.035645,36.783875,0.7102583,4,-1,-1
761.07166,600.0434,102.48749,50.609985,0.70648825,4,-1,-1
604.9552,167.65816,46.222717,21.763351,0.69979113,4,-1,-1
715.085,177.73918,44.108215,19.855484,0.6980867,4,-1,-1
453.29782,488.25677,89.104645,42.928345,0.69666183,4,-1,-1
576.42834,294.85886,67.33191,34.052917,0.69390297,4,-1,-1
616.57904,85.14859,34.81012,16.415985,0.69328076,4,-1,-1
317.48663,375.4746,77.7995,36.949615,0.6914186,4,-1,-1
618.39197,94.63742,35.14386,17.22676,0.6896522,4,-1,-1
756.8734,565.0708,93.70453,49.068787,0.68773437,4,-1,-1
415.43243,333.54565,13.719147,27.889954,0.6875004,1,-1,-1
575.6036,357.96924,71.9314,35.26654,0.68534243,4,-1,-1
1066.7261,866.37726,103.24194,144.13739,0.677404,4,-1,-1
708.76825,131.85425,39.32715,17.797043,0.66878486,4,-1,-1
722.3214,200.53069,46.500916,21.917587,0.6681153,4,-1,-1
609.64215,112.58879,37.430542,17.600311,0.66642314,4,-1,-1
486.5571,840.4592,129.53128,67.12286,0.66349757,5,-1,-1
476.30997,905.5787,139.56052,66.14606,0.65462947,4,-1,-1
725.0029,226.17377,47.51062,22.264313,0.63275886,4,-1,-1
492.181,377.96326,70.38547,34.43924,0.62732637,4,-1,-1
485.72482,396.36096,73.64279,34.615417,0.626274,4,-1,-1
842.44495,35.86426,18.68573,17.657837,0.60511935,4,-1,-1
556.0288,461.48126,77.75427,41.076813,0.5901794,4,-1,-1
292.247,427.79388,78.8515,39.447083,0.58597136,4,-1,-1
600.8457,188.89798,43.934814,19.853683,0.5377332,4,-1,-1
766.50946,685.0224,101.698364,55.545715,0.532869,5,-1,-1
732.39905,300.5359,108.42273,52.941803,0.53036284,9,-1,-1
493.93777,775.9213,105.68173,51.93701,0.51816547,4,-1,-1
679.72437,38.688553,29.165405,16.744278,0.484193,5,-1,-1
476.57007,970.1332,134.41656,79.259155,0.48268485,5,-1,-1
477.75177,971.7866,133.4173,77.60571,0.4795295,4,-1,-1
795.11707,914.8338,164.58655,86.60663,0.47591013,4,-1,-1
919.04297,458.94598,45.464783,54.70764,0.46696678,4,-1,-1
702.14575,70.60595,25.891296,42.32836,0.4640648,9,-1,-1
25.343348,864.4421,142.7103,73.35297,0.45485345,4,-1,-1
348.35455,786.5001,137.41476,66.95526,0.45323288,4,-1,-1
767.9035,685.10876,99.71301,53.306152,0.44445798,4,-1,-1
731.13666,303.45547,96.95868,51.55951,0.4412889,5,-1,-1
714.33044,163.4105,44.288513,19.937592,0.4359231,4,-1,-1
941.8971,378.14465,14.375793,30.3844,0.42332837,1,-1,-1
242.33508,546.2705,93.74448,50.377197,0.41522336,4,-1,-1
896.17377,414.3983,50.920227,48.902588,0.41462085,4,-1,-1
730.4416,296.53662,83.286865,36.988403,0.40720966,5,-1,-1
501.29095,790.96124,118.65234,58.16101,0.3807808,4,-1,-1
821.276,68.765594,25.204529,30.556213,0.3805105,4,-1,-1
701.9969,74.40198,25.736816,38.636734,0.37934494,5,-1,-1
677.89557,72.16334,26.285828,25.814957,0.37760824,4,-1,-1
679.10834,40.353558,31.412598,17.576591,0.37723684,4,-1,-1
667.1078,134.66255,23.345581,21.295792,0.37559175,4,-1,-1
554.7732,459.441,80.03674,47.0744,0.35830712,5,-1,-1
790.93335,142.20355,23.523804,15.970474,0.35231912,10,-1,-1
726.15216,245.31285,50.932617,21.882278,0.3510195,4,-1,-1
701.28735,71.191055,27.915344,41.56624,0.3505444,6,-1,-1
486.85968,840.266,129.6643,68.37787,0.33907944,4,-1,-1
1029.9355,297.64612,43.714844,36.07132,0.32930106,10,-1,-1
730.4416,296.53662,83.286865,36.988403,0.3219301,4,-1,-1
476.67685,906.2981,141.0911,68.33972,0.3213462,5,-1,-1
803.09906,143.69713,11.957825,17.57788,0.32078558,1,-1,-1
1340.1262,163.94054,28.981934,21.04013,0.3094334,4,-1,-1
723.3835,377.43518,15.711548,37.244843,0.30530724,1,-1,-1
292.60367,426.1663,79.05029,42.191742,0.30511355,5,-1,-1
652.2152,49.869442,28.678833,15.464458,0.30129927,4,-1,-1
740.72284,400.92862,73.87378,43.511017,0.30077597,4,-1,-1
342.22028,881.7523,133.34006,76.67804,0.2988616,4,-1,-1
162.84915,669.4278,112.86374,61.92273,0.29785293,5,-1,-1
873.06055,9.905983,17.590698,13.489147,0.29773152,4,-1,-1
900.2129,429.5622,51.27942,45.291473,0.2958852,4,-1,-1
745.13416,415.51822,79.12616,39.488464,0.29491454,4,-1,-1
353.69803,792.83307,130.08344,58.019836,0.29424122,5,-1,-1
574.29913,358.92627,72.622986,36.178894,0.29005975,5,-1,-1
662.9775,71.58366,23.127808,22.38301,0.28761178,4,-1,-1
810.68195,243.31306,51.013428,39.13237,0.2862262,4,-1,-1
503.26437,358.42746,59.77939,33.232513,0.28524083,5,-1,-1
820.96356,68.86917,25.718567,30.82882,0.2834112,6,-1,-1
699.2393,82.80842,7.265808,13.738525,0.2772397,1,-1,-1
679.9415,76.17405,18.183472,17.32212,0.27693152,4,-1,-1
494.66495,376.51154,67.153534,35.220398,0.2715128,5,-1,-1
588.70013,256.44437,54.302917,23.018036,0.26978156,4,-1,-1
1038.094,295.87338,18.190308,22.530334,0.26257783,2,-1,-1
499.60342,784.1384,122.16489,65.54236,0.26090994,5,-1,-1
576.4675,296.4823,67.80243,31.790924,0.25374275,5,-1,-1
679.7219,39.7492,30.177551,16.997108,0.2484228,6,-1,-1
565.7959,433.79895,71.53717,39.68686,0.24748349,5,-1,-1
677.89557,72.16334,26.285828,25.814957,0.24726692,6,-1,-1
665.13776,76.67041,15.951721,16.061142,0.24702659,4,-1,-1
637.55145,0.0,25.529297,22.915396,0.24463436,4,-1,-1
927.47644,379.78632,14.753845,28.520233,0.24109209,1,-1,-1
715.4626,279.51447,10.446899,26.961273,0.23803958,1,-1,-1
738.4807,362.39197,12.22052,20.791412,0.23422143,1,-1,-1
490.03452,392.8595,70.03317,36.238037,0.23407981,5,-1,-1
607.89215,120.84142,38.539673,18.969917,0.23402876,5,-1,-1
455.86273,487.9366,86.9447,45.073517,0.23306978,5,-1,-1
592.10254,788.5699,34.513794,50.619446,0.23227876,4,-1,-1
689.474,46.091686,30.210083,16.28762,0.2306695,4,-1,-1
652.48157,73.60589,28.299683,20.968826,0.22843057,4,-1,-1
735.11444,302.9612,10.893372,23.26825,0.22641194,1,-1,-1
502.45584,779.0675,94.4379,46.764465,0.2236776,5,-1,-1
820.96356,68.86917,25.718567,30.82882,0.2224462,5,-1,-1
802.3182,142.81953,13.772583,16.182373,0.22190848,10,-1,-1
731.6764,303.7082,10.666138,22.347229,0.21997333,1,-1,-1
719.2115,192.00075,45.952576,21.875122,0.21902832,5,-1,-1
687.054,50.71802,34.044373,17.987827,0.21794075,4,-1,-1
503.64627,733.1271,107.48654,57.338074,0.21758434,5,-1,-1
447.76077,741.2483,45.172333,48.96234,0.21718854,4,-1,-1
318.12698,376.10886,76.63336,36.25592,0.21683174,5,-1,-1
732.39905,300.5359,108.42273,52.941803,0.21424684,6,-1,-1
565.82806,395.47092,71.28027,37.787292,0.21423003,5,-1,-1
783.1637,779.0916,122.52362,74.25867,0.21388912,5,-1,-1
843.57764,283.29123,48.542236,52.767212,0.213577,4,-1,-1
674.9771,73.09154,26.275208,24.52623,0.21148664,5,-1,-1
739.7042,465.27792,90.217834,44.430664,0.21015841,5,-1,-1
25.343348,864.4421,142.7103,73.35297,0.20963418,5,-1,-1
884.9227,399.57126,47.34729,45.4234,0.20929527,4,-1,-1
485.31448,840.527,130.15805,66.1048,0.20814022,6,-1,-1
805.0817,161.22063,18.462708,16.16809,0.20671073,10,-1,-1
608.32495,149.1869,44.7334,20.402466,0.20636827,5,-1,-1
392.62723,721.2545,108.17404,69.52881,0.20614135,4,-1,-1
1034.6873,297.98242,30.382935,32.02234,0.20550588,2,-1,-1
746.7109,434.75906,82.153076,42.24637,0.2049635,5,-1,-1
570.5456,377.81232,70.8537,35.43289,0.20483765,5,-1,-1
912.3737,437.9269,46.77478,45.802094,0.19954288,4,-1,-1
609.90234,112.1473,37.231934,18.407509,0.19247538,5,-1,-1
618.7327,93.96603,34.85559,18.053253,0.19231966,5,-1,-1
1340.1262,163.94054,28.981934,21.04013,0.19054097,5,-1,-1
616.7955,84.41796,35.049316,18.082558,0.19024205,5,-1,-1
873.28723,9.944639,17.18396,13.175121,0.19002119,10,-1,-1
878.05347,361.8966,41.41736,46.61435,0.18973827,5,-1,-1
603.8538,179.35918,42.61914,20.713516,0.1892854,5,-1,-1
644.8432,53.95808,33.361694,15.115238,0.18849441,4,-1,-1
702.7682,73.663864,24.615051,39.668945,0.18802255,4,-1,-1
609.40393,130.11882,40.04138,20.449997,0.18690282,5,-1,-1
461.68988,441.0242,76.57324,37.216644,0.18665454,5,-1,-1
804.58453,154.62251,11.599304,16.062393,0.18657976,1,-1,-1
862.06165,84.61366,8.221619,13.005623,0.18537053,1,-1,-1
917.69763,457.79486,46.66754,55.80139,0.18478972,5,-1,-1
788.74207,141.63762,26.699097,17.740738,0.18354696,4,-1,-1
588.4805,246.26227,57.933716,28.45694,0.18339947,5,-1,-1
608.2717,142.53995,42.103027,19.280258,0.1807431,5,-1,-1
449.28882,512.4754,81.66278,43.92273,0.18019891,5,-1,-1
625.70636,22.47561,25.83191,30.79687,0.17941785,6,-1,-1
605.56464,160.87154,46.431885,21.696487,0.17904687,5,-1,-1
630.00946,77.8414,36.112244,18.601868,0.17689225,4,-1,-1
751.8518,497.5794,78.661804,41.79712,0.17643109,5,-1,-1
548.7904,505.22165,87.07947,47.318634,0.17628989,5,-1,-1
402.8812,606.775,109.18332,50.087646,0.17416137,5,-1,-1
798.7144,141.49164,15.020691,16.50241,0.17399347,1,-1,-1
688.5696,45.488373,31.341675,18.636574,0.17373484,5,-1,-1
395.43,649.9365,115.6991,54.21942,0.1704596,5,-1,-1
670.7447,66.39252,36.414795,32.842712,0.16991752,9,-1,-1
316.2376,566.8638,18.542603,29.13861,0.16948512,1,-1,-1
734.0338,292.8646,63.433044,29.091217,0.1685676,4,-1,-1
668.3552,64.41826,42.571228,36.017868,0.16760233,6,-1,-1
475.32935,417.9623,69.94403,36.253143,0.16728136,5,-1,-1
702.93616,115.9422,41.304443,20.258453,0.1670942,5,-1,-1
1044.4462,300.09308,13.716064,16.840088,0.16693392,2,-1,-1
614.5511,103.05604,39.408325,19.379784,0.16688779,5,-1,-1
605.14453,167.87119,45.641846,21.760117,0.16633233,5,-1,-1
807.4347,159.92357,15.676331,16.62967,0.16510448,1,-1,-1
809.31165,64.64059,41.610657,40.37628,0.16362712,6,-1,-1
637.1954,0.0,26.538757,23.664032,0.1634633,6,-1,-1
804.91516,149.1308,9.766602,16.301025,0.16206792,1,-1,-1
731.3951,309.11932,95.03552,44.98407,0.16166303,4,-1,-1
544.522,515.3374,89.10156,40.64624,0.16040528,1,-1,-1
839.9519,0.0,14.61377,15.426593,0.15999633,4,-1,-1
839.9519,0.0,14.61377,15.426593,0.15727258,10,-1,-1
687.054,50.71802,34.044373,17.987827,0.15527567,6,-1,-1
909.28296,447.7939,42.613403,26.820831,0.15470892,4,-1,-1
804.2869,153.768,13.766357,15.622635,0.15447536,10,-1,-1
723.08026,232.14053,51.94348,25.38913,0.15446219,5,-1,-1
820.8256,68.62296,25.689026,31.421066,0.15419677,9,-1,-1
344.7676,666.28656,18.844696,36.0224,0.15372601,1,-1,-1
808.0647,167.81067,21.743591,25.66745,0.15230519,10,-1,-1
802.3558,943.85956,150.52399,83.72809,0.15170646,4,-1,-1
803.4984,143.68521,11.435669,17.92923,0.15136662,2,-1,-1
807.4347,159.92357,15.676331,16.62967,0.15093392,2,-1,-1
728.824,306.99997,10.309998,20.70816,0.15073511,1,-1,-1
1027.6079,296.70148,44.06079,37.32309,0.14911559,4,-1,-1
842.44495,35.86426,18.68573,17.657837,0.1484397,5,-1,-1
730.8985,295.14606,79.33789,39.382355,0.14822462,9,-1,-1
698.59143,86.485855,8.586243,13.978142,0.14783043,1,-1,-1
637.9748,0.0,24.482239,23.02988,0.14695418,5,-1,-1
596.9439,193.1373,48.872437,23.139328,0.14657861,5,-1,-1
346.4625,843.6589,135.48947,74.65076,0.14598104,5,-1,-1
1067.954,865.97345,104.03882,145.61816,0.14486468,1,-1,-1
756.8734,565.0708,93.70453,49.068787,0.14420137,5,-1,-1
769.8622,555.9199,80.41614,40.44934,0.1441732,4,-1,-1
728.05444,301.72974,51.458435,24.07132,0.14392811,4,-1,-1
323.0584,396.68304,74.35596,41.204895,0.14392713,5,-1,-1
679.10834,40.353558,31.412598,17.576591,0.14313087,9,-1,-1
805.929,142.71504,7.8258057,14.505463,0.14273879,1,-1,-1
594.5325,229.31859,52.209106,25.497513,0.1423428,5,-1,-1
263.80554,499.94083,90.74066,43.85031,0.14192766,5,-1,-1
752.312,498.7528,79.32495,39.986816,0.14029232,1,-1,-1
450.0877,778.1203,159.62164,77.27252,0.13984728,4,-1,-1
713.26984,174.89606,42.521667,20.662033,0.1396952,5,-1,-1
529.0455,389.3444,75.027466,37.263702,0.13962221,4,-1,-1
767.5655,730.2047,111.527405,56.728943,0.1392228,5,-1,-1
806.8925,159.64888,22.286621,24.743622,0.13901016,10,-1,-1
1002.7109,669.30963,66.2171,89.326355,0.13874906,10,-1,-1
849.2525,945.2523,102.07672,40.835205,0.13865918,4,-1,-1
708.76825,131.85425,39.32715,17.797043,0.13745123,5,-1,-1
665.85486,68.88992,14.002441,16.05349,0.13719961,4,-1,-1
802.07495,159.42154,22.814148,23.655045,0.13675663,4,-1,-1
726.98035,275.37387,11.31012,24.575073,0.13651714,1,-1,-1
386.10873,692.15515,115.68692,60.46765,0.13628146,1,-1,-1
374.8981,767.4786,115.46338,71.1358,0.13620043,4,-1,-1
555.9639,787.74005,72.93848,49.48474,0.13521206,4,-1,-1
930.6884,374.78848,25.701355,39.517273,0.13496408,1,-1,-1
804.28827,920.713,149.88318,70.803894,0.13481891,5,-1,-1
668.1385,57.9352,45.27185,24.081562,0.13461408,4,-1,-1
592.90045,210.77278,49.357483,25.370865,0.13427836,5,-1,-1
567.1915,418.0321,70.035645,36.783875,0.13420811,5,-1,-1
309.27905,415.02243,80.40817,39.002655,0.13384476,4,-1,-1
689.474,46.091686,30.210083,16.28762,0.13340214,6,-1,-1
757.47516,531.02185,91.705444,47.42273,0.13332292,5,-1,-1
676.6208,168.83997,16.10608,19.45195,0.13297433,1,-1,-1
897.41766,458.6592,52.95996,55.82016,0.13253686,4,-1,-1
533.37823,575.4203,98.937744,48.733154,0.13252416,5,-1,-1
822.18524,250.33409,40.481873,47.539017,0.13250381,4,-1,-1
728.2581,217.90445,47.47632,22.068588,0.13166863,4,-1,-1
438.49072,542.7354,92.19623,47.856445,0.13125762,5,-1,-1
1034.1552,294.44904,26.203003,27.302368,0.1305342,10,-1,-1
449.2632,515.5284,81.84366,42.073364,0.1303831,1,-1,-1
508.13052,643.4757,122.02084,58.54242,0.13036925,5,-1,-1
740.72284,400.92862,73.87378,43.511017,0.13026503,5,-1,-1
726.59357,253.69012,56.586304,26.901703,0.1301702,5,-1,-1
767.0153,684.1338,101.94946,57.362915,0.1300596,6,-1,-1
313.3564,401.81448,83.42618,38.316742,0.12968361,1,-1,-1
511.0484,689.41003,109.44989,58.89911,0.12932122,5,-1,-1
801.763,148.4412,18.95221,24.456757,0.12852752,10,-1,-1
1042.5093,303.1063,20.544556,22.939697,0.12845346,2,-1,-1
851.7809,299.56262,33.361084,36.942413,0.1283921,4,-1,-1
659.5039,52.273308,56.2229,41.215233,0.12822613,9,-1,-1
462.2339,463.33026,81.001526,41.02304,0.12792996,5,-1,-1
714.2907,136.38013,43.32782,21.148941,0.12757099,4,-1,-1
439.56418,569.6109,88.073944,45.179016,0.12751517,5,-1,-1
636.45294,0.0,28.15857,24.161352,0.12719882,9,-1,-1
802.792,165.8607,23.812683,27.65007,0.12692168,4,-1,-1
736.8118,364.7749,13.837036,33.31006,0.12655064,1,-1,-1
263.4427,500.87924,91.56683,43.157013,0.12619025,10,-1,-1
812.0628,175.71004,12.605103,16.792068,0.12608814,1,-1,-1
724.13385,211.08656,46.90503,24.597565,0.12596408,5,-1,-1
795.7362,140.32664,24.375366,22.479813,0.12517464,10,-1,-1
627.1281,25.95304,22.578857,30.096228,0.12403229,5,-1,-1
657.7258,52.62288,29.374756,17.0252,0.12386286,4,-1,-1
651.6324,50.00642,30.15979,16.327747,0.12347314,5,-1,-1
626.78973,26.810642,23.193787,29.162415,0.12346086,4,-1,-1
762.6153,401.59027,78.06372,37.092224,0.12327868,4,-1,-1
810.7766,164.46088,13.373169,14.853348,0.123247474,2,-1,-1
1027.6079,296.70148,44.06079,37.32309,0.12317699,7,-1,-1
660.3688,53.474514,54.973206,34.950512,0.12298751,6,-1,-1
859.6954,0.0,15.502136,6.9566774,0.1229462,4,-1,-1
429.42734,703.03375,135.39883,68.391785,0.122592896,4,-1,-1
708.78534,142.25551,42.32074,19.592789,0.122155696,10,-1,-1
704.6136,104.521805,35.9068,20.683647,0.12207621,4,-1,-1
677.0264,62.217983,32.479492,26.263775,0.12198809,4,-1,-1
725.0029,226.17377,47.51062,22.264313,0.1217708,5,-1,-1
860.1936,86.3444,8.570618,14.04023,0.12152794,1,-1,-1
709.0708,141.1905,41.736694,21.209259,0.12145245,5,-1,-1
247.52289,554.13513,89.095856,44.91101,0.12055498,5,-1,-1
654.66327,41.00346,38.065002,19.386642,0.12030825,4,-1,-1
292.247,427.79388,78.8515,39.447083,0.11990538,6,-1,-1
825.19714,276.96692,54.9339,56.961426,0.11977184,4,-1,-1
1313.2703,169.42174,28.187866,15.858063,0.11976737,10,-1,-1
639.5974,6.4630113,17.417053,16.492144,0.11970848,4,-1,-1
812.0628,175.71004,12.605103,16.792068,0.119401455,2,-1,-1
786.9826,149.80704,29.320251,19.776596,0.119396925,10,-1,-1
662.9775,71.58366,23.127808,22.38301,0.119262815,5,-1,-1
786.6748,146.66124,29.451843,23.813293,0.11917588,4,-1,-1
905.9166,400.7729,60.288452,44.282288,0.11915967,4,-1,-1
699.00757,83.11006,7.798462,13.123367,0.11909607,2,-1,-1
537.16956,542.7645,97.93646,46.195312,0.11899114,5,-1,-1
553.23895,490.01233,84.139465,40.00171,0.118534654,1,-1,-1
585.7859,282.0849,58.33539,28.108704,0.118261576,5,-1,-1
799.85876,842.67773,130.52997,73.45288,0.118141234,1,-1,-1
25.146975,864.43036,146.93323,73.927124,0.117681175,6,-1,-1
703.0833,61.278866,21.70282,31.512821,0.11725247,9,-1,-1
677.0264,62.217983,32.479492,26.263775,0.11722952,6,-1,-1
807.3505,155.55392,12.441711,16.707932,0.11683476,2,-1,-1
826.2933,999.2769,27.810547,40.919006,0.11631483,1,-1,-1
553.38495,461.9022,81.542114,42.92093,0.11518031,6,-1,-1
1041.1803,304.05267,14.106567,16.949188,0.114061564,2,-1,-1
731.7113,277.6342,9.749451,22.72467,0.11339554,1,-1,-1
841.12866,0.0,14.03064,8.109436,0.11325395,10,-1,-1
641.9421,75.212204,30.317505,18.069107,0.11312801,4,-1,-1
674.1999,81.30322,25.73883,17.423073,0.1130991,4,-1,-1
487.65213,842.40894,127.22049,65.053955,0.11173439,8,-1,-1
315.24078,566.5534,19.904633,29.797607,0.11133999,10,-1,-1
609.47455,54.16108,31.640564,15.963097,0.11122388,5,-1,-1
841.12866,0.0,14.03064,8.109436,0.11119044,4,-1,-1
332.46124,909.1358,144.52887,73.94513,0.1108138,5,-1,-1
668.3552,64.41826,42.571228,36.017868,0.11079928,4,-1,-1
604.9448,136.41751,41.880188,19.202896,0.11053762,4,-1,-1
906.17377,419.03842,53.993164,36.179047,0.11046797,4,-1,-1
730.83984,311.1284,10.462036,20.10553,0.10939732,1,-1,-1
434.15082,741.24567,58.8627,49.297424,0.10903111,5,-1,-1
518.84546,609.7802,103.98566,47.451538,0.10884857,5,-1,-1
726.84735,388.72205,10.172363,27.08905,0.10753608,1,-1,-1
805.20514,155.36554,10.429749,14.673065,0.1074121,2,-1,-1
478.22467,905.78516,137.95361,69.26373,0.10686347,6,-1,-1
721.8801,277.19482,9.794006,25.267914,0.10676938,1,-1,-1
1073.9541,865.9635,94.96045,145.46698,0.10660073,10,-1,-1
839.2563,3.4886565,9.500793,13.209206,0.10646957,1,-1,-1
765.2271,729.5196,114.12506,57.906616,0.10578969,1,-1,-1
797.1757,142.2712,17.29596,15.733383,0.10528836,2,-1,-1
745.9771,415.5198,76.60663,39.792755,0.10523033,5,-1,-1
695.9669,64.560394,18.893982,18.496689,0.10518211,4,-1,-1
763.2521,558.545,84.525024,44.555298,0.105180085,1,-1,-1
703.0833,61.278866,21.70282,31.512821,0.10471758,6,-1,-1
668.3552,64.41826,42.571228,36.017868,0.104402006,5,-1,-1
730.4416,296.53662,83.286865,36.988403,0.10391757,6,-1,-1
715.6898,148.17055,42.622314,19.736221,0.10389653,4,-1,-1
699.2393,82.80842,7.265808,13.738525,0.10373652,10,-1,-1
701.00916,113.5428,40.08319,18.53627,0.103122294,10,-1,-1
317.48663,375.4746,77.7995,36.949615,0.10303852,1,-1,-1
798.9534,146.97647,14.874817,18.725937,0.102678865,1,-1,-1
678.03204,73.65374,25.641296,22.741043,0.10220677,9,-1,-1
511.50336,690.9017,108.815674,57.25006,0.10214892,1,-1,-1
679.98627,272.43192,10.089539,23.585846,0.10190949,1,-1,-1
675.1894,168.73828,22.484314,22.195007,0.10189113,10,-1,-1
455.56488,781.64575,145.02588,70.11438,0.10163021,6,-1,-1
700.6532,53.061253,22.112427,17.219936,0.10155997,4,-1,-1
897.72064,425.57996,42.428467,29.210083,0.10145128,4,-1,-1
738.9629,363.33932,12.995056,19.18689,0.101392716,2,-1,-1
565.5527,439.15533,70.78912,38.772095,0.101326495,1,-1,-1
698.9536,72.40215,8.302002,17.588837,0.10116616,1,-1,-1
840.1323,0.0,15.755249,13.800351,0.1011205,1,-1,-1
322.766,567.0312,11.432617,23.056213,0.100777626,1,-1,-1
722.4977,199.96141,46.902283,22.193237,0.10068971,5,-1,-1
809.31165,64.64059,41.610657,40.37628,0.10040498,4,-1,-1
862.0317,411.16077,59.40027,48.889587,0.100354195,4,-1,-1
876.1454,10.778211,13.322266,12.655513,0.10002822,2,-1,-1
631.95105,72.4504,28.689453,19.772598,0.09975952,4,-1,-1
828.3162,81.76706,18.571655,16.076164,0.099738985,4,-1,-1
349.8449,845.066,131.19128,70.81592,0.09944448,1,-1,-1
625.7113,22.164454,25.789246,31.88278,0.09922713,9,-1,-1
650.8745,70.632355,45.565857,27.266571,0.09912273,4,-1,-1
475.4437,971.4294,134.8204,77.96295,0.099068016,6,-1,-1
808.1445,161.56107,18.76001,17.076614,0.09885308,4,-1,-1
812.0628,175.71004,12.605103,16.792068,0.09869677,10,-1,-1
810.7766,164.46088,13.373169,14.853348,0.09852269,1,-1,-1
630.73065,45.34898,6.3250732,12.344677,0.09834665,1,-1,-1
799.5743,843.13513,129.88953,73.61737,0.09833971,10,-1,-1
751.4215,296.4108,51.282288,20.939728,0.098075986,4,-1,-1
873.63654,10.520364,17.464172,13.134089,0.09804344,1,-1,-1
838.7165,2.1038718,10.749939,14.701759,0.09782368,10,-1,-1
665.13776,76.67041,15.951721,16.061142,0.09761807,5,-1,-1
766.50946,685.0224,101.698364,55.545715,0.09695327,8,-1,-1
807.3828,145.33197,10.005127,15.069794,0.096883744,1,-1,-1
713.3528,164.2796,43.94568,20.371964,0.096673936,5,-1,-1
413.723,578.04443,104.20694,52.38263,0.09662333,4,-1,-1
475.67938,418.52167,68.2395,35.425415,0.09659836,1,-1,-1
695.02936,83.075714,7.491333,15.243126,0.0965381,1,-1,-1
747.3691,434.70724,79.94177,42.052155,0.09648362,1,-1,-1
786.73926,159.26517,36.81897,19.26242,0.09646636,4,-1,-1
725.26855,305.3965,20.845459,22.263885,0.09642136,1,-1,-1
704.07513,88.50634,20.95227,23.072647,0.09636146,5,-1,-1
637.1686,44.244434,6.531372,13.192017,0.0963527,1,-1,-1
927.69904,375.28693,31.003052,40.89972,0.096072525,4,-1,-1
652.48157,73.60589,28.299683,20.968826,0.09604776,5,-1,-1
1031.7052,50.835957,11.698242,25.08199,0.09595677,1,-1,-1
899.5823,403.92365,41.33606,34.78195,0.09590128,4,-1,-1
264.01624,500.26456,90.91843,43.755768,0.09586534,1,-1,-1
399.4029,652.00214,110.19098,51.06549,0.09585181,1,-1,-1
824.6526,242.91656,31.792542,31.91745,0.09579486,4,-1,-1
917.69763,457.79486,46.66754,55.80139,0.095668465,6,-1,-1
760.79724,527.8598,90.488525,44.233704,0.0955967,1,-1,-1
554.6923,489.78717,82.553955,41.145386,0.09557676,5,-1,-1
1029.1515,288.0812,29.94043,35.434357,0.09557617,2,-1,-1
461.18823,441.7414,75.78357,37.472107,0.09544289,1,-1,-1
929.26105,380.9084,12.098572,23.746552,0.09529552,2,-1,-1
302.337,981.61786,158.0116,67.774475,0.095092416,5,-1,-1
24.161983,863.9997,147.85118,74.351135,0.09506771,10,-1,-1
662.4393,78.79433,32.86725,20.608727,0.094364434,4,-1,-1
666.42664,53.582737,37.955017,17.714115,0.09423226,4,-1,-1
930.7447,381.24258,9.373779,20.599274,0.09402564,1,-1,-1
660.91327,47.570877,23.822266,15.387947,0.09399298,4,-1,-1
659.9146,81.57658,19.595215,12.753944,0.09395409,4,-1,-1
811.2527,167.94347,14.018921,17.221344,0.09382358,2,-1,-1
1039.2191,301.32315,26.786987,26.99945,0.09377515,10,-1,-1
880.40155,362.40326,30.85315,43.22592,0.09360516,1,-1,-1
1042.2141,296.30963,12.103394,16.476837,0.09360039,2,-1,-1
895.5689,414.55023,52.383118,48.05478,0.09329459,5,-1,-1
620.5049,72.68858,33.55017,22.357483,0.0931561,4,-1,-1
890.48254,314.07706,11.869934,17.609528,0.09312105,1,-1,-1
1027.6079,296.70148,44.06079,37.32309,0.093027025,8,-1,-1
807.7846,922.2263,148.33612,69.66785,0.092924654,10,-1,-1
438.71317,732.7458,73.1781,61.586975,0.09279099,4,-1,-1
833.21265,0.0,25.902527,17.995161,0.09273577,4,-1,-1
921.4306,451.89072,33.73224,31.251068,0.09226909,4,-1,-1
661.4702,72.58139,17.169678,15.5078125,0.092220634,4,-1,-1
700.82623,46.990807,21.140503,13.788631,0.0921289,4,-1,-1
504.79752,777.0631,94.812164,50.019104,0.09208578,10,-1,-1
1048.7484,301.01187,13.304932,16.688477,0.09192687,2,-1,-1
664.8725,74.40294,16.658691,17.831406,0.09191552,1,-1,-1
585.43805,267.39648,59.986206,27.37091,0.09188405,5,-1,-1
566.38385,418.5838,69.949524,36.489075,0.09163526,1,-1,-1
804.8609,171.05727,31.331604,27.189896,0.09150699,4,-1,-1
861.5534,84.61326,8.624084,13.258125,0.091391146,10,-1,-1
348.35455,786.5001,137.41476,66.95526,0.09117666,6,-1,-1
248.96396,554.8759,88.5141,43.40979,0.09115517,8,-1,-1
691.3835,68.67353,25.159546,29.651459,0.09083018,6,-1,-1
620.60016,19.595932,31.74408,27.41119,0.09077406,4,-1,-1
805.7604,175.08636,28.559631,23.082108,0.09046447,10,-1,-1
537.2044,543.20306,97.66882,44.889343,0.09039283,1,-1,-1
850.7751,417.30008,53.72473,52.522583,0.09035897,4,-1,-1
492.8153,775.19714,109.421936,54.867798,0.09029055,1,-1,-1
653.2606,26.378948,21.502808,15.684223,0.090096295,4,-1,-1
575.4496,356.94174,71.746216,38.38565,0.090055615,6,-1,-1
730.04443,303.14505,28.005005,23.974823,0.089763135,1,-1,-1
816.9955,68.46905,31.202393,31.714806,0.0897581,8,-1,-1
1037.3241,295.00717,19.859375,24.804626,0.08932665,1,-1,-1
770.3879,137.00507,35.726135,18.52266,0.08922136,4,-1,-1
861.9722,84.8881,8.153931,12.299446,0.08918202,2,-1,-1
555.87244,461.9521,77.75513,40.79196,0.08901903,1,-1,-1
765.2436,730.135,114.59253,58.46216,0.088979006,10,-1,-1
686.09064,51.43329,35.228638,18.053535,0.088604,5,-1,-1
856.4965,83.88011,10.842957,17.70015,0.088086426,1,-1,-1
718.32825,157.13614,43.356995,19.422012,0.08804417,4,-1,-1
923.1783,382.23624,15.168823,23.741058,0.08793563,1,-1,-1
602.8578,97.56311,36.51776,19.026459,0.08788636,4,-1,-1
436.57562,741.42035,56.16263,50.02826,0.0877994,8,-1,-1
709.0714,132.89183,40.03784,18.048935,0.0876998,10,-1,-1
796.9251,149.95407,26.379517,27.017136,0.087677926,4,-1,-1
857.71936,84.70637,10.841187,15.197922,0.08756685,10,-1,-1
686.5575,37.900284,26.72876,15.593506,0.08752316,4,-1,-1
662.9775,71.58366,23.127808,22.38301,0.08752215,6,-1,-1
436.57562,741.42035,56.16263,50.02826,0.08749083,7,-1,-1
728.79016,301.17462,50.285217,28.685822,0.087370485,5,-1,-1
737.3981,365.187,9.369812,16.361145,0.08728284,1,-1,-1
342.22028,881.7523,133.34006,76.67804,0.08713862,5,-1,-1
675.038,43.062897,31.580017,16.870228,0.08711931,5,-1,-1
789.9909,142.50883,24.942444,15.142044,0.08705136,3,-1,-1
800.89545,142.32932,15.678284,16.989914,0.08687416,3,-1,-1
805.77014,159.24495,9.418213,14.542419,0.08686486,1,-1,-1
443.72498,573.5219,85.653625,40.54773,0.08672202,1,-1,-1
502.45093,358.82095,60.2771,33.36792,0.08670008,1,-1,-1
833.56396,246.41951,29.133667,35.822037,0.08663958,4,-1,-1
