1040.6615,592.5335,29.100952,23.418396,0.54632384,10,-1,-1
912.7755,387.54648,27.923523,21.070648,0.32396275,10,-1,-1
1052.8595,557.7483,28.466309,24.057251,0.30178678,1,-1,-1
806.5205,227.50256,30.483215,23.668182,0.296826,10,-1,-1
1081.376,658.0805,26.99121,22.602295,0.29191864,1,-1,-1
1104.2136,683.7177,27.252441,24.180542,0.2724316,1,-1,-1
803.6667,228.35634,31.369995,23.120514,0.24552009,3,-1,-1
1088.5518,684.9612,29.146729,23.201965,0.17935947,1,-1,-1
913.2449,387.59137,28.444153,21.60733,0.17865795,2,-1,-1
1040.6531,592.4166,28.694336,23.726624,0.17072359,8,-1,-1
1040.6615,592.5335,29.100952,23.418396,0.14712659,1,-1,-1
832.7057,57.567726,19.593018,34.564636,0.11928916,1,-1,-1
17.584364,231.162,26.587282,24.462082,0.11644235,1,-1,-1
1088.5518,684.9612,29.146729,23.201965,0.10545704,10,-1,-1
756.8965,383.25604,29.259888,21.998962,0.102059394,10,-1,-1
1084.6929,673.1905,24.17395,25.68512,0.10128489,1,-1,-1
810.52606,45.197025,16.906555,32.93781,0.10060972,1,-1,-1
810.9431,226.70146,27.483032,24.628204,0.09991187,2,-1,-1
1040.6531,592.4166,28.694336,23.726624,0.09941587,2,-1,-1
1088.5518,684.9612,29.146729,23.201965,0.096015245,2,-1,-1
1113.6503,467.17596,18.206665,34.845215,0.09498796,10,-1,-1
1203.5336,639.4225,23.957031,23.899292,0.09377581,1,-1,-1
737.8291,0.46851286,25.150269,25.751892,0.0925957,1,-1,-1
810.9431,226.70146,27.483032,24.628204,0.08487713,1,-1,-1
1102.1625,683.8694,28.89441,23.639221,0.08432415,2,-1,-1
1041.3345,510.47174,46.00232,31.962524,0.08364537,1,-1,-1
816.61475,43.89585,18.558228,33.51087,0.081872076,1,-1,-1
698.3877,0.043353744,38.812927,17.809896,0.08037463,10,-1,-1
764.3524,424.86157,35.82318,22.903473,0.077947915,10,-1,-1
1102.1625,683.8694,28.89441,23.639221,0.07784292,10,-1,-1
1193.0089,645.0457,25.146973,25.292297,0.075923115,1,-1,-1
818.3339,225.18137,23.431885,27.139572,0.07444286,10,-1,-1
771.8547,6.733517,22.14972,26.6213,0.07430145,10,-1,-1
1176.1112,650.60706,24.430176,24.8656,0.07238281,1,-1,-1
1113.6503,467.17596,18.206665,34.845215,0.071900934,1,-1,-1
1017.3357,563.65674,25.548828,21.87262,0.071716845,1,-1,-1
1182.987,649.293,26.484009,24.126282,0.07080948,1,-1,-1
829.6759,70.65032,27.390991,25.77491,0.068617076,1,-1,-1
1040.6531,592.4166,28.694336,23.726624,0.06444073,7,-1,-1
815.2951,225.75194,23.889038,27.501373,0.060025334,3,-1,-1
826.18463,47.88008,20.022034,35.34384,0.06000179,1,-1,-1
1178.212,657.1021,19.51233,30.553528,0.059941918,1,-1,-1
1092.0079,673.60864,22.85852,28.96167,0.058526784,1,-1,-1
1174.9794,681.4673,25.47461,25.092163,0.058512837,1,-1,-1
1013.8391,226.00597,19.246826,32.14189,0.058275044,1,-1,-1
1167.3333,686.6308,22.465698,25.20935,0.057723045,1,-1,-1
800.41266,227.8111,26.128357,26.903671,0.05754462,1,-1,-1
901.1221,299.85516,22.098877,26.036224,0.056849122,1,-1,-1
737.8291,0.46851286,25.150269,25.751892,0.055828154,10,-1,-1
769.61005,6.058838,22.993652,26.833042,0.055039793,1,-1,-1
913.2449,387.59137,28.444153,21.60733,0.054914474,1,-1,-1
1051.3752,560.5149,31.450562,22.714355,0.054395586,3,-1,-1
794.7195,226.76086,28.056519,26.894638,0.054246306,3,-1,-1
815.89716,41.181393,22.192078,28.47005,0.054179728,10,-1,-1
1040.6531,592.4166,28.694336,23.726624,0.051865876,3,-1,-1
817.48035,53.975174,23.246155,28.797768,0.051050603,1,-1,-1
816.5307,37.047073,24.617554,22.636486,0.050526768,1,-1,-1
810.7464,46.266132,17.874207,32.026325,0.05020982,10,-1,-1
