228.18547,685.0802,50.517807,85.36188,0.9415133,4,-1,-1
485.04156,703.15094,41.77838,85.979614,0.9350252,4,-1,-1
428.53284,717.7913,42.11313,84.73529,0.93367594,4,-1,-1
383.42987,694.101,46.474518,85.38989,0.9199102,4,-1,-1
617.30475,102.7756,33.1192,57.721672,0.91135085,4,-1,-1
506.97348,100.33495,30.518524,54.582848,0.9085457,4,-1,-1
1001.1493,662.3996,71.06067,61.421448,0.90442944,4,-1,-1
1032.0823,419.8506,65.09851,54.765198,0.9015668,4,-1,-1
846.8386,250.67183,60.11206,50.38469,0.88854057,4,-1,-1
963.691,343.05222,65.20001,53.362915,0.8851378,4,-1,-1
1118.9708,506.86603,69.7262,64.61792,0.8786414,4,-1,-1
1001.7712,66.84781,36.12848,49.095955,0.86374617,4,-1,-1
675.4816,287.80737,61.00006,44.173645,0.8376522,4,-1,-1
665.0621,265.88074,54.418213,47.778168,0.8002027,4,-1,-1
437.98343,106.126236,35.41028,51.549377,0.79294705,4,-1,-1
986.01373,370.25607,62.70453,57.02884,0.7877083,4,-1,-1
957.4182,590.2242,60.82959,64.12482,0.7827094,4,-1,-1
1062.8519,451.09628,68.18335,63.368866,0.76910114,4,-1,-1
981.4286,621.5923,69.74109,62.897217,0.76386,4,-1,-1
1068.6663,65.31256,38.31189,50.447556,0.7455948,4,-1,-1
0.0,686.752,43.48261,88.2229,0.7371114,4,-1,-1
179.88962,585.3059,22.251114,31.42688,0.72403604,10,-1,-1
27.347155,107.046135,45.794937,61.05909,0.6956939,4,-1,-1
1038.8799,63.451748,33.81299,48.170902,0.65588284,4,-1,-1
63.91153,113.50804,42.648712,55.65367,0.6492709,4,-1,-1
908.76385,307.93884,67.10376,41.219177,0.5541603,4,-1,-1
375.22714,592.0738,20.414001,48.69519,0.5266741,10,-1,-1
1128.3892,249.10712,13.293823,17.55722,0.524564,1,-1,-1
740.70374,826.5717,28.058655,19.307312,0.49865198,10,-1,-1
1271.9357,175.18407,11.957275,13.741425,0.45931402,10,-1,-1
1062.4247,146.9077,24.800049,32.462875,0.44169912,10,-1,-1
1253.1073,204.01799,27.934937,14.308365,0.42701435,4,-1,-1
364.59787,119.467575,19.439728,25.11168,0.42688823,10,-1,-1
800.1031,711.34674,26.77887,28.11914,0.41788346,10,-1,-1
1291.6064,55.698914,16.017212,17.193344,0.40499526,10,-1,-1
1279.5615,56.443325,14.880615,16.221195,0.39625695,10,-1,-1
330.20694,105.70451,16.567139,27.618805,0.37426257,1,-1,-1
667.2622,240.40355,13.780212,31.720047,0.3736696,10,-1,-1
724.82806,332.8688,51.185547,43.064636,0.3561419,4,-1,-1
555.0153,156.50893,10.960632,16.057068,0.33731285,1,-1,-1
506.97348,100.33495,30.518524,54.582848,0.3097613,1,-1,-1
63.65664,113.607155,42.92859,55.38938,0.30793697,5,-1,-1
237.6696,105.727165,47.766373,57.966988,0.29191893,6,-1,-1
546.08594,97.26231,14.46637,19.480156,0.2821512,10,-1,-1
546.5866,96.36092,12.350891,15.365837,0.28179768,2,-1,-1
954.9531,340.7681,29.220093,24.204987,0.27746147,3,-1,-1
27.08437,108.14116,44.852398,59.333893,0.2703659,5,-1,-1
237.6696,105.727165,47.766373,57.966988,0.27015013,5,-1,-1
351.5758,113.03661,13.661438,16.178825,0.2699291,2,-1,-1
746.71454,332.89053,29.024902,37.504883,0.26797026,4,-1,-1
366.86014,120.94963,16.046234,21.460129,0.25697148,2,-1,-1
1038.7871,63.938587,33.779297,47.959476,0.25137842,5,-1,-1
330.27048,105.54825,16.3768,27.928574,0.24812019,10,-1,-1
238.0317,105.37456,49.338333,59.827667,0.24308375,4,-1,-1
1311.4622,56.750843,14.743652,17.692501,0.23999974,10,-1,-1
406.9833,102.409996,24.118805,18.440262,0.23742446,10,-1,-1
351.9058,115.12478,13.37442,14.633797,0.23489153,10,-1,-1
582.1024,110.68772,14.025513,24.287743,0.23417401,10,-1,-1
981.3636,621.82306,70.058655,62.487244,0.23120901,5,-1,-1
1062.4005,146.77812,25.335083,33.71501,0.2292284,7,-1,-1
363.45813,119.153564,21.163422,25.966187,0.22766978,7,-1,-1
330.27048,105.54825,16.3768,27.928574,0.22644058,2,-1,-1
1069.9669,65.36912,36.40979,50.590416,0.22209018,5,-1,-1
1061.4125,451.7504,69.1853,62.666534,0.22136635,5,-1,-1
1268.134,58.358547,12.925415,15.461369,0.21860954,10,-1,-1
746.82513,826.3632,10.033813,20.158508,0.21806636,1,-1,-1
1128.4257,248.70529,13.416138,17.817963,0.21744749,2,-1,-1
1260.5267,57.959644,16.835205,16.75233,0.21614152,10,-1,-1
797.6681,759.4671,27.881042,20.46106,0.21454793,7,-1,-1
532.92804,182.41467,137.37909,59.839905,0.21347666,6,-1,-1
1035.2238,728.3024,25.38916,22.009583,0.21248749,10,-1,-1
350.1032,113.736916,15.130707,17.355858,0.20954937,3,-1,-1
358.8759,125.878975,27.309113,23.165977,0.20797914,10,-1,-1
330.3612,105.07922,16.631378,28.486572,0.20759347,3,-1,-1
1275.2249,57.35996,14.191284,15.489941,0.20726112,10,-1,-1
530.7871,182.87625,139.84619,60.397522,0.20228288,9,-1,-1
304.4288,129.27284,17.563354,29.07698,0.20161408,1,-1,-1
1297.3251,56.285263,15.470337,16.4077,0.20122781,10,-1,-1
581.3346,113.42057,14.963196,26.415215,0.20068952,3,-1,-1
304.4785,127.26835,18.308014,32.574806,0.19919598,10,-1,-1
375.22714,592.0738,20.414001,48.69519,0.19771788,7,-1,-1
1252.1885,61.580296,14.949219,15.911411,0.19641548,10,-1,-1
351.5758,113.03661,13.661438,16.178825,0.19574383,1,-1,-1
358.3072,129.18347,16.387756,21.60402,0.19447842,10,-1,-1
1124.828,63.541515,19.471313,14.44025,0.19243097,10,-1,-1
329.92224,104.935295,17.521301,29.423546,0.19099873,7,-1,-1
1318.6693,54.43845,15.692627,18.922604,0.19086957,10,-1,-1
669.1831,240.21126,10.613525,20.682999,0.19079569,10,-1,-1
436.244,106.25394,39.82553,52.999878,0.19030651,5,-1,-1
1062.0139,146.73767,25.977783,34.03575,0.1884548,8,-1,-1
365.40952,113.70858,12.461792,18.921532,0.18767577,2,-1,-1
377.24155,609.2564,14.774475,30.003235,0.18520066,10,-1,-1
365.15686,113.457405,16.944977,23.375603,0.18447652,10,-1,-1
1386.4534,70.86976,12.938965,19.487198,0.18290332,10,-1,-1
1386.3293,71.48713,13.062988,18.868927,0.1822184,3,-1,-1
435.31546,185.1357,87.75546,38.61264,0.17856753,4,-1,-1
304.8695,129.82996,16.933685,27.386978,0.17591864,2,-1,-1
986.28564,370.1963,62.262695,57.578217,0.17575276,5,-1,-1
364.88626,113.063065,11.816772,16.915237,0.17566875,1,-1,-1
1293.7726,41.218796,21.288086,15.378792,0.17515424,10,-1,-1
352.6777,111.27976,18.438446,19.829643,0.17338589,10,-1,-1
1337.4882,55.916397,17.486938,16.796547,0.16936529,10,-1,-1
1324.9299,2.4263823,29.086182,21.358799,0.16883352,4,-1,-1
318.0613,126.64516,18.949951,26.662552,0.16733274,10,-1,-1
665.57385,263.53128,48.329346,45.76526,0.16627151,5,-1,-1
375.01953,591.6174,20.33142,51.14966,0.16556638,3,-1,-1
1386.9427,69.718254,12.449585,13.775795,0.16490778,2,-1,-1
356.8797,120.96823,20.307343,25.11525,0.16417816,10,-1,-1
1.0895752,600.2478,23.579512,30.325806,0.1637223,10,-1,-1
1328.3136,53.62556,16.403442,18.339146,0.162211,10,-1,-1
318.7695,127.90099,18.130585,24.146034,0.16145432,3,-1,-1
96.729965,120.20503,13.609703,27.648483,0.16119298,1,-1,-1
746.9372,826.6971,9.216736,19.168823,0.16094103,2,-1,-1
369.83163,126.592125,13.52478,19.53086,0.16067362,10,-1,-1
1062.4005,146.77812,25.335083,33.71501,0.15995869,4,-1,-1
366.385,118.915886,13.983429,19.416527,0.15924338,1,-1,-1
358.50302,98.34608,15.417389,27.277061,0.15817976,1,-1,-1
1278.2576,56.382736,15.273804,16.269333,0.1578325,7,-1,-1
144.02243,122.266754,15.403519,24.194305,0.15719742,3,-1,-1
906.9449,307.01834,67.89313,42.11667,0.15575162,5,-1,-1
323.80356,112.95707,20.15741,29.761147,0.15565526,3,-1,-1
1220.8458,175.91731,18.768677,12.044769,0.15120858,10,-1,-1
904.3239,302.1539,48.80768,36.037506,0.15109387,4,-1,-1
4.068197,597.87036,21.641405,20.179443,0.15097404,10,-1,-1
797.6681,759.4671,27.881042,20.46106,0.15089545,8,-1,-1
1127.3802,52.113235,28.745117,24.894302,0.1508775,10,-1,-1
1290.902,175.89449,12.982544,14.232971,0.15086037,10,-1,-1
1251.7479,61.509434,16.29663,16.349827,0.15020138,3,-1,-1
848.3155,873.54706,28.061218,14.829224,0.14953113,10,-1,-1
180.82909,586.4557,19.575867,29.01764,0.14948246,2,-1,-1
667.2622,240.40355,13.780212,31.720047,0.14645568,3,-1,-1
0.0,686.1535,44.74067,88.93097,0.14605832,5,-1,-1
1386.5486,72.19765,12.84375,17.730492,0.14577362,1,-1,-1
745.3028,825.0976,17.627197,17.625732,0.14561084,2,-1,-1
1138.705,50.138596,21.995361,20.53675,0.14527053,10,-1,-1
305.7339,127.87325,23.68634,32.08863,0.14526841,7,-1,-1
1322.1719,173.11475,17.575562,14.172195,0.14522865,10,-1,-1
740.811,826.1593,28.39563,20.252441,0.14389163,3,-1,-1
302.79184,118.18554,18.413727,27.629234,0.14306459,7,-1,-1
658.5157,244.06326,26.620972,30.725098,0.14187017,10,-1,-1
1014.8456,953.8679,8.470825,17.67096,0.14174989,1,-1,-1
1346.8628,50.010895,18.460693,20.748978,0.14171305,10,-1,-1
0.0,611.365,18.542818,26.426147,0.14140368,10,-1,-1
675.6422,288.0044,60.376038,43.84787,0.14038205,5,-1,-1
26.339725,552.4944,19.997993,11.044617,0.14036396,10,-1,-1
1292.9658,56.15931,15.156982,16.664566,0.14000937,7,-1,-1
540.8122,186.48187,111.384766,41.206757,0.13983756,4,-1,-1
1002.43365,67.08176,34.904358,48.813187,0.13904017,5,-1,-1
365.90164,114.00054,15.457672,20.902214,0.138958,3,-1,-1
1254.002,204.06573,26.838623,14.014572,0.13833815,10,-1,-1
747.7417,827.3105,15.516541,17.04895,0.13733044,10,-1,-1
364.88626,113.063065,11.816772,16.915237,0.13700876,10,-1,-1
617.3376,101.94769,32.942993,57.897415,0.13676903,1,-1,-1
353.49805,110.7567,17.441254,20.005402,0.13569194,3,-1,-1
546.33966,96.04394,13.41217,17.345741,0.13505504,1,-1,-1
330.27048,105.54825,16.3768,27.928574,0.13332719,8,-1,-1
364.9455,105.90779,11.7829895,18.640419,0.13202637,1,-1,-1
1283.9839,228.04305,28.25879,14.89859,0.13182852,4,-1,-1
1366.7267,109.62018,9.213867,8.532204,0.13102344,1,-1,-1
237.6696,105.727165,47.766373,57.966988,0.13095173,9,-1,-1
1246.9034,176.20593,20.711182,11.043762,0.129626,10,-1,-1
947.7625,0.0,32.681396,15.519928,0.12889957,10,-1,-1
554.1138,155.60788,11.937622,16.140472,0.12784368,2,-1,-1
364.59787,119.467575,19.439728,25.11168,0.12770316,3,-1,-1
299.5128,124.686264,20.370148,35.299026,0.12753794,7,-1,-1
236.53783,105.98494,49.065872,57.18515,0.12687176,8,-1,-1
1385.3376,73.383575,14.0546875,15.41185,0.12591898,2,-1,-1
1031.7483,418.288,66.60071,56.61084,0.12587973,5,-1,-1
319.05255,121.12096,16.804016,22.400925,0.12575683,3,-1,-1
668.7427,252.92607,11.811523,22.364243,0.12559068,10,-1,-1
5.582669,599.2994,15.224791,11.796082,0.12502474,10,-1,-1
304.8695,129.82996,16.933685,27.386978,0.12461987,3,-1,-1
1318.6693,54.43845,15.692627,18.922604,0.12408954,3,-1,-1
362.07144,126.09306,22.980469,21.880615,0.12370345,2,-1,-1
351.76968,112.78923,19.141296,17.983444,0.12274516,7,-1,-1
1059.2205,1042.7208,7.0823975,6.671509,0.12245351,1,-1,-1
668.0851,247.34566,10.778076,26.431198,0.122406125,1,-1,-1
1391.9697,70.37758,7.4226074,11.392403,0.12235996,2,-1,-1
949.7277,2.1159055,24.942627,11.097571,0.12226391,4,-1,-1
325.44235,110.06385,18.791199,31.386238,0.12206778,1,-1,-1
1050.5529,66.36373,44.810303,50.089737,0.12199479,4,-1,-1
1259.0453,175.06148,22.363403,12.552475,0.121984035,10,-1,-1
303.96622,119.00624,16.78064,25.669983,0.12171495,10,-1,-1
800.41516,711.1481,26.251892,28.401184,0.12149286,7,-1,-1
1069.9808,65.53285,36.743896,49.97458,0.12143502,1,-1,-1
359.25107,129.07053,12.975403,19.293076,0.12084189,1,-1,-1
319.20724,121.63963,17.237885,21.52829,0.12075317,10,-1,-1
948.18585,0.0,31.933228,15.720825,0.1207391,7,-1,-1
363.45813,119.153564,21.163422,25.966187,0.1206969,8,-1,-1
363.45813,119.153564,21.163422,25.966187,0.120646,1,-1,-1
723.0056,332.11597,53.24579,43.485565,0.12062231,5,-1,-1
318.7695,127.90099,18.130585,24.146034,0.12035301,1,-1,-1
304.89252,119.62434,16.147034,25.176964,0.120079815,1,-1,-1
358.5406,99.01406,15.587616,26.637146,0.120076984,2,-1,-1
1265.1964,94.23302,24.599731,19.822556,0.11987367,10,-1,-1
926.6712,314.02826,46.31183,28.261353,0.11943653,4,-1,-1
1035.3593,727.09467,25.539185,21.2807,0.11933765,3,-1,-1
410.93573,102.660805,15.667999,16.089912,0.11924949,2,-1,-1
546.98553,98.7615,15.291565,17.61876,0.11923239,3,-1,-1
3.8625739,597.9432,22.387276,21.375977,0.118967205,3,-1,-1
26.765656,106.96462,45.837204,60.671837,0.11863524,6,-1,-1
0.8432107,869.516,56.0602,64.219055,0.11848122,4,-1,-1
1264.8724,58.35546,13.913696,16.210732,0.11765903,3,-1,-1
1254.8604,204.07158,25.739624,13.611099,0.11694044,5,-1,-1
363.32553,111.91197,12.108368,16.12114,0.1165632,2,-1,-1
1311.4622,56.750843,14.743652,17.692501,0.116182536,3,-1,-1
1363.1448,60.719715,13.541138,18.701252,0.11586565,1,-1,-1
1131.3517,48.49396,44.341675,31.26305,0.114943445,4,-1,-1
1292.6252,56.10868,16.0,16.57985,0.11491722,3,-1,-1
749.4965,828.81305,11.087341,16.924805,0.11459765,2,-1,-1
1286.5764,176.12274,11.965698,13.964371,0.1143173,10,-1,-1
375.22714,592.0738,20.414001,48.69519,0.11408937,8,-1,-1
325.44235,110.06385,18.791199,31.386238,0.11363906,10,-1,-1
962.549,342.65268,67.82135,53.75882,0.113556415,5,-1,-1
379.7176,618.7421,10.932434,20.328491,0.113515615,1,-1,-1
902.9898,301.06693,28.625793,31.37201,0.112905055,10,-1,-1
1297.9979,181.27896,19.384888,12.273697,0.11263341,10,-1,-1
303.34985,127.95539,26.91867,33.18821,0.112042814,8,-1,-1
347.3436,108.9019,18.775787,23.716766,0.11174393,10,-1,-1
395.3749,553.034,35.1958,18.367981,0.111512184,4,-1,-1
518.94214,182.16827,150.5763,64.18248,0.111429006,4,-1,-1
669.01013,239.8509,12.323059,21.37651,0.11132619,2,-1,-1
1298.1687,175.81787,18.422241,12.732925,0.110970825,10,-1,-1
25.945808,107.09882,48.085,59.65014,0.110911936,1,-1,-1
428.96173,717.6901,41.4097,86.11786,0.11082086,1,-1,-1
1315.3948,61.662785,9.46936,13.303989,0.11077279,10,-1,-1
534.71655,183.28563,134.90509,56.692154,0.109986305,5,-1,-1
78.96816,542.937,22.642838,17.988098,0.10994324,10,-1,-1
1390.6797,69.56689,8.7126465,14.6065445,0.10928768,1,-1,-1
1200.5817,177.61931,38.889038,18.211227,0.109157085,10,-1,-1
368.8207,123.438835,13.998901,19.611458,0.10875425,1,-1,-1
1302.9401,58.226135,11.821411,14.073349,0.10867295,10,-1,-1
180.08917,585.4502,21.73497,31.197327,0.10839963,3,-1,-1
146.34267,121.54312,25.357468,22.164017,0.108376354,3,-1,-1
748.05035,827.22504,6.3986206,15.252136,0.10795054,1,-1,-1
1278.4595,56.515507,14.911743,16.034588,0.10792449,3,-1,-1
318.7695,127.90099,18.130585,24.146034,0.10791102,2,-1,-1
1265.1964,94.23302,24.599731,19.822556,0.10776317,3,-1,-1
1268.7037,103.86001,20.802246,13.49398,0.107529044,10,-1,-1
49.082077,552.1499,23.119637,12.2247925,0.10747984,10,-1,-1
358.50302,98.34608,15.417389,27.277061,0.10745168,10,-1,-1
228.18547,685.0802,50.517807,85.36188,0.10737711,1,-1,-1
379.62527,619.6705,11.146271,19.013367,0.10726899,2,-1,-1
26.291487,552.29095,20.271658,11.428467,0.10714635,4,-1,-1
304.10977,119.03423,16.956879,26.873634,0.107069254,3,-1,-1
548.05743,94.868065,8.5373535,12.076279,0.106814355,2,-1,-1
526.8214,186.68051,76.8858,36.05957,0.106220216,4,-1,-1
405.4733,103.01149,24.035278,17.801315,0.10621175,3,-1,-1
1279.9047,175.41817,15.698608,14.3359375,0.10554284,10,-1,-1
358.04843,129.34921,18.16809,21.145325,0.10489425,3,-1,-1
700.92053,325.91516,72.52228,40.487946,0.104873955,4,-1,-1
746.82513,826.3632,10.033813,20.158508,0.10450536,10,-1,-1
1143.4252,1042.2041,20.532227,7.1882324,0.104445636,4,-1,-1
1386.5486,72.19765,12.84375,17.730492,0.10429263,7,-1,-1
1269.7186,109.998344,14.734009,6.8637924,0.10422048,10,-1,-1
545.5569,95.05592,13.494019,17.454124,0.10419899,3,-1,-1
357.83182,98.53429,16.885254,27.998741,0.10397503,3,-1,-1
955.13007,340.33682,28.329407,24.536743,0.10395682,10,-1,-1
1178.0557,1032.7985,28.587036,16.593872,0.103737146,10,-1,-1
359.25107,129.07053,12.975403,19.293076,0.10368842,2,-1,-1
367.47882,120.98518,10.756073,15.052139,0.10325223,2,-1,-1
1119.467,505.66162,70.22327,67.8631,0.10313192,5,-1,-1
799.5167,711.10486,26.992859,27.828674,0.10310632,4,-1,-1
377.24155,609.2564,14.774475,30.003235,0.102963924,2,-1,-1
370.72855,126.59356,12.167664,20.550392,0.10288176,2,-1,-1
668.77277,240.39926,10.934998,19.749207,0.102769226,3,-1,-1
1127.3196,54.137886,27.614014,24.710129,0.10266903,4,-1,-1
550.8443,156.69238,17.39978,21.5708,0.10155651,1,-1,-1
0.0,685.9953,42.57571,87.52417,0.10133454,1,-1,-1
1038.7786,63.609573,33.800537,47.96633,0.10044271,1,-1,-1
947.2583,0.0,31.9953,17.680582,0.10037243,4,-1,-1
800.1031,711.34674,26.77887,28.11914,0.100164086,3,-1,-1
1391.2772,73.24425,8.115112,13.133278,0.09956494,2,-1,-1
748.51245,828.2147,13.621765,17.468689,0.09945148,1,-1,-1
962.549,342.65268,67.82135,53.75882,0.09940827,1,-1,-1
616.08075,103.23438,35.217773,58.007072,0.09910524,5,-1,-1
368.8041,123.045074,13.484131,16.049698,0.09899849,10,-1,-1
1066.5718,152.86812,15.041992,27.531097,0.098774165,10,-1,-1
364.9455,105.90779,11.7829895,18.640419,0.09876791,2,-1,-1
961.05493,591.99133,59.267212,65.01544,0.0982272,5,-1,-1
1274.2175,106.64688,13.470337,7.6835556,0.09809655,10,-1,-1
180.08917,585.4502,21.73497,31.197327,0.098017305,7,-1,-1
661.4039,240.01703,20.170105,34.424805,0.09787023,1,-1,-1
1293.3401,38.57627,27.189941,17.572681,0.09778321,3,-1,-1
1290.4258,45.607117,21.230103,15.291901,0.09720138,10,-1,-1
385.57336,546.519,37.896362,18.86383,0.096863806,4,-1,-1
355.6345,119.550385,24.642822,27.994934,0.09677893,3,-1,-1
364.3219,101.40976,17.989594,20.874237,0.09655601,3,-1,-1
361.91962,100.90192,10.922943,18.825775,0.09647164,1,-1,-1
1212.5629,63.251698,28.001953,17.834911,0.09622443,10,-1,-1
1127.7535,249.19437,14.326904,17.373474,0.09585965,3,-1,-1
1346.8628,50.010895,18.460693,20.748978,0.095779985,3,-1,-1
1279.5615,56.443325,14.880615,16.221195,0.09566072,2,-1,-1
1321.8027,172.09251,25.637451,16.019104,0.0955866,7,-1,-1
1288.6346,180.3561,18.092651,13.253937,0.09552714,10,-1,-1
347.2213,99.18215,17.274231,29.797173,0.09539318,1,-1,-1
580.22253,127.66353,12.797668,21.053497,0.09524751,3,-1,-1
1256.4417,60.124634,21.607056,17.338173,0.095240265,3,-1,-1
1178.4032,1033.6766,13.137085,14.684937,0.09489989,10,-1,-1
355.5887,110.2309,14.758667,20.751015,0.09488562,2,-1,-1
1336.7997,55.514534,18.943726,17.472183,0.09434727,3,-1,-1
83.69801,151.32451,21.21904,24.463821,0.09425342,10,-1,-1
299.82208,114.08108,17.680725,31.719307,0.09387532,8,-1,-1
377.29437,593.9446,14.841278,32.86023,0.093802065,10,-1,-1
1227.1713,176.8607,15.047241,9.938232,0.093800455,10,-1,-1
1291.6686,55.749157,16.683105,17.172085,0.093767345,2,-1,-1
1128.5134,60.62129,19.495972,15.049778,0.093750745,10,-1,-1
661.35077,241.09262,21.167969,33.384247,0.093750656,4,-1,-1
1068.4293,65.235794,38.10132,50.358086,0.0934796,6,-1,-1
1318.9517,176.20958,14.8811035,12.297272,0.093138516,10,-1,-1
1123.568,248.62044,20.03479,24.00557,0.09310341,1,-1,-1
666.24243,251.01093,47.192505,49.19632,0.09260377,4,-1,-1
1308.9794,177.61583,12.45813,10.292587,0.09254122,10,-1,-1
383.42987,694.101,46.474518,85.38989,0.092214525,1,-1,-1
184.69936,588.76404,13.150925,24.206238,0.09209797,10,-1,-1
948.2355,0.0,31.75299,15.310746,0.09171745,8,-1,-1
353.49805,110.7567,17.441254,20.005402,0.09170234,1,-1,-1
1391.0574,69.27157,8.334961,15.400536,0.09137076,10,-1,-1
546.5648,95.81574,13.271851,17.839485,0.090875775,7,-1,-1
363.0005,100.23434,19.773102,22.955818,0.09046048,10,-1,-1
1273.7673,106.81242,14.7508545,7.4596405,0.09018952,3,-1,-1
303.34985,127.95539,26.91867,33.18821,0.090167284,4,-1,-1
1328.3136,53.62556,16.403442,18.339146,0.09016067,3,-1,-1
0.0,606.3135,19.825087,27.149109,0.0898025,3,-1,-1
356.71194,127.018105,23.965485,24.590858,0.089668214,7,-1,-1
332.29407,103.41936,12.204254,19.92485,0.08947036,1,-1,-1
400.16455,559.4013,24.842834,11.743042,0.08908638,4,-1,-1
1038.7871,63.938587,33.779297,47.959476,0.08875716,6,-1,-1
429.93417,187.83556,58.520447,31.418015,0.088750005,4,-1,-1
1267.5322,103.354195,22.48523,14.243736,0.08861643,3,-1,-1
144.02243,122.266754,15.403519,24.194305,0.08860153,10,-1,-1
1127.7535,249.19437,14.326904,17.373474,0.08855972,10,-1,-1
668.4461,239.68102,13.006226,23.609146,0.08849844,1,-1,-1
156.636,120.9817,27.18895,20.070488,0.08835578,3,-1,-1
1250.4102,57.757355,23.043213,18.728836,0.08819187,10,-1,-1
804.1618,761.01654,19.649353,17.788696,0.08813742,10,-1,-1
364.59787,119.467575,19.439728,25.11168,0.08790937,4,-1,-1
480.76553,187.71953,59.979523,42.275482,0.087682456,4,-1,-1
846.5428,251.26186,60.905212,50.004196,0.08730182,5,-1,-1
750.4347,828.72516,16.884888,11.629761,0.08669993,10,-1,-1
1267.2496,176.49907,12.55481,11.44165,0.08666924,10,-1,-1
1272.2095,176.29924,9.142822,11.499268,0.08650881,2,-1,-1
546.7512,94.933876,11.489319,15.404495,0.08641979,10,-1,-1
356.56473,98.20248,17.940796,29.099388,0.08632088,7,-1,-1
1072.1599,1025.97,7.6523438,12.331177,0.08630186,1,-1,-1
996.0141,890.77997,12.283691,9.6073,0.08621994,1,-1,-1
351.94736,114.06743,25.648987,25.29831,0.08605951,10,-1,-1
949.8341,3.063454,23.148865,9.404551,0.08602029,10,-1,-1
963.41156,343.5251,66.79364,52.10913,0.08599329,6,-1,-1
663.8096,238.66823,20.059021,22.697037,0.08567417,10,-1,-1
1031.6503,418.41248,66.25842,56.13797,0.085622996,1,-1,-1
305.81787,125.43191,25.052124,35.99099,0.08551934,1,-1,-1
1062.2825,146.70473,25.388672,33.371246,0.085443884,2,-1,-1
352.91937,118.33875,10.336853,9.768791,0.08526659,2,-1,-1
356.48618,125.93569,21.864594,26.465523,0.085258424,1,-1,-1
581.3552,121.03639,15.049866,17.50267,0.085142374,10,-1,-1
486.5498,75.42725,12.660339,20.044296,0.08502293,10,-1,-1
180.08917,585.4502,21.73497,31.197327,0.08497825,4,-1,-1
1386.5486,72.19765,12.84375,17.730492,0.08491108,8,-1,-1
1328.3646,47.4431,16.814697,16.811317,0.08490434,10,-1,-1
1269.3362,55.56237,23.114502,19.438164,0.084590435,10,-1,-1
366.5767,102.569214,13.982788,19.284073,0.084484786,2,-1,-1
4.581146,108.45374,58.174675,57.52192,0.08446485,4,-1,-1
318.03494,120.437096,19.816437,25.98626,0.084212065,7,-1,-1
1001.8407,659.8949,71.883545,64.060974,0.084178984,1,-1,-1
1267.9954,58.39345,13.133789,15.467197,0.083916634,7,-1,-1
1128.8212,245.92998,19.349731,23.169876,0.08377445,1,-1,-1
405.9341,102.31837,24.305939,19.039146,0.083622575,7,-1,-1
406.12112,109.81404,20.439423,15.2055435,0.08358541,10,-1,-1
1142.7675,50.52017,16.076294,13.879841,0.08355364,10,-1,-1
63.261665,113.12293,43.30538,55.396217,0.08343035,8,-1,-1
741.68787,830.9818,8.180603,12.815063,0.083360136,1,-1,-1
955.2258,340.59418,28.48767,24.422516,0.08333191,7,-1,-1
1220.1183,179.61842,20.590454,12.38858,0.0831739,10,-1,-1
302.6907,117.84283,14.200348,20.505196,0.083106905,1,-1,-1
1320.6564,171.1497,30.433472,17.606812,0.0828771,10,-1,-1
5.3093505,598.83624,17.252544,13.456116,0.08280298,3,-1,-1
1001.61505,67.39349,36.421448,48.59101,0.082740605,1,-1,-1
364.72952,106.06741,12.692291,18.174202,0.08269361,10,-1,-1
948.2355,0.0,31.75299,15.310746,0.0822936,3,-1,-1
1177.4319,1032.05,29.684326,17.342285,0.082167536,4,-1,-1
1312.7572,177.32562,12.769409,11.154861,0.08194354,10,-1,-1
347.3436,108.9019,18.775787,23.716766,0.0819101,7,-1,-1
27.08437,108.14116,44.852398,59.333893,0.081846,10,-1,-1
675.00714,287.05316,62.08441,44.538605,0.08164984,1,-1,-1
1386.3083,70.9175,13.083984,19.943398,0.08157334,4,-1,-1
1190.6658,178.81549,44.206787,18.289764,0.08142984,7,-1,-1
1272.3588,173.50842,8.213623,12.141876,0.08132759,10,-1,-1
1324.095,176.54001,11.855225,9.975876,0.08121434,10,-1,-1
1001.8407,659.8949,71.883545,64.060974,0.08120412,5,-1,-1
208.18788,606.91345,21.06395,21.173096,0.08100769,3,-1,-1
901.6875,302.2418,71.80658,45.237823,0.08094457,6,-1,-1
1213.8097,174.92108,28.496948,15.045425,0.080871314,3,-1,-1
299.5128,124.686264,20.370148,35.299026,0.08085099,8,-1,-1
306.9239,125.40509,12.871307,20.471252,0.080501825,2,-1,-1
359.55682,111.59167,25.424866,25.920708,0.08017069,3,-1,-1
746.71454,332.89053,29.024902,37.504883,0.08015436,5,-1,-1
322.92566,129.45517,11.192017,18.193008,0.08009511,1,-1,-1
1241.44,198.5016,38.006104,17.656403,0.079812706,4,-1,-1
369.7546,123.76478,11.764404,13.8265,0.07977328,2,-1,-1
1359.2102,51.983807,16.009644,23.356106,0.07962769,3,-1,-1
660.8887,240.83887,20.176697,31.268097,0.079500884,7,-1,-1
326.05283,98.08608,28.49762,35.35064,0.0792931,8,-1,-1
1212.7173,174.70992,29.88208,15.841187,0.079292476,10,-1,-1
304.1287,119.48963,18.390411,30.387749,0.07922304,8,-1,-1
329.52322,106.616035,19.15924,28.02314,0.07919049,4,-1,-1
1201.6044,177.93457,37.47827,17.909805,0.0791755,3,-1,-1
323.80356,112.95707,20.15741,29.761147,0.07914466,7,-1,-1
1279.2832,180.23213,17.969604,13.326736,0.079098225,10,-1,-1
1332.3113,58.237907,15.5234375,13.816124,0.07904142,10,-1,-1
180.16423,585.46075,21.368011,31.178589,0.07903963,1,-1,-1
351.94736,114.06743,25.648987,25.29831,0.07895133,7,-1,-1
485.46313,75.790474,13.835419,17.782585,0.07888672,3,-1,-1
351.59677,98.402794,11.541962,21.92392,0.07850206,1,-1,-1
313.53305,130.74866,22.866913,30.656067,0.0784207,3,-1,-1
96.93959,120.23183,13.1212845,27.394562,0.078416824,10,-1,-1
26.567026,552.5718,20.41273,11.201355,0.07837072,1,-1,-1
91.5282,150.71266,13.568825,15.1271515,0.07825461,1,-1,-1
746.455,332.76508,29.33496,38.66217,0.0781993,10,-1,-1
1346.0624,52.214703,18.396484,19.073315,0.078057796,1,-1,-1
377.89267,593.25024,14.071747,35.35614,0.077905,3,-1,-1
1257.8612,59.133854,16.189575,16.427708,0.07785624,7,-1,-1
740.477,827.424,28.482605,18.981384,0.07769522,7,-1,-1
289.7846,127.89865,32.737915,38.755936,0.077631295,7,-1,-1
1344.8536,57.587692,17.738892,15.267433,0.07752153,10,-1,-1
904.3239,302.1539,48.80768,36.037506,0.07746965,5,-1,-1
851.13306,875.3355,36.768738,18.546753,0.07746121,10,-1,-1
848.1606,810.24225,8.520447,5.6016235,0.077412724,1,-1,-1
1359.8168,59.613556,15.975342,22.198288,0.077282816,3,-1,-1
1127.3196,54.137886,27.614014,24.710129,0.077163786,7,-1,-1
431.83725,183.64777,107.03824,50.9106,0.077159196,6,-1,-1
907.99677,306.6382,66.54114,41.723663,0.07699984,10,-1,-1
319.05255,121.12096,16.804016,22.400925,0.07686514,1,-1,-1
301.3292,111.88572,15.116547,24.610466,0.076820165,3,-1,-1
740.477,827.424,28.482605,18.981384,0.07669309,4,-1,-1
1360.2026,60.49737,15.159302,21.056126,0.07662666,10,-1,-1
984.8449,371.17282,65.15497,55.501373,0.07639882,1,-1,-1
582.25696,111.28511,14.400513,17.11528,0.076265246,3,-1,-1
1239.8837,182.1387,24.235596,10.060028,0.076239526,10,-1,-1
1246.9861,173.98868,18.717896,9.350952,0.07594758,10,-1,-1
617.66345,101.87025,32.099243,59.40467,0.075874686,10,-1,-1
668.31635,249.85072,10.251648,24.985123,0.07563594,3,-1,-1
365.15686,113.457405,16.944977,23.375603,0.07561055,7,-1,-1
942.62164,597.3398,57.419617,61.15979,0.0756087,4,-1,-1
356.7868,98.06748,11.75238,22.23516,0.07548317,1,-1,-1
1324.9913,2.7177212,28.752563,20.250193,0.07547167,10,-1,-1
671.3576,239.53136,10.764648,16.254776,0.075440556,10,-1,-1
927.3559,344.83066,75.83099,48.049133,0.07518223,4,-1,-1
1176.3654,179.50418,46.418945,18.656265,0.07516369,10,-1,-1
907.1967,306.7841,67.98297,41.947266,0.07513285,8,-1,-1
0.0,869.57904,52.33255,34.372986,0.07494125,4,-1,-1
363.32553,111.91197,12.108368,16.12114,0.074849755,3,-1,-1
429.8082,181.99593,111.64798,53.09607,0.074802965,9,-1,-1
25.140425,106.86472,49.461227,60.365593,0.07476458,8,-1,-1
311.36948,131.38484,25.460083,30.654922,0.07461339,10,-1,-1
1260.3058,61.06177,11.115356,15.297565,0.07445595,10,-1,-1
366.69946,129.95653,23.959595,20.320023,0.07444188,10,-1,-1
373.90662,103.73049,17.055237,15.271759,0.074441224,3,-1,-1
363.5241,132.63268,22.027222,26.587448,0.07443768,10,-1,-1
418.76416,187.33339,47.740448,36.170593,0.07431376,4,-1,-1
406.12112,109.81404,20.439423,15.2055435,0.07429743,3,-1,-1
369.5349,105.230965,14.255066,15.717491,0.074258566,10,-1,-1
1271.7496,109.72283,16.386963,7.1799088,0.07416469,3,-1,-1
322.3851,122.9158,20.695068,30.743362,0.07415995,3,-1,-1
1067.0652,155.77946,14.100952,23.178558,0.07414886,2,-1,-1
438.07092,105.91649,35.44336,52.174362,0.07400268,1,-1,-1
379.62527,619.6705,11.146271,19.013367,0.0737983,10,-1,-1
0.0,610.1537,15.832653,10.719849,0.073659,10,-1,-1
1253.6036,204.17323,27.378174,13.939941,0.07361069,1,-1,-1
352.49887,117.41198,11.786774,17.053673,0.07359955,1,-1,-1
301.08755,111.79987,15.574158,25.578117,0.07343912,10,-1,-1
327.87866,119.85958,13.160004,21.69526,0.07343584,3,-1,-1
406.61893,900.2788,19.730316,22.07544,0.07343057,10,-1,-1
547.695,94.8129,9.561584,12.982422,0.07321134,1,-1,-1
661.35077,241.09262,21.167969,33.384247,0.07313293,2,-1,-1
3.0158262,607.7873,16.54042,17.134949,0.07305232,10,-1,-1
1292.9658,56.15931,15.156982,16.664566,0.07278606,4,-1,-1
583.06177,124.02354,14.223938,17.936668,0.07276574,3,-1,-1
1179.0354,1034.8539,15.895264,13.178711,0.07266182,4,-1,-1
301.4581,112.1276,15.266144,24.617928,0.07259759,7,-1,-1
1365.9928,109.76347,9.32251,8.486755,0.07243362,10,-1,-1
742.2877,825.85254,25.247375,19.231934,0.07241559,1,-1,-1
1218.688,172.9614,18.51892,8.895126,0.07240346,10,-1,-1
1127.3196,54.137886,27.614014,24.710129,0.07237372,8,-1,-1
30.64988,556.1284,16.932026,9.358582,0.07235849,10,-1,-1
1173.5082,179.09633,36.473267,18.273941,0.07235417,3,-1,-1
1272.6874,90.42516,16.077148,18.557983,0.07234204,3,-1,-1
1195.8335,175.10146,43.353027,20.763977,0.07232359,4,-1,-1
384.51678,696.6028,44.73755,82.82367,0.072217196,10,-1,-1
907.1967,306.7841,67.98297,41.947266,0.072185665,7,-1,-1
1189.5637,1035.2441,17.440063,12.379395,0.0721454,4,-1,-1
374.92828,104.15881,15.8909,14.657471,0.07213241,10,-1,-1
795.66534,711.23975,20.786316,25.417358,0.07200366,10,-1,-1
798.2351,759.6905,27.579224,20.116089,0.07188916,5,-1,-1
236.53783,105.98494,49.065872,57.18515,0.07177234,7,-1,-1
1301.346,57.730408,14.029907,15.08667,0.07164195,3,-1,-1
741.69324,827.6102,25.59674,19.335205,0.071639776,2,-1,-1
1359.2102,51.983807,16.009644,23.356106,0.07162234,10,-1,-1
438.2716,105.94152,35.08307,51.506584,0.071590066,6,-1,-1
30.64988,556.1284,16.932026,9.358582,0.07145855,4,-1,-1
