778.7758,329.47614,14.901794,22.395813,0.9426334,1,-1,-1
799.69604,318.5349,15.147156,25.164764,0.9288825,1,-1,-1
749.2377,129.15155,14.6875,30.696564,0.90409446,1,-1,-1
756.2401,312.13608,13.204163,19.797485,0.88152564,1,-1,-1
765.2397,130.16078,15.314575,29.038788,0.782066,1,-1,-1
792.0464,364.92422,18.507507,25.356842,0.76011616,1,-1,-1
738.09314,50.709515,16.412537,24.71191,0.6985536,1,-1,-1
853.0073,433.59607,17.48413,19.253265,0.63755655,1,-1,-1
850.0751,404.72055,24.75476,26.395142,0.5441365,1,-1,-1
798.5176,32.691807,12.717285,28.69487,0.4558726,1,-1,-1
266.5064,741.6503,8.157135,10.656799,0.45385984,1,-1,-1
763.70465,579.494,44.167786,30.362427,0.4309132,3,-1,-1
798.6616,32.765892,12.599609,27.928669,0.3966927,2,-1,-1
43.815617,552.2033,38.746784,29.657837,0.38847077,1,-1,-1
264.84668,743.1897,7.950714,10.79834,0.3735786,1,-1,-1
689.6422,339.8403,30.309387,35.033142,0.36980623,10,-1,-1
680.1801,371.5133,35.606384,32.346313,0.36487305,3,-1,-1
539.94073,345.7866,10.07251,11.695343,0.33683828,1,-1,-1
888.0511,538.17053,16.933289,24.01593,0.3350751,2,-1,-1
887.83044,549.8567,15.680847,18.487732,0.3327724,2,-1,-1
887.52203,545.4277,15.473694,25.045105,0.32955283,10,-1,-1
689.6188,339.73917,30.102417,34.831604,0.31011024,3,-1,-1
798.98535,35.95807,12.422546,33.12702,0.30298683,3,-1,-1
1104.4977,674.1597,27.778687,48.706116,0.3001561,4,-1,-1
887.4868,538.6261,15.11554,22.975098,0.29961556,10,-1,-1
110.02304,453.1948,31.452896,31.453796,0.29922664,1,-1,-1
527.9603,8.20742,7.1365356,10.26145,0.29229528,1,-1,-1
889.0565,540.8941,13.052246,13.419922,0.28993392,2,-1,-1
703.2154,404.09344,15.358398,17.380157,0.27776825,2,-1,-1
136.67918,227.66832,31.283264,38.086075,0.27718556,2,-1,-1
299.6246,419.6106,37.396484,27.151855,0.2714386,1,-1,-1
530.1653,529.9962,11.088867,14.5946045,0.2679097,2,-1,-1
720.0703,379.88065,15.596863,37.776886,0.2650614,3,-1,-1
799.1678,41.36174,11.7265625,33.019608,0.26385736,1,-1,-1
889.0565,540.8941,13.052246,13.419922,0.25575113,1,-1,-1
267.1799,756.074,8.638306,9.710571,0.25115517,1,-1,-1
355.61615,194.96497,9.791199,13.826843,0.24983299,1,-1,-1
732.2415,103.90723,12.987549,21.982422,0.24825633,1,-1,-1
51.86961,313.02502,25.581814,39.856903,0.24184391,1,-1,-1
59.03313,752.28723,45.74291,35.256714,0.24148244,4,-1,-1
360.42334,99.77664,20.180176,23.5373,0.24144241,1,-1,-1
1339.2872,33.768105,32.507324,36.15036,0.23647311,1,-1,-1
703.25806,402.02615,15.488892,19.937653,0.23463306,1,-1,-1
720.4369,379.29547,15.707825,38.615875,0.23068282,1,-1,-1
703.0705,402.66446,15.879578,19.078766,0.22948757,10,-1,-1
694.3053,386.1379,23.30304,30.460938,0.2285141,3,-1,-1
851.09863,405.51703,20.984741,25.24353,0.22695202,2,-1,-1
756.9435,317.6416,12.159302,22.307983,0.22263196,1,-1,-1
790.07404,629.3772,25.56018,65.20441,0.2212162,10,-1,-1
365.96872,187.69354,10.1336975,12.29158,0.21442056,1,-1,-1
681.5751,359.77634,29.20282,37.29074,0.21334508,3,-1,-1
1261.4169,433.22983,18.113525,36.02054,0.21275723,4,-1,-1
815.6603,5.8056173,11.28717,26.288414,0.20600295,3,-1,-1
720.38995,380.17712,15.350525,38.71222,0.20323494,10,-1,-1
703.0705,402.66446,15.879578,19.078766,0.20153803,3,-1,-1
1363.6517,421.86884,30.95752,46.207977,0.19858208,5,-1,-1
796.2618,31.632488,18.35431,40.073803,0.1980088,1,-1,-1
0.0,8.164072,65.88748,136.2116,0.19723433,6,-1,-1
853.0073,433.59607,17.48413,19.253265,0.19652659,2,-1,-1
254.25406,591.67834,35.445038,34.171448,0.19444829,1,-1,-1
279.6536,722.3473,6.478943,8.796143,0.18861482,1,-1,-1
887.83044,549.8567,15.680847,18.487732,0.1880664,1,-1,-1
298.06604,682.52594,42.216736,26.73523,0.18772244,1,-1,-1
356.2121,194.75642,6.708557,8.756027,0.1844838,1,-1,-1
763.70465,579.494,44.167786,30.362427,0.18228963,10,-1,-1
0.0,8.164072,65.88748,136.2116,0.18081239,7,-1,-1
37.01397,198.95103,119.08781,179.56017,0.1783059,7,-1,-1
1301.6228,398.25623,15.54834,25.153625,0.17752945,5,-1,-1
31.064754,295.7351,34.30502,56.10315,0.17460957,1,-1,-1
302.4859,398.14972,44.18936,42.487732,0.17405242,1,-1,-1
520.6119,283.89017,12.430176,18.636383,0.17281851,1,-1,-1
328.0071,399.02002,21.564148,11.7846985,0.1702258,1,-1,-1
800.641,46.909607,9.551514,26.794441,0.16937965,3,-1,-1
740.899,55.826305,9.670654,16.977169,0.16797519,1,-1,-1
269.29736,741.9547,9.438232,9.573914,0.16763625,1,-1,-1
744.78015,56.32019,8.733032,16.60186,0.16723558,1,-1,-1
545.71857,286.34058,11.815674,18.421387,0.16614455,1,-1,-1
121.188866,400.80847,28.238106,42.612488,0.1660868,1,-1,-1
66.67689,213.8191,133.81671,173.12929,0.16505602,7,-1,-1
359.84366,99.20998,21.597656,23.86699,0.16327241,2,-1,-1
109.91422,452.4351,31.777351,32.66565,0.16246805,2,-1,-1
0.0,4.4125605,65.430466,139.40288,0.1624119,8,-1,-1
359.36243,199.01085,6.9496765,10.94899,0.16050231,1,-1,-1
530.84717,534.197,11.852417,13.978821,0.15865237,2,-1,-1
740.899,55.826305,9.670654,16.977169,0.15844938,2,-1,-1
254.3093,604.98236,26.580353,18.573547,0.15787897,1,-1,-1
792.68335,366.36957,9.65155,12.163391,0.1566608,2,-1,-1
197.0978,498.76154,10.962372,11.596649,0.15626913,2,-1,-1
888.5756,538.2936,16.037476,25.15332,0.15616825,1,-1,-1
59.03313,752.28723,45.74291,35.256714,0.15553403,5,-1,-1
795.6488,366.5522,11.148254,14.061707,0.15402874,2,-1,-1
816.1001,6.4745383,12.199524,27.1416,0.14989987,1,-1,-1
720.3718,395.35135,12.679016,24.996063,0.14846635,3,-1,-1
688.6499,360.17422,17.572083,35.043488,0.14829335,1,-1,-1
78.53081,214.07713,11.043678,13.169785,0.14507562,1,-1,-1
1301.6354,398.44016,15.574951,24.88562,0.14398259,4,-1,-1
734.7163,277.69733,9.023193,13.561493,0.14180934,2,-1,-1
135.22107,227.45245,33.834457,49.68875,0.14148438,1,-1,-1
972.0118,506.2908,21.089966,49.651215,0.14125681,4,-1,-1
363.27567,184.85002,13.610474,19.777145,0.14078158,1,-1,-1
1363.863,422.3654,30.645142,48.238525,0.14023489,4,-1,-1
1363.863,422.3654,30.645142,48.238525,0.14009964,9,-1,-1
786.4202,636.97314,27.171143,58.106934,0.13884401,7,-1,-1
815.6603,5.8056173,11.28717,26.288414,0.13855886,10,-1,-1
159.54202,226.74782,62.800964,142.66081,0.13764524,7,-1,-1
6.1444597,44.07674,62.18533,102.12862,0.13749701,4,-1,-1
707.4915,406.02417,10.358948,14.537384,0.13675013,1,-1,-1
123.46794,0.0,172.33223,165.00092,0.13673824,7,-1,-1
523.6479,270.44177,35.2843,48.34305,0.13585678,4,-1,-1
480.26184,481.28354,6.715912,11.185547,0.13499081,1,-1,-1
720.4369,379.29547,15.707825,38.615875,0.13480935,7,-1,-1
37.01397,198.95103,119.08781,179.56017,0.13446012,8,-1,-1
531.3758,528.49347,6.5629272,13.791626,0.13443676,2,-1,-1
800.1209,44.728466,10.185181,29.197262,0.13398767,2,-1,-1
729.645,101.93829,15.677002,22.67778,0.13351458,2,-1,-1
679.55115,371.66187,36.492126,32.623962,0.13312247,7,-1,-1
170.62802,330.91412,19.812881,41.18167,0.13257,2,-1,-1
325.4975,9.242033,13.445129,22.092688,0.13247329,1,-1,-1
887.4868,538.6261,15.11554,22.975098,0.13189837,3,-1,-1
147.50354,223.4537,32.908478,40.845642,0.13021672,2,-1,-1
744.79333,55.732025,8.473022,17.526978,0.13007364,2,-1,-1
320.34995,692.9798,49.147095,31.514587,0.12929177,4,-1,-1
358.2196,184.6243,22.263672,24.496445,0.12884396,1,-1,-1
128.62086,230.84978,61.71852,130.27931,0.12855342,7,-1,-1
159.54202,226.74782,62.800964,142.66081,0.12836564,8,-1,-1
0.0,4.0409575,66.54374,140.45708,0.12765843,10,-1,-1
689.5824,339.6751,30.426636,34.946686,0.1271042,7,-1,-1
1364.1221,421.9584,29.853394,45.86615,0.12646624,6,-1,-1
886.1625,535.59174,20.719543,37.775635,0.12510344,10,-1,-1
457.89764,529.5717,19.626709,19.337463,0.12442848,1,-1,-1
680.4157,382.09137,32.181946,30.42575,0.12359834,3,-1,-1
693.5852,468.75473,38.880127,83.30289,0.12358448,10,-1,-1
51.722126,313.39944,26.199848,39.34845,0.12146518,2,-1,-1
765.2986,580.69,38.91797,36.044678,0.12127474,2,-1,-1
264.73166,746.82477,7.197571,9.606812,0.12057182,1,-1,-1
522.42365,270.5199,36.369507,48.862,0.12026411,10,-1,-1
636.3718,0.0,32.59735,27.855417,0.12025949,2,-1,-1
365.96872,187.69354,10.1336975,12.29158,0.119514555,2,-1,-1
308.31778,401.83356,168.2977,73.86093,0.119265914,6,-1,-1
170.62802,330.91412,19.812881,41.18167,0.1191735,1,-1,-1
240.22406,699.24445,231.07733,88.2995,0.118492305,4,-1,-1
271.53738,744.5188,7.2958984,9.149109,0.118226945,1,-1,-1
887.46173,547.4103,16.002625,22.215698,0.11816558,3,-1,-1
266.42984,745.32117,9.336609,13.39502,0.118006736,1,-1,-1
738.5797,51.06211,15.755737,24.09005,0.117924035,2,-1,-1
851.1183,407.6859,28.2005,37.13925,0.11682421,1,-1,-1
792.5466,365.9522,9.4627075,11.309174,0.11678961,1,-1,-1
891.4157,554.6638,12.621704,11.865356,0.11626348,2,-1,-1
1102.0684,652.9737,38.81079,69.275635,0.11607736,4,-1,-1
849.926,431.033,27.586914,24.916473,0.11560696,1,-1,-1
1104.4977,674.1597,27.778687,48.706116,0.11535758,10,-1,-1
644.9664,2.4257584,17.180481,25.708326,0.11534339,2,-1,-1
266.45624,741.92737,10.144775,11.092957,0.11423123,2,-1,-1
734.3337,278.06952,9.779114,13.34845,0.11302692,1,-1,-1
0.0,2.5931478,69.84795,144.12595,0.11239833,3,-1,-1
325.6567,9.610571,12.727905,21.512045,0.11210707,2,-1,-1
693.2818,375.129,34.305115,40.053467,0.111769676,3,-1,-1
688.0554,360.8234,18.55127,33.88031,0.11113894,2,-1,-1
680.7511,358.82413,31.631958,40.302002,0.1104781,10,-1,-1
531.0514,534.57324,6.9889526,11.559204,0.110462695,2,-1,-1
59.3561,752.461,45.28953,35.082947,0.11033255,6,-1,-1
829.11755,113.29843,17.686035,34.77469,0.109068364,4,-1,-1
458.0524,529.57513,19.47934,19.519897,0.10768983,2,-1,-1
221.07037,109.916306,39.405396,54.523926,0.10747212,10,-1,-1
29.557968,294.31744,10.0497055,14.636658,0.10648802,1,-1,-1
133.25717,227.3886,40.225006,97.458084,0.10605538,1,-1,-1
127.44008,148.94023,104.81445,80.36232,0.10599625,7,-1,-1
763.3564,579.831,32.84143,20.092041,0.105939925,3,-1,-1
43.815617,552.2033,38.746784,29.657837,0.1053057,2,-1,-1
798.6467,35.372704,12.6692505,35.277016,0.105169356,10,-1,-1
545.71857,286.34058,11.815674,18.421387,0.10453203,2,-1,-1
354.1809,111.52855,8.604492,13.486,0.1043497,1,-1,-1
851.6101,405.30396,21.32959,25.711304,0.104334235,4,-1,-1
800.28174,33.25149,9.025879,20.191265,0.10428247,1,-1,-1
523.6479,270.44177,35.2843,48.34305,0.10421783,6,-1,-1
76.07431,203.68912,134.2113,178.64984,0.10420537,8,-1,-1
533.50604,544.867,9.471985,15.369629,0.10353348,2,-1,-1
693.2304,340.05148,24.09143,31.757996,0.10317445,1,-1,-1
522.46875,270.8988,36.11267,47.926056,0.10280749,1,-1,-1
360.90317,201.50215,4.694702,7.8960876,0.10278788,1,-1,-1
137.12859,232.00192,36.633636,78.285706,0.1027855,2,-1,-1
121.188866,400.80847,28.238106,42.612488,0.10255137,2,-1,-1
788.91656,624.8874,27.152527,72.31653,0.102528095,3,-1,-1
534.41376,537.0105,7.9577637,9.793457,0.1025213,2,-1,-1
1145.2833,669.291,28.047852,51.03656,0.10208234,4,-1,-1
830.2708,110.26718,37.736816,61.248352,0.10199654,4,-1,-1
1261.4169,433.22983,18.113525,36.02054,0.10156253,6,-1,-1
749.2377,129.15155,14.6875,30.696564,0.10154131,4,-1,-1
710.4441,380.89273,30.55249,39.346527,0.10113084,3,-1,-1
689.6051,381.82208,25.795715,20.13794,0.1009883,3,-1,-1
13.583761,51.025047,53.72692,79.78704,0.100954056,2,-1,-1
773.5756,585.2842,32.915833,35.47644,0.10080409,3,-1,-1
537.44073,542.1945,7.136902,14.686584,0.10033184,2,-1,-1
196.76984,499.0561,11.390564,11.041626,0.100164056,1,-1,-1
683.5537,350.30115,35.238464,39.580536,0.099591136,3,-1,-1
308.08154,401.1111,169.5505,75.29813,0.099561155,3,-1,-1
539.4843,346.30673,10.303345,11.358948,0.09935078,2,-1,-1
128.62086,230.84978,61.71852,130.27931,0.09930509,8,-1,-1
96.58543,558.27545,23.66005,41.13623,0.09875956,1,-1,-1
0.0,191.39087,18.208971,61.401413,0.09838894,4,-1,-1
725.04834,379.66205,12.935791,29.396118,0.098100334,3,-1,-1
266.04758,741.92365,8.766205,12.187683,0.097293705,3,-1,-1
537.0358,537.574,7.2539062,14.414978,0.09725928,2,-1,-1
1282.9728,677.2196,20.62732,28.122803,0.09716678,1,-1,-1
116.863815,0.0,179.73906,148.71065,0.096830845,6,-1,-1
708.38257,406.96906,9.078064,12.986053,0.0964959,2,-1,-1
725.04834,379.66205,12.935791,29.396118,0.09645358,1,-1,-1
1.6856884,192.54945,8.119723,11.097595,0.09626749,1,-1,-1
535.85236,344.2,16.346375,15.727234,0.09600431,1,-1,-1
885.6942,542.938,21.364807,30.50592,0.09558901,2,-1,-1
720.8633,394.64484,11.486755,26.05896,0.09557891,10,-1,-1
520.6119,283.89017,12.430176,18.636383,0.09550434,2,-1,-1
267.13904,755.91815,8.61438,9.995728,0.09522173,2,-1,-1
689.6188,339.73917,30.102417,34.831604,0.094819635,4,-1,-1
90.17439,233.37495,73.19617,139.19179,0.09459069,7,-1,-1
696.74115,396.58444,23.502747,29.034119,0.09450507,10,-1,-1
5.2841444,191.37833,9.103514,13.250687,0.09446016,1,-1,-1
0.0,0.0,62.689003,125.49201,0.09433687,4,-1,-1
298.10098,682.08215,45.585297,28.019775,0.09421089,4,-1,-1
680.645,373.15622,35.63733,30.987885,0.09388587,8,-1,-1
689.5824,339.6751,30.426636,34.946686,0.09287685,8,-1,-1
854.5692,410.11206,17.33545,25.603851,0.09285149,1,-1,-1
795.6488,366.5522,11.148254,14.061707,0.09284502,1,-1,-1
694.3053,386.1379,23.30304,30.460938,0.092344075,10,-1,-1
139.25998,227.44772,25.79071,32.41571,0.092307866,1,-1,-1
531.1201,528.41113,6.9813843,14.578186,0.09208307,1,-1,-1
524.7036,533.27954,5.6029053,9.695374,0.091744065,2,-1,-1
354.42218,192.00478,16.645386,17.225555,0.09174156,1,-1,-1
153.60707,226.26105,72.543365,144.2977,0.091249585,3,-1,-1
0.0,12.6643715,67.91365,131.60402,0.091094434,5,-1,-1
265.01163,749.6973,8.31604,14.586609,0.09072229,1,-1,-1
720.8633,394.64484,11.486755,26.05896,0.090684265,1,-1,-1
738.31067,58.08977,9.451721,14.523388,0.09048757,1,-1,-1
1261.4169,433.22983,18.113525,36.02054,0.0902566,5,-1,-1
96.62831,557.1091,23.358688,42.604675,0.0901269,2,-1,-1
707.3568,96.41564,29.450256,25.264198,0.09011853,1,-1,-1
59.3561,752.461,45.28953,35.082947,0.09008697,9,-1,-1
46.565384,557.6498,30.778114,18.467224,0.09002966,1,-1,-1
0.0,191.39087,18.208971,61.401413,0.08991358,6,-1,-1
212.0703,35.31407,30.11502,39.285683,0.08986318,2,-1,-1
786.4202,636.97314,27.171143,58.106934,0.08981243,8,-1,-1
0.0,190.38712,17.535765,52.43344,0.08974436,10,-1,-1
483.49127,253.95343,6.751648,7.5736084,0.08973801,1,-1,-1
264.89807,740.9315,12.970123,14.773376,0.089669675,1,-1,-1
693.2304,340.05148,24.09143,31.757996,0.08964306,2,-1,-1
617.0168,424.79044,12.886169,17.235382,0.089304686,1,-1,-1
319.61346,693.0438,56.563538,31.943115,0.08897227,5,-1,-1
698.4771,387.19965,17.81842,30.538849,0.0889571,1,-1,-1
104.632744,449.53885,155.80746,56.952362,0.08852139,7,-1,-1
802.6988,33.219933,8.472656,19.749222,0.08839339,2,-1,-1
972.64435,507.87585,20.297607,47.84253,0.088190615,5,-1,-1
519.78424,287.49985,8.830627,16.305817,0.08818507,1,-1,-1
1093.1609,95.456764,24.043457,54.306618,0.08814353,10,-1,-1
55.6347,318.81415,16.604267,29.528625,0.088103205,1,-1,-1
792.17377,365.93097,16.89264,22.30951,0.088095814,2,-1,-1
735.03577,105.9344,7.656616,17.394402,0.087993026,1,-1,-1
13.583761,51.025047,53.72692,79.78704,0.08794585,10,-1,-1
340.2939,30.758537,11.647156,20.021923,0.08787298,1,-1,-1
681.1374,369.6866,31.60907,32.696228,0.087836176,1,-1,-1
141.39958,520.2594,26.937363,45.663757,0.08754316,2,-1,-1
546.2074,779.7003,6.2245483,7.843628,0.08730486,1,-1,-1
401.77844,15.344611,10.236206,12.602796,0.08724567,1,-1,-1
358.17505,190.412,9.027374,11.665787,0.08693606,1,-1,-1
752.72174,128.74431,8.451111,16.7126,0.0867123,1,-1,-1
308.31778,401.83356,168.2977,73.86093,0.086395234,7,-1,-1
723.536,401.64484,9.148865,16.567566,0.08638799,1,-1,-1
204.83751,21.214037,97.62688,145.05974,0.08618343,7,-1,-1
829.00586,114.17965,17.619019,34.93107,0.086170316,10,-1,-1
736.724,51.105217,16.930359,23.40747,0.08596134,10,-1,-1
0.0,190.31425,14.623939,20.23587,0.08574018,1,-1,-1
854.7295,425.03662,17.925415,24.590546,0.08565652,1,-1,-1
0.0,189.6705,18.105919,55.970856,0.08539292,1,-1,-1
889.20337,552.7385,13.785706,9.849121,0.085348666,2,-1,-1
110.2485,575.81757,24.385872,33.564392,0.08533263,2,-1,-1
159.38211,191.68713,11.310745,23.095016,0.08482,1,-1,-1
696.74115,396.58444,23.502747,29.034119,0.08472341,3,-1,-1
790.11536,631.14355,25.23761,61.46472,0.084482044,2,-1,-1
681.5751,359.77634,29.20282,37.29074,0.08446869,7,-1,-1
891.4157,554.6638,12.621704,11.865356,0.08437869,1,-1,-1
44.546856,317.63254,16.419865,33.808136,0.084141195,1,-1,-1
326.05084,9.955761,8.611664,16.144928,0.0836491,1,-1,-1
1135.8511,666.98724,27.57898,51.5578,0.083235174,4,-1,-1
523.75604,270.76382,34.99872,48.152435,0.08297396,5,-1,-1
37.01397,198.95103,119.08781,179.56017,0.08277908,6,-1,-1
703.3048,396.175,15.537659,25.592407,0.08260837,7,-1,-1
288.93738,744.01135,9.804047,12.989685,0.08238721,1,-1,-1
328.81238,13.199098,8.444824,17.35088,0.082315564,1,-1,-1
126.14546,150.10579,106.51112,78.59587,0.08230716,8,-1,-1
636.3718,0.0,32.59735,27.855417,0.081900865,1,-1,-1
376.8264,5.5818944,11.669525,23.224688,0.08166763,2,-1,-1
1261.4169,433.22983,18.113525,36.02054,0.081626415,10,-1,-1
213.73703,109.64521,30.975342,53.633705,0.08129281,10,-1,-1
760.31433,324.55386,8.311768,16.850739,0.08079618,1,-1,-1
8.753089,190.66663,6.6140423,12.55838,0.08066717,1,-1,-1
699.0322,377.93753,20.016113,25.47998,0.08061135,3,-1,-1
130.18044,0.0,146.70564,166.71536,0.08058414,8,-1,-1
399.77637,14.41579,12.1354065,12.655303,0.08053294,2,-1,-1
159.40144,195.53093,10.819717,19.727707,0.08048728,2,-1,-1
300.86603,420.91513,31.516083,15.045013,0.08022657,1,-1,-1
363.09357,186.96928,10.426178,11.112045,0.080180824,1,-1,-1
24.482567,296.89435,47.391937,58.33441,0.080052316,2,-1,-1
690.23114,0.0,46.60077,40.266426,0.080032885,8,-1,-1
687.2451,374.14816,20.601074,29.526276,0.07992965,2,-1,-1
770.14514,130.5046,9.119934,18.029922,0.0798949,1,-1,-1
721.4679,402.27197,10.692078,16.20169,0.0796631,2,-1,-1
724.2286,99.77248,22.993347,26.093971,0.079429746,1,-1,-1
54.945217,317.1475,17.826382,17.58496,0.07938206,1,-1,-1
523.8396,270.29773,35.40753,48.877563,0.07934958,7,-1,-1
263.97232,472.91043,8.271362,11.249298,0.07921448,1,-1,-1
0.0,4.0409575,66.54374,140.45708,0.07912296,1,-1,-1
13.583761,51.025047,53.72692,79.78704,0.07902208,8,-1,-1
739.05597,57.431988,8.246948,14.331074,0.07890993,2,-1,-1
68.26023,521.4197,35.385727,43.90808,0.07859254,1,-1,-1
770.14514,130.5046,9.119934,18.029922,0.07839885,2,-1,-1
19.431732,287.70297,55.879173,70.35556,0.078330696,1,-1,-1
358.89212,194.59091,6.719269,9.688507,0.078071415,1,-1,-1
852.41077,408.3308,14.286133,20.942505,0.078038156,1,-1,-1
720.38995,380.17712,15.350525,38.71222,0.0778113,2,-1,-1
705.63226,95.78587,31.84198,27.082985,0.077718586,3,-1,-1
690.23114,0.0,46.60077,40.266426,0.07757881,7,-1,-1
699.21765,396.39886,19.159546,28.894928,0.07752064,2,-1,-1
766.9939,136.96574,8.930054,20.387344,0.07745358,1,-1,-1
362.1,191.21313,12.580414,15.68396,0.07709131,1,-1,-1
366.88022,280.06323,132.80649,76.72528,0.07679412,6,-1,-1
0.0,191.39087,18.208971,61.401413,0.07660428,7,-1,-1
765.2986,580.69,38.91797,36.044678,0.076601714,1,-1,-1
1145.2833,669.291,28.047852,51.03656,0.07654807,10,-1,-1
742.0983,51.13178,9.213684,15.151409,0.07649279,1,-1,-1
13.583761,51.025047,53.72692,79.78704,0.076087505,7,-1,-1
740.19055,378.4149,13.937744,31.001434,0.07604769,3,-1,-1
829.00586,114.17965,17.619019,34.93107,0.07601607,1,-1,-1
47.804226,338.0229,9.472759,13.67688,0.075798124,1,-1,-1
754.76874,310.75146,18.925049,28.306335,0.0757156,1,-1,-1
689.616,372.33786,14.94928,31.713074,0.07569933,1,-1,-1
258.42276,572.10455,13.028412,26.462402,0.075577974,1,-1,-1
523.6479,270.44177,35.2843,48.34305,0.075276196,8,-1,-1
714.96545,108.4158,16.234802,26.58339,0.07524946,1,-1,-1
124.07326,219.40918,111.82947,164.4819,0.07514173,7,-1,-1
265.5015,743.4964,12.62265,22.694763,0.075110406,1,-1,-1
274.7268,778.66,7.8908386,8.883972,0.074941576,1,-1,-1
42.043552,543.2741,59.11565,45.128357,0.07487443,1,-1,-1
264.01593,741.6137,8.463837,12.493103,0.074424535,2,-1,-1
786.7494,630.65314,26.41925,48.928284,0.074400485,1,-1,-1
734.346,105.3595,9.007751,18.694412,0.074305445,2,-1,-1
353.6404,102.25168,21.062775,23.445892,0.074299395,1,-1,-1
326.34015,9.699569,8.094696,16.403542,0.07425621,2,-1,-1
38.697536,199.21364,113.52275,179.67287,0.0740338,1,-1,-1
768.23303,585.5758,31.326721,54.281128,0.07389712,2,-1,-1
707.3568,96.41564,29.450256,25.264198,0.07383129,2,-1,-1
153.60707,226.26105,72.543365,144.2977,0.07378194,10,-1,-1
723.7035,401.14767,8.879761,17.173248,0.07370415,10,-1,-1
649.98663,0.0,23.958862,26.485624,0.07360929,2,-1,-1
50.372494,309.53265,28.073437,42.977753,0.073438406,10,-1,-1
360.56763,195.34875,9.393585,13.522919,0.07323533,1,-1,-1
318.69928,439.1621,8.410339,9.400421,0.07304123,1,-1,-1
705.63226,95.78587,31.84198,27.082985,0.07294068,10,-1,-1
74.49974,520.4389,30.381172,49.11902,0.0728541,2,-1,-1
352.7576,193.75368,9.000519,11.432709,0.0726845,1,-1,-1
106.04476,448.63962,151.86734,59.79251,0.07251477,10,-1,-1
356.2012,195.16518,9.289886,13.081024,0.072401136,2,-1,-1
0.0,12.846771,65.95948,132.19423,0.072021514,2,-1,-1
687.44324,380.4862,33.200317,37.780212,0.07197958,7,-1,-1
147.21107,143.91557,88.74312,98.52815,0.07193592,3,-1,-1
171.12123,335.1217,17.518646,37.00174,0.071920305,10,-1,-1
716.29065,379.19617,23.069336,41.366333,0.07190204,8,-1,-1
159.54202,226.74782,62.800964,142.66081,0.071721315,6,-1,-1
149.072,223.09715,31.632858,42.58116,0.07152632,1,-1,-1
0.0,191.80208,17.302727,60.710648,0.07147971,8,-1,-1
800.925,44.251,9.985535,18.435707,0.07126874,3,-1,-1
146.06226,227.67357,19.06157,25.96492,0.07119557,2,-1,-1
528.81134,522.53174,13.4823,20.328308,0.07092127,2,-1,-1
59.3561,752.461,45.28953,35.082947,0.070821434,10,-1,-1
363.6305,321.58676,6.90567,10.155884,0.070771605,1,-1,-1
368.4531,188.9646,9.415253,15.344833,0.07059455,1,-1,-1
1283.6875,679.3035,19.895508,25.437561,0.07039246,2,-1,-1
689.73004,377.19482,14.817749,25.457855,0.0702959,3,-1,-1
787.32227,639.7846,24.705994,39.32965,0.070150584,10,-1,-1
529.561,9.211717,7.107971,7.578786,0.07012409,1,-1,-1
722.2153,402.25467,9.180664,16.066223,0.070065856,3,-1,-1
90.63041,231.3928,70.8581,141.66573,0.0699667,8,-1,-1
644.9664,2.4257584,17.180481,25.708326,0.06983483,1,-1,-1
653.57227,185.64453,14.495361,36.590256,0.069833845,10,-1,-1
97.79023,568.8548,16.690231,29.032349,0.06976384,2,-1,-1
853.72894,437.93967,13.104248,12.451843,0.069677025,2,-1,-1
522.2286,281.14728,9.222168,16.373718,0.06914374,1,-1,-1
1104.0162,679.8908,27.84497,43.38153,0.0690552,5,-1,-1
0.0,191.05614,16.900398,48.36618,0.069039196,2,-1,-1
720.4369,379.29547,15.707825,38.615875,0.06889278,6,-1,-1
187.71024,684.3619,9.560226,11.487366,0.0687871,1,-1,-1
800.59235,35.489902,7.36261,18.497673,0.06875232,2,-1,-1
1142.104,684.22003,17.284668,33.251953,0.06866923,4,-1,-1
774.5473,579.97675,18.895325,28.380005,0.068484664,3,-1,-1
301.97394,423.64032,48.966705,32.766083,0.06796539,1,-1,-1
886.3232,536.0455,20.526245,37.44806,0.067904264,3,-1,-1
300.38684,420.33545,33.380554,17.317688,0.06787592,2,-1,-1
1338.3888,33.470085,34.013306,36.315224,0.06784737,2,-1,-1
111.37698,232.69753,48.383575,97.58415,0.06772128,1,-1,-1
800.2168,40.947273,7.923401,20.287891,0.06761706,2,-1,-1
483.8851,110.25536,8.047913,11.721497,0.0674898,1,-1,-1
672.5197,44.153355,34.828796,37.96716,0.067454785,2,-1,-1
299.5649,399.08923,92.18649,52.573273,0.06744844,1,-1,-1
780.64734,330.24988,10.995117,16.517944,0.06743723,2,-1,-1
742.8463,53.508476,7.216797,13.124252,0.06736544,2,-1,-1
528.56616,5.6833034,9.985352,11.986998,0.06726396,1,-1,-1
800.66394,34.462624,10.197693,22.317848,0.067245185,3,-1,-1
2.2387764,123.213806,7.165716,12.608734,0.06718999,2,-1,-1
156.35684,232.28935,23.139923,38.3163,0.067133516,2,-1,-1
1092.6815,92.13473,26.120728,58.183006,0.066850424,1,-1,-1
652.9973,180.23543,17.238098,41.623184,0.06678748,4,-1,-1
885.6942,542.938,21.364807,30.50592,0.06662595,1,-1,-1
254.73476,0.0,110.47246,41.896324,0.066574246,7,-1,-1
776.92993,588.7911,30.540894,56.608215,0.0665496,1,-1,-1
76.07431,203.68912,134.2113,178.64984,0.06653491,3,-1,-1
308.31778,401.83356,168.2977,73.86093,0.06645015,10,-1,-1
332.5783,462.52847,117.644684,51.55551,0.066349775,10,-1,-1
267.0861,752.3572,8.44812,13.544189,0.066223115,3,-1,-1
212.72522,35.968307,29.48912,38.45028,0.06619367,1,-1,-1
355.14685,191.78473,9.190338,10.550476,0.06616372,1,-1,-1
335.25668,399.58185,14.263763,8.540802,0.06615478,1,-1,-1
1153.5463,350.44852,21.149292,18.09198,0.06609443,4,-1,-1
780.81,576.50757,23.500244,34.148376,0.06589019,3,-1,-1
726.6382,379.7943,8.584045,19.917297,0.06588265,1,-1,-1
740.10095,379.13538,14.037231,31.731934,0.06581539,10,-1,-1
783.66797,610.0327,27.725647,60.71985,0.06579131,10,-1,-1
680.83844,358.04794,32.59662,39.032684,0.06569153,8,-1,-1
729.645,101.93829,15.677002,22.67778,0.065645546,3,-1,-1
340.5155,31.223465,11.008148,19.244392,0.06555295,2,-1,-1
685.782,472.24774,26.843689,84.309326,0.06546262,4,-1,-1
180.36221,13.191568,131.2449,152.5586,0.06539276,8,-1,-1
752.72174,128.74431,8.451111,16.7126,0.06539178,2,-1,-1
304.36072,430.42844,25.519379,18.950317,0.06513581,1,-1,-1
803.0126,321.062,9.302673,19.518372,0.06508005,1,-1,-1
539.1896,345.80017,10.543823,12.084656,0.065050274,10,-1,-1
59.041355,751.3624,46.0031,36.18152,0.06503242,8,-1,-1
13.583761,51.025047,53.72692,79.78704,0.06499931,1,-1,-1
531.81824,548.6492,9.613037,14.710632,0.06495634,2,-1,-1
356.2121,194.75642,6.708557,8.756027,0.06493291,2,-1,-1
360.82587,99.44049,19.419067,24.698547,0.0648891,10,-1,-1
778.5991,590.50256,27.424683,51.59436,0.06483239,2,-1,-1
357.04984,196.33705,5.149658,10.25322,0.06482056,1,-1,-1
745.8098,52.777588,6.8307495,14.499283,0.064519584,2,-1,-1
43.212025,540.33826,55.092686,47.758972,0.0644044,2,-1,-1
1279.0212,659.03345,26.281372,46.59955,0.06439772,1,-1,-1
720.86285,374.0488,24.194946,41.917236,0.064136714,3,-1,-1
787.631,641.03723,23.585999,35.93329,0.06407803,2,-1,-1
688.2533,340.65207,24.58368,22.528687,0.06403655,10,-1,-1
214.57895,111.555885,28.242996,51.523582,0.064030975,1,-1,-1
524.97205,527.8699,14.310669,15.630554,0.06398705,2,-1,-1
733.8916,275.59247,11.832275,17.258179,0.06398603,10,-1,-1
1281.8264,674.5487,22.128784,31.74414,0.06391817,10,-1,-1
266.16812,741.6166,8.63559,12.680298,0.06389648,10,-1,-1
111.37698,232.69753,48.383575,97.58415,0.06387991,2,-1,-1
681.9474,374.76212,34.884277,28.011536,0.06364271,10,-1,-1
797.621,35.399803,8.367554,19.481068,0.063605696,1,-1,-1
800.275,323.3098,9.166199,15.903839,0.063327014,1,-1,-1
782.964,611.79535,35.260315,90.380005,0.063323945,7,-1,-1
404.33926,37.769722,6.723999,10.506977,0.063304245,2,-1,-1
0.0,188.61111,13.751369,12.869095,0.06329316,1,-1,-1
267.4728,742.9391,7.824463,5.973816,0.0632475,1,-1,-1
237.22028,698.26666,231.95868,89.27728,0.06324452,5,-1,-1
782.3695,330.7306,11.229919,13.608673,0.063231975,1,-1,-1
941.2055,695.83734,18.04419,25.85968,0.06301296,1,-1,-1
738.84985,51.00987,15.886475,25.46204,0.063004225,3,-1,-1
1153.2173,671.1368,34.338257,47.316345,0.06276649,4,-1,-1
359.7754,191.46106,6.0594482,8.429855,0.06262773,1,-1,-1
971.1761,501.23114,22.738708,55.575806,0.06259194,10,-1,-1
78.24824,212.54655,11.9468155,15.6436615,0.062318027,2,-1,-1
124.07326,219.40918,111.82947,164.4819,0.062292486,8,-1,-1
713.2978,375.52985,22.404846,32.0549,0.06215498,3,-1,-1
355.16113,178.91754,34.73401,33.677948,0.062108696,1,-1,-1
266.42984,745.32117,9.336609,13.39502,0.062086552,3,-1,-1
148.97249,209.29756,83.4872,158.03246,0.06204745,1,-1,-1
110.70355,276.884,33.601593,39.29117,0.062045395,2,-1,-1
268.5741,743.57184,5.252899,10.026611,0.061967432,1,-1,-1
694.3346,355.12988,23.626099,28.343079,0.061905503,3,-1,-1
31.051516,295.5585,33.118584,56.224518,0.061899036,10,-1,-1
1335.3784,17.623121,40.27063,59.76239,0.06186056,1,-1,-1
270.55173,656.0065,9.421692,10.928772,0.061831683,1,-1,-1
710.4441,380.89273,30.55249,39.346527,0.061692834,10,-1,-1
697.0017,386.63242,19.988037,32.21942,0.061658442,2,-1,-1
763.5605,578.46576,41.002014,29.556519,0.061533213,7,-1,-1
795.67065,672.1695,16.560791,33.554565,0.06149766,10,-1,-1
363.65176,185.48521,13.920563,18.255676,0.061441094,2,-1,-1
46.758984,298.37033,35.60513,51.08914,0.061432242,1,-1,-1
1185.1992,690.77765,21.671753,20.706787,0.061326563,4,-1,-1
760.12146,317.35187,7.6933594,15.025726,0.06132254,1,-1,-1
0.0,217.97269,11.992176,24.398727,0.061166495,2,-1,-1
76.431114,218.34712,121.86877,166.19774,0.06116408,6,-1,-1
294.70322,724.9412,28.090881,15.724609,0.0611386,4,-1,-1
0.0,191.14114,13.719788,17.127213,0.061108977,2,-1,-1
254.4659,359.956,7.619858,15.466675,0.06108129,1,-1,-1
81.529625,217.40845,7.785568,11.141922,0.060986847,1,-1,-1
361.2721,200.16441,8.298004,10.98613,0.06064868,1,-1,-1
149.60829,522.1502,36.143616,42.491333,0.060348302,2,-1,-1
794.6806,31.670519,15.447937,29.993402,0.06034231,3,-1,-1
270.95947,756.706,6.7242737,8.466675,0.060340524,1,-1,-1
767.6028,586.98224,33.54419,52.066895,0.06019184,3,-1,-1
315.27457,514.6352,16.437897,30.141052,0.06015393,2,-1,-1
1135.1624,664.6338,27.685791,55.442566,0.06014839,10,-1,-1
534.4511,256.50793,9.25177,9.660706,0.06012401,1,-1,-1
