460.23953,570.4415,41.733032,77.112366,0.9999766,4,-1,-1
697.93353,554.416,39.12079,66.75238,0.9999629,4,-1,-1
447.10312,689.97363,37.08069,72.16394,0.9999306,4,-1,-1
481.01624,406.73862,31.066528,64.52911,0.9999118,4,-1,-1
756.017,414.12967,30.329468,64.010345,0.99986637,4,-1,-1
559.4504,665.4772,37.54773,79.925415,0.99972,4,-1,-1
744.7272,985.05286,36.51123,63.634644,0.99968946,4,-1,-1
415.07208,881.62537,47.03128,86.51904,0.99929154,4,-1,-1
468.86472,471.35074,39.46222,82.03024,0.99924314,4,-1,-1
700.2423,803.45,31.491394,70.395935,0.998505,4,-1,-1
749.5446,572.97656,33.831055,67.76483,0.9981475,4,-1,-1
756.06903,53.98874,27.574219,48.99765,0.9964193,4,-1,-1
688.7591,955.8405,33.18225,77.30939,0.99640846,5,-1,-1
745.25806,776.9296,33.5047,75.87909,0.9851353,4,-1,-1
743.91144,888.6581,31.387451,78.1723,0.9797393,4,-1,-1
772.1011,7.9625225,26.097168,45.41738,0.9356549,4,-1,-1
598.85614,1009.85223,35.434937,38.835266,0.93315434,4,-1,-1
497.94138,279.46503,31.57547,61.071045,0.7651148,5,-1,-1
431.2137,422.65134,39.224243,59.173706,0.5267975,4,-1,-1
331.3465,730.8531,38.60257,34.779724,0.34085554,1,-1,-1
753.4052,488.68317,36.973083,67.60791,0.26455003,4,-1,-1
743.9692,886.06836,31.455261,77.41455,0.2453838,5,-1,-1
789.3252,791.32043,32.026062,66.46985,0.23711762,4,-1,-1
760.1903,336.59708,53.047302,57.36508,0.22340155,4,-1,-1
743.9612,887.43646,31.554077,79.69739,0.19907168,6,-1,-1
789.9485,791.35815,31.23999,66.226074,0.17740268,6,-1,-1
790.6603,791.9223,30.437378,65.65637,0.16094366,7,-1,-1
498.2225,280.9922,31.435822,59.133636,0.1511398,4,-1,-1
753.5208,488.0357,36.87494,69.01575,0.15073091,6,-1,-1
742.95416,286.3478,39.563538,55.336212,0.1275864,4,-1,-1
746.0027,877.88794,29.126099,55.18573,0.11770138,4,-1,-1
745.1153,878.16486,30.752502,43.294067,0.10760209,5,-1,-1
498.3885,279.99234,31.284668,60.09491,0.09859523,6,-1,-1
745.7222,875.71985,29.752502,39.829285,0.08303729,2,-1,-1
754.006,487.40576,35.631958,68.26691,0.08250946,5,-1,-1
753.5208,488.0357,36.87494,69.01575,0.08141059,9,-1,-1
745.7222,875.71985,29.752502,39.829285,0.081134945,8,-1,-1
672.268,659.3235,28.157715,33.700134,0.07744232,1,-1,-1
743.9692,886.06836,31.455261,77.41455,0.07593292,9,-1,-1
475.0397,310.5506,24.561768,42.522644,0.075715154,5,-1,-1
659.9483,641.7611,32.458496,29.16095,0.072968215,1,-1,-1
743.9692,886.06836,31.455261,77.41455,0.07251394,2,-1,-1
754.006,487.40576,35.631958,68.26691,0.070631474,7,-1,-1
744.2318,268.3972,57.216125,77.25174,0.07052705,4,-1,-1
431.08142,426.27386,39.54074,57.748688,0.06525609,5,-1,-1
303.08215,545.183,52.320923,78.24548,0.06454426,4,-1,-1
430.73474,422.28168,40.162506,61.72415,0.060642004,9,-1,-1
490.08664,291.9592,30.875946,48.788116,0.06034264,5,-1,-1
475.92328,300.2772,24.656403,44.09195,0.060129017,4,-1,-1
665.70447,651.5956,32.243896,30.826477,0.056567043,1,-1,-1
304.18405,544.7053,50.976257,79.762146,0.05445358,7,-1,-1
791.048,791.37476,29.815002,66.68237,0.05390662,1,-1,-1
303.08215,545.183,52.320923,78.24548,0.05357358,10,-1,-1
498.02713,279.4178,31.838226,60.41562,0.052989066,9,-1,-1
