824.4121,239.90186,17.930237,30.418335,0.845981,1,-1,-1
1212.7035,565.63116,110.10327,148.4378,0.8359231,4,-1,-1
816.62384,231.34834,14.30542,27.230515,0.7958697,1,-1,-1
742.002,505.92596,18.812439,41.461792,0.79270226,1,-1,-1
787.2922,454.42706,16.82434,35.753845,0.78991115,1,-1,-1
864.684,259.75128,12.083374,24.059326,0.7589061,1,-1,-1
435.58682,613.79083,27.855133,43.364014,0.75353813,1,-1,-1
727.1032,600.692,17.222473,37.97162,0.6517132,1,-1,-1
669.3609,244.14592,11.819763,25.26027,0.63569057,1,-1,-1
37.092705,367.74182,17.792957,32.797577,0.6274599,1,-1,-1
29.804096,550.7901,136.7889,125.6413,0.57746106,5,-1,-1
765.0597,475.7471,18.708008,38.532684,0.57157207,1,-1,-1
763.75256,111.87363,13.171448,28.586502,0.5629879,1,-1,-1
485.89005,131.9606,10.242981,20.069565,0.5328957,1,-1,-1
592.89606,75.34153,7.878174,19.61876,0.51666355,1,-1,-1
615.05664,78.690025,11.0147705,23.89347,0.5049029,1,-1,-1
603.3138,94.73313,9.926025,17.865028,0.46176344,1,-1,-1
29.804096,550.7901,136.7889,125.6413,0.44137907,4,-1,-1
831.90656,82.676506,9.80542,19.062103,0.43297046,1,-1,-1
722.8898,589.651,20.582153,37.333435,0.42824158,1,-1,-1
843.1546,78.67368,7.7695312,16.813515,0.4275943,1,-1,-1
1079.6572,27.08211,11.264648,22.179293,0.37852776,1,-1,-1
599.2455,78.04426,7.8917236,16.135185,0.37707284,1,-1,-1
720.80774,588.2313,18.466309,29.006104,0.3586201,2,-1,-1
1061.3727,752.4843,24.737549,35.05963,0.35192296,1,-1,-1
669.46234,252.56934,12.017883,21.753937,0.33943874,3,-1,-1
595.8993,78.45743,8.067139,17.87114,0.33707213,1,-1,-1
723.4099,595.48236,18.874939,26.9458,0.33430654,2,-1,-1
597.19806,81.48021,10.343079,17.158684,0.32783717,1,-1,-1
720.171,587.04443,16.895203,30.45868,0.3260586,1,-1,-1
668.09656,243.66237,13.909363,26.454117,0.3104327,2,-1,-1
660.8741,82.90265,9.05426,13.817421,0.29169318,2,-1,-1
600.21246,85.13005,8.491516,14.888756,0.291057,1,-1,-1
615.6019,78.49641,6.9869385,17.393776,0.2859908,1,-1,-1
661.0429,77.74918,8.27478,17.905716,0.28447837,1,-1,-1
639.33685,225.23347,24.456482,26.136978,0.28037202,7,-1,-1
731.4447,597.71326,13.072449,25.046753,0.27820784,1,-1,-1
673.3957,496.11038,47.74768,38.558624,0.2678615,4,-1,-1
602.6384,86.34586,8.359802,15.55584,0.26394612,1,-1,-1
661.722,74.99476,9.62146,18.538872,0.26308224,2,-1,-1
482.0546,130.3388,15.852539,27.154785,0.24731344,1,-1,-1
723.1966,594.7602,18.451782,28.51587,0.2451157,10,-1,-1
668.4985,252.79474,14.3168335,22.174408,0.2429142,1,-1,-1
837.15643,82.530556,9.291687,17.804909,0.24036792,1,-1,-1
725.4912,596.9588,14.739197,23.837463,0.23822361,1,-1,-1
244.7016,711.8054,166.17642,75.738525,0.2356207,9,-1,-1
715.90204,252.95055,18.91864,25.62056,0.23186386,10,-1,-1
599.0463,85.90721,12.547485,22.975792,0.22785518,1,-1,-1
1357.2334,583.23956,42.287354,127.873535,0.2206032,4,-1,-1
660.81213,80.91954,10.1484375,16.785736,0.2191624,10,-1,-1
732.3281,598.4388,11.854431,22.53418,0.21724701,2,-1,-1
244.7016,711.8054,166.17642,75.738525,0.21620855,5,-1,-1
658.38104,78.15935,8.319153,16.742638,0.21617854,1,-1,-1
486.0671,132.01257,10.271942,19.80896,0.21313885,2,-1,-1
1061.3727,752.4843,24.737549,35.05963,0.21278217,10,-1,-1
37.092705,367.74182,17.792957,32.797577,0.21197188,2,-1,-1
439.12823,614.4253,18.712006,27.81189,0.2117809,2,-1,-1
1081.153,26.540407,8.34729,15.294874,0.20806131,1,-1,-1
658.1961,80.73655,9.460571,15.41555,0.2067939,10,-1,-1
434.7225,613.6276,30.119171,44.035583,0.2060307,2,-1,-1
658.38104,78.15935,8.319153,16.742638,0.20373183,2,-1,-1
1337.6782,533.2453,61.84253,175.27496,0.20328945,4,-1,-1
818.3259,236.36479,18.665771,30.61113,0.20198452,1,-1,-1
906.0982,511.94165,44.471252,56.706177,0.20010826,7,-1,-1
834.5972,83.52879,6.282959,13.738571,0.19815874,1,-1,-1
742.2054,506.71375,18.64093,40.251892,0.19604456,2,-1,-1
905.8434,513.4936,44.53302,54.505615,0.19142208,8,-1,-1
599.2455,78.04426,7.8917236,16.135185,0.19081289,2,-1,-1
1056.2023,135.87729,25.656372,15.764252,0.19072834,4,-1,-1
486.54224,139.0647,10.078217,17.801163,0.19072518,1,-1,-1
787.2922,454.42706,16.82434,35.753845,0.18985343,2,-1,-1
612.19604,76.885635,11.113342,22.417282,0.18894833,1,-1,-1
639.8178,225.30255,23.062622,25.722046,0.18845639,3,-1,-1
639.1169,104.94507,22.69983,17.710602,0.1814098,10,-1,-1
659.512,75.2542,13.994446,18.08982,0.1789194,10,-1,-1
659.512,75.2542,13.994446,18.08982,0.17704946,1,-1,-1
720.3676,586.81885,15.3845215,19.801636,0.17677766,2,-1,-1
596.67236,85.235275,7.3393555,13.66127,0.17675179,1,-1,-1
439.12823,614.4253,18.712006,27.81189,0.17483243,1,-1,-1
867.99506,260.3514,8.957153,15.7873535,0.1738055,1,-1,-1
593.0206,75.23243,7.975342,19.929077,0.17366806,2,-1,-1
595.654,76.67247,8.546753,18.331802,0.17212078,2,-1,-1
639.31537,224.98169,24.45337,26.27919,0.1713095,8,-1,-1
246.74536,713.9979,160.1091,73.54602,0.16998434,6,-1,-1
683.0469,78.04015,8.553345,16.089745,0.16967481,2,-1,-1
37.475693,368.03284,18.79955,32.97513,0.16760132,3,-1,-1
590.22925,77.320946,12.607483,20.914467,0.1667799,1,-1,-1
905.7373,513.16724,45.00769,55.53308,0.16654935,5,-1,-1
597.25964,82.646385,10.259399,15.524063,0.16614088,2,-1,-1
639.8178,225.30255,23.062622,25.722046,0.15885639,10,-1,-1
833.5291,83.30667,8.352722,15.36972,0.15839964,2,-1,-1
661.87274,84.43143,7.1691895,13.369904,0.15723145,1,-1,-1
1016.81805,92.39292,6.631531,11.50386,0.15671107,1,-1,-1
602.9649,95.17846,10.591736,17.409378,0.15567186,2,-1,-1
670.1246,245.43022,10.267761,23.190842,0.15534809,3,-1,-1
44.03394,376.2386,16.171303,26.740997,0.1539113,1,-1,-1
672.14374,252.19382,8.16748,19.809998,0.15249413,1,-1,-1
906.0982,511.94165,44.471252,56.706177,0.15235779,10,-1,-1
660.4327,81.59752,10.077393,15.95591,0.14949426,3,-1,-1
1060.9971,752.57025,25.237549,34.973694,0.14892238,4,-1,-1
661.30865,72.81938,8.165588,15.927017,0.14862734,1,-1,-1
661.2596,73.41422,8.269287,16.952797,0.14551243,10,-1,-1
484.45218,134.31519,8.165314,18.861847,0.14500213,1,-1,-1
765.0597,475.7471,18.708008,38.532684,0.14486039,2,-1,-1
481.80508,138.5826,12.221527,21.113708,0.14485171,1,-1,-1
641.90234,104.70002,9.447144,14.24147,0.1442993,2,-1,-1
841.30414,82.09426,7.8292847,17.893394,0.14378843,1,-1,-1
1097.0741,747.3773,26.690918,39.4375,0.14077017,10,-1,-1
487.4139,133.29921,6.659149,15.009232,0.14059713,1,-1,-1
673.4969,496.93442,47.61267,37.38388,0.14046326,5,-1,-1
659.512,75.2542,13.994446,18.08982,0.1399278,3,-1,-1
1355.3313,578.4459,44.189453,124.56903,0.1398634,5,-1,-1
37.475693,368.03284,18.79955,32.97513,0.13983247,10,-1,-1
486.2143,136.83458,10.215942,20.429504,0.13977683,3,-1,-1
1210.9287,562.35284,114.9635,152.01917,0.1389386,5,-1,-1
721.62384,596.22534,11.82373,23.591553,0.13879555,1,-1,-1
615.3903,78.15773,7.6783447,19.421494,0.13877478,2,-1,-1
828.83606,239.64165,9.750977,15.921173,0.13865498,2,-1,-1
661.7845,72.95919,7.338684,14.787743,0.1385526,2,-1,-1
1043.7567,77.46271,7.263794,15.340363,0.13853681,1,-1,-1
905.9334,513.0732,44.50891,55.997986,0.13852373,4,-1,-1
728.9954,611.8871,12.15387,25.054565,0.13733318,1,-1,-1
600.3005,84.903755,8.39978,15.354256,0.1371947,2,-1,-1
725.1166,591.9107,13.123474,19.754211,0.13676885,2,-1,-1
1097.0741,747.3773,26.690918,39.4375,0.13595906,3,-1,-1
602.26697,77.95321,8.573547,15.633575,0.13518062,1,-1,-1
712.34015,247.31842,15.53595,27.334167,0.13445744,10,-1,-1
727.75836,598.6029,11.389648,19.930847,0.13386273,2,-1,-1
828.83606,239.64165,9.750977,15.921173,0.13325322,1,-1,-1
602.6384,86.34586,8.359802,15.55584,0.13281944,2,-1,-1
485.84268,135.9608,10.634918,21.58989,0.13248643,10,-1,-1
1060.704,752.4648,26.00879,35.079163,0.13136104,2,-1,-1
135.42586,179.60995,49.423508,34.79715,0.13113347,6,-1,-1
635.63416,108.63063,29.116333,20.894043,0.13099974,10,-1,-1
1225.0308,545.16626,13.263428,25.939026,0.1308209,1,-1,-1
631.251,118.59362,14.010559,15.9268265,0.13036767,3,-1,-1
865.3217,259.7323,11.502136,22.957703,0.12788352,2,-1,-1
489.84448,134.91176,7.4182434,16.67955,0.1276997,1,-1,-1
1081.1372,27.1587,8.50061,17.685518,0.12617308,2,-1,-1
720.171,587.04443,16.895203,30.45868,0.12546241,10,-1,-1
723.1966,594.7602,18.451782,28.51587,0.12481636,3,-1,-1
680.0397,77.8933,8.711731,16.387665,0.12407276,2,-1,-1
212.8064,483.80814,38.981476,32.957794,0.124031454,5,-1,-1
866.11414,263.8887,7.781616,16.551025,0.12345588,1,-1,-1
692.88477,501.2054,27.622864,32.38907,0.1233148,4,-1,-1
704.1147,246.0659,12.759155,24.13887,0.123170525,10,-1,-1
830.0846,82.414215,8.169495,17.057335,0.12102175,1,-1,-1
1245.2368,0.0,8.5946045,14.885237,0.12083539,1,-1,-1
659.93396,203.37163,10.379211,22.844254,0.12000963,1,-1,-1
211.73389,482.74875,39.963303,34.25119,0.1199761,4,-1,-1
729.97815,599.0789,15.165344,34.49762,0.11956853,2,-1,-1
669.6601,252.68457,11.588623,21.683716,0.118911505,2,-1,-1
658.50806,81.59905,8.510681,14.092537,0.1188592,3,-1,-1
695.4833,248.62578,16.365906,21.586655,0.11868271,3,-1,-1
596.08124,81.96402,12.500916,17.155014,0.11818242,10,-1,-1
843.47906,78.9297,7.319031,16.007286,0.11815554,2,-1,-1
669.66473,252.90573,11.554382,21.294098,0.11744872,10,-1,-1
511.91037,104.759125,18.073578,15.726677,0.115833044,10,-1,-1
601.8587,81.80169,12.150269,22.8441,0.115784824,1,-1,-1
590.249,77.43076,7.782715,16.465332,0.115653574,1,-1,-1
1241.3975,578.53656,17.101196,26.662903,0.115591675,1,-1,-1
716.24176,254.79927,17.710327,23.409348,0.11452788,2,-1,-1
734.38873,598.88727,8.7109375,17.604065,0.11425266,1,-1,-1
839.7815,76.81548,9.293579,16.61119,0.11338493,1,-1,-1
659.63947,78.70382,13.029114,19.400093,0.11314091,2,-1,-1
721.4246,591.3984,10.833069,19.460083,0.112921804,2,-1,-1
762.8095,112.27969,13.460876,27.868591,0.11245602,2,-1,-1
246.74536,713.9979,160.1091,73.54602,0.11237985,4,-1,-1
671.2059,247.1336,14.904175,24.794891,0.11228901,1,-1,-1
596.08124,81.96402,12.500916,17.155014,0.112045676,3,-1,-1
435.60587,613.4209,29.141998,45.438965,0.11098853,10,-1,-1
668.336,77.288315,8.834473,11.912521,0.11087,2,-1,-1
625.1457,0.0,56.424133,23.994814,0.11079952,9,-1,-1
640.2157,105.10531,12.481323,15.436867,0.11045554,1,-1,-1
674.2342,77.44939,17.874207,14.9520035,0.10997695,3,-1,-1
695.4833,248.62578,16.365906,21.586655,0.10931939,10,-1,-1
610.5169,229.2768,11.64856,21.759995,0.10908058,1,-1,-1
666.91846,242.83386,16.940125,29.630798,0.10857129,3,-1,-1
662.3202,79.66217,6.101013,14.836403,0.10781059,2,-1,-1
598.1107,94.40271,12.618042,20.300293,0.10730827,1,-1,-1
593.79645,73.83364,5.668579,14.470261,0.107156396,1,-1,-1
715.90204,252.95055,18.91864,25.62056,0.106761426,1,-1,-1
600.5716,91.424774,8.328308,16.883682,0.10674721,1,-1,-1
659.93396,203.37163,10.379211,22.844254,0.1065484,2,-1,-1
655.66077,79.36542,8.041748,14.655502,0.106520504,1,-1,-1
663.94116,80.94076,8.84314,15.681389,0.10602215,1,-1,-1
634.396,108.50991,25.31311,20.242714,0.10549107,3,-1,-1
640.30133,224.78775,21.843018,26.607895,0.10500857,2,-1,-1
597.5094,72.1914,9.116516,18.272972,0.10491368,1,-1,-1
603.8472,85.19998,6.281006,11.732475,0.104679346,1,-1,-1
741.75024,77.65172,7.8131104,16.140648,0.104644775,1,-1,-1
578.22174,73.18035,7.123535,17.381065,0.104634225,1,-1,-1
680.0397,77.8933,8.711731,16.387665,0.10438368,1,-1,-1
712.8944,64.24617,8.705139,12.829079,0.104121596,1,-1,-1
722.3704,590.6855,24.256592,45.601624,0.10396758,2,-1,-1
641.71765,586.11053,7.586792,16.33496,0.103740185,1,-1,-1
689.0627,248.4492,17.674866,21.988785,0.10347271,3,-1,-1
615.4244,79.45676,8.249878,22.047981,0.10326266,3,-1,-1
663.8239,76.651665,17.104675,15.003304,0.10320109,10,-1,-1
671.98956,242.87566,8.129822,20.168777,0.10310322,1,-1,-1
1243.8662,579.1775,12.870972,16.953247,0.10257447,1,-1,-1
840.57526,76.02601,13.7146,19.965866,0.102396816,1,-1,-1
639.1169,104.94507,22.69983,17.710602,0.101392716,7,-1,-1
824.3558,239.76341,17.716553,30.413193,0.10049605,4,-1,-1
742.04065,506.84067,19.119385,40.49411,0.10026032,4,-1,-1
638.9598,104.76682,18.184326,17.162445,0.10024774,3,-1,-1
596.8136,75.85596,6.2320557,14.965157,0.10018629,1,-1,-1
29.804096,550.7901,136.7889,125.6413,0.09929076,9,-1,-1
662.6195,76.931725,19.556458,13.98053,0.099081665,3,-1,-1
592.48627,76.20547,16.177368,18.07602,0.09902629,1,-1,-1
725.1166,591.9107,13.123474,19.754211,0.09866497,1,-1,-1
664.4577,75.28731,10.140198,13.81041,0.09852156,2,-1,-1
640.2157,105.10531,12.481323,15.436867,0.09789348,10,-1,-1
655.61316,79.834435,8.2022705,13.75721,0.09770545,2,-1,-1
431.9831,613.2423,18.72116,22.439514,0.097414285,2,-1,-1
602.5954,90.853676,10.566711,20.013794,0.09694055,10,-1,-1
664.27795,75.92238,10.78949,12.56855,0.09689903,10,-1,-1
905.7373,513.16724,45.00769,55.53308,0.09688562,6,-1,-1
725.9018,589.48895,10.807861,14.532288,0.09659943,2,-1,-1
704.90814,245.83894,11.911499,24.18193,0.09641668,3,-1,-1
683.0469,78.04015,8.553345,16.089745,0.09597927,1,-1,-1
712.6933,237.7033,23.884155,41.66295,0.09597024,10,-1,-1
607.04016,77.2982,7.7857056,16.198135,0.09596956,1,-1,-1
1112.6771,773.6861,15.17981,13.857849,0.09542605,1,-1,-1
661.2596,73.41422,8.269287,16.952797,0.095312834,3,-1,-1
764.0473,112.42012,12.710205,27.95018,0.09505367,4,-1,-1
601.6017,75.251724,12.9765625,21.109985,0.09427601,1,-1,-1
712.9507,584.02246,26.905884,46.916748,0.09377283,1,-1,-1
598.41437,88.20295,8.815491,17.852211,0.093239784,1,-1,-1
484.18594,143.49535,7.1184998,15.6315,0.09321341,1,-1,-1
1016.6181,91.98033,6.940796,12.455414,0.0929839,2,-1,-1
723.4099,595.48236,18.874939,26.9458,0.09291676,7,-1,-1
883.5613,421.04355,25.509888,25.233612,0.09285426,1,-1,-1
610.7413,231.81439,10.992981,20.15712,0.092657894,2,-1,-1
137.26465,180.88324,46.671555,32.247498,0.0922569,5,-1,-1
712.8944,64.24617,8.705139,12.829079,0.09210387,2,-1,-1
656.3921,82.37535,19.495789,15.237373,0.092078924,10,-1,-1
682.18726,77.635025,10.925354,15.7921295,0.09185186,3,-1,-1
655.25574,81.39114,8.66394,13.646301,0.09067258,3,-1,-1
450.62027,179.05647,9.432312,15.578232,0.09039822,1,-1,-1
676.09155,78.18001,14.500183,13.575287,0.09036502,10,-1,-1
1101.6289,743.32544,18.959106,31.181152,0.090353966,3,-1,-1
632.8158,117.86045,7.579773,15.283852,0.09022018,3,-1,-1
717.25494,262.3124,15.699036,18.003265,0.09008789,10,-1,-1
1005.1445,126.15642,10.338501,21.271713,0.0900031,1,-1,-1
639.1244,104.60649,16.18872,17.749557,0.0894714,2,-1,-1
655.25574,81.39114,8.66394,13.646301,0.089431554,10,-1,-1
676.73535,79.12787,7.80249,16.379852,0.089215934,1,-1,-1
868.8236,545.29596,25.60205,55.54962,0.08909932,2,-1,-1
668.7264,76.95213,9.694824,13.7966385,0.08890325,3,-1,-1
720.2192,591.0798,13.153137,18.939209,0.08845401,1,-1,-1
600.99506,82.90089,5.6395874,12.259933,0.08843917,1,-1,-1
657.21497,80.71673,13.007446,17.93789,0.08839071,1,-1,-1
639.1169,104.94507,22.69983,17.710602,0.08830869,8,-1,-1
734.56006,599.49384,8.334351,15.945862,0.08824101,2,-1,-1
742.2564,111.56708,10.190186,20.539062,0.087869495,1,-1,-1
836.74677,82.85695,9.653076,16.67775,0.087442905,2,-1,-1
745.2109,510.29633,16.27008,38.442993,0.087177396,3,-1,-1
723.1966,594.7602,18.451782,28.51587,0.08694106,4,-1,-1
721.62384,596.22534,11.82373,23.591553,0.086239934,2,-1,-1
741.6823,506.50647,18.059387,40.792114,0.085816026,10,-1,-1
176.57687,251.15936,8.344757,15.061859,0.08573803,1,-1,-1
668.09656,243.66237,13.909363,26.454117,0.085691154,10,-1,-1
727.38135,608.4421,15.147766,28.704285,0.085532844,2,-1,-1
33.360004,368.3613,29.536388,40.059265,0.08551794,1,-1,-1
667.95953,77.48828,9.679138,11.334152,0.08522254,10,-1,-1
868.01447,543.4534,27.067444,58.618347,0.08497554,1,-1,-1
614.8039,87.69419,8.820862,14.670517,0.084750354,1,-1,-1
1058.508,139.30907,17.543823,9.981476,0.08468157,4,-1,-1
1039.9182,509.44775,15.199707,15.052185,0.08467877,1,-1,-1
1018.44305,90.31684,7.663025,14.142319,0.08440694,1,-1,-1
830.7278,81.01274,14.747498,26.114296,0.08440253,1,-1,-1
659.4621,75.93765,6.0720215,13.839035,0.08432904,1,-1,-1
604.50397,94.549255,6.397888,13.936043,0.08413339,1,-1,-1
635.39386,107.70845,23.11737,20.795273,0.08411056,7,-1,-1
945.5822,615.6203,18.622803,41.308716,0.08356491,1,-1,-1
720.5536,588.2629,24.499512,43.230225,0.083391875,10,-1,-1
615.93,84.15725,5.9732666,16.03688,0.08338329,1,-1,-1
1006.11707,132.26044,6.8760376,14.679993,0.083316386,1,-1,-1
785.3658,461.1453,23.414795,38.820038,0.08312562,1,-1,-1
631.251,118.59362,14.010559,15.9268265,0.08307853,10,-1,-1
676.447,78.43621,8.148621,15.575462,0.083054155,2,-1,-1
435.60587,613.4209,29.141998,45.438965,0.08280936,3,-1,-1
717.9018,263.4539,13.47052,16.850067,0.08275533,2,-1,-1
970.0296,162.7005,9.108032,18.727783,0.082256585,1,-1,-1
722.5797,587.4206,10.518921,16.138306,0.081971675,1,-1,-1
486.54224,139.0647,10.078217,17.801163,0.08160734,2,-1,-1
595.6934,78.85963,8.455078,17.181717,0.08158916,10,-1,-1
605.40906,85.666084,8.703247,14.893822,0.08157754,1,-1,-1
685.28894,53.759773,10.21283,20.570496,0.0815472,1,-1,-1
365.95184,780.47705,10.338257,7.0668945,0.081435144,1,-1,-1
827.2098,640.3095,24.348328,49.466187,0.08135414,1,-1,-1
711.72144,65.36006,10.883606,18.322945,0.07989055,1,-1,-1
1074.5684,750.2881,36.869263,37.25586,0.079491526,1,-1,-1
1061.3727,752.4843,24.737549,35.05963,0.07947317,3,-1,-1
786.84515,454.01193,17.668213,35.3985,0.07918781,3,-1,-1
790.6344,469.09128,29.620422,34.589264,0.078971,3,-1,-1
741.75024,77.65172,7.8131104,16.140648,0.078849494,2,-1,-1
659.13446,72.4234,7.7128906,16.667343,0.078704506,2,-1,-1
617.73553,80.505424,7.352722,17.379654,0.078590244,1,-1,-1
767.98785,110.9277,7.4593506,21.314522,0.07858461,1,-1,-1
1014.5622,91.14262,10.250671,14.970779,0.07850367,1,-1,-1
844.82117,80.35809,6.0687866,10.615234,0.07837185,1,-1,-1
1098.7183,729.1313,27.968506,51.254944,0.07835999,3,-1,-1
615.4244,79.45676,8.249878,22.047981,0.07832056,10,-1,-1
669.6628,508.83014,50.29248,36.950195,0.07829499,4,-1,-1
836.3765,83.74117,7.1156616,12.562439,0.07804015,1,-1,-1
1017.37695,93.229416,5.2470703,8.115089,0.07800299,2,-1,-1
625.26855,0.0,54.1911,24.700363,0.077978075,6,-1,-1
698.93005,60.894424,8.46051,15.369568,0.07795203,1,-1,-1
1056.2023,135.87729,25.656372,15.764252,0.07788521,5,-1,-1
717.5625,262.11444,14.690186,18.602783,0.07725367,1,-1,-1
1078.9929,28.208925,14.993408,30.9852,0.07725361,1,-1,-1
639.0088,104.6596,22.564636,18.261963,0.07704508,4,-1,-1
731.4447,597.71326,13.072449,25.046753,0.0770309,10,-1,-1
603.66455,99.894135,10.292053,18.771698,0.07698509,1,-1,-1
602.4938,91.31237,10.895081,18.687447,0.07691425,3,-1,-1
1090.6322,751.1906,32.265625,36.353333,0.07681161,1,-1,-1
629.6779,112.50817,21.111816,17.989815,0.07652858,3,-1,-1
610.80707,77.09977,8.227661,17.086143,0.07637006,1,-1,-1
723.1966,594.7602,18.451782,28.51587,0.07634908,8,-1,-1
1357.3241,574.9164,42.196655,130.75171,0.07617143,6,-1,-1
596.82654,85.21491,6.994446,13.949287,0.07605493,2,-1,-1
690.5925,499.8103,30.44226,34.31079,0.07559195,1,-1,-1
658.40076,74.67764,8.575378,16.89038,0.07547355,10,-1,-1
824.3558,239.76341,17.716553,30.413193,0.07543418,2,-1,-1
1212.6707,564.51495,110.56079,148.71991,0.07527071,9,-1,-1
1043.1511,80.26791,5.228882,11.57032,0.07520154,1,-1,-1
1017.4059,89.195595,5.401184,11.822678,0.0751577,1,-1,-1
1333.0317,529.8812,66.48901,186.54785,0.07515675,5,-1,-1
1242.6307,0.0,14.006714,18.270132,0.07515228,1,-1,-1
35.177185,366.39163,14.077591,25.573608,0.07515064,1,-1,-1
727.1032,600.692,17.222473,37.97162,0.07512283,10,-1,-1
663.8239,76.651665,17.104675,15.003304,0.07508141,2,-1,-1
664.6356,81.64378,7.760132,14.504692,0.07498419,2,-1,-1
816.7526,231.57216,14.980347,25.79335,0.074932575,2,-1,-1
67.43828,195.46623,8.752121,7.7882385,0.07492462,1,-1,-1
593.4671,83.16716,7.250244,15.087669,0.07477367,1,-1,-1
715.314,243.17645,17.148743,34.647644,0.07468563,3,-1,-1
368.00244,779.1036,13.079193,8.440369,0.07444453,1,-1,-1
667.4731,77.347855,11.419495,13.018898,0.07438871,1,-1,-1
591.2113,72.30227,7.045044,16.410889,0.07434079,1,-1,-1
615.7353,77.96743,5.7473755,10.933685,0.07428664,1,-1,-1
822.94116,239.62617,12.2872925,21.299759,0.0742788,1,-1,-1
446.6774,168.04105,7.930786,16.473083,0.07396349,1,-1,-1
720.57434,589.80707,19.905396,24.451721,0.07379708,3,-1,-1
834.5035,83.870125,5.963684,10.230286,0.07367626,2,-1,-1
664.82996,74.84332,9.042419,14.871292,0.07352531,1,-1,-1
1032.2881,485.62375,12.626709,15.751617,0.07343134,1,-1,-1
728.5727,106.52011,10.384827,22.712814,0.07326004,1,-1,-1
615.798,77.670456,5.7767334,12.714333,0.07321772,2,-1,-1
602.26697,77.95321,8.573547,15.633575,0.07273069,2,-1,-1
670.1179,256.63913,8.389282,16.197052,0.07258022,1,-1,-1
482.36542,139.60597,12.294067,19.4973,0.07249713,3,-1,-1
1117.3695,776.98346,9.118652,10.560486,0.07242501,1,-1,-1
638.1259,104.54126,20.806396,18.75711,0.07239801,1,-1,-1
1005.9629,472.0538,17.849854,26.65503,0.0722332,1,-1,-1
593.83105,75.78367,5.628296,14.093506,0.07213324,2,-1,-1
656.85846,488.0505,50.81964,36.707367,0.0719361,4,-1,-1
594.3218,78.15704,4.6289673,13.739899,0.07181141,1,-1,-1
685.729,78.24885,8.462402,14.590599,0.07157278,2,-1,-1
665.81116,78.61804,7.6917114,14.273094,0.07134572,2,-1,-1
1008.5224,470.02042,13.378418,20.559784,0.071124375,1,-1,-1
1103.6659,773.41174,18.01416,14.132202,0.070809126,1,-1,-1
861.8947,263.65698,15.327026,29.100891,0.07058117,1,-1,-1
229.69713,281.6368,10.432571,16.414978,0.070569515,1,-1,-1
787.2922,454.42706,16.82434,35.753845,0.07055098,4,-1,-1
722.1159,587.6139,11.718628,12.739014,0.0705176,2,-1,-1
600.9595,79.318924,5.0653687,12.072899,0.0704273,1,-1,-1
682.7862,77.86394,10.296997,15.262123,0.07041833,10,-1,-1
945.5822,615.6203,18.622803,41.308716,0.07040104,2,-1,-1
797.0786,468.64124,18.468323,31.666656,0.0703482,1,-1,-1
689.0627,248.4492,17.674866,21.988785,0.06989765,10,-1,-1
44.03394,376.2386,16.171303,26.740997,0.06973919,3,-1,-1
625.1457,0.0,56.424133,23.994814,0.06964177,5,-1,-1
740.77893,218.25616,12.776855,20.664902,0.069401205,1,-1,-1
669.3609,244.14592,11.819763,25.26027,0.06897926,4,-1,-1
624.1188,118.33638,16.945984,17.478928,0.06889096,3,-1,-1
868.15137,260.46817,9.012268,14.71521,0.06882587,2,-1,-1
449.98703,173.43631,8.815094,14.731598,0.06864524,1,-1,-1
840.18604,77.084114,9.420227,15.697426,0.06844944,2,-1,-1
627.02747,0.0,52.575867,24.406937,0.068436325,4,-1,-1
712.6987,246.48042,15.378784,28.685349,0.06840989,1,-1,-1
1102.4326,760.8903,23.057129,26.653625,0.06836906,10,-1,-1
658.80396,74.47388,8.028748,17.37426,0.068291694,3,-1,-1
683.8664,495.83524,38.307312,39.044342,0.06828031,8,-1,-1
41.766926,375.66083,11.737202,23.65799,0.06791678,1,-1,-1
678.0309,79.28493,12.7161255,18.915886,0.0678463,3,-1,-1
640.568,106.23943,7.5823364,14.486954,0.06779742,2,-1,-1
1355.3313,578.4459,44.189453,124.56903,0.06764406,9,-1,-1
671.59406,244.05557,8.578247,21.224487,0.067367226,2,-1,-1
1101.2092,717.7416,23.13379,45.14276,0.0673286,3,-1,-1
600.75116,91.26067,13.933044,17.255363,0.067310065,2,-1,-1
432.19543,612.7072,18.661102,23.880432,0.06719145,1,-1,-1
814.6852,95.8656,17.594482,26.804794,0.0669646,1,-1,-1
1083.1581,27.887402,9.226318,17.759243,0.06690946,1,-1,-1
813.95953,96.65016,15.96051,29.632088,0.066753745,4,-1,-1
1060.5184,136.41762,17.684814,9.1115265,0.0667451,4,-1,-1
638.1489,108.39855,14.299011,18.837418,0.06670883,10,-1,-1
664.27795,75.92238,10.78949,12.56855,0.0666174,3,-1,-1
699.78564,76.1164,9.323425,16.326836,0.06650904,1,-1,-1
663.2182,73.353355,4.9038086,11.163269,0.0664137,1,-1,-1
628.49066,117.97431,10.23761,14.486351,0.06611389,3,-1,-1
912.95374,66.968155,57.119934,25.622551,0.06610629,6,-1,-1
515.2223,105.81737,13.577332,14.610619,0.06585443,2,-1,-1
605.9812,97.71671,8.613281,12.527168,0.06561661,1,-1,-1
373.30756,780.5362,8.026642,7.0077515,0.065288275,1,-1,-1
725.83246,590.02057,11.22168,13.829834,0.065193,1,-1,-1
639.31537,224.98169,24.45337,26.27919,0.0650717,4,-1,-1
487.4139,133.29921,6.659149,15.009232,0.064998776,2,-1,-1
603.8472,85.19998,6.281006,11.732475,0.064911634,2,-1,-1
833.9038,83.60545,7.892212,17.644928,0.064877,10,-1,-1
839.42786,555.60895,27.372375,47.48523,0.0648275,2,-1,-1
632.3422,117.16411,8.643738,16.384384,0.06474209,1,-1,-1
759.2028,0.0,285.487,70.73182,0.06464943,9,-1,-1
44.03394,376.2386,16.171303,26.740997,0.06462726,2,-1,-1
663.1306,73.58799,5.251465,10.269867,0.06461081,2,-1,-1
1097.0186,0.0,15.633545,22.05716,0.06458071,1,-1,-1
31.890762,551.6261,137.1774,122.91736,0.064496815,6,-1,-1
589.14545,71.29128,11.947632,19.956116,0.06448254,1,-1,-1
723.5492,594.6382,9.424377,12.111023,0.064413935,2,-1,-1
645.1051,104.678665,10.438599,13.337624,0.064350575,2,-1,-1
633.66315,107.62136,36.347473,23.28817,0.06433967,4,-1,-1
704.1147,246.0659,12.759155,24.13887,0.06417468,1,-1,-1
686.1393,497.39706,35.553955,36.903656,0.06412271,10,-1,-1
825.84204,238.45746,9.822205,16.06215,0.06398773,1,-1,-1
831.7181,79.99202,8.118835,15.202904,0.06391615,1,-1,-1
683.2835,243.69882,21.953674,25.953522,0.063868016,1,-1,-1
37.212387,367.72803,17.97182,32.89096,0.063795775,4,-1,-1
600.53925,84.32558,6.586731,10.44014,0.06374636,2,-1,-1
40.306248,367.65198,12.108326,22.372955,0.063717425,2,-1,-1
432.9641,428.37164,8.867554,9.153229,0.06344178,1,-1,-1
742.52954,216.04022,9.276367,16.008194,0.06335777,1,-1,-1
695.98035,58.992702,7.128845,14.712002,0.06325343,1,-1,-1
1100.9645,749.17236,19.127075,26.529541,0.062533736,10,-1,-1
711.6463,247.99173,16.430603,26.276886,0.062385708,3,-1,-1
816.38416,231.37921,14.539185,26.953918,0.062377334,4,-1,-1
35.329063,366.0874,13.735531,26.401703,0.062305868,2,-1,-1
1050.7317,748.37115,44.421143,39.17279,0.062016577,1,-1,-1
486.0671,132.01257,10.271942,19.80896,0.061977297,4,-1,-1
97.8069,65.27355,26.225876,36.546432,0.061961144,4,-1,-1
655.31885,77.1438,13.154724,21.169731,0.061716348,3,-1,-1
1079.5894,27.33759,13.421387,22.563553,0.0616965,2,-1,-1
662.8417,80.540405,5.3947144,12.934273,0.06163585,1,-1,-1
592.8504,75.8418,8.005432,19.483345,0.06163028,10,-1,-1
1107.3519,16.334352,12.992432,21.561602,0.06123382,1,-1,-1
1227.6884,553.4797,9.071045,17.557983,0.06122023,1,-1,-1
688.2518,720.4906,4.683899,7.869629,0.06102127,1,-1,-1
1046.1168,79.79304,4.6343994,11.544273,0.061006725,1,-1,-1
602.4778,86.59305,8.702515,14.415939,0.06089315,10,-1,-1
680.7223,663.7813,7.896118,15.915283,0.060841173,1,-1,-1
831.3436,82.809006,12.820068,22.250458,0.060825676,2,-1,-1
481.64114,145.51599,8.956482,17.566086,0.060774714,1,-1,-1
662.64105,85.59294,5.685974,11.875778,0.060765833,2,-1,-1
135.42586,179.60995,49.423508,34.79715,0.060688376,4,-1,-1
212.8064,483.80814,38.981476,32.957794,0.06055656,8,-1,-1
843.34033,79.60416,7.6845093,16.274803,0.060346574,10,-1,-1
672.3542,78.67909,8.788269,13.826233,0.06034413,2,-1,-1
1036.6903,504.69492,19.375854,23.705536,0.0602341,1,-1,-1
590.9405,79.202255,12.594727,19.325974,0.06017527,2,-1,-1
727.82794,603.4013,11.692871,22.79242,0.060155034,1,-1,-1
635.39386,107.70845,23.11737,20.795273,0.060146093,8,-1,-1
634.47217,116.10021,10.864807,13.999062,0.060040444,3,-1,-1
490.28296,141.92952,6.5929565,16.249695,0.06000471,1,-1,-1
1082.3635,26.447279,6.0634766,12.423735,0.059942067,2,-1,-1
821.26733,232.28969,8.895203,20.174698,0.059794962,1,-1,-1
719.2594,260.45532,21.320862,24.930664,0.059779048,10,-1,-1
821.55786,237.34438,18.427551,30.398636,0.059744507,3,-1,-1
1238.7504,579.10596,24.148071,48.437927,0.059708327,1,-1,-1
719.91943,593.9984,9.449829,14.629578,0.059676617,2,-1,-1
580.823,74.334694,14.042969,17.907753,0.059529215,1,-1,-1
601.43994,87.02644,5.3517456,11.13842,0.059503764,1,-1,-1
1102.4326,760.8903,23.057129,26.653625,0.05944395,3,-1,-1
640.91144,105.45596,7.3394165,12.938301,0.059364468,1,-1,-1
597.5094,72.1914,9.116516,18.272972,0.05915314,2,-1,-1
757.73474,113.16588,15.187134,28.135666,0.059114873,1,-1,-1
1010.0737,469.96442,36.590088,31.142181,0.059067816,1,-1,-1
727.1032,600.692,17.222473,37.97162,0.059061944,4,-1,-1
714.4305,102.912445,23.991882,25.569824,0.058986068,4,-1,-1
513.2694,105.33849,16.242676,15.027939,0.058943957,3,-1,-1
695.5597,240.71414,22.670227,32.00183,0.058788598,10,-1,-1
613.61816,79.11451,13.188171,23.242416,0.058778107,2,-1,-1
0.0,566.2445,129.79488,92.736755,0.05867508,5,-1,-1
970.7822,458.17422,27.226929,33.062805,0.05864358,1,-1,-1
699.8773,67.47897,8.641907,16.660843,0.05861494,1,-1,-1
741.64044,216.07764,10.903442,16.196396,0.058549672,2,-1,-1
1102.5833,773.88776,20.408936,13.656189,0.058499545,10,-1,-1
0.0,553.316,115.9491,118.12189,0.058434308,4,-1,-1
707.6721,73.85951,8.513794,18.06723,0.05842033,1,-1,-1
631.73944,116.14284,10.044678,14.744507,0.05829236,10,-1,-1
643.23236,104.70464,7.2955933,13.456558,0.058098227,1,-1,-1
684.3488,78.306526,6.7200317,9.384537,0.057965964,2,-1,-1
453.67834,180.96655,7.957245,17.395737,0.057933986,1,-1,-1
1030.5974,475.1726,21.193237,27.20169,0.0578624,1,-1,-1
482.0546,130.3388,15.852539,27.154785,0.057842523,2,-1,-1
361.47806,778.67554,16.638092,8.868408,0.05783251,1,-1,-1
708.3072,66.62248,9.235535,18.21621,0.057826847,1,-1,-1
224.01784,286.73355,12.556931,16.54773,0.05777487,1,-1,-1
720.80774,588.2313,18.466309,29.006104,0.057748616,7,-1,-1
1019.80444,87.604355,6.0423584,12.218613,0.05747354,1,-1,-1
