651.0885,21.185642,15.659119,24.039486,0.7577959,1,-1,-1
645.1951,247.26286,16.330627,23.436203,0.755685,1,-1,-1
230.35541,139.66202,21.293518,33.56987,0.7137827,10,-1,-1
667.7955,638.64124,14.268005,17.967346,0.6789726,1,-1,-1
655.728,225.62657,12.743469,18.065521,0.6241762,1,-1,-1
639.6661,234.84991,10.83728,16.143265,0.60855895,1,-1,-1
199.62602,150.83006,26.021744,33.075043,0.5905695,10,-1,-1
244.82312,134.38574,21.82898,33.7213,0.5832018,10,-1,-1
215.11322,144.06134,19.870743,32.316742,0.5741889,10,-1,-1
271.74722,133.80545,20.138763,30.052094,0.56936824,10,-1,-1
654.3492,665.9623,12.644531,16.820435,0.56064206,1,-1,-1
677.00806,572.1726,11.620422,18.898132,0.5353895,1,-1,-1
592.5231,10.635777,13.503113,27.384945,0.51093787,1,-1,-1
675.82654,770.864,12.436829,16.679932,0.5049786,1,-1,-1
669.4485,382.5421,11.659668,14.258148,0.5028088,1,-1,-1
179.4699,163.66492,31.318176,32.966736,0.49294722,10,-1,-1
179.4699,163.66492,31.318176,32.966736,0.46789244,3,-1,-1
116.64816,189.69426,37.584198,36.45804,0.46624297,3,-1,-1
652.5161,576.0796,18.662659,22.356812,0.46526197,1,-1,-1
167.48395,168.90489,33.26909,32.615143,0.45824146,3,-1,-1
133.65808,182.3879,34.29077,34.84726,0.45763576,3,-1,-1
167.48395,168.90489,33.26909,32.615143,0.45417804,10,-1,-1
702.41144,595.21625,14.028992,14.506165,0.4530313,2,-1,-1
253.56145,132.48566,18.2444,32.45671,0.45030817,10,-1,-1
640.7725,124.3507,16.736023,23.552391,0.44776613,1,-1,-1
702.41144,595.21625,14.028992,14.506165,0.43421516,1,-1,-1
672.85,620.1258,14.704407,20.546265,0.42958254,1,-1,-1
682.7742,555.368,10.1762085,16.558594,0.42255175,1,-1,-1
685.363,770.53735,11.544739,17.006592,0.42104217,1,-1,-1
165.9593,260.49548,25.23619,14.147583,0.42023325,1,-1,-1
271.42905,121.57806,21.821167,34.77613,0.41956028,10,-1,-1
241.51376,138.37013,18.149261,33.724335,0.4161256,10,-1,-1
199.62263,151.22047,25.437408,32.554565,0.41305074,3,-1,-1
440.00937,47.12106,31.417725,18.84016,0.40016505,10,-1,-1
673.4071,460.98108,15.790405,20.210938,0.39633182,1,-1,-1
153.26707,171.47644,32.62166,32.939713,0.35791704,3,-1,-1
639.71674,575.94574,20.329407,22.847473,0.3518844,1,-1,-1
182.67567,156.07562,34.26828,32.66159,0.35009003,10,-1,-1
675.581,441.0963,11.78363,13.5581665,0.34264365,1,-1,-1
792.84454,691.94617,15.554077,28.497375,0.3383826,1,-1,-1
165.9593,260.49548,25.23619,14.147583,0.3375706,2,-1,-1
670.0043,448.49057,13.059448,14.995605,0.3266865,1,-1,-1
170.4573,206.38313,30.159897,33.118683,0.31995416,10,-1,-1
153.75305,171.52414,31.52687,31.95401,0.3077239,10,-1,-1
212.03168,144.89809,23.08429,34.789734,0.3051059,3,-1,-1
106.01785,294.86444,17.350708,14.454437,0.30429018,1,-1,-1
255.08112,120.74594,19.007782,33.138977,0.30383962,10,-1,-1
133.93088,182.49168,33.674408,34.1512,0.30273122,10,-1,-1
670.8451,448.47595,11.5251465,13.353943,0.30114317,2,-1,-1
670.75,446.23926,15.424011,25.017181,0.3009761,1,-1,-1
707.0233,772.3933,11.086792,15.150635,0.2966898,1,-1,-1
271.16376,197.5857,47.526337,38.43689,0.29191214,1,-1,-1
675.80554,440.96188,11.174072,13.465271,0.29088798,2,-1,-1
163.38539,297.783,16.204681,15.147888,0.29079115,1,-1,-1
677.5882,390.75574,13.026428,14.026123,0.28855217,1,-1,-1
76.82408,208.11423,37.832016,36.756012,0.2857559,10,-1,-1
690.53235,444.3173,12.477417,19.312225,0.28570646,1,-1,-1
221.15749,142.81494,19.346985,31.332489,0.28201562,10,-1,-1
705.4059,606.2959,15.857727,17.382751,0.27835315,2,-1,-1
182.67567,156.07562,34.26828,32.66159,0.27484143,3,-1,-1
658.0358,441.0198,10.264465,12.635956,0.27324843,2,-1,-1
703.9385,599.0047,15.258118,17.15863,0.27008858,2,-1,-1
230.54132,139.62227,20.999115,33.59221,0.26623183,3,-1,-1
271.16376,197.5857,47.526337,38.43689,0.26361954,10,-1,-1
649.30975,441.78574,11.565491,16.87381,0.26169795,1,-1,-1
268.19547,119.56297,16.546326,30.596191,0.26155588,10,-1,-1
275.43167,115.48832,19.986237,26.354607,0.26073325,10,-1,-1
622.1461,0.0,17.722473,10.988723,0.25823045,1,-1,-1
446.8744,47.331955,19.152008,16.831436,0.25712296,1,-1,-1
652.07935,441.54773,15.419495,15.54248,0.2568075,2,-1,-1
678.64087,461.01254,10.943481,13.348785,0.25187463,2,-1,-1
649.2258,441.88834,11.938049,16.468842,0.2512149,2,-1,-1
615.8509,0.0,13.919312,11.565692,0.2472035,1,-1,-1
608.71594,247.14053,19.359741,28.342285,0.24673301,1,-1,-1
111.867516,185.30627,32.260155,33.756226,0.24433628,3,-1,-1
125.177315,184.9099,30.673134,30.502304,0.24157816,3,-1,-1
89.750175,199.53833,40.360374,35.836624,0.24150714,3,-1,-1
651.5888,440.9408,15.4953,17.20581,0.23972031,1,-1,-1
86.76593,203.96056,39.879913,35.827347,0.23965636,10,-1,-1
678.64087,461.01254,10.943481,13.348785,0.2355721,1,-1,-1
0.0,208.55637,102.90325,113.96127,0.23492676,9,-1,-1
680.86774,391.25775,15.410706,15.028198,0.23358285,1,-1,-1
418.33652,0.0,50.13449,19.096216,0.23010018,10,-1,-1
671.75934,466.56848,10.544861,14.678925,0.22995391,1,-1,-1
144.73112,172.64735,33.334732,40.63597,0.22822964,3,-1,-1
166.29553,260.74307,14.882843,11.164001,0.22001782,1,-1,-1
226.86656,223.56293,118.54878,63.284027,0.21838582,6,-1,-1
605.3002,205.39272,16.321533,20.848953,0.21800935,1,-1,-1
701.424,622.1988,18.211182,18.624695,0.21474856,2,-1,-1
159.09894,298.62784,20.972107,24.345001,0.20890915,1,-1,-1
611.91766,119.492805,10.938782,17.227547,0.20689794,1,-1,-1
675.82654,770.864,12.436829,16.679932,0.20410052,10,-1,-1
675.6413,770.44635,12.86792,17.097595,0.20224768,2,-1,-1
438.5457,45.585426,33.26422,19.790619,0.20105419,1,-1,-1
244.82312,134.38574,21.82898,33.7213,0.20085108,3,-1,-1
163.38539,297.783,16.204681,15.147888,0.19940186,2,-1,-1
685.0967,770.94604,12.701904,16.5979,0.19815937,10,-1,-1
658.8345,581.7383,11.8793335,16.168274,0.19769406,1,-1,-1
272.14774,121.64775,20.567657,35.17096,0.19583708,3,-1,-1
689.43805,772.33636,10.723633,15.207581,0.19364762,1,-1,-1
383.89273,12.451738,44.350708,26.976973,0.19354978,10,-1,-1
703.9385,599.0047,15.258118,17.15863,0.19270942,1,-1,-1
204.38303,145.39297,29.478973,42.481674,0.1926963,10,-1,-1
271.83154,135.15225,20.990997,29.374954,0.190155,3,-1,-1
110.04616,197.0169,32.00609,28.805954,0.18971077,3,-1,-1
443.4319,47.220387,14.55954,16.759262,0.1893051,1,-1,-1
709.1105,608.2649,13.394836,11.190491,0.18868503,2,-1,-1
144.73112,172.64735,33.334732,40.63597,0.18866813,10,-1,-1
651.80176,247.11401,10.468323,14.084198,0.18856159,1,-1,-1
669.85876,446.74295,16.511292,23.337128,0.18811041,2,-1,-1
341.59155,65.45898,41.988953,49.969986,0.18663645,10,-1,-1
227.06268,224.93636,117.447296,60.51375,0.18517682,8,-1,-1
455.25027,47.815456,14.159149,16.949299,0.18310022,1,-1,-1
672.8285,460.8587,16.366455,20.681793,0.18259779,10,-1,-1
690.3267,443.48398,12.166077,17.638947,0.18182728,2,-1,-1
170.8833,260.3922,13.685989,12.436218,0.18081158,2,-1,-1
657.70105,441.32724,10.819702,12.201508,0.18011305,1,-1,-1
179.12552,174.97267,30.297379,30.199615,0.17802694,3,-1,-1
647.27496,125.60695,11.235779,18.767014,0.17726162,1,-1,-1
170.13329,203.86191,28.864273,27.266586,0.17564923,3,-1,-1
247.68048,145.41394,19.084595,32.302032,0.17497087,10,-1,-1
0.0,210.83363,99.33383,104.64842,0.17315236,5,-1,-1
174.42757,207.5842,24.52089,23.349243,0.17298904,1,-1,-1
672.8044,619.7119,15.016907,21.591064,0.17264676,3,-1,-1
284.6557,122.10794,26.488312,28.867004,0.17240047,10,-1,-1
669.4485,382.5421,11.659668,14.258148,0.17133766,2,-1,-1
177.47273,209.47385,29.543442,43.075012,0.17060545,10,-1,-1
594.05054,11.780472,10.693726,17.076033,0.16905156,1,-1,-1
375.5986,224.64555,15.592163,12.783905,0.16822553,1,-1,-1
0.0,209.92801,100.86465,108.00635,0.16803917,6,-1,-1
671.58356,384.37198,18.060303,23.397308,0.16786543,1,-1,-1
109.15448,192.81474,36.58612,36.946396,0.16743994,10,-1,-1
232.00127,139.5917,34.848587,36.605957,0.16558462,10,-1,-1
88.4758,294.24652,36.836517,32.694733,0.16545564,1,-1,-1
284.83914,108.21167,29.580933,34.41829,0.16474521,10,-1,-1
705.3767,606.6493,15.667603,16.874756,0.16450652,1,-1,-1
526.01447,305.4812,18.07013,31.320953,0.16356108,1,-1,-1
269.9352,198.32718,51.834198,42.108994,0.16269523,2,-1,-1
656.5802,430.62143,10.576843,13.539734,0.16195402,1,-1,-1
122.767784,185.40718,37.07862,35.149765,0.16153538,10,-1,-1
446.8744,47.331955,19.152008,16.831436,0.16092572,2,-1,-1
640.70435,230.6942,15.8133545,21.02536,0.16049653,1,-1,-1
166.25447,260.6439,24.445145,13.630585,0.16031024,10,-1,-1
80.69174,199.18724,36.231094,33.692154,0.15978509,10,-1,-1
350.83383,119.63744,19.970184,19.676811,0.15969887,1,-1,-1
138.84703,192.37114,25.315155,29.153885,0.15961269,3,-1,-1
680.45416,769.03204,22.029358,18.511902,0.15926614,1,-1,-1
350.85748,119.47114,19.88504,19.749733,0.1582205,10,-1,-1
397.31918,11.716956,31.369507,19.683365,0.15766117,10,-1,-1
270.3939,117.39118,18.90271,27.995918,0.15705124,2,-1,-1
655.1729,432.22333,11.880798,16.281982,0.1562734,2,-1,-1
272.06528,199.14114,31.346497,26.225937,0.15620697,1,-1,-1
174.42757,207.5842,24.52089,23.349243,0.15483293,2,-1,-1
106.21771,294.57892,16.839386,14.940826,0.15455934,2,-1,-1
237.23154,136.29051,16.466019,30.661499,0.15298107,10,-1,-1
309.38034,106.68243,63.297363,35.93061,0.15261221,10,-1,-1
438.27097,2.4916022,30.037659,15.814102,0.15096155,10,-1,-1
671.87555,387.3681,9.914734,12.375122,0.15059242,1,-1,-1
671.75934,466.56848,10.544861,14.678925,0.1503692,2,-1,-1
275.43167,115.48832,19.986237,26.354607,0.15004739,2,-1,-1
685.0967,770.94604,12.701904,16.5979,0.1488587,2,-1,-1
395.63562,0.0,49.59195,27.35969,0.14745304,10,-1,-1
674.33923,625.70026,14.568726,20.527527,0.14631847,1,-1,-1
301.4145,103.9302,24.314362,35.662697,0.14630386,10,-1,-1
671.2053,638.3723,15.541931,14.833557,0.14592686,1,-1,-1
687.0615,392.89188,11.0807495,13.257294,0.14572194,1,-1,-1
166.49347,260.73102,13.382614,10.162262,0.14466467,2,-1,-1
671.0155,438.49295,16.59552,21.614197,0.14437121,1,-1,-1
256.26834,135.98283,26.208954,29.488724,0.14427629,10,-1,-1
260.3244,364.34863,48.699646,140.44608,0.14359581,6,-1,-1
675.82654,770.864,12.436829,16.679932,0.14272887,4,-1,-1
555.68726,3.2548423,14.879272,30.57649,0.14233395,1,-1,-1
524.9378,304.1272,18.810913,30.163177,0.1410329,2,-1,-1
649.9997,248.05803,9.664917,17.069687,0.1407356,1,-1,-1
282.6725,113.581345,20.955566,27.260513,0.14043888,10,-1,-1
193.03963,158.35246,32.273575,34.763855,0.14033645,10,-1,-1
669.21497,380.02823,18.053406,21.529327,0.14021954,1,-1,-1
704.80884,468.04816,13.257874,21.979736,0.14010042,1,-1,-1
193.03963,158.35246,32.273575,34.763855,0.13982138,3,-1,-1
103.293976,204.31099,36.45021,32.02124,0.13850981,3,-1,-1
677.6513,390.99408,12.815491,13.769562,0.13711306,2,-1,-1
440.00937,47.12106,31.417725,18.84016,0.13702762,8,-1,-1
707.65594,773.1468,9.778137,13.354858,0.13652924,2,-1,-1
73.84641,569.9419,62.914803,72.4671,0.1360426,7,-1,-1
553.08636,0.0,15.828186,22.82455,0.13530114,1,-1,-1
448.93042,47.411938,14.29007,16.963146,0.13414729,10,-1,-1
200.65619,144.38406,22.642838,28.620926,0.13260919,10,-1,-1
270.2661,197.91046,50.57068,42.416992,0.13175097,4,-1,-1
420.3465,128.51537,25.201904,56.184875,0.13168186,3,-1,-1
677.0214,390.01944,14.698975,15.40097,0.13111076,10,-1,-1
0.0,643.4439,139.8684,136.48926,0.1302422,4,-1,-1
420.76776,309.1816,20.479767,29.150024,0.13017961,2,-1,-1
351.1903,119.8073,18.884369,19.387054,0.1296897,2,-1,-1
670.75,446.23926,15.424011,25.017181,0.12933889,10,-1,-1
639.03503,235.62785,14.130188,23.407578,0.1291757,1,-1,-1
650.9993,447.25058,11.729492,12.542877,0.12911773,2,-1,-1
179.12552,174.97267,30.297379,30.199615,0.12813964,10,-1,-1
226.86656,223.56293,118.54878,63.284027,0.12805992,7,-1,-1
1195.42,337.31946,11.900879,18.615112,0.12791014,1,-1,-1
654.3743,666.02106,12.520874,16.720825,0.12747699,10,-1,-1
421.05487,308.49234,19.768494,30.454437,0.12726754,1,-1,-1
716.4917,308.05457,14.225098,29.467102,0.12705916,1,-1,-1
174.4382,263.12134,12.663437,10.652649,0.12679482,2,-1,-1
76.538345,208.83989,39.641212,34.81006,0.12619448,3,-1,-1
673.45496,445.991,10.949219,14.838593,0.1260511,1,-1,-1
700.6164,605.55023,18.985596,30.804565,0.12565655,2,-1,-1
701.424,622.1988,18.211182,18.624695,0.124708354,1,-1,-1
230.27635,222.54501,110.614944,64.37683,0.124323666,5,-1,-1
73.84641,569.9419,62.914803,72.4671,0.12408692,8,-1,-1
671.00055,437.8996,17.497742,20.619446,0.12398103,2,-1,-1
673.0182,619.4538,15.233154,22.473877,0.12382904,10,-1,-1
171.21391,205.81052,19.551529,21.164978,0.123455316,1,-1,-1
680.74274,558.1448,9.288147,14.405151,0.12344548,1,-1,-1
672.3151,619.81195,16.466553,21.484802,0.1234034,2,-1,-1
467.87146,160.01242,40.065857,51.857758,0.12331906,10,-1,-1
654.31415,666.04126,12.656799,16.719543,0.12298089,3,-1,-1
701.2933,193.36298,7.7145386,8.952179,0.12122342,1,-1,-1
450.10077,48.182602,9.881256,14.710312,0.12072438,1,-1,-1
443.17862,47.47278,14.174805,15.384811,0.11986482,2,-1,-1
642.20233,126.86676,9.778198,19.36969,0.11972326,1,-1,-1
653.96893,431.31024,13.865784,19.41983,0.1196866,1,-1,-1
1184.0132,331.9676,16.921509,27.517365,0.11965886,1,-1,-1
242.93817,152.88724,18.770447,27.174316,0.1196295,10,-1,-1
1131.5974,335.03418,34.264893,17.504913,0.11941439,10,-1,-1
251.77362,116.77715,18.818298,28.694237,0.119398355,10,-1,-1
178.5016,264.2506,11.629852,10.2005005,0.11880663,2,-1,-1
230.26768,140.08337,21.294937,32.830795,0.11864224,2,-1,-1
167.92429,156.55573,36.17874,35.423447,0.11822367,3,-1,-1
456.5642,48.54466,10.78421,15.601055,0.117985934,2,-1,-1
684.33264,557.39734,6.041931,12.481812,0.11744991,1,-1,-1
674.9652,390.51956,12.056152,11.390533,0.117391735,1,-1,-1
676.9891,572.17596,11.7196045,18.76355,0.11702448,3,-1,-1
392.9372,15.02851,27.253937,20.607971,0.116880864,10,-1,-1
450.10077,48.182602,9.881256,14.710312,0.11672306,2,-1,-1
253.56145,132.48566,18.2444,32.45671,0.116243064,3,-1,-1
385.3162,21.826014,35.271484,21.121641,0.115994245,10,-1,-1
673.9921,461.02145,15.081543,19.490906,0.11594018,2,-1,-1
341.19455,113.15817,31.123657,26.718674,0.11580837,10,-1,-1
609.05286,301.2915,16.440308,26.130157,0.115701586,1,-1,-1
688.31177,774.3074,6.4224854,13.236572,0.115276694,1,-1,-1
270.7577,118.191315,18.816711,21.922089,0.11433253,10,-1,-1
389.45596,11.460342,42.069794,23.481861,0.11347905,3,-1,-1
167.70013,155.07483,41.22722,37.011063,0.112451434,10,-1,-1
375.47357,224.6293,15.914276,13.22554,0.112247825,2,-1,-1
276.40094,130.00635,21.094574,30.424927,0.11204991,10,-1,-1
1000.6726,762.8937,27.756226,24.650269,0.11197999,1,-1,-1
0.0,644.8834,141.76639,132.48193,0.11194086,6,-1,-1
692.9573,449.6602,11.191589,15.187195,0.11175692,2,-1,-1
680.6464,390.0875,16.552307,16.721985,0.11171347,3,-1,-1
287.15195,122.403404,23.14389,27.829903,0.111678034,3,-1,-1
683.702,773.6534,9.496887,13.890564,0.11119616,1,-1,-1
550.52734,0.0,15.291504,13.3849125,0.1111134,1,-1,-1
268.19547,119.56297,16.546326,30.596191,0.111064255,3,-1,-1
275.43167,115.48832,19.986237,26.354607,0.11099145,3,-1,-1
1198.8328,340.90997,7.612549,13.747253,0.110966414,1,-1,-1
660.0187,227.52267,11.025269,17.138763,0.110899866,1,-1,-1
302.2698,105.96607,22.95169,33.219597,0.110642314,2,-1,-1
255.08112,120.74594,19.007782,33.138977,0.11038223,3,-1,-1
271.22528,129.48853,19.247406,33.89966,0.11031595,1,-1,-1
617.2817,345.51633,12.944946,16.533966,0.11027843,1,-1,-1
716.3784,305.5324,15.430542,30.752838,0.11000317,4,-1,-1
112.25496,185.54826,30.191483,31.857635,0.10986316,10,-1,-1
423.8555,0.0,44.393402,18.014362,0.109595895,3,-1,-1
105.693436,294.88757,18.072472,14.582703,0.10956493,10,-1,-1
88.4758,294.24652,36.836517,32.694733,0.10930961,10,-1,-1
685.0967,770.94604,12.701904,16.5979,0.10904464,3,-1,-1
162.63942,298.54016,17.19017,16.68924,0.10901564,10,-1,-1
260.63474,116.24154,37.44989,39.379066,0.108985096,10,-1,-1
66.802414,210.66518,36.468803,36.92105,0.10896006,10,-1,-1
302.2698,105.96607,22.95169,33.219597,0.10832587,1,-1,-1
333.12558,62.678627,51.300385,47.00451,0.10805017,8,-1,-1
707.0233,772.3933,11.086792,15.150635,0.107914716,10,-1,-1
270.02786,118.960976,18.489685,33.23432,0.10764563,1,-1,-1
492.47775,69.420006,20.771332,18.953835,0.1074864,1,-1,-1
794.6529,698.84204,9.541992,21.32428,0.10702169,1,-1,-1
675.9585,770.9923,12.048584,16.551636,0.10692203,3,-1,-1
270.2661,197.91046,50.57068,42.416992,0.106781155,8,-1,-1
179.39632,210.10797,21.367569,22.498215,0.106512606,10,-1,-1
596.8431,21.665878,7.8633423,17.220516,0.10639241,1,-1,-1
98.82501,294.11002,19.63652,17.584564,0.10623732,1,-1,-1
1186.4427,340.9115,12.515625,22.50772,0.10609558,1,-1,-1
270.4595,196.8681,51.736786,43.947372,0.10605931,7,-1,-1
650.9993,447.25058,11.729492,12.542877,0.10599217,1,-1,-1
214.35205,143.80687,21.282623,30.82022,0.10537735,2,-1,-1
1184.2135,332.19257,16.064575,28.132446,0.105267465,10,-1,-1
382.2134,19.131815,44.14737,23.436457,0.10509834,3,-1,-1
270.2661,197.91046,50.57068,42.416992,0.1049732,3,-1,-1
681.54944,391.65213,14.426086,14.560303,0.104206145,2,-1,-1
681.4623,391.434,14.512146,14.738617,0.10411665,10,-1,-1
690.3227,443.8987,13.221191,19.842743,0.10400882,10,-1,-1
172.359,164.84726,33.13759,40.89969,0.10384157,7,-1,-1
691.98065,445.6049,17.804626,20.182281,0.10381162,1,-1,-1
610.2494,257.7635,15.380371,17.448639,0.10354984,1,-1,-1
653.1445,576.4838,18.715027,22.33966,0.10340783,2,-1,-1
61.95242,221.58517,35.211857,32.466843,0.103020996,10,-1,-1
609.3594,246.71202,18.668335,29.022354,0.10284245,10,-1,-1
165.9593,260.49548,25.23619,14.147583,0.102606446,3,-1,-1
682.5547,555.1232,10.425659,16.920715,0.10256648,3,-1,-1
260.36603,730.08966,15.859833,33.92865,0.10243091,1,-1,-1
443.4319,47.220387,14.55954,16.759262,0.10226852,10,-1,-1
333.12558,62.678627,51.300385,47.00451,0.102110445,7,-1,-1
272.14642,135.74158,20.521637,27.991577,0.101938754,2,-1,-1
641.5745,193.76056,8.480774,17.848877,0.10155016,1,-1,-1
676.4967,389.41415,14.630615,16.09848,0.10148877,3,-1,-1
172.51776,175.39798,20.283249,30.603058,0.10136813,3,-1,-1
685.0967,770.94604,12.701904,16.5979,0.10125691,4,-1,-1
642.7312,402.19373,8.366943,7.945801,0.10113788,1,-1,-1
158.50189,299.06982,21.696579,23.973663,0.10109943,2,-1,-1
405.66806,0.0,58.47885,20.031237,0.10104835,4,-1,-1
323.4812,92.00042,20.902771,25.78904,0.10082799,10,-1,-1
706.7733,475.16544,10.300354,17.243408,0.10074681,1,-1,-1
440.00937,47.12106,31.417725,18.84016,0.099812955,3,-1,-1
341.19455,113.15817,31.123657,26.718674,0.0997462,1,-1,-1
279.91837,110.391106,19.351898,24.890312,0.09933153,2,-1,-1
263.8214,129.82921,22.528381,26.252853,0.09923616,10,-1,-1
88.67182,300.5175,15.694954,16.803009,0.0989607,1,-1,-1
676.3865,575.935,9.364807,13.015564,0.098618,1,-1,-1
285.8242,346.10898,56.787384,26.171844,0.09833276,10,-1,-1
667.68097,638.7787,14.40094,17.659119,0.09828812,2,-1,-1
371.45813,48.74017,18.20465,12.433708,0.09823951,1,-1,-1
178.10716,264.38937,12.392059,9.8811035,0.09785253,1,-1,-1
169.8343,205.79558,31.668121,38.94742,0.09782562,1,-1,-1
452.94025,48.66358,10.921204,14.25983,0.097320795,1,-1,-1
667.8436,638.66254,14.147095,17.952148,0.09721196,3,-1,-1
710.5228,614.76117,12.076965,12.703186,0.097198516,2,-1,-1
74.39986,589.56854,51.587135,50.70691,0.09711245,4,-1,-1
446.71008,47.199856,9.7908325,12.258957,0.09709203,1,-1,-1
691.0953,444.34332,8.923828,13.488007,0.09702641,1,-1,-1
678.99774,569.0253,8.979431,16.21051,0.09682122,1,-1,-1
709.1105,608.2649,13.394836,11.190491,0.09680125,1,-1,-1
691.16125,445.08466,8.426941,11.740753,0.09647629,2,-1,-1
612.56744,0.0,21.570068,15.169156,0.096387,1,-1,-1
682.6906,555.4227,10.345276,16.523193,0.09637627,2,-1,-1
303.72372,97.82674,19.364136,30.302124,0.09637362,2,-1,-1
677.15265,572.5034,11.318665,18.335938,0.096247256,2,-1,-1
202.09378,145.45451,32.96759,39.162094,0.095998526,7,-1,-1
678.19464,554.0221,13.694702,21.74353,0.095488936,1,-1,-1
677.18304,572.1771,11.528687,18.727295,0.09515405,10,-1,-1
420.65347,139.54388,23.32611,46.446243,0.09451479,10,-1,-1
166.11536,260.9122,9.422577,8.871674,0.09431875,1,-1,-1
609.3594,246.71202,18.668335,29.022354,0.09416273,3,-1,-1
174.4382,263.12134,12.663437,10.652649,0.093979985,1,-1,-1
639.2608,576.2892,22.221313,23.079529,0.09361982,2,-1,-1
523.76666,32.714504,32.14148,17.084911,0.09329516,4,-1,-1
230.27635,222.54501,110.614944,64.37683,0.0930354,4,-1,-1
652.3675,226.70338,21.21753,22.83902,0.092913836,1,-1,-1
669.8713,448.43353,13.100098,15.548584,0.092785686,10,-1,-1
260.3244,364.34863,48.699646,140.44608,0.092674285,1,-1,-1
81.28397,202.49377,41.0437,39.01712,0.09226611,7,-1,-1
700.4049,193.02322,8.902161,9.609161,0.09216237,10,-1,-1
404.347,16.678982,25.610077,18.119514,0.091805965,10,-1,-1
667.94696,638.63684,13.954895,17.866882,0.091721416,10,-1,-1
455.25027,47.815456,14.159149,16.949299,0.09166482,10,-1,-1
623.3108,464.1763,18.005737,22.312439,0.09140468,1,-1,-1
440.00937,47.12106,31.417725,18.84016,0.091391176,7,-1,-1
275.43167,115.48832,19.986237,26.354607,0.091377884,1,-1,-1
341.93094,723.08466,25.531189,48.43463,0.09036702,1,-1,-1
268.34366,118.53504,14.543091,22.668678,0.08990505,2,-1,-1
674.94324,624.4753,10.218323,14.598267,0.08984506,1,-1,-1
201.769,160.50485,18.598846,30.040695,0.089737356,10,-1,-1
598.8971,153.59438,15.318054,19.220108,0.08968052,3,-1,-1
260.3244,364.34863,48.699646,140.44608,0.08964804,4,-1,-1
170.96938,206.08531,20.303802,20.691895,0.08950612,2,-1,-1
395.87836,10.058682,33.066833,23.724144,0.089402735,1,-1,-1
436.99365,0.0,32.032715,11.811914,0.0893898,10,-1,-1
172.51776,175.39798,20.283249,30.603058,0.0889498,10,-1,-1
180.08995,214.51373,26.265732,47.91858,0.088856965,1,-1,-1
255.97762,143.58957,17.723526,30.825226,0.08866423,10,-1,-1
675.3155,440.9777,12.194519,14.08963,0.08850983,10,-1,-1
705.0321,597.44495,9.112793,11.113403,0.08831295,2,-1,-1
189.97116,160.82385,22.355042,24.707642,0.08816138,10,-1,-1
682.7226,555.08954,10.353394,16.950317,0.08813551,10,-1,-1
670.0391,380.8863,16.516113,21.408112,0.0878925,2,-1,-1
147.0061,188.15811,36.833893,37.959106,0.08768389,3,-1,-1
641.7798,575.2054,24.243835,22.806152,0.087017745,3,-1,-1
652.59503,441.1489,10.418884,11.848175,0.08700395,2,-1,-1
616.58795,0.0,10.789795,10.817309,0.086931616,2,-1,-1
687.0615,392.89188,11.0807495,13.257294,0.08687851,3,-1,-1
676.84296,442.37448,8.087769,9.135193,0.08680463,2,-1,-1
284.83914,108.21167,29.580933,34.41829,0.086692065,3,-1,-1
271.2377,199.40489,19.95932,17.783585,0.08665159,1,-1,-1
700.49426,592.7633,17.235718,27.064148,0.086615026,2,-1,-1
670.35693,615.8489,14.691956,20.932983,0.08653805,1,-1,-1
201.769,160.50485,18.598846,30.040695,0.086373,3,-1,-1
201.47493,144.7886,20.524734,29.425995,0.08636817,3,-1,-1
291.53564,129.34042,23.367188,21.372955,0.085896105,10,-1,-1
259.4521,130.29594,32.98529,42.076706,0.08572909,10,-1,-1
170.53421,263.25314,15.871735,15.7855835,0.08571431,1,-1,-1
0.0,209.88708,100.8935,111.01166,0.085712045,4,-1,-1
170.75618,205.05383,35.353714,42.275253,0.08554745,3,-1,-1
595.57587,176.74367,16.249084,18.374634,0.085529625,3,-1,-1
173.46698,202.33197,21.48935,26.823318,0.085517794,10,-1,-1
371.6541,40.00693,20.534515,20.018864,0.08530253,1,-1,-1
72.28278,197.51225,62.352425,47.615723,0.0852949,10,-1,-1
671.9104,385.58606,19.408936,22.923615,0.08527136,2,-1,-1
93.805565,208.74767,28.310432,30.498337,0.08524075,3,-1,-1
645.2569,124.61766,11.951416,12.509674,0.08523041,1,-1,-1
671.97174,449.70444,9.332581,10.488586,0.08518627,1,-1,-1
0.0,226.12282,127.89283,156.41435,0.08466664,6,-1,-1
708.8058,609.85645,10.122437,15.283508,0.084640056,2,-1,-1
678.34375,637.1079,10.985962,12.5217285,0.08430529,1,-1,-1
694.0702,451.877,10.004517,15.45816,0.08425176,1,-1,-1
654.12964,25.242666,9.666992,18.548544,0.08398408,1,-1,-1
669.3759,382.40463,11.718872,14.97699,0.08396453,10,-1,-1
103.85388,295.9764,20.841026,21.666931,0.08372015,1,-1,-1
113.45495,175.94684,46.625603,42.850204,0.08362755,3,-1,-1
160.32567,258.0835,27.807922,21.519135,0.083536536,1,-1,-1
705.0321,597.44495,9.112793,11.113403,0.08330181,1,-1,-1
157.51349,298.23785,23.321136,26.793976,0.08327192,10,-1,-1
0.0,226.12282,127.89283,156.41435,0.08320549,9,-1,-1
416.94962,0.0,51.87509,19.061811,0.083067745,1,-1,-1
703.21387,611.5858,16.925476,24.424011,0.08271834,1,-1,-1
612.3843,345.5471,17.358215,24.57843,0.08261597,1,-1,-1
600.8159,316.06638,22.105957,14.948303,0.08261448,3,-1,-1
691.0068,777.5874,7.099182,9.956543,0.082597554,1,-1,-1
182.51851,212.76245,17.757492,17.029999,0.08250561,2,-1,-1
646.22205,249.46286,10.226318,16.963043,0.082464844,1,-1,-1
607.8678,304.3712,17.272827,25.93396,0.08207327,3,-1,-1
271.42905,121.57806,21.821167,34.77613,0.08205643,2,-1,-1
303.72372,97.82674,19.364136,30.302124,0.08190888,1,-1,-1
342.94714,114.50352,29.353882,25.19117,0.081731945,2,-1,-1
643.0497,425.79617,8.660522,12.941406,0.081351936,1,-1,-1
182.51851,212.76245,17.757492,17.029999,0.08125901,1,-1,-1
427.87448,0.0,39.72104,16.511427,0.08125186,4,-1,-1
388.8134,17.127062,21.963928,19.54183,0.0811964,10,-1,-1
655.40686,667.19257,8.2821045,12.276794,0.08117166,1,-1,-1
467.6075,156.54628,72.447784,57.822098,0.08115044,10,-1,-1
707.3685,600.7282,10.36676,11.309021,0.08113608,2,-1,-1
596.12585,154.34264,18.350891,22.258682,0.08112422,1,-1,-1
254.96027,121.25377,19.656921,30.821777,0.08104059,2,-1,-1
94.981155,199.62837,27.85614,30.86235,0.08098245,10,-1,-1
73.40549,565.36304,66.51631,78.08655,0.08096054,6,-1,-1
514.4244,54.33635,12.104004,17.264397,0.08092731,1,-1,-1
746.25507,577.7966,12.596924,20.593933,0.0808233,1,-1,-1
649.8483,247.47652,10.864563,14.025497,0.08052659,2,-1,-1
286.3833,346.26688,55.878784,25.900604,0.080336094,4,-1,-1
285.80566,107.44599,17.057098,25.273857,0.080304086,10,-1,-1
602.76373,242.46507,24.868591,23.603683,0.080164015,1,-1,-1
679.0946,775.73535,8.300354,11.808594,0.08013216,1,-1,-1
452.94025,48.66358,10.921204,14.25983,0.08001524,2,-1,-1
322.0928,668.6384,39.462402,36.670227,0.07995787,1,-1,-1
420.21112,308.66318,21.499603,30.862518,0.07978341,10,-1,-1
255.08112,120.74594,19.007782,33.138977,0.07978189,1,-1,-1
73.84641,569.9419,62.914803,72.4671,0.07937789,5,-1,-1
1290.5435,670.0315,12.495483,20.34253,0.0793308,1,-1,-1
367.80466,46.466312,21.893585,15.116795,0.078971505,10,-1,-1
81.62212,199.84735,32.83029,30.24553,0.07877123,3,-1,-1
395.1093,0.0,52.019806,27.68983,0.07877022,3,-1,-1
640.507,124.48037,17.416626,23.633232,0.078736514,2,-1,-1
341.59155,65.45898,41.988953,49.969986,0.078727454,3,-1,-1
214.22742,150.06496,15.0061035,33.962982,0.07845661,10,-1,-1
370.52484,35.988438,20.813568,23.434864,0.078344494,10,-1,-1
1163.6871,327.20938,16.33606,25.502014,0.07832155,10,-1,-1
1238.5457,0.0,36.61328,27.427423,0.07791293,4,-1,-1
617.54565,0.0,8.562927,9.056505,0.07769674,1,-1,-1
651.16547,21.273817,15.543091,23.880533,0.07755652,4,-1,-1
696.82733,445.20465,17.998352,23.89856,0.0773367,1,-1,-1
619.40295,0.0,26.871826,14.875993,0.077192515,1,-1,-1
274.45645,138.85602,13.667511,21.87407,0.077166766,10,-1,-1
153.29356,296.68973,30.532715,33.864655,0.077159226,1,-1,-1
670.8387,442.88318,13.914551,12.974518,0.077070475,2,-1,-1
323.8164,91.93091,20.853119,25.306969,0.076627105,2,-1,-1
698.6125,191.46613,10.349976,10.209686,0.07643852,3,-1,-1
608.8899,252.9211,20.22345,24.396683,0.07632142,2,-1,-1
280.47705,111.43242,16.94394,22.702469,0.07622072,10,-1,-1
241.51376,138.37013,18.149261,33.724335,0.07616779,3,-1,-1
361.0877,62.300835,15.9565735,13.824028,0.076153606,1,-1,-1
420.2633,0.0,48.293427,18.288221,0.07608822,7,-1,-1
604.487,205.64444,17.094727,20.482437,0.076043606,2,-1,-1
97.71813,202.63333,44.673485,34.874374,0.075880826,10,-1,-1
649.12915,444.39404,19.331848,18.383759,0.07575974,2,-1,-1
676.82416,773.24786,7.5547485,13.400085,0.07559332,1,-1,-1
390.3699,12.779523,27.021942,22.053963,0.07558265,2,-1,-1
600.67267,233.3908,21.039062,21.627502,0.07557413,1,-1,-1
400.8416,0.0,32.403137,18.740587,0.075488955,10,-1,-1
340.48413,76.23664,15.851379,14.080032,0.07532409,2,-1,-1
654.88135,226.19229,9.113892,12.818817,0.07532129,1,-1,-1
641.23895,236.22314,6.642517,11.996735,0.07523638,1,-1,-1
699.2417,599.2174,23.581055,42.197266,0.07516295,8,-1,-1
617.3264,345.55438,13.014221,15.973389,0.07506809,2,-1,-1
438.36923,45.001236,33.312714,19.685081,0.07498172,2,-1,-1
85.86032,296.44626,21.41491,17.121521,0.074861616,1,-1,-1
344.2684,88.59326,20.242096,19.203712,0.074784845,2,-1,-1
277.4635,141.85802,17.164764,23.844452,0.07470575,10,-1,-1
656.7321,439.97742,14.881714,17.710114,0.074567765,2,-1,-1
653.9407,445.18298,11.377258,16.748932,0.074558586,1,-1,-1
144.73112,172.64735,33.334732,40.63597,0.0744015,7,-1,-1
285.80566,107.44599,17.057098,25.273857,0.074395895,2,-1,-1
703.07294,614.4948,18.006226,17.876587,0.07418418,2,-1,-1
285.83704,109.15789,26.529175,31.906944,0.074059725,2,-1,-1
701.30963,596.0577,11.986877,9.759094,0.07400274,1,-1,-1
440.55753,47.058514,31.24176,18.82787,0.073836386,4,-1,-1
1361.3538,329.8317,16.82837,20.965668,0.07381308,1,-1,-1
792.84454,691.94617,15.554077,28.497375,0.07375312,10,-1,-1
640.507,124.48037,17.416626,23.633232,0.07369873,10,-1,-1
292.27942,130.21312,21.973389,20.443298,0.07367906,3,-1,-1
419.855,1.9146957,28.469849,18.188738,0.07365349,10,-1,-1
166.98486,299.4654,16.205414,18.877838,0.07361013,1,-1,-1
595.3663,172.76984,18.599304,21.496506,0.07350609,1,-1,-1
671.9967,384.5267,16.698242,19.375061,0.07345858,10,-1,-1
