788.6446,284.43784,39.433777,59.745422,0.8581326,4,-1,-1
829.35815,451.06647,42.164124,69.2442,0.8053435,4,-1,-1
417.6002,490.06705,36.03772,70.10971,0.5765339,4,-1,-1
411.01468,352.48923,34.01947,61.731842,0.52773356,4,-1,-1
859.1413,555.91614,42.56787,68.167175,0.5250864,5,-1,-1
392.9652,148.47496,43.016174,79.71228,0.48988622,5,-1,-1
438.7663,921.776,43.334473,84.851746,0.4726515,5,-1,-1
409.97394,352.56335,34.66687,61.31775,0.4317117,5,-1,-1
437.8387,922.2451,45.377655,84.980225,0.41335806,4,-1,-1
418.58252,286.40094,28.221985,33.37137,0.34177345,4,-1,-1
393.38388,148.05435,43.176666,80.72821,0.31902444,9,-1,-1
393.38388,148.05435,43.176666,80.72821,0.3132299,6,-1,-1
427.0986,412.0437,13.518738,29.934326,0.2929784,1,-1,-1
421.5236,579.1992,35.171356,77.50537,0.27425665,4,-1,-1
859.2483,553.23315,42.4386,69.71857,0.26490667,4,-1,-1
419.78363,289.76016,26.706818,29.693298,0.25469545,10,-1,-1
670.46875,978.2322,50.480835,71.16016,0.24648285,4,-1,-1
299.54742,711.7984,80.71869,42.93158,0.22469354,4,-1,-1
859.2483,553.23315,42.4386,69.71857,0.22195229,6,-1,-1
403.51773,681.32043,22.145294,32.5506,0.2055242,1,-1,-1
859.123,552.26025,43.057373,70.918884,0.17381787,9,-1,-1
394.01294,147.72423,43.416016,80.85097,0.16988197,4,-1,-1
417.74924,490.33945,35.535645,69.58804,0.16881126,10,-1,-1
418.07407,490.60913,35.15518,69.23767,0.15732569,5,-1,-1
832.1479,428.114,14.759705,26.879944,0.15285793,1,-1,-1
788.4418,284.6579,39.48163,59.58441,0.14034948,1,-1,-1
379.619,409.63235,35.329376,22.875702,0.13832048,10,-1,-1
353.94705,714.12805,21.930664,34.605347,0.13706651,1,-1,-1
421.27936,580.32446,34.95352,77.01752,0.13658267,10,-1,-1
331.24057,206.30608,16.056732,41.495132,0.13355097,1,-1,-1
299.7038,712.1127,80.41049,43.151855,0.13304394,10,-1,-1
299.49622,711.8893,80.93161,42.75525,0.13186774,5,-1,-1
399.4513,674.0558,35.41626,41.14325,0.12337822,1,-1,-1
662.14026,975.7994,66.43402,73.59296,0.12328145,5,-1,-1
858.3591,554.4198,44.14276,67.92761,0.12125012,8,-1,-1
204.14255,717.9479,29.247955,24.31195,0.12007883,1,-1,-1
299.54742,711.7984,80.71869,42.93158,0.11957842,1,-1,-1
756.8577,538.19165,41.91681,67.27057,0.11375806,10,-1,-1
424.37573,627.3551,28.804474,35.768616,0.11321506,10,-1,-1
405.03836,691.4716,11.48053,21.28241,0.11252636,1,-1,-1
694.5396,117.17828,38.67505,24.861359,0.11053911,1,-1,-1
421.21982,579.3372,36.085724,77.010864,0.10943848,5,-1,-1
664.12225,456.4162,20.500244,34.902405,0.10901353,1,-1,-1
430.52985,419.3285,8.663513,23.32373,0.10480344,1,-1,-1
756.8577,538.19165,41.91681,67.27057,0.10456917,4,-1,-1
501.10004,650.3534,15.155701,29.351501,0.103000075,1,-1,-1
403.29642,679.94086,23.361969,34.14331,0.10276365,10,-1,-1
752.7223,540.8386,43.204773,63.317566,0.102148294,1,-1,-1
244.00043,695.08264,61.78055,37.283203,0.10163623,1,-1,-1
512.4096,776.38617,18.14624,15.840698,0.10091722,10,-1,-1
299.58405,711.9006,80.911835,42.71692,0.10088503,8,-1,-1
755.6942,562.5737,20.006775,36.986633,0.10017368,1,-1,-1
418.49713,287.57285,28.03659,31.767242,0.099446,2,-1,-1
495.32108,793.12787,18.629974,13.094055,0.098651916,1,-1,-1
405.76733,42.07131,9.474884,17.687153,0.09842536,1,-1,-1
423.061,627.34314,27.859192,37.039246,0.09767544,1,-1,-1
406.2047,698.8251,8.950806,14.651855,0.097234786,1,-1,-1
353.47928,713.4479,22.941803,35.776,0.097004175,10,-1,-1
420.81122,674.5027,11.509277,17.34253,0.09584564,1,-1,-1
449.58145,822.92554,45.538513,71.0907,0.09424487,4,-1,-1
420.4458,291.4048,25.088104,27.22519,0.09416181,1,-1,-1
406.73666,685.3359,16.591919,15.827698,0.09305382,1,-1,-1
418.27502,491.54437,37.521606,69.10852,0.092803866,1,-1,-1
829.8109,451.9154,41.666748,68.0578,0.09255126,1,-1,-1
419.90982,489.44406,26.629303,47.45822,0.09233269,4,-1,-1
568.9162,730.6149,14.995911,30.63147,0.09210509,1,-1,-1
496.37042,725.0073,29.86554,18.467773,0.091967165,10,-1,-1
409.60114,670.4562,24.643555,34.1344,0.09193477,1,-1,-1
396.04422,679.82666,22.783173,34.63153,0.08959973,1,-1,-1
243.2879,694.54144,62.42337,38.235107,0.08942637,4,-1,-1
513.24585,777.31384,17.871643,14.272095,0.089049816,1,-1,-1
508.18713,725.12854,18.297913,17.406128,0.08821726,1,-1,-1
730.50183,830.5555,74.16693,42.581055,0.08749661,4,-1,-1
700.5207,116.86183,32.289734,24.424072,0.087221354,10,-1,-1
413.39667,684.50464,12.549286,15.935303,0.08539924,1,-1,-1
173.63438,727.69946,13.736008,25.378296,0.083507,1,-1,-1
831.9977,427.41928,15.257019,28.47345,0.08298653,10,-1,-1
829.4474,451.6083,42.093384,68.7305,0.082885265,5,-1,-1
1035.5513,713.8839,21.53955,32.959473,0.08078849,4,-1,-1
400.43002,212.40668,38.88629,51.898987,0.08055204,4,-1,-1
503.02216,656.9425,9.706787,21.678772,0.07954952,1,-1,-1
670.46875,978.2322,50.480835,71.16016,0.07936761,10,-1,-1
788.6446,284.43784,39.433777,59.745422,0.07857874,10,-1,-1
107.95079,738.2762,22.638031,25.14392,0.07831851,1,-1,-1
401.24817,682.6917,11.307404,18.677124,0.07822958,1,-1,-1
419.00662,612.0911,36.59909,61.361084,0.07791257,10,-1,-1
410.42944,352.64273,34.091583,61.52365,0.0778119,9,-1,-1
397.28766,0.0,38.572723,24.295855,0.07639092,4,-1,-1
396.40845,182.63904,43.006744,69.76109,0.075998574,6,-1,-1
404.75455,683.4922,11.925812,20.082336,0.075769156,1,-1,-1
403.9272,206.72458,30.158447,37.40602,0.075766325,4,-1,-1
421.27936,580.32446,34.95352,77.01752,0.07561287,1,-1,-1
422.84668,668.12524,11.606079,20.18097,0.0755274,1,-1,-1
858.23364,553.9293,43.93512,68.0058,0.074727625,7,-1,-1
364.46802,196.38506,17.57837,37.083252,0.074682444,1,-1,-1
351.46085,166.74881,22.311096,38.11299,0.0740872,1,-1,-1
755.8968,572.39044,27.505493,32.602173,0.073993176,1,-1,-1
772.6054,553.5448,21.182434,30.091125,0.073628515,1,-1,-1
427.2519,413.62955,13.268829,29.60608,0.073103786,10,-1,-1
299.54742,711.7984,80.71869,42.93158,0.07230404,6,-1,-1
921.5919,736.45026,20.803833,38.321045,0.0716891,1,-1,-1
425.068,630.32367,25.078308,38.305664,0.071513325,2,-1,-1
820.11597,261.22858,43.37628,49.676605,0.07140514,4,-1,-1
392.9652,148.47496,43.016174,79.71228,0.071134746,8,-1,-1
379.619,409.63235,35.329376,22.875702,0.07094434,3,-1,-1
427.2784,294.2557,13.631561,18.71344,0.0708504,2,-1,-1
425.8489,629.38165,11.2547,20.527466,0.070488095,1,-1,-1
527.0946,654.76733,8.995789,20.481628,0.07031065,1,-1,-1
436.7093,921.87585,47.104065,85.76611,0.06986734,6,-1,-1
427.21503,293.39896,12.144012,11.524719,0.06941673,2,-1,-1
476.50513,334.38824,13.460144,22.394165,0.06800851,1,-1,-1
1036.1671,711.49866,20.341309,34.71045,0.06775969,10,-1,-1
299.58405,711.9006,80.911835,42.71692,0.067686856,7,-1,-1
711.2771,119.95516,21.453003,19.262993,0.06755352,1,-1,-1
768.26044,549.52655,31.291382,49.289734,0.067448765,1,-1,-1
829.3473,450.89072,42.214355,69.365204,0.06711024,10,-1,-1
401.70886,676.77057,26.322693,25.079956,0.06625858,1,-1,-1
416.73337,664.23096,18.304169,26.63556,0.066114545,1,-1,-1
662.14026,975.7994,66.43402,73.59296,0.06598082,1,-1,-1
458.5626,452.94943,25.003265,21.927338,0.06592986,10,-1,-1
773.7967,546.6273,17.876892,27.330627,0.06578681,1,-1,-1
419.26816,489.30374,28.183868,35.549347,0.0657469,10,-1,-1
437.8387,922.2451,45.377655,84.980225,0.06570837,9,-1,-1
846.4724,534.0259,63.73401,94.79706,0.06533563,5,-1,-1
426.1087,301.7205,16.901062,14.221558,0.06520593,2,-1,-1
396.40845,182.63904,43.006744,69.76109,0.06489834,9,-1,-1
924.1684,736.3155,22.841553,45.252014,0.06456491,4,-1,-1
772.12866,554.54297,21.970215,39.78772,0.06419137,10,-1,-1
336.0568,210.7723,14.405701,31.527344,0.063946635,1,-1,-1
474.6781,456.16455,10.640961,17.8031,0.06376669,1,-1,-1
424.45172,626.9453,20.010468,25.143555,0.063639194,1,-1,-1
758.73883,568.9091,25.066467,33.2854,0.06343183,10,-1,-1
396.40845,182.63904,43.006744,69.76109,0.06277946,5,-1,-1
764.58093,552.91223,21.225708,33.801147,0.06259817,1,-1,-1
668.3393,466.00296,13.621155,24.642487,0.062427104,1,-1,-1
396.40845,182.63904,43.006744,69.76109,0.06221676,4,-1,-1
833.6211,428.57922,11.180237,17.437378,0.062140048,1,-1,-1
420.01807,606.9872,34.013977,65.672424,0.0621126,4,-1,-1
495.57166,793.91,18.38855,11.391663,0.06124285,10,-1,-1
662.14026,975.7994,66.43402,73.59296,0.06117916,9,-1,-1
423.91083,628.10126,26.894318,41.20868,0.061138242,4,-1,-1
424.4271,638.3635,18.894958,28.980286,0.06058556,1,-1,-1
437.8387,922.2451,45.377655,84.980225,0.06027323,1,-1,-1
306.17947,820.51306,13.831451,23.977722,0.05995509,1,-1,-1
404.50528,40.815544,12.954407,26.86808,0.059934378,1,-1,-1
299.49622,711.8893,80.93161,42.75525,0.059799135,3,-1,-1
983.85504,891.34064,31.192749,17.172607,0.059758633,10,-1,-1
243.2879,694.54144,62.42337,38.235107,0.059668243,10,-1,-1
773.54517,589.74457,19.527039,15.0224,0.059135824,1,-1,-1
479.3502,601.34076,22.366821,35.813293,0.05904752,1,-1,-1
427.44632,411.95068,12.94928,30.1734,0.058784306,3,-1,-1
407.8357,684.16113,23.243195,21.311401,0.058772594,1,-1,-1
414.1807,674.9063,18.569824,21.078613,0.05867529,1,-1,-1
459.81976,819.98376,54.926636,54.268433,0.058648318,4,-1,-1
757.1558,567.0046,14.4123535,24.568665,0.058546305,1,-1,-1
921.5919,736.45026,20.803833,38.321045,0.058513165,10,-1,-1
397.10583,627.7541,16.701172,22.545044,0.058291256,1,-1,-1
770.2369,557.9734,12.414307,18.349426,0.05811444,1,-1,-1
332.46582,209.13617,11.397156,27.07846,0.057988435,1,-1,-1
596.74945,975.8001,95.05975,73.592224,0.057567775,4,-1,-1
460.83228,357.5491,17.56372,36.56494,0.05751407,1,-1,-1
412.6113,556.6707,58.556396,108.43701,0.057358176,4,-1,-1
414.08142,279.78967,36.95172,43.229034,0.05689609,10,-1,-1
298.54895,729.99176,20.847443,22.250854,0.05624208,1,-1,-1
305.09027,824.4706,9.8020935,18.48706,0.056162357,1,-1,-1
921.4168,735.33356,36.704712,56.98871,0.05613005,4,-1,-1
396.29465,671.81555,41.81125,44.30365,0.055912435,10,-1,-1
858.23364,553.9293,43.93512,68.0058,0.055874527,10,-1,-1
401.50406,697.11676,12.2890625,17.219727,0.055630386,1,-1,-1
419.0227,681.8009,11.765686,17.396423,0.055622607,1,-1,-1
1035.5513,713.8839,21.53955,32.959473,0.054481804,5,-1,-1
769.84644,570.03503,22.823181,34.164062,0.053954393,10,-1,-1
673.5484,958.3276,76.357056,91.06476,0.053938836,4,-1,-1
317.8402,158.44995,12.723145,30.525497,0.05388248,1,-1,-1
669.82587,979.5894,49.7843,69.80292,0.053803563,6,-1,-1
418.58252,286.40094,28.221985,33.37137,0.05366549,5,-1,-1
925.78186,736.3648,26.373474,50.223755,0.05350405,10,-1,-1
415.12784,263.67496,37.389862,58.583527,0.053403497,4,-1,-1
310.2317,399.7303,12.994324,31.5094,0.053253174,1,-1,-1
397.28766,0.0,38.572723,24.295855,0.053035498,10,-1,-1
419.08926,490.53903,28.71811,41.27652,0.05279267,5,-1,-1
685.8767,112.86795,49.320496,40.608536,0.052792072,1,-1,-1
346.9963,30.46279,75.025696,41.149155,0.052304864,4,-1,-1
403.33478,679.7305,22.736938,34.685547,0.05191472,3,-1,-1
437.3214,740.3419,14.281616,31.35968,0.051770806,1,-1,-1
424.45172,626.9453,20.010468,25.143555,0.051000595,10,-1,-1
394.53107,682.9293,13.227814,17.633423,0.05087483,1,-1,-1
107.95079,738.2762,22.638031,25.14392,0.050682962,10,-1,-1
410.32123,352.40082,34.046814,61.772278,0.050668687,1,-1,-1
331.7359,716.40283,47.83545,29.346008,0.050651908,1,-1,-1
486.05014,472.53107,11.641632,20.06485,0.050539553,1,-1,-1
389.03595,406.3967,25.832275,20.443542,0.050448686,10,-1,-1
438.14896,921.20795,44.718353,85.40845,0.05023086,8,-1,-1
417.49402,490.50812,36.42743,69.4754,0.05020988,8,-1,-1
362.18045,715.6737,10.733887,25.476685,0.05016303,1,-1,-1
