601.16205,374.17224,37.684204,19.008911,0.87280375,4,-1,-1
678.64813,451.3274,21.152588,32.56967,0.84565175,4,-1,-1
315.10495,724.18646,38.6149,56.493103,0.8424765,4,-1,-1
160.76122,734.1442,49.0123,51.48944,0.8297455,4,-1,-1
246.71637,725.06104,43.93399,61.079468,0.82679486,4,-1,-1
346.63885,724.74646,42.568848,63.906494,0.81579447,4,-1,-1
428.99515,719.56476,38.093903,56.056763,0.8125774,4,-1,-1
79.07198,724.7186,47.38217,52.057068,0.8020388,4,-1,-1
788.9251,555.59875,48.106506,22.779602,0.7844909,4,-1,-1
130.21147,738.84326,41.89882,43.762634,0.7490884,4,-1,-1
671.83203,82.495445,13.786621,23.36016,0.7443547,6,-1,-1
284.70108,725.87115,37.038635,53.96228,0.7402414,4,-1,-1
716.144,538.3784,26.713928,37.695312,0.74009234,4,-1,-1
556.12756,615.8194,50.119873,27.654114,0.73643994,4,-1,-1
796.93494,538.56976,49.672363,22.103271,0.732388,4,-1,-1
684.4411,180.83875,21.41394,43.691727,0.7158848,6,-1,-1
669.80707,528.3359,32.77777,63.040344,0.7130323,6,-1,-1
690.5752,237.62425,23.362732,55.054764,0.70958996,6,-1,-1
701.6524,346.8596,17.513245,22.900085,0.7092761,4,-1,-1
678.7083,113.447334,15.574951,29.9833,0.7085534,6,-1,-1
669.4327,263.00787,17.1875,29.043823,0.68431264,6,-1,-1
489.39133,719.08936,33.219757,54.165405,0.6765462,4,-1,-1
745.75946,910.62445,47.176147,111.34558,0.6669967,6,-1,-1
644.9732,364.37497,18.682495,32.702026,0.66193545,5,-1,-1
559.63043,496.07886,38.14984,23.854614,0.6579338,4,-1,-1
664.62115,175.97202,10.029968,10.542938,0.64211136,4,-1,-1
766.1994,337.76675,29.395508,15.1267395,0.6386994,4,-1,-1
605.1985,259.47003,28.807556,15.414978,0.6374127,4,-1,-1
455.60577,842.15265,74.091675,39.10547,0.6322456,4,-1,-1
895.69794,877.31036,19.131409,24.78186,0.62609124,10,-1,-1
601.40906,286.89432,28.174683,15.826263,0.6068771,4,-1,-1
384.0744,724.27893,39.07254,55.94641,0.6024334,4,-1,-1
612.1033,422.14908,16.202759,10.824829,0.5993299,10,-1,-1
669.32794,29.6816,9.53125,19.795649,0.5979593,6,-1,-1
702.103,312.2427,15.827576,23.994995,0.57749814,6,-1,-1
536.3989,857.424,44.654114,74.72937,0.5766494,5,-1,-1
737.5395,279.16095,26.281128,14.347321,0.57309216,4,-1,-1
615.67926,128.76677,16.762878,8.72171,0.5480079,4,-1,-1
714.9174,249.29726,4.876465,12.3112335,0.5450671,1,-1,-1
596.2057,463.94022,37.173584,18.452942,0.5375407,6,-1,-1
594.55597,486.01364,42.479553,23.63269,0.53507966,5,-1,-1
593.2754,485.81738,44.106506,23.84195,0.51832056,6,-1,-1
608.94965,343.5298,31.417175,17.346832,0.5115253,5,-1,-1
616.15686,172.7965,19.874146,10.535141,0.5000415,4,-1,-1
597.4865,533.59735,17.90033,12.534302,0.49263066,10,-1,-1
683.78864,161.9841,10.901855,14.36171,0.48425803,6,-1,-1
668.81,9.233839,9.199951,18.174543,0.48310554,6,-1,-1
660.7943,315.32056,5.5980225,12.053589,0.48066235,10,-1,-1
738.5483,288.21738,26.894348,14.853851,0.46739444,4,-1,-1
814.9582,698.6306,60.384155,34.177307,0.46689022,6,-1,-1
712.17615,199.48187,17.300049,11.35347,0.46528605,4,-1,-1
801.68115,697.36316,7.405884,15.732483,0.46360707,1,-1,-1
743.17163,248.54715,15.033325,10.661621,0.44559893,4,-1,-1
537.39465,859.30176,42.469482,73.05823,0.4451366,4,-1,-1
551.03436,593.32,39.84088,23.593262,0.44207543,8,-1,-1
905.17816,757.72314,25.606506,14.39978,0.44109562,10,-1,-1
567.3004,476.10236,34.79248,19.692627,0.4365742,4,-1,-1
680.6586,51.657978,6.3240967,6.462387,0.42608303,4,-1,-1
719.1038,199.27837,17.442139,11.677063,0.42597178,4,-1,-1
739.1453,230.95952,20.475769,10.305771,0.4221418,4,-1,-1
478.88336,361.5133,7.620178,14.728027,0.41960695,1,-1,-1
606.16766,229.80952,23.210144,11.959991,0.41848037,4,-1,-1
484.64478,361.01144,7.138611,14.859222,0.41286752,1,-1,-1
551.03436,593.32,39.84088,23.593262,0.41184723,7,-1,-1
556.18616,545.3915,18.916443,13.112854,0.4117254,10,-1,-1
1272.7836,434.30493,50.279053,46.703217,0.4071071,5,-1,-1
582.3713,850.7313,37.80774,74.18793,0.40434688,6,-1,-1
660.8831,314.19125,5.2564697,10.670715,0.40124807,2,-1,-1
712.70325,201.05261,9.007141,9.403488,0.3917362,4,-1,-1
670.7777,58.62337,6.192993,7.1121407,0.38648576,4,-1,-1
783.9945,485.77377,17.60907,12.157806,0.38637674,10,-1,-1
489.6277,358.6274,7.5737305,15.886658,0.38464126,1,-1,-1
668.81,9.233839,9.199951,18.174543,0.3841335,9,-1,-1
659.4605,225.31497,7.597351,13.752045,0.38370794,8,-1,-1
768.074,367.68198,26.061768,13.901825,0.37902302,7,-1,-1
624.17255,215.80797,21.958374,12.327896,0.37350154,4,-1,-1
2.1434822,660.88434,43.049103,60.111755,0.36485147,4,-1,-1
675.7013,226.23534,5.2578735,9.475098,0.36173493,2,-1,-1
503.1297,345.7274,7.671875,15.528778,0.3608035,1,-1,-1
595.3186,463.43762,38.968872,21.081665,0.35657942,5,-1,-1
687.25867,177.8898,13.05896,11.55777,0.35646147,4,-1,-1
596.9451,226.68079,31.795654,15.895599,0.35633773,6,-1,-1
593.9799,677.6427,10.8359375,13.891052,0.35224506,10,-1,-1
609.157,343.22632,30.780151,17.84671,0.35212523,4,-1,-1
715.92865,539.0732,26.695679,37.247253,0.35150766,5,-1,-1
22.706411,744.7018,23.929766,23.124207,0.3493112,3,-1,-1
683.7429,162.0143,10.906555,14.230942,0.3442389,4,-1,-1
551.03436,593.32,39.84088,23.593262,0.3440222,6,-1,-1
637.21686,142.68193,14.200195,9.550781,0.34347877,4,-1,-1
595.00037,677.42017,9.151184,13.575684,0.33446681,1,-1,-1
582.3713,850.7313,37.80774,74.18793,0.33437005,5,-1,-1
699.4472,161.83934,5.001404,8.541122,0.33396795,10,-1,-1
660.9463,315.8797,5.391968,11.566315,0.33390665,3,-1,-1
618.19934,108.64611,17.647034,9.790169,0.3328821,4,-1,-1
623.87244,189.51057,14.59729,13.340179,0.33105367,5,-1,-1
669.41614,229.70398,7.5718994,12.890976,0.33069575,8,-1,-1
659.45917,225.79442,7.5560303,12.964813,0.33016282,7,-1,-1
745.88416,910.002,46.80426,111.12433,0.32722652,5,-1,-1
684.485,181.835,20.880737,42.163086,0.32566398,9,-1,-1
683.89935,161.92377,10.836182,14.254456,0.32522896,5,-1,-1
669.15894,23.15082,8.937134,18.571016,0.3240546,6,-1,-1
769.04767,375.67252,29.019775,18.013885,0.3151463,4,-1,-1
701.7047,312.05844,15.869019,24.333832,0.3132327,5,-1,-1
476.0976,363.96353,7.4233704,14.9461975,0.31320775,1,-1,-1
743.181,248.80032,15.035767,10.035736,0.3126248,10,-1,-1
832.37726,310.10547,24.294922,12.895447,0.3125832,4,-1,-1
384.23596,724.2436,38.809723,55.8562,0.31051058,5,-1,-1
669.5385,230.02519,7.026001,12.61055,0.30788302,7,-1,-1
821.58014,692.0351,74.86548,35.71692,0.305815,6,-1,-1
618.7583,155.58565,21.913635,11.601486,0.30386093,4,-1,-1
623.86676,189.77254,14.300354,13.099091,0.30053186,4,-1,-1
701.3931,346.12537,18.959717,23.71817,0.29836783,5,-1,-1
669.1907,16.622978,8.368347,15.932564,0.29827368,6,-1,-1
602.49115,228.52608,26.575867,12.741806,0.2978931,5,-1,-1
669.32794,29.6816,9.53125,19.795649,0.2970913,9,-1,-1
678.0009,32.38576,6.892761,7.171089,0.2898782,4,-1,-1
734.1643,251.09534,4.677246,9.411041,0.28968382,1,-1,-1
895.2832,854.54553,40.5614,24.072693,0.28684062,7,-1,-1
606.9896,397.98175,32.130554,19.365967,0.28677857,6,-1,-1
615.9306,168.12358,18.409851,9.760391,0.28449446,4,-1,-1
699.4472,161.83934,5.001404,8.541122,0.28353336,1,-1,-1
284.3695,725.37933,37.64798,56.375793,0.28329,5,-1,-1
625.9235,215.61661,20.2771,12.331863,0.28250858,5,-1,-1
455.52368,841.91656,73.24103,38.51715,0.28153253,5,-1,-1
768.06934,367.53214,25.863037,14.058807,0.28132337,8,-1,-1
702.4046,312.05997,14.966492,23.360077,0.2804487,4,-1,-1
473.64258,368.59525,7.5946045,14.916168,0.2768189,1,-1,-1
949.249,906.1329,23.635925,22.142273,0.27006024,1,-1,-1
769.04767,375.67252,29.019775,18.013885,0.2696852,6,-1,-1
769.0672,375.7292,29.043762,18.044403,0.2692535,8,-1,-1
623.8865,215.66222,21.917908,14.126373,0.2684312,6,-1,-1
184.8981,285.5708,34.235977,25.732056,0.26834527,4,-1,-1
644.51404,364.26282,19.083313,33.27307,0.26747006,6,-1,-1
557.11414,541.13043,19.481934,12.940002,0.26568902,10,-1,-1
796.8898,537.5233,49.115784,23.529663,0.26492298,5,-1,-1
619.84674,108.53746,17.869873,9.834549,0.26474887,5,-1,-1
675.7573,226.12975,5.0893555,9.691498,0.2647041,1,-1,-1
428.2706,720.95355,39.75821,53.747314,0.26437414,5,-1,-1
537.39465,859.30176,42.469482,73.05823,0.26420712,6,-1,-1
678.44507,22.905153,6.817688,7.6908092,0.26419783,4,-1,-1
642.4581,150.20575,13.810486,13.595932,0.26378393,6,-1,-1
669.1907,16.622978,8.368347,15.932564,0.26338947,9,-1,-1
644.4659,155.84872,12.592468,14.750549,0.26141113,6,-1,-1
503.7821,367.95468,6.3224792,14.372833,0.2602322,1,-1,-1
484.39078,354.43106,7.649414,16.415466,0.2600512,1,-1,-1
500.28705,367.75427,6.731903,14.221802,0.25952554,1,-1,-1
743.263,248.69377,14.767822,10.424545,0.2587865,7,-1,-1
739.4045,231.2504,20.986633,9.805496,0.25677714,7,-1,-1
893.3347,852.7678,41.894775,26.158813,0.25606066,10,-1,-1
555.8786,615.4328,52.15448,27.987488,0.25572446,5,-1,-1
738.4342,288.0732,27.025452,14.9236145,0.25359207,5,-1,-1
621.6746,155.77477,21.545776,11.284348,0.25350726,6,-1,-1
811.9752,697.67676,69.259155,36.730225,0.25335115,7,-1,-1
678.3144,28.265703,6.85083,7.7259502,0.25313288,4,-1,-1
580.08844,849.5524,39.886475,76.83215,0.25268584,8,-1,-1
737.25616,206.58798,16.029236,11.580261,0.25201595,5,-1,-1
637.76355,139.87558,14.75769,9.517319,0.25100338,4,-1,-1
624.3204,189.0078,15.114624,13.797882,0.24990907,6,-1,-1
769.04224,375.81082,28.935547,18.068848,0.24980032,7,-1,-1
345.1228,725.0427,42.1933,61.166687,0.2491538,5,-1,-1
612.1033,422.14908,16.202759,10.824829,0.24870482,3,-1,-1
596.3703,201.2474,6.966919,8.640793,0.24798703,10,-1,-1
766.5608,337.65378,28.773865,15.378296,0.24795377,5,-1,-1
559.63043,496.07886,38.14984,23.854614,0.24777564,5,-1,-1
716.89404,174.43054,12.945984,12.604034,0.24647397,4,-1,-1
596.18475,677.76105,7.491333,12.024658,0.24419704,2,-1,-1
598.6733,79.46578,13.210815,9.537277,0.24275404,4,-1,-1
607.84656,202.31581,4.5148926,8.554199,0.24171168,1,-1,-1
489.37357,719.69305,32.885223,53.46344,0.23959157,5,-1,-1
603.7581,400.93805,32.62848,18.2081,0.23889273,7,-1,-1
664.66064,175.48816,9.654236,11.210434,0.23679689,5,-1,-1
598.1947,533.8438,17.049866,13.458496,0.23669785,3,-1,-1
824.3586,692.4071,71.91046,33.86267,0.2360884,7,-1,-1
948.24133,908.8642,23.743774,22.61145,0.23552406,10,-1,-1
714.11975,253.2797,6.3704224,10.678253,0.23502094,1,-1,-1
726.23456,226.26611,9.954163,7.757477,0.23386768,10,-1,-1
619.3191,106.20558,19.484314,9.444923,0.23310348,4,-1,-1
604.34436,322.65228,14.760803,11.911346,0.23294348,10,-1,-1
595.5955,226.43466,32.763367,16.310211,0.23259166,4,-1,-1
714.6738,251.2986,5.0977173,12.964493,0.23247737,3,-1,-1
486.91312,357.8355,8.00943,16.59079,0.23225993,1,-1,-1
596.3553,463.83115,37.160522,18.673828,0.23209268,4,-1,-1
769.04767,375.67252,29.019775,18.013885,0.23195618,5,-1,-1
669.16754,225.82512,8.9198,13.19426,0.23102185,7,-1,-1
812.4023,696.983,66.2525,37.230957,0.22948241,8,-1,-1
841.4921,312.0121,13.847595,11.081604,0.2294079,4,-1,-1
621.8738,153.70055,20.666138,10.034378,0.2282733,4,-1,-1
669.15894,23.15082,8.937134,18.571016,0.22779068,9,-1,-1
612.1033,422.14908,16.202759,10.824829,0.2271871,7,-1,-1
675.45264,226.18036,5.654236,9.82489,0.2267293,7,-1,-1
626.2763,215.3924,19.77069,12.698242,0.2246975,8,-1,-1
148.85634,724.05023,26.759476,24.444702,0.22400784,4,-1,-1
1272.8052,434.58856,50.936157,46.01593,0.22358629,4,-1,-1
670.95874,166.27763,5.3323364,9.2509,0.22267422,10,-1,-1
768.5566,367.5404,21.742432,11.916107,0.22236037,4,-1,-1
594.55597,486.01364,42.479553,23.63269,0.22209942,8,-1,-1
608.63763,343.5441,31.844238,17.346313,0.22187218,6,-1,-1
644.51404,364.26282,19.083313,33.27307,0.22167963,4,-1,-1
556.18616,545.3915,18.916443,13.112854,0.22120452,3,-1,-1
624.23035,189.00119,15.090759,13.650391,0.22045586,8,-1,-1
50.35291,758.61993,31.757183,42.391296,0.21938711,4,-1,-1
669.4683,7.067541,7.7164917,13.467121,0.21901664,6,-1,-1
77.95981,725.3552,47.242607,50.784058,0.21861774,5,-1,-1
553.7694,541.62714,14.628052,11.68335,0.21796575,10,-1,-1
766.3496,337.82956,29.199951,14.923279,0.21649846,6,-1,-1
617.7695,204.9921,4.272156,8.739059,0.2154226,1,-1,-1
551.3342,593.3289,40.57849,23.580261,0.21486497,4,-1,-1
607.8373,202.43094,4.8724365,8.459824,0.2146348,10,-1,-1
726.47797,226.5101,9.296753,7.584564,0.21440741,3,-1,-1
533.8121,608.23413,7.609741,15.071716,0.21380049,1,-1,-1
558.9783,537.2996,18.269226,10.709534,0.21358377,10,-1,-1
749.0988,383.9277,4.9108276,12.545258,0.21354389,1,-1,-1
677.52374,7.473084,7.7453613,10.0520935,0.21345049,9,-1,-1
557.2392,532.4544,16.508728,10.575073,0.21295872,3,-1,-1
617.1455,172.09138,19.412354,11.288635,0.21290556,5,-1,-1
641.1475,148.86095,14.510925,11.010895,0.21147463,4,-1,-1
67.713615,107.43108,30.546524,11.926964,0.2101965,6,-1,-1
558.68176,536.81476,18.235474,11.156799,0.20965815,3,-1,-1
674.3044,226.86,7.0966187,13.427307,0.2086226,8,-1,-1
670.84204,166.23953,5.357849,9.20253,0.20825282,4,-1,-1
673.5166,228.00969,7.9746704,12.986633,0.2076037,7,-1,-1
66.35796,93.883965,12.888351,11.835533,0.20553318,6,-1,-1
714.778,249.35876,5.1781616,11.896637,0.20491692,2,-1,-1
737.4381,279.18893,26.705872,14.651276,0.20448267,5,-1,-1
600.37616,226.21542,22.02539,12.130325,0.20358914,4,-1,-1
612.85706,215.81624,4.6674194,8.370438,0.20324284,1,-1,-1
854.37445,582.8358,35.434692,29.161255,0.20195085,4,-1,-1
471.41766,364.08435,7.9342346,16.459778,0.20167524,1,-1,-1
622.4824,123.95417,16.950256,8.67347,0.20134076,4,-1,-1
594.9367,485.4223,41.91382,24.094177,0.20109102,4,-1,-1
490.16122,351.76743,7.314453,15.695343,0.20104161,1,-1,-1
29.5081,745.06537,25.07691,20.223572,0.20042711,3,-1,-1
685.5406,178.94164,17.112732,28.182953,0.20034274,6,-1,-1
595.0162,463.5422,39.539,20.731201,0.19963807,8,-1,-1
582.3713,850.7313,37.80774,74.18793,0.19942504,4,-1,-1
919.8619,869.3958,24.32483,17.379517,0.19871414,10,-1,-1
626.9401,161.82141,16.895569,10.582291,0.19848496,4,-1,-1
616.4235,167.77873,17.59729,10.071777,0.19822475,5,-1,-1
619.0956,213.15721,18.904785,11.687683,0.19816563,4,-1,-1
721.6545,197.26555,12.22522,11.0342865,0.19803289,4,-1,-1
716.7927,174.77835,13.707092,12.174408,0.19800144,5,-1,-1
738.6306,287.29572,26.814575,15.90036,0.1979627,6,-1,-1
617.1628,230.85568,12.123779,10.458405,0.19789043,4,-1,-1
612.43085,204.07806,4.522766,7.9471893,0.19736308,1,-1,-1
247.60841,725.37256,45.951035,59.5766,0.19723257,5,-1,-1
742.8443,248.72395,15.547241,10.283005,0.19664866,8,-1,-1
640.7124,148.70029,14.994263,10.862839,0.19502085,5,-1,-1
669.16754,225.82512,8.9198,13.19426,0.19459659,8,-1,-1
604.33405,322.53632,14.783203,12.403442,0.19412845,4,-1,-1
660.8831,314.19125,5.2564697,10.670715,0.19398409,1,-1,-1
714.9174,249.29726,4.876465,12.3112335,0.1937738,10,-1,-1
619.4211,154.28651,20.908386,10.370499,0.19362536,5,-1,-1
624.5166,121.42557,16.935303,8.878632,0.19348776,4,-1,-1
726.1147,206.43692,18.608093,10.0164795,0.19336346,4,-1,-1
739.74664,231.37326,20.459167,9.448761,0.19324088,8,-1,-1
629.76514,218.34444,15.677673,15.656158,0.192911,8,-1,-1
739.64056,231.61848,20.731812,11.158615,0.19281271,10,-1,-1
490.1808,363.37973,6.2970886,14.68631,0.19271752,1,-1,-1
678.96893,451.63898,21.066223,32.408783,0.19159636,5,-1,-1
609.0476,343.53485,30.905151,17.377686,0.19024947,8,-1,-1
638.5107,66.20676,10.807617,10.956528,0.18987978,6,-1,-1
745.5682,910.6008,46.504517,109.42877,0.18929532,9,-1,-1
311.54385,724.68634,40.554962,55.976807,0.18905574,5,-1,-1
670.95874,166.27763,5.3323364,9.2509,0.18846843,1,-1,-1
557.58356,540.647,18.684875,13.413269,0.18774682,3,-1,-1
724.59357,201.36478,18.036255,10.426559,0.18764761,4,-1,-1
766.3496,337.82956,29.199951,14.923279,0.1855624,7,-1,-1
551.3342,593.3289,40.57849,23.580261,0.18473974,5,-1,-1
687.0451,178.35417,13.304626,14.962967,0.18440044,6,-1,-1
38.216133,743.91974,23.787117,23.765808,0.18423837,3,-1,-1
659.57605,225.44432,7.380249,13.484787,0.18334076,6,-1,-1
740.00653,230.521,19.891968,11.16452,0.1828771,5,-1,-1
627.0373,188.21405,12.457153,11.093872,0.18287313,4,-1,-1
611.2725,203.5563,5.930908,7.871475,0.18271643,10,-1,-1
597.4865,533.59735,17.90033,12.534302,0.18253145,7,-1,-1
624.1545,167.6048,17.926819,10.351608,0.18234295,4,-1,-1
677.52374,7.473084,7.7453613,10.0520935,0.18196303,6,-1,-1
617.4609,216.41963,5.1401367,8.894211,0.18163192,1,-1,-1
93.57022,96.953606,33.051704,11.674858,0.18153065,6,-1,-1
718.1101,173.53001,9.145325,9.7621765,0.18112499,4,-1,-1
837.2549,312.2974,18.281433,10.881256,0.17985994,5,-1,-1
612.1033,422.14908,16.202759,10.824829,0.17971733,4,-1,-1
768.1481,367.2653,26.005676,14.974182,0.1793986,6,-1,-1
623.40515,158.20724,21.533142,11.29805,0.17863214,4,-1,-1
599.0241,79.6941,12.456787,9.228485,0.17810875,5,-1,-1
728.9806,251.22766,5.8651733,8.930389,0.17791015,1,-1,-1
735.55963,206.59172,16.955566,10.979202,0.17766744,4,-1,-1
597.92896,236.68703,5.973877,9.67746,0.176745,1,-1,-1
894.57104,877.14655,19.811829,25.325928,0.17644212,7,-1,-1
619.0956,213.15721,18.904785,11.687683,0.17552003,6,-1,-1
536.3989,857.424,44.654114,74.72937,0.1747708,8,-1,-1
604.33405,322.53632,14.783203,12.403442,0.17408243,7,-1,-1
577.5701,827.6997,18.128052,11.802795,0.1734994,3,-1,-1
946.1632,928.16766,20.139282,18.964172,0.17327896,1,-1,-1
403.35754,924.7567,13.881866,17.184448,0.17325735,1,-1,-1
678.08093,8.446096,7.0300903,7.6021824,0.17297941,4,-1,-1
599.54364,226.52438,23.565552,12.029678,0.17273161,5,-1,-1
101.59932,85.50028,18.12165,8.605438,0.17226586,5,-1,-1
102.02107,85.67649,18.804253,8.554146,0.1722008,6,-1,-1
654.8846,178.70973,5.453247,10.013306,0.17095563,1,-1,-1
538.9268,603.46747,12.704102,13.412659,0.1706106,10,-1,-1
669.75055,226.38618,6.7975464,11.464188,0.17054173,2,-1,-1
606.7032,411.03433,15.979431,7.9774475,0.170405,3,-1,-1
669.4683,7.067541,7.7164917,13.467121,0.17031074,9,-1,-1
678.08093,8.446096,7.0300903,7.6021824,0.17010576,5,-1,-1
713.8304,195.62566,21.528442,12.748184,0.16969651,4,-1,-1
567.30414,476.36752,34.562195,19.611237,0.16928598,5,-1,-1
590.7704,225.97829,18.602661,11.3526,0.16877446,4,-1,-1
413.1122,384.83737,34.784485,22.395172,0.16874757,4,-1,-1
595.1631,678.8059,9.268127,13.317871,0.16801342,3,-1,-1
718.4144,199.59358,18.340576,11.291306,0.16783988,5,-1,-1
723.1151,205.3174,15.977234,9.998123,0.16739035,4,-1,-1
670.68243,166.16637,5.767395,9.391739,0.16701445,7,-1,-1
659.7685,226.09558,7.0913696,12.14447,0.16639975,2,-1,-1
893.24384,852.07587,44.05127,27.937012,0.1660516,8,-1,-1
714.19464,182.35103,6.50885,9.322098,0.16605076,10,-1,-1
675.2935,229.1264,5.342285,10.664154,0.16582495,1,-1,-1
494.25897,360.0285,7.4647217,15.31189,0.16570675,1,-1,-1
782.69104,484.89,18.523315,12.906586,0.16557226,7,-1,-1
623.40515,158.20724,21.533142,11.29805,0.16453785,5,-1,-1
675.64685,226.11531,5.1745605,9.860748,0.16439947,8,-1,-1
555.8786,615.4328,52.15448,27.987488,0.16432527,6,-1,-1
669.7699,231.11174,6.310486,11.411896,0.1642777,1,-1,-1
716.1926,539.1076,26.299011,37.347717,0.16416442,6,-1,-1
1137.3755,172.08508,5.5269775,10.538574,0.16379887,1,-1,-1
607.78894,215.77364,4.4682617,8.471893,0.16348425,1,-1,-1
892.4395,876.34644,23.011719,26.335571,0.16342655,3,-1,-1
670.1575,25.641872,7.294739,11.211739,0.16258755,6,-1,-1
732.3201,250.9401,6.9452515,9.074097,0.162271,3,-1,-1
102.02107,85.67649,18.804253,8.554146,0.16214976,4,-1,-1
479.75104,356.85492,8.31781,16.796448,0.16177255,1,-1,-1
723.4341,192.35103,4.9334106,9.743347,0.16169515,1,-1,-1
618.94037,108.121,17.946655,9.378738,0.16153076,6,-1,-1
644.4659,155.84872,12.592468,14.750549,0.1613647,5,-1,-1
621.0609,216.87288,5.967102,9.131332,0.16073999,1,-1,-1
611.7743,216.14346,6.6989136,8.482819,0.16012308,10,-1,-1
616.2405,216.79364,9.872925,8.098251,0.15913382,10,-1,-1
621.4714,104.96484,26.586182,14.226173,0.15890095,6,-1,-1
675.7573,226.12975,5.0893555,9.691498,0.1588201,10,-1,-1
578.63617,465.32455,15.422607,10.336304,0.15851781,10,-1,-1
679.6662,42.749798,6.5655518,7.654251,0.15846324,4,-1,-1
552.7333,541.40546,17.19342,12.428528,0.15800628,3,-1,-1
94.14686,99.789795,21.885048,8.1178055,0.15798482,4,-1,-1
678.2031,18.778461,6.0896606,6.7153893,0.15794149,4,-1,-1
674.674,9.490234,8.912109,13.518204,0.15786028,9,-1,-1
644.34576,156.80965,12.437866,13.296753,0.15729272,4,-1,-1
622.06354,205.32854,4.4488525,8.606766,0.15717995,1,-1,-1
557.1427,532.5107,16.833069,10.454651,0.15617412,10,-1,-1
712.76874,201.169,8.487915,9.315048,0.15605727,10,-1,-1
686.7558,178.60228,13.581604,14.492706,0.15601078,5,-1,-1
602.18494,410.26447,15.383057,8.930298,0.1559434,3,-1,-1
669.8303,21.017857,7.1776123,10.615658,0.15567482,4,-1,-1
619.88385,217.15654,7.7650146,8.540421,0.1555439,10,-1,-1
811.9752,697.67676,69.259155,36.730225,0.15525582,5,-1,-1
623.83594,158.2405,20.754944,11.470352,0.15517554,8,-1,-1
734.5856,254.01454,4.093933,8.958115,0.155031,1,-1,-1
637.38165,142.85844,13.617737,9.430054,0.15490156,5,-1,-1
636.55084,145.42429,16.389832,9.567856,0.1548945,4,-1,-1
604.00977,536.3784,10.758118,10.511169,0.15485877,10,-1,-1
670.35956,36.458694,6.988037,13.653355,0.1543011,6,-1,-1
737.4381,279.18893,26.705872,14.651276,0.15425879,6,-1,-1
567.60474,475.70456,34.420166,19.950745,0.15422598,7,-1,-1
601.5264,373.07254,36.593933,20.149292,0.15417564,5,-1,-1
619.3847,108.64632,16.70929,9.620705,0.15406439,8,-1,-1
617.9965,156.18001,20.807251,10.669937,0.15376171,8,-1,-1
691.1606,214.6134,12.859863,10.16748,0.15369236,4,-1,-1
628.19293,120.08739,18.455688,9.291916,0.15350053,4,-1,-1
594.55597,486.01364,42.479553,23.63269,0.1530357,7,-1,-1
597.2605,76.6702,14.688416,9.309158,0.15288055,4,-1,-1
626.27905,100.467476,16.833374,9.76609,0.1528078,4,-1,-1
595.617,226.74829,32.71277,16.167496,0.15240249,8,-1,-1
4.359356,660.0546,41.640972,29.976624,0.1518758,4,-1,-1
577.41156,832.2357,14.616333,13.480408,0.15106687,3,-1,-1
616.86505,172.38745,19.639038,10.804932,0.15048996,6,-1,-1
685.4391,12.792536,6.470398,6.7054405,0.15037188,4,-1,-1
626.4961,161.68456,17.330383,10.408691,0.149414,8,-1,-1
599.43414,186.70984,9.613464,7.9691467,0.14821506,10,-1,-1
617.9071,215.37892,13.669312,10.382965,0.14805329,4,-1,-1
718.06354,173.37894,9.356934,10.558517,0.14800945,5,-1,-1
714.37854,180.45181,13.620483,11.23291,0.1472786,4,-1,-1
670.95874,166.27763,5.3323364,9.2509,0.1470738,8,-1,-1
599.3313,332.15353,12.845642,12.255554,0.14663523,7,-1,-1
494.2031,349.86804,7.239746,14.466187,0.14661953,1,-1,-1
607.5738,172.19923,5.0776978,8.316544,0.14647776,1,-1,-1
628.9172,158.4326,17.164368,11.496841,0.14643463,6,-1,-1
670.9111,225.64967,9.138184,14.816284,0.14626387,4,-1,-1
670.00244,226.58409,6.0911865,10.297165,0.14623389,1,-1,-1
612.5717,342.44595,22.715576,11.985291,0.14619899,4,-1,-1
204.51268,698.9752,45.62825,31.04834,0.14588997,4,-1,-1
612.9964,168.99094,4.6000977,8.855728,0.14576441,1,-1,-1
454.49316,842.19824,75.368774,39.449097,0.1457609,6,-1,-1
768.5566,367.5404,21.742432,11.916107,0.14571244,5,-1,-1
712.17615,199.48187,17.300049,11.35347,0.14557642,5,-1,-1
705.9617,152.98117,4.921936,8.548035,0.14535037,1,-1,-1
556.6945,544.70514,11.192139,12.06073,0.14505035,10,-1,-1
678.44507,22.905153,6.817688,7.6908092,0.1450494,5,-1,-1
796.7763,538.5714,49.598145,21.775696,0.14500645,6,-1,-1
726.97675,222.98698,9.187012,7.7048187,0.14493397,3,-1,-1
621.553,231.18294,6.65802,9.768509,0.14448437,1,-1,-1
824.3586,692.4071,71.91046,33.86267,0.14421287,8,-1,-1
619.0956,213.15721,18.904785,11.687683,0.14415264,7,-1,-1
763.3063,446.72375,5.595154,14.945618,0.14405575,1,-1,-1
669.6842,231.34207,6.5526123,11.155548,0.1439282,2,-1,-1
604.34436,322.65228,14.760803,11.911346,0.14386156,8,-1,-1
26.798336,748.79553,32.396065,23.033142,0.14374533,3,-1,-1
939.27155,929.1878,19.838135,18.016907,0.14364585,1,-1,-1
684.485,181.835,20.880737,42.163086,0.14343336,5,-1,-1
609.3259,409.7981,18.66632,9.09845,0.14336759,10,-1,-1
683.7378,161.98329,11.021545,14.367813,0.14326575,9,-1,-1
766.58246,338.26923,28.645874,14.1719055,0.1432198,8,-1,-1
670.8312,166.37373,5.6412964,9.40065,0.14321852,2,-1,-1
674.5782,9.320012,8.456238,14.260432,0.1430164,6,-1,-1
789.1664,556.1229,47.713135,22.140442,0.142896,6,-1,-1
600.04694,532.3,10.891418,11.93811,0.14264885,2,-1,-1
678.7083,113.447334,15.574951,29.9833,0.14257565,5,-1,-1
714.3173,182.26114,6.0022583,9.438324,0.14221281,1,-1,-1
678.78143,111.86265,16.067505,31.70861,0.14209381,4,-1,-1
911.77313,859.9405,29.271606,24.343262,0.14203009,7,-1,-1
599.4413,332.44135,12.622009,11.790588,0.14192525,8,-1,-1
893.78595,853.18835,43.106567,26.089966,0.14186835,3,-1,-1
613.63043,105.68385,18.904907,8.728806,0.14173263,4,-1,-1
605.3397,259.7207,28.98352,15.243195,0.14172706,5,-1,-1
714.11975,253.2797,6.3704224,10.678253,0.14170554,10,-1,-1
605.4053,536.1038,9.038391,11.236389,0.14165324,2,-1,-1
613.02637,162.45564,4.8479004,9.7148285,0.14112085,1,-1,-1
614.7554,421.69165,10.579224,8.188141,0.14091122,2,-1,-1
670.78046,58.82349,6.0129395,6.952656,0.14075476,5,-1,-1
613.1171,159.90979,4.987793,8.076111,0.14062774,1,-1,-1
612.07294,213.39203,6.3222656,9.010086,0.14035472,1,-1,-1
713.5302,254.9989,7.68042,8.66333,0.13891253,3,-1,-1
673.1883,0.0,7.2854004,6.4992123,0.13876504,6,-1,-1
887.5603,873.69586,33.05127,26.601501,0.13852757,10,-1,-1
626.46606,161.84268,17.445374,10.109634,0.13837874,7,-1,-1
639.117,66.553604,10.125244,10.1295395,0.1379959,4,-1,-1
675.64685,226.11531,5.1745605,9.860748,0.13795355,4,-1,-1
713.55505,164.03085,6.0706787,7.424988,0.13786495,10,-1,-1
659.5714,225.98329,7.5195312,13.339462,0.13773146,4,-1,-1
595.3025,130.12724,13.390442,8.489151,0.13768807,4,-1,-1
726.6801,222.97578,10.092346,8.103592,0.13760597,10,-1,-1
681.08606,65.25882,4.689392,9.306702,0.13745457,1,-1,-1
626.4961,161.68456,17.330383,10.408691,0.13742161,6,-1,-1
782.69104,484.89,18.523315,12.906586,0.13736227,3,-1,-1
627.7877,188.38736,11.322815,9.969971,0.13716197,8,-1,-1
736.275,231.73244,15.056091,7.973999,0.13704297,10,-1,-1
616.679,127.80801,17.63971,9.387077,0.1370224,7,-1,-1
606.5098,216.09258,7.4298096,8.388916,0.13692358,10,-1,-1
629.76514,218.34444,15.677673,15.656158,0.13684243,6,-1,-1
737.8923,209.07555,15.660156,10.933075,0.13677737,8,-1,-1
851.67206,681.25867,57.731018,31.675842,0.13674963,7,-1,-1
680.22064,48.723778,6.5978394,7.9928093,0.13655227,4,-1,-1
701.6524,346.8596,17.513245,22.900085,0.13648278,6,-1,-1
920.5561,869.95825,23.231812,16.678345,0.13627699,3,-1,-1
629.76514,218.34444,15.677673,15.656158,0.13613176,5,-1,-1
567.3004,476.10236,34.79248,19.692627,0.13607326,6,-1,-1
669.96356,2.3410122,7.3911133,11.967846,0.1360341,6,-1,-1
725.7327,217.26038,14.551514,7.8910675,0.13599163,10,-1,-1
644.8621,363.8779,18.952942,32.831696,0.13586846,9,-1,-1
738.5483,288.6537,26.934998,14.20105,0.13569069,7,-1,-1
669.4922,262.9447,17.176086,29.17334,0.13567302,5,-1,-1
617.27075,205.81848,5.604492,8.704697,0.1353088,10,-1,-1
735.84393,230.83324,15.762085,9.736786,0.1349585,7,-1,-1
689.84283,237.88896,24.826843,54.438828,0.13481247,9,-1,-1
894.93835,877.013,20.102844,25.179382,0.1343382,8,-1,-1
552.09937,596.49976,8.769409,18.117188,0.13427648,1,-1,-1
617.23566,212.2864,5.0493774,9.484711,0.13427293,1,-1,-1
602.70526,203.07684,5.8623657,8.832062,0.13418946,10,-1,-1
612.1033,422.14908,16.202759,10.824829,0.13384968,8,-1,-1
738.1865,227.58315,18.883545,8.937881,0.13375857,7,-1,-1
733.28174,250.93886,5.9295654,9.415054,0.13368922,10,-1,-1
596.9102,201.00267,5.9039917,8.925247,0.13347387,1,-1,-1
672.574,81.68342,12.942688,23.87989,0.13342726,9,-1,-1
719.1237,181.69304,14.292175,9.985077,0.13335344,4,-1,-1
608.089,96.3399,49.008057,22.22467,0.1332539,6,-1,-1
606.1272,230.04982,23.485352,11.56488,0.13318712,8,-1,-1
621.6329,163.60028,18.462036,9.174301,0.13314766,4,-1,-1
606.20886,397.30838,33.678406,19.882599,0.13297835,8,-1,-1
598.4342,533.135,16.641968,14.000488,0.1329084,2,-1,-1
660.0356,318.19043,7.090637,8.963257,0.13287687,2,-1,-1
605.3397,259.7207,28.98352,15.243195,0.13241786,6,-1,-1
616.20294,215.98804,9.857361,9.065964,0.1319862,1,-1,-1
603.25464,215.58313,4.2250977,8.526169,0.13183656,1,-1,-1
738.1865,227.58315,18.883545,8.937881,0.13182831,4,-1,-1
615.3222,172.30502,10.922119,10.305283,0.13169709,4,-1,-1
659.90466,225.79236,6.6990967,12.72435,0.1315839,1,-1,-1
564.9478,545.74084,10.661438,12.13623,0.13157767,10,-1,-1
50.946526,106.88477,24.751404,11.012032,0.13153201,6,-1,-1
31.074532,738.18414,28.725857,28.2995,0.13149345,10,-1,-1
597.5871,236.74644,6.6935425,9.761871,0.13121435,10,-1,-1
505.48642,345.8462,7.91568,16.409576,0.1310975,1,-1,-1
669.536,262.6169,16.960205,29.396729,0.13106215,4,-1,-1
617.45935,166.83774,19.529297,13.238571,0.13094649,6,-1,-1
677.0948,1.2930279,9.835022,14.006367,0.13083917,9,-1,-1
641.1475,148.86095,14.510925,11.010895,0.13075072,8,-1,-1
485.5538,352.11212,6.0767517,13.184387,0.13057956,1,-1,-1
66.955605,94.11119,11.51255,11.553131,0.13043752,4,-1,-1
683.5484,161.8672,11.031067,14.603516,0.13036656,8,-1,-1
713.88055,163.88947,5.3831787,7.7366333,0.13023543,1,-1,-1
619.1821,108.42602,17.2323,9.413292,0.13016218,7,-1,-1
670.4425,61.438286,6.828064,6.482147,0.13012347,4,-1,-1
637.1752,226.09789,4.9923706,8.946487,0.12995604,1,-1,-1
