610.58075,815.9306,157.49207,179.25873,0.9999614,4,-1,-1
92.8561,201.16536,342.74014,194.2014,0.99984866,6,-1,-1
98.796104,877.96924,147.51532,168.02148,0.9998175,4,-1,-1
299.06714,486.56735,137.93466,113.28494,0.9989841,4,-1,-1
691.84546,552.9685,91.46185,104.0307,0.9940975,4,-1,-1
258.73712,375.18054,120.16879,97.62518,0.99330616,4,-1,-1
684.0059,913.0543,167.72949,135.63318,0.98795086,4,-1,-1
761.5489,615.25146,128.82367,119.77161,0.9762242,4,-1,-1
389.5927,586.1881,120.31079,108.24805,0.9614294,5,-1,-1
337.40237,526.6066,134.72067,127.24609,0.9591534,4,-1,-1
278.86996,396.00974,145.9242,123.200775,0.94855,5,-1,-1
40.111202,0.0,143.3026,101.907234,0.92829776,4,-1,-1
3.591464,727.75665,123.40652,107.79431,0.9187978,4,-1,-1
525.346,744.52185,160.789,182.00964,0.8618727,4,-1,-1
645.69476,859.4473,171.1886,164.26581,0.82893467,4,-1,-1
276.77878,395.72208,141.13577,116.313995,0.77338964,4,-1,-1
348.91852,547.83185,135.98685,124.27045,0.769521,5,-1,-1
323.82254,514.2675,133.36804,116.20593,0.69448227,5,-1,-1
379.6701,571.5562,127.38983,115.64606,0.6809037,4,-1,-1
300.12766,490.27258,133.32956,114.05408,0.6542258,5,-1,-1
510.83017,744.1465,173.18814,187.19,0.64951056,5,-1,-1
473.7255,766.1058,35.71228,30.633728,0.5812023,4,-1,-1
41.80152,0.0,147.47205,107.11578,0.5661086,5,-1,-1
574.6062,781.66406,159.62042,184.5362,0.49271742,4,-1,-1
567.49146,255.57336,29.872925,32.133606,0.40020704,10,-1,-1
45.277428,799.8638,143.48206,133.82166,0.3992064,4,-1,-1
4.1712437,700.1172,77.199745,51.587036,0.37277776,1,-1,-1
470.81763,818.9697,69.454956,70.936035,0.36513552,4,-1,-1
4.661098,710.2867,91.77936,88.35419,0.30267483,4,-1,-1
407.0782,613.0463,125.106384,111.74158,0.25661838,5,-1,-1
567.72504,256.2178,29.567749,32.75125,0.22936314,3,-1,-1
5.908269,698.7525,73.44745,53.668335,0.22231117,10,-1,-1
512.5235,742.82086,170.91718,191.98853,0.21350613,6,-1,-1
20.53477,697.9585,49.076637,39.003906,0.19783047,1,-1,-1
632.63855,387.88223,19.532959,42.331116,0.18829325,1,-1,-1
571.7399,240.67007,24.239258,34.784424,0.1882926,10,-1,-1
40.111202,0.0,143.3026,101.907234,0.18761742,9,-1,-1
270.69165,377.7717,149.09598,130.6452,0.18522784,6,-1,-1
486.82016,826.20416,43.46878,54.88092,0.16868094,4,-1,-1
483.20087,820.47424,53.79193,61.224426,0.15009996,5,-1,-1
504.34573,240.42715,26.424164,41.983673,0.14361912,1,-1,-1
5.173915,808.7072,132.08646,147.3819,0.14248165,4,-1,-1
682.00574,911.2785,181.22943,137.409,0.14018178,5,-1,-1
515.6694,708.0599,60.624878,72.8241,0.13921499,5,-1,-1
24.797255,695.8124,40.62706,24.209045,0.1352643,1,-1,-1
611.7145,815.02545,153.21124,178.67651,0.120061725,1,-1,-1
7.5776706,699.6737,75.28205,54.238037,0.11640999,3,-1,-1
666.69104,567.0394,96.78772,103.177795,0.11499986,4,-1,-1
515.6694,708.0599,60.624878,72.8241,0.111320764,4,-1,-1
27.47419,750.1638,124.571205,132.59229,0.10899064,4,-1,-1
571.7399,240.67007,24.239258,34.784424,0.105890125,3,-1,-1
716.4123,542.30835,82.16803,97.51672,0.10177064,4,-1,-1
382.44983,586.4306,130.5528,120.80066,0.099766165,6,-1,-1
571.7399,240.67007,24.239258,34.784424,0.09904519,1,-1,-1
268.8737,378.17853,148.09515,129.38934,0.09837553,8,-1,-1
49.1069,0.0,127.86487,107.02993,0.09791559,2,-1,-1
388.19983,585.8563,124.05109,109.64728,0.09625128,1,-1,-1
504.34573,240.42715,26.424164,41.983673,0.09188405,10,-1,-1
530.988,724.0803,165.38995,137.59369,0.09121719,5,-1,-1
3.5637412,729.5498,115.96112,126.22656,0.090044826,5,-1,-1
483.20087,820.47424,53.79193,61.224426,0.088579565,9,-1,-1
568.42065,253.90297,28.010681,34.481644,0.08705813,1,-1,-1
372.75272,561.4861,126.610596,123.76282,0.08656895,10,-1,-1
520.6882,737.7758,162.90344,170.03723,0.08530158,9,-1,-1
2.4809296,700.258,78.5029,65.07385,0.08389267,4,-1,-1
473.9639,824.16644,45.911774,47.316345,0.08216384,4,-1,-1
359.00558,560.876,133.11566,120.07349,0.080292374,6,-1,-1
473.12863,766.0576,36.655365,30.625793,0.07999703,10,-1,-1
632.37683,426.5081,23.20935,38.234344,0.07916951,1,-1,-1
576.83185,235.72804,28.115662,35.632675,0.078109086,3,-1,-1
24.797255,695.8124,40.62706,24.209045,0.07653323,3,-1,-1
629.0372,431.0536,31.537598,33.01999,0.07412329,3,-1,-1
1.2398349,768.09296,107.65697,153.6117,0.07409957,4,-1,-1
4.661098,710.2867,91.77936,88.35419,0.07405147,5,-1,-1
40.111202,0.0,143.3026,101.907234,0.07383001,1,-1,-1
579.36346,270.62256,29.171936,35.80539,0.0733726,3,-1,-1
615.7272,819.0085,154.77234,198.02466,0.07291284,5,-1,-1
483.20087,820.47424,53.79193,61.224426,0.07283741,6,-1,-1
276.3847,394.23193,147.06277,123.56854,0.07235038,9,-1,-1
643.07935,428.24316,23.930481,37.471375,0.07141408,1,-1,-1
24.272722,698.9881,52.01413,42.92511,0.07040334,2,-1,-1
571.7399,240.67007,24.239258,34.784424,0.06997922,2,-1,-1
447.4165,829.0786,74.17877,80.767456,0.06935382,4,-1,-1
360.8033,552.149,129.74411,119.40759,0.06909618,1,-1,-1
578.707,228.05106,23.59845,41.253174,0.06907454,1,-1,-1
504.1843,241.7805,26.798065,41.45616,0.06885943,3,-1,-1
504.34573,240.42715,26.424164,41.983673,0.068686575,7,-1,-1
680.4674,909.541,179.16382,139.14648,0.06858271,1,-1,-1
4.8820577,702.8471,50.162212,37.009766,0.06854832,1,-1,-1
486.7812,822.57513,51.558105,56.248596,0.06660828,1,-1,-1
39.69929,0.0,144.07649,102.42747,0.066021055,10,-1,-1
503.57016,826.39636,38.317963,53.854065,0.06582421,4,-1,-1
577.8797,262.2214,35.957153,29.016663,0.06543088,3,-1,-1
473.12863,766.0576,36.655365,30.625793,0.06496504,5,-1,-1
40.581055,702.3982,41.021202,51.43286,0.06465405,1,-1,-1
567.49146,255.57336,29.872925,32.133606,0.062276125,2,-1,-1
342.7367,534.8567,134.7869,124.90924,0.06219265,10,-1,-1
391.8698,443.53763,24.589966,38.639282,0.062165737,1,-1,-1
359.00558,560.876,133.11566,120.07349,0.062001556,8,-1,-1
637.69366,438.26328,38.329956,29.231903,0.061070412,3,-1,-1
351.27332,748.136,22.764496,52.784424,0.060872614,1,-1,-1
454.35745,662.40607,131.04044,131.10608,0.060263842,4,-1,-1
623.3373,425.91885,24.787659,38.790863,0.059258938,3,-1,-1
735.3784,532.97656,50.428955,28.383667,0.05872479,1,-1,-1
743.4587,539.23627,68.70355,84.90759,0.058474213,4,-1,-1
504.34573,240.42715,26.424164,41.983673,0.05824116,8,-1,-1
20.53477,697.9585,49.076637,39.003906,0.05804029,10,-1,-1
629.0372,431.0536,31.537598,33.01999,0.05714491,10,-1,-1
426.35965,631.4187,99.33804,93.214966,0.05561936,4,-1,-1
454.35745,662.40607,131.04044,131.10608,0.055618286,5,-1,-1
101.663506,877.76,143.50089,167.17834,0.05492565,1,-1,-1
286.59442,436.8527,39.20157,39.712067,0.054869592,1,-1,-1
301.68933,423.962,37.542603,43.921967,0.054535598,1,-1,-1
15.750273,694.1579,59.52069,37.204407,0.054017574,3,-1,-1
576.83185,235.72804,28.115662,35.632675,0.053417593,10,-1,-1
473.12863,766.0576,36.655365,30.625793,0.053352773,7,-1,-1
565.9303,785.94366,166.48218,171.0791,0.053187698,5,-1,-1
323.82254,514.2675,133.36804,116.20593,0.05313939,8,-1,-1
623.3373,425.91885,24.787659,38.790863,0.053121865,1,-1,-1
1.2398349,768.09296,107.65697,153.6117,0.052811325,5,-1,-1
578.06836,248.20383,26.37622,38.996124,0.052468717,3,-1,-1
454.35745,662.40607,131.04044,131.10608,0.052227557,6,-1,-1
504.34573,240.42715,26.424164,41.983673,0.051985264,2,-1,-1
473.9639,824.16644,45.911774,47.316345,0.051708758,5,-1,-1
3.8023367,705.9536,67.49803,42.680298,0.05142042,2,-1,-1
180.30026,934.72266,28.76889,45.428894,0.051137686,2,-1,-1
14.558919,798.84595,146.33124,144.72223,0.051050246,9,-1,-1
30.04869,717.07,55.773605,36.937256,0.05042088,10,-1,-1
400.86935,364.84012,26.297241,36.53586,0.050198108,1,-1,-1
