353.83282,725.13873,14.633972,18.112183,0.804072,1,-1,-1
473.7619,398.7904,10.939392,15.832336,0.65222085,1,-1,-1
373.01843,729.26697,12.259247,12.024902,0.614668,1,-1,-1
473.8172,388.40665,12.58313,16.888092,0.6127365,1,-1,-1
563.5499,486.6999,17.74469,15.546814,0.57273585,2,-1,-1
598.2401,395.7564,10.528259,15.900604,0.5408825,1,-1,-1
464.10587,401.40845,9.229584,15.953339,0.5138454,1,-1,-1
547.6205,453.37192,17.233276,15.758667,0.4842322,2,-1,-1
546.0685,463.38083,13.84967,10.859161,0.45778054,2,-1,-1
446.86285,443.90732,15.825897,19.208435,0.43603897,2,-1,-1
518.3136,576.4087,16.247192,21.42633,0.41767353,1,-1,-1
567.8961,465.22595,13.942444,13.943787,0.3937959,2,-1,-1
545.68066,472.4598,14.560913,14.622711,0.3595596,2,-1,-1
487.80017,0.0,13.259399,14.829001,0.35389066,1,-1,-1
612.0387,438.5179,12.412903,13.724945,0.35089648,1,-1,-1
472.45065,388.4019,9.039124,14.696686,0.35008013,1,-1,-1
611.41003,439.20056,12.613342,14.500244,0.3416569,2,-1,-1
458.78122,397.95847,10.221222,16.459991,0.34112722,1,-1,-1
407.70316,470.3433,34.055115,68.55765,0.3302978,8,-1,-1
478.32938,390.33383,9.456116,16.823761,0.32404488,1,-1,-1
407.39432,472.04962,33.246124,67.24634,0.32302386,7,-1,-1
567.738,464.8608,14.352356,14.644714,0.30904683,1,-1,-1
364.40247,11.921149,51.331604,72.83019,0.2965107,6,-1,-1
563.5499,486.6999,17.74469,15.546814,0.29213348,1,-1,-1
514.7869,596.44415,13.673828,15.368591,0.29142043,1,-1,-1
441.7658,558.291,30.888245,77.304504,0.28754202,1,-1,-1
563.50256,486.5743,17.91156,16.06601,0.28513443,10,-1,-1
476.31528,395.65628,12.623505,17.161133,0.25576574,1,-1,-1
446.09692,443.99762,16.907227,19.058533,0.23605132,1,-1,-1
195.69879,0.0,30.150757,41.985794,0.23405352,4,-1,-1
547.50635,452.97473,17.813354,16.515137,0.22114924,1,-1,-1
518.48267,576.384,16.02655,20.947266,0.19899759,2,-1,-1
435.44067,395.47964,33.70233,59.04669,0.19703344,8,-1,-1
516.02515,576.4536,18.239136,22.331177,0.19058564,10,-1,-1
544.10236,451.84607,16.808228,23.532288,0.18733844,2,-1,-1
512.1828,576.0341,19.459595,27.166626,0.18472522,1,-1,-1
460.61188,398.20917,14.50824,17.824677,0.18225193,1,-1,-1
545.68066,472.4598,14.560913,14.622711,0.18193856,1,-1,-1
530.68866,366.53296,18.273193,33.723083,0.18025935,6,-1,-1
405.6582,469.84174,36.223175,68.67206,0.18004498,6,-1,-1
544.99304,459.72327,14.01123,20.327728,0.1787358,2,-1,-1
407.73044,472.47552,32.73752,66.605835,0.1785483,10,-1,-1
627.88055,554.88196,12.196228,12.828064,0.17533803,1,-1,-1
458.30072,397.8571,7.289154,12.758179,0.17532408,1,-1,-1
522.67255,586.71594,11.068237,9.970154,0.17228425,1,-1,-1
461.33832,402.45667,9.244446,13.626801,0.17171061,1,-1,-1
452.0032,442.9898,9.996368,16.023071,0.17113692,2,-1,-1
468.3643,391.74774,15.00058,21.778595,0.17059907,1,-1,-1
548.5352,471.5867,13.165039,10.879242,0.17032748,2,-1,-1
557.987,453.45547,10.176941,9.615845,0.16926551,1,-1,-1
183.92584,696.2937,35.02565,24.573914,0.16607416,4,-1,-1
546.62274,453.92612,13.909668,10.567841,0.16537574,2,-1,-1
522.0128,576.2198,10.34613,16.200806,0.16377887,1,-1,-1
259.72812,510.52817,12.07193,34.711273,0.16371995,10,-1,-1
553.1498,770.8535,13.756714,13.914673,0.16304779,1,-1,-1
435.44067,395.47964,33.70233,59.04669,0.16099212,7,-1,-1
556.84467,453.2021,11.575867,10.452423,0.15781286,2,-1,-1
476.2085,388.65784,16.022156,21.7052,0.1560969,1,-1,-1
548.07227,467.9278,14.940613,9.023071,0.15562737,2,-1,-1
479.9554,396.21472,8.204102,12.469147,0.15227172,1,-1,-1
518.61725,575.86304,16.278748,23.605713,0.15193373,3,-1,-1
401.05154,380.88522,10.033569,8.525879,0.1511203,1,-1,-1
562.10223,488.52524,13.606995,11.504608,0.14875045,2,-1,-1
546.0685,463.38083,13.84967,10.859161,0.14686981,1,-1,-1
492.9866,625.4884,30.185516,64.362854,0.1461617,5,-1,-1
547.57367,452.2778,18.056519,17.954529,0.14492604,10,-1,-1
514.7638,580.5513,17.245483,27.495178,0.14345556,10,-1,-1
522.37213,584.229,11.440552,11.466492,0.14012548,2,-1,-1
547.09863,458.32263,12.024048,13.6828,0.13986,2,-1,-1
465.67303,404.4821,6.33844,11.156372,0.13901281,1,-1,-1
409.25647,0.0,70.50705,45.58404,0.13851461,6,-1,-1
69.96974,681.6193,14.829941,18.088257,0.13814029,1,-1,-1
544.3905,466.13174,12.770203,10.5191345,0.1377016,2,-1,-1
373.57864,727.99426,9.798157,9.418518,0.13370973,1,-1,-1
449.1215,445.21097,10.548584,12.4062195,0.13322672,2,-1,-1
34.44231,157.83372,41.620106,43.75058,0.13180527,5,-1,-1
517.17,600.5569,9.710876,12.776428,0.13093865,1,-1,-1
335.17694,9.313051,5.1744995,6.3163157,0.13038287,1,-1,-1
569.792,466.24084,12.558655,12.728485,0.12953782,10,-1,-1
409.7665,302.11505,8.089355,9.641327,0.12937623,1,-1,-1
440.64996,341.6406,15.275879,25.893433,0.12598851,10,-1,-1
515.6347,584.73016,16.787903,16.880615,0.12550879,1,-1,-1
522.0128,576.2198,10.34613,16.200806,0.12530982,2,-1,-1
550.40063,451.74188,13.341309,12.214203,0.12472886,2,-1,-1
464.15277,401.66583,9.158752,15.781128,0.12445772,10,-1,-1
535.90125,407.17844,17.338623,38.344208,0.12343156,5,-1,-1
464.0772,401.59805,9.090759,15.906067,0.123233944,2,-1,-1
34.44231,157.83372,41.620106,43.75058,0.12271339,4,-1,-1
448.9497,441.02365,17.986206,17.340668,0.12204182,2,-1,-1
266.34485,84.371155,13.141266,16.184258,0.12183982,1,-1,-1
530.68866,366.53296,18.273193,33.723083,0.12154943,4,-1,-1
544.4971,470.4091,16.00592,18.005585,0.121377915,10,-1,-1
547.191,453.53906,12.823853,11.799988,0.12046912,1,-1,-1
510.4571,590.7887,17.138916,26.709473,0.120387435,1,-1,-1
389.09802,179.22102,8.730988,10.397415,0.11892164,1,-1,-1
613.59064,435.2165,9.722839,14.38205,0.11605826,2,-1,-1
64.01656,454.90103,7.5473175,17.89862,0.11565927,1,-1,-1
420.26453,31.783632,9.306702,17.805101,0.11556053,1,-1,-1
563.47296,486.35883,17.859497,16.736115,0.11451027,3,-1,-1
613.63495,435.77896,9.417419,12.407379,0.11446026,1,-1,-1
514.6212,581.23517,18.225952,24.37915,0.1139642,3,-1,-1
566.00885,490.1315,12.324646,14.281952,0.112736136,2,-1,-1
535.98987,407.6725,16.807495,36.65335,0.112511575,6,-1,-1
5.1005006,157.85742,54.94943,46.72847,0.111876756,5,-1,-1
455.4996,443.8838,10.851837,12.225311,0.111840606,2,-1,-1
262.49084,52.679996,20.934784,28.8437,0.11151686,2,-1,-1
529.8786,366.14246,17.998901,33.960968,0.11141661,8,-1,-1
407.39432,472.04962,33.246124,67.24634,0.110578746,3,-1,-1
65.97991,334.8253,8.692589,11.213745,0.11033201,1,-1,-1
196.29745,0.0,27.894302,40.035427,0.11021665,5,-1,-1
399.68826,380.74982,10.700287,8.675751,0.110114336,2,-1,-1
514.55597,598.54346,12.358582,12.015625,0.11002019,2,-1,-1
446.61737,442.54874,16.653046,19.785675,0.10922119,3,-1,-1
441.67612,558.9427,31.812744,80.15967,0.1077452,10,-1,-1
488.31543,0.0,12.205963,14.731321,0.10764575,4,-1,-1
440.8173,343.036,14.691498,24.0578,0.106968164,1,-1,-1
443.50058,561.41736,28.386444,76.256165,0.10641745,2,-1,-1
259.6892,507.92178,12.272614,36.622528,0.106028646,3,-1,-1
475.9786,389.43488,8.0355835,12.788544,0.10547915,1,-1,-1
566.91724,461.46805,16.792725,23.217499,0.10483053,2,-1,-1
529.8786,366.14246,17.998901,33.960968,0.1048072,10,-1,-1
264.90405,54.85704,18.848633,28.232803,0.104712516,1,-1,-1
544.3461,457.9634,15.276062,23.945648,0.10460764,10,-1,-1
569.2829,488.352,13.5578,11.412323,0.10411358,2,-1,-1
611.53217,435.69916,12.228577,17.579742,0.10386971,10,-1,-1
183.92584,696.2937,35.02565,24.573914,0.10363361,5,-1,-1
432.5857,396.37354,38.260254,59.52896,0.10347682,6,-1,-1
466.8892,401.68723,8.250183,12.940399,0.10346061,1,-1,-1
514.0143,599.8678,12.553711,9.135437,0.10219237,1,-1,-1
530.68866,366.53296,18.273193,33.723083,0.10078591,5,-1,-1
449.85233,448.19736,9.160675,15.106293,0.10058823,2,-1,-1
3.7766693,157.45584,68.57954,51.158585,0.09895909,4,-1,-1
444.69083,557.8196,24.287079,48.58783,0.098487526,1,-1,-1
406.57355,294.15082,10.536713,17.060577,0.097468466,1,-1,-1
192.86139,0.0,43.46277,59.08652,0.097321,4,-1,-1
0.0,156.57614,70.11606,58.376892,0.0967547,9,-1,-1
611.223,435.98132,12.95166,17.175476,0.096636534,3,-1,-1
264.8759,727.84595,6.9167786,6.1259766,0.09646979,1,-1,-1
452.0032,442.9898,9.996368,16.023071,0.09644556,1,-1,-1
547.5692,465.3999,10.169067,7.1863403,0.095727235,2,-1,-1
599.33887,395.40857,9.421265,15.799377,0.09569642,2,-1,-1
543.39197,476.85306,18.688171,13.262238,0.09521857,2,-1,-1
473.4091,387.9561,6.1858215,10.835449,0.09421387,1,-1,-1
518.0255,595.74927,10.041321,11.208984,0.09361231,1,-1,-1
261.6744,62.9223,19.19342,33.87051,0.09324175,2,-1,-1
521.956,590.0173,10.90033,11.829895,0.0931572,1,-1,-1
558.2178,774.5897,10.076477,10.63446,0.0912852,1,-1,-1
516.2525,580.2441,15.060059,14.139893,0.090562254,1,-1,-1
631.774,585.0418,12.095642,13.824402,0.08982402,1,-1,-1
506.87698,605.0417,12.348358,24.585693,0.08957186,1,-1,-1
239.8418,533.03326,10.665726,18.05188,0.088894546,10,-1,-1
505.58063,768.30975,6.626709,5.930542,0.088140756,1,-1,-1
568.00085,461.93066,15.01416,22.272186,0.088125855,10,-1,-1
464.10587,401.40845,9.229584,15.953339,0.08727172,3,-1,-1
514.3122,592.5929,14.358948,21.35553,0.08725795,10,-1,-1
595.051,391.70496,17.610107,19.23639,0.08649731,1,-1,-1
562.4567,489.44077,12.203064,13.29541,0.08640689,1,-1,-1
412.586,0.0,18.4505,21.660858,0.08629939,4,-1,-1
514.05096,594.47314,14.892395,18.547668,0.08589971,3,-1,-1
270.05698,51.74469,16.663544,21.66603,0.08560252,1,-1,-1
262.081,61.30827,19.0625,36.73898,0.085570335,1,-1,-1
444.69083,557.8196,24.287079,48.58783,0.084996015,2,-1,-1
260.89703,524.02185,9.055939,21.686523,0.084373415,10,-1,-1
410.43234,75.48961,6.223572,14.005974,0.08421385,1,-1,-1
374.43997,730.7578,13.184082,14.986145,0.08397472,1,-1,-1
546.54535,475.84662,10.283569,13.285828,0.083865166,2,-1,-1
22.802391,744.7236,57.63781,31.509094,0.08378965,4,-1,-1
446.61737,442.54874,16.653046,19.785675,0.08320576,10,-1,-1
238.94334,533.6434,9.379852,16.198547,0.08319387,1,-1,-1
482.23303,398.7093,7.1148376,9.401611,0.08310726,1,-1,-1
566.64703,463.7244,15.504639,16.941101,0.08292517,3,-1,-1
172.42046,111.87624,11.352173,20.594444,0.08221358,1,-1,-1
410.07358,0.0,68.73627,44.78066,0.08208799,9,-1,-1
193.94153,0.0,38.855957,51.996048,0.08181262,9,-1,-1
601.0338,396.89932,5.986084,12.33316,0.081777036,1,-1,-1
373.5862,729.2543,12.286957,12.325684,0.081753284,4,-1,-1
353.39145,724.27826,12.450562,10.102417,0.08169162,1,-1,-1
535.6971,407.66638,17.602112,37.670593,0.08139455,8,-1,-1
265.943,67.31777,14.920074,16.424614,0.081196845,1,-1,-1
183.29576,695.4387,35.778503,25.677917,0.08115694,10,-1,-1
260.5441,531.77563,8.821411,13.382935,0.08105436,1,-1,-1
415.2738,511.58444,18.504303,23.533112,0.08063227,1,-1,-1
492.9314,627.9937,29.519531,61.30011,0.0803048,9,-1,-1
530.68866,366.53296,18.273193,33.723083,0.07994461,7,-1,-1
412.586,0.0,18.4505,21.660858,0.079589665,9,-1,-1
460.43372,398.66357,10.117462,16.965149,0.07953367,2,-1,-1
30.976078,264.45474,6.5016174,14.82666,0.07952538,1,-1,-1
338.8475,774.6386,5.6328735,12.905334,0.07918015,1,-1,-1
462.16986,400.53677,5.733734,11.7638855,0.0787729,1,-1,-1
22.802391,744.7236,57.63781,31.509094,0.07869038,10,-1,-1
191.18553,0.0,44.96289,56.149956,0.07763243,5,-1,-1
195.69879,0.0,30.150757,41.985794,0.07745248,10,-1,-1
547.4085,765.35205,10.519226,11.044434,0.07728046,1,-1,-1
544.10236,451.84607,16.808228,23.532288,0.077183574,1,-1,-1
567.585,485.83478,12.334778,11.640167,0.07714349,2,-1,-1
548.2498,475.1591,9.71759,9.426819,0.077100396,2,-1,-1
268.3916,90.068954,10.637695,12.433884,0.07693708,1,-1,-1
525.38873,585.7405,8.901855,8.318176,0.076625645,1,-1,-1
160.79662,707.55426,35.137314,18.14978,0.076584905,4,-1,-1
474.6254,388.6952,11.442566,15.263733,0.07624301,2,-1,-1
561.2003,453.655,9.075928,8.149384,0.07590133,1,-1,-1
477.83447,400.57697,9.349274,15.656982,0.07562545,1,-1,-1
48.419445,215.11087,17.669453,17.142044,0.07550359,1,-1,-1
536.0212,407.55478,16.708923,36.198883,0.075321585,4,-1,-1
611.8854,439.5836,12.540405,12.980377,0.07525319,4,-1,-1
445.3071,558.4775,20.272797,27.797058,0.07507405,1,-1,-1
465.08505,399.4765,7.526123,12.493927,0.07481414,1,-1,-1
601.2422,397.5011,10.824951,13.700623,0.07462627,1,-1,-1
405.39252,470.80554,35.414337,66.84021,0.07461798,5,-1,-1
452.76355,446.61322,9.621338,8.448151,0.07443792,2,-1,-1
476.17032,400.83917,6.5410767,11.915558,0.074249566,1,-1,-1
260.24902,50.8516,24.472687,49.38098,0.074195,10,-1,-1
516.96686,593.9679,16.44159,15.572937,0.07409698,1,-1,-1
186.86388,0.0,31.620468,31.95521,0.07399124,4,-1,-1
566.8623,470.62128,14.775574,10.837494,0.073786855,2,-1,-1
370.50174,727.8625,13.672302,18.69757,0.073467255,1,-1,-1
570.7028,468.40967,12.377747,8.620178,0.072799265,2,-1,-1
159.21118,141.52066,6.1825104,11.729965,0.072663784,1,-1,-1
546.54535,475.84662,10.283569,13.285828,0.07264742,1,-1,-1
465.91348,402.1139,6.209778,11.577606,0.0726237,2,-1,-1
525.8097,591.15656,8.187927,9.859375,0.07255578,1,-1,-1
529.8786,366.14246,17.998901,33.960968,0.071893245,1,-1,-1
487.80017,0.0,13.259399,14.829001,0.07169041,10,-1,-1
547.57367,452.2778,18.056519,17.954529,0.07166916,3,-1,-1
445.88333,448.42462,11.8428955,11.470581,0.07139981,2,-1,-1
547.1684,473.18137,11.459106,6.989746,0.07092863,2,-1,-1
3.7988236,351.04892,8.389157,9.511963,0.0708946,1,-1,-1
655.1426,713.1971,7.6332397,13.646973,0.070824474,1,-1,-1
260.7112,531.10284,8.545898,14.244202,0.07076231,2,-1,-1
441.46036,558.92175,63.31534,92.529236,0.07070008,10,-1,-1
263.9373,73.92108,16.57306,20.50042,0.070593625,1,-1,-1
443.81815,441.308,15.487213,17.597992,0.0699068,2,-1,-1
448.9497,441.02365,17.986206,17.340668,0.06988752,1,-1,-1
569.41705,467.15784,16.070007,17.042786,0.06988153,1,-1,-1
493.2153,0.0,9.786346,13.924522,0.06959078,1,-1,-1
455.4996,443.8838,10.851837,12.225311,0.06956959,1,-1,-1
480.46164,393.3628,5.7186584,10.843323,0.069286555,1,-1,-1
551.5511,449.1477,16.528076,26.199524,0.06899315,2,-1,-1
506.99176,599.635,16.808838,24.94629,0.068710744,1,-1,-1
462.5635,406.84015,6.5516663,12.398468,0.06869444,1,-1,-1
194.92253,0.0,36.0477,47.928757,0.06863448,6,-1,-1
330.54962,681.197,8.295441,10.360291,0.0685921,1,-1,-1
427.3118,390.59137,48.625824,84.38284,0.06841928,8,-1,-1
162.65396,0.0,84.98262,110.90293,0.06809807,9,-1,-1
551.28687,770.26227,10.698303,10.159912,0.06803495,1,-1,-1
544.99304,459.72327,14.01123,20.327728,0.06795028,1,-1,-1
450.46875,440.20654,17.113312,19.144196,0.06794852,3,-1,-1
523.8856,588.57965,8.969727,7.635681,0.067665964,2,-1,-1
64.01656,454.90103,7.5473175,17.89862,0.0676088,2,-1,-1
566.00885,490.1315,12.324646,14.281952,0.06735149,1,-1,-1
443.48978,561.4096,30.399231,82.865906,0.067334026,3,-1,-1
536.0212,407.55478,16.708923,36.198883,0.06680474,1,-1,-1
436.15125,396.276,32.21042,59.325928,0.06647894,10,-1,-1
570.3891,467.34186,9.84552,10.366577,0.06625596,1,-1,-1
514.7872,581.36444,18.574524,22.784058,0.066149235,2,-1,-1
517.03937,579.14954,14.246033,12.22699,0.06614792,2,-1,-1
561.35065,453.34274,8.922974,9.101837,0.06612167,2,-1,-1
547.977,468.47513,9.553894,7.0290833,0.06610432,2,-1,-1
522.2907,574.5309,9.186951,11.655273,0.06604797,1,-1,-1
443.62637,448.84534,23.32428,18.074097,0.06603426,2,-1,-1
449.18195,447.7536,10.276154,15.312775,0.06598151,1,-1,-1
563.8078,479.81107,18.636108,18.003998,0.065900475,2,-1,-1
364.79953,11.715577,49.84601,72.73126,0.06588644,5,-1,-1
552.15906,464.24362,25.131348,13.696716,0.065850556,2,-1,-1
186.37479,0.0,56.30577,91.03817,0.06537598,6,-1,-1
548.5352,471.5867,13.165039,10.879242,0.065274864,1,-1,-1
466.09467,400.9606,16.14273,21.946777,0.06525934,1,-1,-1
563.4774,485.72406,8.518494,13.237396,0.06525284,2,-1,-1
199.4779,0.0,22.103073,28.328295,0.06525269,4,-1,-1
448.2096,442.08115,11.993225,14.25943,0.06519279,1,-1,-1
458.1673,397.7096,7.752075,13.802551,0.06499067,2,-1,-1
387.05142,400.36038,5.294922,5.052368,0.064968586,1,-1,-1
518.64484,576.3739,11.649231,12.125061,0.06484595,1,-1,-1
364.83194,12.145566,50.551514,72.37759,0.064843595,8,-1,-1
427.3983,300.07806,32.85852,68.11612,0.064802945,8,-1,-1
453.69757,448.50018,7.360077,11.716736,0.06458518,2,-1,-1
40.346405,324.9703,41.08883,42.83188,0.06456599,4,-1,-1
375.59946,731.23254,9.5164795,7.485962,0.06449199,1,-1,-1
541.6839,456.9119,19.301208,32.475708,0.064471215,2,-1,-1
550.40063,451.74188,13.341309,12.214203,0.06423494,1,-1,-1
466.25708,408.2607,4.968231,9.264709,0.064168155,1,-1,-1
435.1127,395.38443,36.704895,55.60605,0.06415239,5,-1,-1
518.8664,590.2463,10.68866,13.648621,0.06406796,1,-1,-1
364.1958,11.39406,51.45508,73.55515,0.06393859,7,-1,-1
544.4971,470.4091,16.00592,18.005585,0.06389254,3,-1,-1
523.4231,589.83264,8.842285,5.6290894,0.06385943,1,-1,-1
373.58926,729.50903,12.348755,11.689331,0.06375861,2,-1,-1
421.3274,37.023125,6.4407654,13.521599,0.063614696,1,-1,-1
445.98456,446.17532,11.349762,9.252197,0.06353289,2,-1,-1
259.8448,67.060715,18.261047,20.822472,0.063402444,1,-1,-1
599.33887,395.40857,9.421265,15.799377,0.06324944,10,-1,-1
546.2499,464.55084,7.5650024,8.419098,0.062860906,2,-1,-1
525.35925,586.0733,9.12854,7.7458496,0.06283206,2,-1,-1
377.6773,165.09814,6.8776245,7.4050293,0.06277782,1,-1,-1
549.4636,764.6125,13.633057,14.972595,0.062769204,1,-1,-1
432.6718,752.7053,7.481598,6.5960083,0.06252289,1,-1,-1
563.34436,491.9647,8.90686,9.837189,0.062369376,2,-1,-1
480.75543,0.0,22.69339,18.5315,0.062353432,1,-1,-1
544.4489,470.2832,12.184692,11.680817,0.06207934,2,-1,-1
412.23322,302.8903,8.129852,9.488251,0.06197208,1,-1,-1
412.586,0.0,18.4505,21.660858,0.0615803,5,-1,-1
409.25647,0.0,70.50705,45.58404,0.061493903,5,-1,-1
599.33887,395.40857,9.421265,15.799377,0.061258912,4,-1,-1
273.14752,54.590733,11.955902,14.324848,0.06108275,1,-1,-1
260.81018,76.23738,13.373871,15.927689,0.06089464,1,-1,-1
334.28082,5.460982,6.6796265,10.091356,0.060771435,1,-1,-1
521.4062,581.4832,12.728149,19.94873,0.060736,10,-1,-1
408.24844,0.0,74.0596,45.559025,0.06062293,4,-1,-1
448.17822,560.7141,52.838196,87.391846,0.060443997,1,-1,-1
352.2744,725.6022,10.360687,11.659302,0.060284734,1,-1,-1
608.08746,435.0197,18.758362,20.445404,0.060101926,1,-1,-1
519.9929,581.20764,15.455139,11.82605,0.06007403,2,-1,-1
477.78442,389.4654,10.378326,16.84436,0.05973336,10,-1,-1
151.45686,346.0997,7.734009,11.266296,0.059702218,1,-1,-1
548.07227,467.9278,14.940613,9.023071,0.059563547,1,-1,-1
492.81854,628.0604,29.654541,61.19275,0.059523255,4,-1,-1
253.21132,759.9321,6.586258,8.900391,0.059511125,1,-1,-1
73.51859,680.4394,15.979721,17.15918,0.0593912,1,-1,-1
492.9314,627.9937,29.519531,61.30011,0.059354424,6,-1,-1
415.9842,31.647194,11.091644,17.19569,0.05928573,1,-1,-1
407.70316,470.3433,34.055115,68.55765,0.059090495,4,-1,-1
260.68018,80.33009,15.781464,20.16578,0.05905369,1,-1,-1
164.61465,189.51155,43.565872,47.079803,0.05902493,4,-1,-1
454.67642,593.3568,39.05078,56.01245,0.05891809,1,-1,-1
455.69467,89.09668,5.9606934,8.148956,0.058834463,1,-1,-1
53.300434,328.25385,25.805073,29.347382,0.058598578,4,-1,-1
472.45065,388.4019,9.039124,14.696686,0.058231443,2,-1,-1
22.392244,745.46094,58.060593,30.898804,0.0581654,5,-1,-1
506.59964,579.634,24.830841,44.645386,0.058156967,1,-1,-1
551.3345,454.45166,8.785522,7.1941833,0.058139294,2,-1,-1
265.036,65.54839,16.68045,19.270813,0.057689875,2,-1,-1
48.787407,214.02728,26.017433,24.228851,0.057678938,4,-1,-1
70.20684,681.5168,14.353653,18.345764,0.05766484,2,-1,-1
160.82971,707.47864,34.607193,18.646545,0.057607114,5,-1,-1
465.6989,388.94873,14.24707,17.380493,0.057563007,1,-1,-1
159.53725,141.1797,9.013123,14.874329,0.057435215,1,-1,-1
382.02777,408.3392,6.487274,5.194641,0.05732256,1,-1,-1
394.99826,458.44592,53.866547,76.515686,0.057280928,7,-1,-1
488.31543,0.0,12.205963,14.731321,0.057249546,2,-1,-1
551.10706,766.1893,18.694275,21.354675,0.05713761,1,-1,-1
525.57306,325.6038,17.634216,35.62274,0.057032377,5,-1,-1
441.17694,344.57333,14.127563,22.379578,0.05691433,2,-1,-1
260.10272,47.338802,26.39502,50.093822,0.056747705,7,-1,-1
614.033,442.57303,8.412964,8.630402,0.05670476,2,-1,-1
509.17276,771.70245,6.1838074,5.642761,0.056696594,1,-1,-1
443.97098,349.2037,9.126526,18.412811,0.056640506,1,-1,-1
410.72107,0.0,6.04364,7.2155995,0.056598276,1,-1,-1
517.5054,582.5476,12.562927,12.772705,0.056566507,2,-1,-1
450.01584,448.4745,14.625427,10.377411,0.05640334,2,-1,-1
51.062004,217.16338,11.839844,11.511169,0.05629137,1,-1,-1
260.50986,521.1051,9.846588,24.807617,0.05592403,3,-1,-1
124.23253,394.28433,27.44165,16.811035,0.055869758,4,-1,-1
65.97991,334.8253,8.692589,11.213745,0.055746406,2,-1,-1
66.25904,677.0495,23.67559,26.280273,0.05560246,1,-1,-1
545.16437,464.26178,14.705139,12.053833,0.05557397,10,-1,-1
61.331627,331.2766,16.088692,15.923737,0.055315822,1,-1,-1
549.939,476.63412,10.097473,11.57605,0.055268615,2,-1,-1
473.8272,398.78693,10.674622,15.746368,0.05526483,2,-1,-1
525.27313,579.9096,9.143372,12.545532,0.055022866,1,-1,-1
547.9315,455.67145,16.628723,25.491028,0.055016845,2,-1,-1
478.01932,389.86533,9.995575,17.071228,0.055009097,2,-1,-1
364.79953,11.715577,49.84601,72.73126,0.054986656,4,-1,-1
270.25653,50.750526,16.681091,24.185547,0.054642737,2,-1,-1
507.755,769.3071,7.565796,5.973938,0.054629266,1,-1,-1
196.0353,0.0,29.016937,40.210403,0.05461806,1,-1,-1
267.3583,62.214413,13.616058,15.972515,0.05461088,1,-1,-1
410.53308,0.0,35.817963,34.000626,0.054605752,9,-1,-1
562.94836,486.1539,10.461243,12.538635,0.054587662,1,-1,-1
427.3983,300.07806,32.85852,68.11612,0.05446008,6,-1,-1
407.28015,0.0,7.12204,6.9277873,0.054321527,1,-1,-1
53.041893,684.5885,13.066734,20.996338,0.054153204,1,-1,-1
266.29358,77.43354,12.541809,12.729683,0.0540922,1,-1,-1
415.2738,511.58444,18.504303,23.533112,0.05408886,10,-1,-1
160.35596,138.343,7.850067,12.407822,0.05406055,1,-1,-1
266.34485,84.371155,13.141266,16.184258,0.0539833,2,-1,-1
404.55377,285.24243,13.594452,26.388092,0.053834498,10,-1,-1
411.6185,0.0,33.27176,36.26192,0.053789824,6,-1,-1
473.7205,388.38956,14.304871,17.134064,0.05369526,3,-1,-1
355.74142,721.36334,10.458252,17.507812,0.053652108,1,-1,-1
266.1645,46.50937,18.345337,21.689537,0.05358711,1,-1,-1
0.0,157.85994,67.12622,55.153015,0.053516746,6,-1,-1
473.7205,388.38956,14.304871,17.134064,0.053274065,4,-1,-1
473.77203,398.6972,11.100159,15.981384,0.053172648,3,-1,-1
189.56918,0.0,49.51953,83.780266,0.05303511,9,-1,-1
407.44202,300.102,8.723206,10.166718,0.05300945,1,-1,-1
472.9204,397.7136,7.7269287,13.500793,0.052896082,1,-1,-1
626.3408,553.26416,14.010193,14.1050415,0.052791864,2,-1,-1
514.7593,583.2012,11.832642,10.695435,0.05270773,1,-1,-1
559.1323,451.57315,9.149292,8.197479,0.052696943,1,-1,-1
365.90628,13.013628,45.5708,68.369934,0.052669108,9,-1,-1
258.96936,49.742477,27.697296,51.645187,0.052657068,1,-1,-1
353.8294,725.1693,14.593628,18.018433,0.052641124,4,-1,-1
72.03621,529.73615,10.197784,18.651123,0.052453995,1,-1,-1
468.95975,391.58286,15.7378235,21.360046,0.052399755,2,-1,-1
39.009235,155.40059,28.381985,35.126984,0.052394032,4,-1,-1
261.19434,69.712975,11.075623,14.602425,0.052345783,1,-1,-1
566.3274,491.66046,7.9992676,10.919891,0.05231595,2,-1,-1
260.10123,47.469067,27.362854,47.463497,0.052249134,2,-1,-1
406.76877,286.71967,15.177002,26.664856,0.052027166,1,-1,-1
412.586,0.0,18.4505,21.660858,0.051992387,6,-1,-1
28.918938,260.78183,7.2496986,14.730164,0.0517914,1,-1,-1
48.503204,215.14708,16.606926,16.454773,0.051757246,2,-1,-1
529.7073,366.41275,18.10614,33.525604,0.05172646,3,-1,-1
487.40863,0.0,8.349548,11.80587,0.051724464,1,-1,-1
627.94934,551.0117,16.270386,19.305115,0.051659822,1,-1,-1
525.41876,594.299,8.5147705,10.383179,0.05164793,1,-1,-1
456.85617,25.91133,8.073853,11.798098,0.05164218,1,-1,-1
260.41595,54.03253,23.234924,45.74566,0.051550448,3,-1,-1
440.43774,342.22705,15.358459,25.21228,0.051537365,3,-1,-1
399.30545,380.91217,11.270996,8.08316,0.051478088,10,-1,-1
48.578346,214.99898,18.498016,17.578262,0.051449686,10,-1,-1
418.96347,23.753809,13.610901,26.319838,0.05144897,1,-1,-1
370.23138,725.90216,11.152924,11.950806,0.051330566,1,-1,-1
140.40704,393.58362,22.400848,16.368134,0.051289678,4,-1,-1
631.1014,582.58716,13.327881,16.354248,0.051284403,2,-1,-1
556.0167,773.64,15.917419,13.903931,0.05111313,1,-1,-1
401.6371,377.40997,9.670593,10.579987,0.05103588,2,-1,-1
569.792,466.24084,12.558655,12.728485,0.050878584,4,-1,-1
50.115524,296.9431,10.38129,13.369019,0.050847948,1,-1,-1
428.52386,301.55405,31.815613,65.99341,0.05045837,10,-1,-1
162.47197,697.33453,43.17627,27.32251,0.050408065,4,-1,-1
464.9019,406.65573,7.4069214,15.593323,0.050341994,1,-1,-1
159.01169,141.94058,6.513687,11.048553,0.05030498,2,-1,-1
514.3122,592.5929,14.358948,21.35553,0.050295144,2,-1,-1
374.13803,732.05115,8.631317,11.232605,0.050248057,1,-1,-1
506.7115,604.0487,12.729126,27.327454,0.05020511,10,-1,-1
389.09802,179.22102,8.730988,10.397415,0.05009982,2,-1,-1
261.56097,79.96227,18.700928,23.647392,0.050049275,2,-1,-1
268.2205,53.597992,14.565704,17.105637,0.05002302,2,-1,-1
562.9337,490.92947,21.594604,18.547943,0.05001691,2,-1,-1
1063.275,141.22752,6.895996,6.0757904,0.05001208,1,-1,-1
433.5458,264.09622,5.2040405,7.330353,0.050003022,1,-1,-1
