564.2952,766.3814,24.272095,50.52545,0.89157724,1,-1,-1
545.6815,784.09467,26.058716,50.346863,0.86573493,1,-1,-1
313.0791,380.34637,8.57016,15.528015,0.8515261,1,-1,-1
1157.7842,410.0853,9.222046,20.058258,0.849223,1,-1,-1
1183.802,916.8095,36.401367,64.70618,0.83900476,1,-1,-1
533.40466,416.97388,10.720642,21.328735,0.82491314,1,-1,-1
648.8017,400.228,9.605957,18.955597,0.8230237,1,-1,-1
114.24823,387.29184,7.799988,14.855408,0.8147385,1,-1,-1
113.99125,445.0242,12.254715,18.604004,0.81055725,1,-1,-1
1147.4205,409.77335,9.758789,20.199158,0.81020236,1,-1,-1
281.28302,350.43655,5.5873413,12.008514,0.8068064,1,-1,-1
304.05026,355.19025,6.3240967,13.367554,0.80046797,1,-1,-1
331.64862,707.49774,29.764496,42.509827,0.798203,1,-1,-1
423.5415,350.0245,8.913757,15.997009,0.7915204,1,-1,-1
266.89847,351.79535,5.377594,11.43634,0.7754304,1,-1,-1
335.70782,344.09033,7.365265,14.506775,0.76962,1,-1,-1
1190.6007,354.56693,6.258423,14.3124695,0.76601607,1,-1,-1
160.2352,446.4362,12.4951935,19.3396,0.7651497,1,-1,-1
429.7375,319.84045,7.773529,13.4964905,0.75812113,1,-1,-1
590.11804,347.14542,7.7926025,14.329376,0.75555027,1,-1,-1
1199.2272,356.12247,6.3569336,13.579803,0.73980707,1,-1,-1
1086.4298,322.84958,6.855713,12.7901,0.72753835,1,-1,-1
988.21606,859.75635,26.598877,54.992676,0.72251946,1,-1,-1
438.33255,348.41336,8.643982,14.645447,0.71911186,1,-1,-1
252.64937,353.31226,5.795334,11.23941,0.7166605,1,-1,-1
295.15173,348.4238,5.795532,11.522827,0.7134938,1,-1,-1
641.4748,588.8793,18.507507,34.348938,0.712766,1,-1,-1
204.66463,356.368,6.071167,12.237457,0.69602406,1,-1,-1
592.40814,303.4141,5.410095,11.984833,0.6844142,1,-1,-1
1195.0631,355.72253,5.8739014,13.955383,0.6837303,1,-1,-1
169.67441,378.7938,6.9996796,13.965668,0.6789667,1,-1,-1
238.16211,380.3124,7.7211456,15.034485,0.6745026,1,-1,-1
221.95049,357.72934,5.9548187,11.279785,0.67390245,1,-1,-1
110.14266,365.97504,7.655861,15.020782,0.6576547,1,-1,-1
1262.22,335.00766,7.1812744,14.4086,0.6544176,1,-1,-1
179.2268,359.61728,5.6571198,13.378662,0.6533922,1,-1,-1
237.22177,355.39948,5.5243835,11.792389,0.65172595,1,-1,-1
158.70743,376.71854,7.265869,14.216156,0.6478733,1,-1,-1
583.77466,437.26584,10.559326,17.805756,0.6473871,2,-1,-1
597.4423,303.62988,5.309265,11.42334,0.6445602,1,-1,-1
120.15113,370.5232,7.84433,12.968475,0.6419156,1,-1,-1
213.6531,372.65448,6.903183,13.50412,0.6373975,1,-1,-1
1038.977,807.4448,29.092285,49.05481,0.63589406,1,-1,-1
164.23045,364.81403,5.8326874,14.277588,0.63458854,1,-1,-1
149.28688,374.6313,6.724365,13.863403,0.63224214,1,-1,-1
1012.3525,752.6456,25.13507,39.415344,0.6310438,2,-1,-1
141.1702,373.8234,7.7049255,14.900085,0.6278475,1,-1,-1
130.81172,368.54517,7.0061035,14.813843,0.61943924,1,-1,-1
1067.6545,322.19595,6.2738037,12.6137085,0.6193801,1,-1,-1
225.4432,385.37982,7.7845154,14.53183,0.61416507,1,-1,-1
140.35213,368.62234,7.2918243,14.6267395,0.61260676,1,-1,-1
156.05402,360.98438,6.230301,13.990845,0.6113125,1,-1,-1
650.794,302.3086,4.8894653,11.340179,0.6105148,1,-1,-1
189.01576,358.0558,5.464081,12.274933,0.60849476,1,-1,-1
231.77449,354.6217,5.741699,12.368408,0.60795844,1,-1,-1
226.40096,375.2206,6.4948425,13.321564,0.6023092,1,-1,-1
583.3856,303.84262,6.076599,11.897736,0.6019702,1,-1,-1
582.9436,444.29953,11.581055,15.068298,0.5997878,3,-1,-1
149.02002,363.68182,6.337021,14.608307,0.5941985,1,-1,-1
669.9883,318.44937,6.2598267,10.962769,0.5898052,1,-1,-1
617.06885,440.6354,11.508423,17.524658,0.5775198,2,-1,-1
101.02119,365.56985,7.5309067,14.549744,0.56571585,1,-1,-1
170.1744,365.09973,5.7069855,13.336761,0.5651299,1,-1,-1
559.47577,319.92862,6.746887,13.06955,0.55536354,1,-1,-1
1222.9187,451.6217,11.697876,19.916046,0.5509527,2,-1,-1
616.22955,445.9529,14.2630005,15.095947,0.5419636,3,-1,-1
1005.3121,767.3209,29.734802,45.073364,0.5403829,3,-1,-1
1147.5345,302.95776,23.717285,10.286163,0.5281513,4,-1,-1
1254.0886,461.86557,12.119751,21.93103,0.5271669,1,-1,-1
1222.1622,452.25787,12.381836,20.230408,0.5218046,1,-1,-1
1246.8052,337.46072,7.0236816,12.627411,0.52121925,1,-1,-1
192.23944,374.95697,6.6243134,13.712463,0.5171687,1,-1,-1
204.62138,379.11374,7.146042,13.149719,0.51249087,1,-1,-1
203.44037,373.27768,7.109894,14.157837,0.5123946,1,-1,-1
140.30647,340.5608,6.3628387,10.8923645,0.511044,1,-1,-1
739.0717,306.67773,6.016968,11.248138,0.4995767,1,-1,-1
704.2949,301.60486,5.584656,10.38623,0.48338667,1,-1,-1
1221.9395,457.29523,11.812378,18.417969,0.4821779,3,-1,-1
180.39293,380.00302,7.445694,14.796143,0.4798262,1,-1,-1
124.77172,370.597,6.734764,13.484375,0.46742517,1,-1,-1
587.0968,305.73468,5.9417725,12.957367,0.46299976,1,-1,-1
179.86734,364.16537,6.212616,13.855377,0.45939904,1,-1,-1
1151.8481,299.85913,23.09143,9.091431,0.45423394,4,-1,-1
150.46936,347.47464,7.5906067,9.727051,0.43885848,1,-1,-1
1356.207,467.7607,22.239014,40.800446,0.43402892,1,-1,-1
1286.3706,397.15182,10.419556,17.019226,0.42935216,1,-1,-1
1247.3663,323.13318,6.274536,10.645477,0.42610425,1,-1,-1
153.44627,347.1745,6.8023834,10.12027,0.4257991,1,-1,-1
192.86017,370.70352,6.4897614,13.402039,0.4208484,1,-1,-1
635.3387,307.7029,5.338867,13.101074,0.41644457,1,-1,-1
616.7402,445.34958,13.04248,16.185944,0.41397253,10,-1,-1
143.72841,374.8955,6.944687,14.305115,0.40933806,1,-1,-1
1219.0514,366.7942,6.569092,9.906464,0.40791786,1,-1,-1
675.5887,318.5745,5.991272,10.798828,0.40786338,1,-1,-1
641.48096,292.25687,4.665344,11.145386,0.40210342,1,-1,-1
197.29344,360.89972,5.705475,12.183594,0.39772674,1,-1,-1
182.45619,369.59213,6.325363,13.488953,0.3946144,1,-1,-1
106.07453,365.66248,7.2766495,14.325378,0.3899716,1,-1,-1
145.9992,361.81485,6.0201874,13.561157,0.38954633,1,-1,-1
1177.5841,322.238,6.2961426,12.045471,0.38526794,1,-1,-1
159.09798,364.18314,6.239975,14.616821,0.38180846,1,-1,-1
195.33708,360.62735,5.866806,12.027527,0.38178766,1,-1,-1
588.14825,293.9719,4.710144,10.391571,0.36589456,1,-1,-1
699.47876,319.13916,6.034668,11.741608,0.3632396,1,-1,-1
225.60823,378.528,7.9950256,14.018066,0.35841453,1,-1,-1
169.65648,368.54672,6.7476044,14.432587,0.35052788,1,-1,-1
607.88,295.73642,4.7755127,9.73645,0.33526766,1,-1,-1
240.41502,381.5785,7.6720734,14.489838,0.3299523,1,-1,-1
180.10144,369.67487,6.64917,13.417084,0.32979178,1,-1,-1
1001.1475,302.59253,4.565674,9.894257,0.32921836,1,-1,-1
1190.6166,327.3939,5.7418213,12.526215,0.3286153,1,-1,-1
1013.7331,752.34534,23.38861,37.85083,0.3278112,1,-1,-1
637.0251,294.3305,4.5166016,10.788361,0.32375497,1,-1,-1
583.1081,443.83215,11.128296,15.275818,0.3221866,10,-1,-1
149.77429,370.62845,5.88562,13.679535,0.32155135,1,-1,-1
641.56775,289.42365,5.1132812,10.502869,0.31812942,1,-1,-1
678.9749,318.2606,6.0145264,11.185791,0.31779423,1,-1,-1
689.1325,317.19162,6.2946777,11.907532,0.31737626,1,-1,-1
684.9181,317.76703,6.0252075,11.297516,0.31400847,1,-1,-1
633.3202,306.9648,5.4468994,12.985474,0.3136171,1,-1,-1
582.3843,443.08466,11.467712,15.593018,0.31216395,2,-1,-1
112.0629,387.96994,7.3684464,14.712738,0.31095403,1,-1,-1
1271.3904,460.6716,69.87158,38.12393,0.30990833,4,-1,-1
1234.6633,318.44785,5.557373,9.422516,0.30617312,1,-1,-1
1158.7745,482.81686,12.978027,15.637482,0.30559704,1,-1,-1
1215.5269,317.88055,5.883789,8.967651,0.3021723,1,-1,-1
583.7201,437.28983,10.352478,17.547241,0.3020005,1,-1,-1
172.9463,366.14075,6.529587,13.5303955,0.30198193,1,-1,-1
157.88606,361.20438,6.549301,14.629486,0.2979708,1,-1,-1
1276.4609,335.2441,6.4937744,13.01181,0.29703316,1,-1,-1
133.6611,366.38306,6.738907,12.292511,0.29563534,1,-1,-1
641.6851,303.36316,4.8049927,11.235321,0.2923182,1,-1,-1
1069.4569,304.76013,5.6291504,9.663696,0.28909597,1,-1,-1
583.05493,300.11237,5.456909,11.262573,0.28289968,1,-1,-1
181.93266,383.26813,7.245468,13.098114,0.28264987,1,-1,-1
193.67168,366.0472,6.481827,12.978088,0.27955967,1,-1,-1
1179.5825,322.86157,6.0213623,10.622131,0.27948093,1,-1,-1
587.9954,297.80673,5.163513,11.664459,0.2792438,1,-1,-1
636.8419,298.076,4.4451294,11.072327,0.27733135,1,-1,-1
1069.071,307.25912,5.5688477,10.5460205,0.2763312,1,-1,-1
159.39493,369.7352,7.066086,13.803772,0.27530354,1,-1,-1
646.57,292.39648,4.5253296,10.714355,0.2733633,1,-1,-1
101.233376,372.01178,6.752487,14.533569,0.26720673,1,-1,-1
224.36154,374.6609,6.6810303,12.69046,0.26709136,1,-1,-1
126.333755,368.70764,9.796478,14.417877,0.2667874,1,-1,-1
173.7915,369.8347,6.406433,13.544128,0.26641735,1,-1,-1
635.5024,302.8194,5.602722,12.568024,0.26316428,1,-1,-1
247.70123,337.09015,5.4804077,9.508209,0.25801462,1,-1,-1
641.6014,298.571,4.800476,11.729004,0.25800025,1,-1,-1
1065.2698,322.74008,6.446045,12.5047,0.25716645,1,-1,-1
179.76076,375.17615,6.877365,12.644043,0.25581247,1,-1,-1
946.79803,307.936,5.2366333,10.876892,0.2531094,1,-1,-1
1218.6725,317.13666,5.723999,10.012268,0.25076014,1,-1,-1
1113.2987,312.11142,6.23938,10.623444,0.25052828,1,-1,-1
588.2039,290.51636,4.685547,10.116608,0.24605441,1,-1,-1
1013.1642,753.9816,23.952026,43.525085,0.24494034,3,-1,-1
232.4291,333.16708,24.254807,12.248322,0.2440818,4,-1,-1
146.67032,366.3834,8.6719055,15.738739,0.24361315,1,-1,-1
1288.2366,393.42798,11.126221,17.613434,0.24131143,1,-1,-1
107.935196,323.23886,23.003296,9.73233,0.24098417,4,-1,-1
486.16562,302.8839,5.835785,10.682343,0.23435286,1,-1,-1
115.92703,369.2636,7.2439346,13.08548,0.23385495,1,-1,-1
114.05459,445.26306,11.816376,18.44107,0.23253301,2,-1,-1
592.94855,289.12054,4.3097534,9.798584,0.23224193,1,-1,-1
636.6161,310.30106,5.060669,11.9314575,0.2312397,1,-1,-1
1147.8455,306.97833,23.34961,10.65152,0.23073724,4,-1,-1
1162.4429,298.6772,18.786621,8.815399,0.22888434,4,-1,-1
1286.3706,397.15182,10.419556,17.019226,0.22784567,3,-1,-1
1044.1198,314.49728,5.4952393,10.116364,0.22658297,1,-1,-1
1005.7696,762.44336,30.28424,49.247498,0.22532415,2,-1,-1
223.32677,381.00394,7.335449,13.376373,0.21970475,1,-1,-1
607.1771,288.6778,4.8813477,8.80719,0.21963647,1,-1,-1
666.2503,317.7452,6.368347,11.236145,0.2186093,1,-1,-1
1181.3646,302.01987,18.928345,12.313538,0.21658063,5,-1,-1
223.81277,384.78503,6.5543365,14.32724,0.2164028,1,-1,-1
1221.8678,458.6864,11.611084,16.611816,0.21531194,10,-1,-1
57.269638,347.15915,7.846344,12.750488,0.21446079,1,-1,-1
1244.3503,338.90756,7.1168213,12.9522705,0.21399558,1,-1,-1
593.0457,293.11978,4.528015,10.281982,0.21379477,1,-1,-1
140.46918,364.0256,6.3100586,12.762482,0.21324518,1,-1,-1
617.1894,440.33218,11.401306,17.993439,0.21308005,1,-1,-1
641.472,589.18933,19.234863,33.90979,0.2128877,3,-1,-1
432.84445,303.07574,6.3495483,12.505859,0.21178928,1,-1,-1
1164.9438,295.12747,18.187744,9.206177,0.2116996,4,-1,-1
1146.1819,300.64194,21.136475,8.397095,0.2112123,4,-1,-1
617.4342,441.30194,11.299133,16.357697,0.21113777,3,-1,-1
648.87726,400.2541,9.477966,19.034485,0.21033409,2,-1,-1
1223.5221,461.93713,7.8845215,12.37677,0.20790857,3,-1,-1
1254.4912,462.17432,11.998291,21.439697,0.20721087,2,-1,-1
471.24652,303.045,5.790222,11.530212,0.20499918,1,-1,-1
560.9382,317.81555,7.237488,13.846344,0.20455146,1,-1,-1
162.78789,368.4557,8.201096,13.906097,0.2039262,1,-1,-1
1180.8705,302.18268,20.177002,11.875214,0.20359135,4,-1,-1
1063.9479,309.45694,5.5928955,9.70636,0.20253375,1,-1,-1
295.2691,348.49063,5.742737,11.287384,0.20233285,2,-1,-1
331.64862,707.49774,29.764496,42.509827,0.20220456,2,-1,-1
125.82242,367.24707,6.3942566,13.505554,0.20134655,1,-1,-1
997.4731,302.8909,4.84552,9.343231,0.20115075,1,-1,-1
144.11247,338.13638,6.1974945,10.895721,0.20081657,1,-1,-1
427.65198,318.36386,8.0095215,13.335297,0.20048249,1,-1,-1
1254.495,462.79416,11.928833,20.499573,0.19997305,10,-1,-1
1353.1316,351.60907,8.995239,11.847656,0.19749483,2,-1,-1
1262.552,335.3847,6.5268555,13.668945,0.19600853,10,-1,-1
583.51526,294.55667,5.4834595,9.345795,0.19387594,1,-1,-1
648.7905,403.15527,9.699097,17.508118,0.1937758,3,-1,-1
669.9883,318.44937,6.2598267,10.962769,0.19372055,2,-1,-1
110.15877,366.2808,7.6336594,15.017548,0.19267145,2,-1,-1
1169.8004,293.58078,17.944214,9.417114,0.19238144,4,-1,-1
1245.1582,322.6048,6.577759,11.541321,0.19152418,1,-1,-1
689.6096,297.63965,5.4645386,9.824066,0.19096276,1,-1,-1
337.88385,345.42438,6.990509,12.432312,0.19001284,1,-1,-1
584.5732,284.1937,14.543579,11.431519,0.18925321,4,-1,-1
1147.7864,302.82147,23.13147,10.4244995,0.18877438,5,-1,-1
237.41353,378.21036,6.868988,13.424408,0.18796417,1,-1,-1
280.63135,338.16248,5.8604736,8.180908,0.18695697,1,-1,-1
597.3061,312.70764,5.600952,11.530975,0.18684906,1,-1,-1
480.92917,302.57846,5.947571,10.49176,0.18682262,1,-1,-1
1040.6621,336.5638,5.8796387,10.257019,0.18671548,1,-1,-1
1005.2484,767.0412,30.168213,45.63623,0.18575105,10,-1,-1
1190.868,312.90985,4.9208984,9.73764,0.18354139,1,-1,-1
943.43933,296.08572,4.2800903,8.211884,0.18303376,1,-1,-1
1254.495,462.79416,11.928833,20.499573,0.18245855,3,-1,-1
651.4817,292.82425,4.6122437,10.612671,0.18243504,1,-1,-1
192.23944,374.95697,6.6243134,13.712463,0.18221426,2,-1,-1
129.85054,373.46207,7.463028,12.25592,0.1822102,1,-1,-1
582.3843,443.08466,11.467712,15.593018,0.18212914,1,-1,-1
698.51746,729.3951,27.544983,48.167786,0.18176258,1,-1,-1
1073.2997,304.46698,5.6151123,9.522919,0.18169338,1,-1,-1
172.67006,374.2764,7.0424194,14.235718,0.1809791,1,-1,-1
1012.72626,754.6315,25.702087,42.66455,0.18056497,10,-1,-1
640.21204,587.6098,20.425964,35.760986,0.18037921,2,-1,-1
1043.4518,317.16232,6.0115967,10.769257,0.17910683,1,-1,-1
1053.8586,307.37827,5.704956,9.944183,0.17804813,1,-1,-1
592.003,299.93112,6.4143066,11.61673,0.17767578,1,-1,-1
688.507,295.03412,6.82605,10.037628,0.17286289,1,-1,-1
1200.6035,285.1708,14.574463,8.394928,0.17180592,4,-1,-1
252.71304,353.26154,5.531494,10.986389,0.171691,2,-1,-1
1351.2576,351.4035,8.567505,12.558838,0.16927868,1,-1,-1
182.10797,373.44202,7.505768,15.002014,0.16833195,1,-1,-1
219.90497,357.82565,5.76915,9.649933,0.16798985,1,-1,-1
202.80737,375.34866,10.960236,16.006866,0.16796347,1,-1,-1
1262.667,334.10184,6.8148193,11.992859,0.1676771,2,-1,-1
596.4663,305.3226,7.4904785,13.154724,0.16731709,1,-1,-1
1230.8262,342.77182,6.041626,9.40387,0.16672793,1,-1,-1
130.82774,364.02585,6.482498,13.207977,0.16660812,1,-1,-1
1066.3458,325.0559,8.719238,12.215942,0.1665619,1,-1,-1
137.34995,373.13458,8.782669,15.790161,0.16642642,1,-1,-1
206.58685,356.98602,5.9140167,11.123199,0.16596276,1,-1,-1
607.26447,282.81113,16.287537,10.634033,0.16593862,4,-1,-1
106.28728,366.50983,11.26796,13.801697,0.16561812,10,-1,-1
689.93915,313.2587,5.272339,12.78241,0.16410634,1,-1,-1
1262.3629,335.1272,6.920166,14.139465,0.16365278,3,-1,-1
216.29396,373.7809,7.0089417,13.352631,0.16310585,1,-1,-1
1286.3792,395.1752,10.467041,18.352509,0.16301599,2,-1,-1
637.19403,290.38104,4.33313,10.395447,0.16284457,1,-1,-1
647.19934,302.16306,5.3218384,12.142639,0.16240683,1,-1,-1
675.3816,318.76404,6.5513306,10.470245,0.16125217,2,-1,-1
135.71164,341.68616,7.0730286,10.388916,0.16114074,1,-1,-1
189.4375,365.32578,6.4841003,12.844177,0.16098961,1,-1,-1
150.46936,347.47464,7.5906067,9.727051,0.15987974,10,-1,-1
607.2804,286.3192,5.428711,8.283142,0.15958256,1,-1,-1
108.959045,362.74478,9.684265,13.5625,0.15827096,1,-1,-1
1272.7214,386.05573,6.8725586,12.17627,0.15753892,1,-1,-1
1274.1359,335.4618,6.6453857,13.31311,0.15716252,1,-1,-1
1286.2263,397.36395,10.758423,16.546478,0.15641731,10,-1,-1
943.0042,298.45633,5.3028564,8.095856,0.15614009,1,-1,-1
451.0807,303.07666,5.829193,11.87561,0.15527022,1,-1,-1
702.92975,320.95712,6.406616,12.207642,0.1552521,1,-1,-1
165.97615,366.221,9.720825,14.872131,0.15505084,1,-1,-1
135.94748,338.74832,5.4236298,10.867615,0.15455955,1,-1,-1
116.908646,388.54794,8.824829,14.19104,0.15453577,1,-1,-1
1005.9106,764.645,29.477966,47.04297,0.15364215,1,-1,-1
738.43353,294.1991,5.142029,9.095947,0.1534836,1,-1,-1
161.36725,448.17267,11.465088,17.757782,0.15300184,3,-1,-1
1287.0735,401.7788,7.0942383,13.677673,0.15240967,1,-1,-1
163.94362,375.46613,6.8963013,14.454163,0.15116426,1,-1,-1
100.95949,365.57077,7.615494,15.039642,0.15064847,2,-1,-1
1006.46295,778.7432,19.257996,34.812195,0.14950049,3,-1,-1
461.17242,302.72382,5.482422,11.823822,0.14928666,1,-1,-1
278.5188,350.99796,6.9465637,11.947968,0.14903507,1,-1,-1
52.354916,345.16382,7.6731033,14.4236145,0.1485945,1,-1,-1
1229.8905,317.34207,5.4102783,9.85849,0.14711833,1,-1,-1
155.76784,376.06784,7.8956757,13.544983,0.14687648,1,-1,-1
139.02301,338.26605,9.659241,10.564423,0.14673555,1,-1,-1
641.3721,306.62744,4.770813,12.244019,0.14632508,1,-1,-1
77.46387,323.9363,5.427124,11.516602,0.14630857,1,-1,-1
114.4071,387.40802,7.9357147,14.529602,0.14613453,2,-1,-1
612.49493,295.55054,4.279358,9.605957,0.14607829,1,-1,-1
242.49086,329.20724,18.231613,8.795715,0.1458872,4,-1,-1
1237.834,332.23987,6.286865,10.680023,0.14565468,1,-1,-1
1188.9998,330.4463,7.842407,12.292206,0.1455966,1,-1,-1
1288.2366,393.42798,11.126221,17.613434,0.14547789,3,-1,-1
206.97495,381.03568,6.462097,11.182098,0.14524192,1,-1,-1
142.59627,341.6453,8.085098,10.776764,0.1451391,1,-1,-1
632.27014,294.09097,4.333313,9.656799,0.14474508,1,-1,-1
927.82874,292.03198,17.143555,7.228821,0.14473525,4,-1,-1
698.86096,728.96967,26.980774,49.50818,0.14340171,2,-1,-1
646.6666,298.96808,4.7630005,11.836365,0.14309672,1,-1,-1
597.7985,300.37592,5.137451,11.200531,0.14301354,1,-1,-1
97.53422,364.95123,9.327553,14.638794,0.14273062,1,-1,-1
632.70496,304.1878,5.2611084,12.235168,0.14268011,1,-1,-1
1078.4519,303.5199,5.3062744,9.501129,0.14213192,1,-1,-1
197.64864,363.90085,6.421051,12.894562,0.14149532,1,-1,-1
1094.0591,302.61145,5.20105,10.302063,0.14118055,1,-1,-1
597.9262,294.66528,4.5808105,9.586304,0.14052275,1,-1,-1
160.21756,446.47748,12.527435,19.231567,0.13991529,4,-1,-1
1301.4655,462.00012,43.600586,31.76416,0.13981754,4,-1,-1
265.7736,353.5422,7.8368835,12.224274,0.13966703,1,-1,-1
488.85287,302.98877,5.7270813,10.8414,0.13951221,1,-1,-1
203.17238,375.7247,9.805374,15.288727,0.13914376,4,-1,-1
948.0249,294.94193,4.515564,8.208923,0.13887396,1,-1,-1
1184.9521,341.4373,5.8100586,11.452423,0.1386191,1,-1,-1
1276.4368,311.64435,6.7060547,11.973572,0.13824564,1,-1,-1
1017.9053,751.8612,15.640991,30.845337,0.1380837,2,-1,-1
144.7946,375.51163,10.685516,14.388336,0.13799849,1,-1,-1
645.58813,289.5789,6.362976,11.370453,0.13757032,1,-1,-1
710.69214,288.70718,4.5481567,9.528198,0.1375488,1,-1,-1
233.55708,336.912,5.5940094,8.923706,0.13728997,1,-1,-1
1350.4478,359.2792,16.088501,13.468201,0.13707078,10,-1,-1
673.1044,318.85916,10.238953,10.274506,0.13673958,10,-1,-1
1300.9878,466.07925,57.388916,48.64511,0.1364851,4,-1,-1
585.9082,302.88342,8.710144,13.536346,0.13644141,1,-1,-1
740.67706,307.5966,6.5094604,10.6362915,0.13633698,1,-1,-1
626.0614,285.99197,5.4540405,8.31958,0.13626713,1,-1,-1
627.1946,288.43582,4.4503784,9.052795,0.13617903,1,-1,-1
650.2907,405.56195,6.8564453,14.76709,0.13612872,1,-1,-1
1352.3191,352.7614,12.910645,17.21695,0.1355969,10,-1,-1
190.08345,369.7463,7.127243,14.615112,0.13526738,1,-1,-1
1073.7064,307.35696,5.589966,10.732788,0.134938,1,-1,-1
302.32455,356.42923,5.9383545,11.340942,0.13462329,1,-1,-1
120.369965,338.36533,5.9484406,10.914246,0.13432875,1,-1,-1
213.53587,373.4463,6.795822,12.624817,0.13418147,2,-1,-1
545.9651,783.60205,24.703674,50.93048,0.1338802,2,-1,-1
1287.6111,396.28415,7.3554688,11.854462,0.133452,1,-1,-1
1179.9023,342.47345,6.8569336,11.117615,0.13334501,1,-1,-1
1063.7974,312.44037,6.0926514,10.177063,0.13318655,1,-1,-1
113.30882,366.49738,8.964058,14.007202,0.13236228,1,-1,-1
230.06915,352.96918,8.547256,11.204193,0.13233012,1,-1,-1
120.21636,370.75076,7.656296,12.737122,0.13218978,2,-1,-1
990.82153,859.74445,23.597168,53.033325,0.13203499,2,-1,-1
1222.537,458.64316,10.185425,17.165283,0.13119215,1,-1,-1
266.2237,349.08728,6.6495667,10.918488,0.13060033,1,-1,-1
1084.6547,323.53577,6.4383545,11.123322,0.13016117,1,-1,-1
1353.053,350.66217,10.203857,15.467255,0.13015082,1,-1,-1
616.301,440.64526,11.180725,16.475037,0.12973708,10,-1,-1
616.8179,442.65793,8.187561,12.579193,0.12937397,2,-1,-1
73.17691,324.1678,5.2137985,10.218597,0.12923265,1,-1,-1
1150.7281,409.61154,6.483032,15.152222,0.12922746,1,-1,-1
290.06454,337.76453,16.402985,8.59729,0.12901863,10,-1,-1
109.109375,321.88348,24.315231,11.221283,0.12867466,5,-1,-1
1287.0735,401.7788,7.0942383,13.677673,0.1286701,3,-1,-1
1210.7689,318.4878,5.4154053,8.804901,0.12860858,1,-1,-1
149.513,344.36523,7.2186737,10.718964,0.12860844,1,-1,-1
476.09497,302.86752,5.51355,10.924957,0.12860608,1,-1,-1
303.16907,352.78275,8.566772,11.105164,0.12810862,1,-1,-1
1290.2412,395.57315,8.697998,11.251923,0.1279288,1,-1,-1
1274.0237,312.09924,6.5374756,12.260468,0.12774706,1,-1,-1
1214.2504,314.2962,8.846924,11.741425,0.12755284,1,-1,-1
1350.7584,353.267,13.9123535,18.854645,0.12693223,1,-1,-1
947.69037,297.88782,4.8847046,8.62796,0.12651274,1,-1,-1
126.96398,373.47635,8.817116,14.784943,0.12650815,1,-1,-1
1158.6034,482.94177,13.554443,15.788818,0.12634805,2,-1,-1
113.56899,445.42548,12.515884,19.205627,0.12632927,3,-1,-1
1068.2122,319.4982,6.0844727,11.132751,0.12623748,1,-1,-1
1158.7504,482.9436,13.857788,15.580048,0.12584582,10,-1,-1
82.53707,323.45425,4.6230545,9.98465,0.12575519,1,-1,-1
1352.9761,352.12714,11.318481,17.614838,0.12519619,2,-1,-1
649.6501,299.61868,7.314087,12.257935,0.12518504,1,-1,-1
1059.3142,307.91077,5.7384033,9.812195,0.12496477,1,-1,-1
1200.6465,288.12625,15.121948,8.319672,0.12487945,4,-1,-1
1191.0938,324.3518,5.492798,11.533051,0.12482104,1,-1,-1
140.67155,338.98663,6.102005,10.883362,0.124803245,2,-1,-1
583.8851,289.36996,4.5879517,9.717072,0.12468636,1,-1,-1
1304.7876,462.68063,35.711304,20.225739,0.12458041,10,-1,-1
1097.3835,302.76614,5.496704,11.326691,0.12441069,1,-1,-1
266.89847,351.79535,5.377594,11.43634,0.12409252,2,-1,-1
1237.9198,318.81433,5.758911,10.045746,0.124072194,1,-1,-1
233.4191,334.0429,14.786942,9.86673,0.12401649,4,-1,-1
1223.2264,452.5881,12.6188965,20.076813,0.123860896,10,-1,-1
689.22406,303.13104,5.7769165,12.091766,0.12378153,1,-1,-1
292.9345,350.31833,7.4879456,12.054871,0.12363431,1,-1,-1
203.64352,373.29202,6.7369385,13.616394,0.12281561,2,-1,-1
147.6651,361.8655,8.475616,11.38028,0.122375906,1,-1,-1
198.04904,357.90143,5.7287292,12.358185,0.12213403,1,-1,-1
251.33514,355.52063,8.799408,10.8526,0.12206203,1,-1,-1
281.3595,350.54218,5.4583435,11.836975,0.1217936,2,-1,-1
941.91956,295.88913,7.8311768,7.429352,0.12152588,1,-1,-1
1097.4034,300.01437,5.0750732,10.082428,0.12122989,1,-1,-1
174.62007,360.49976,6.6484833,14.175293,0.1209915,1,-1,-1
1178.2053,323.38342,8.243774,14.683868,0.12094551,1,-1,-1
1038.3069,298.9681,9.676636,7.4887695,0.12083024,4,-1,-1
1094.52,300.1477,5.7976074,10.017548,0.12082192,1,-1,-1
1151.8481,299.85913,23.09143,9.091431,0.12078291,5,-1,-1
155.42302,358.91135,5.5498505,12.481659,0.12069729,1,-1,-1
1225.6273,452.1587,10.018921,13.268219,0.12056804,2,-1,-1
110.292206,407.6283,6.5673676,13.132629,0.12048811,1,-1,-1
232.53761,355.03424,10.063278,13.4539795,0.12032598,1,-1,-1
1350.4478,359.2792,16.088501,13.468201,0.119977266,3,-1,-1
632.2471,290.0526,4.2599487,9.462494,0.119871676,1,-1,-1
1172.0781,291.52853,14.981079,8.311737,0.11982989,4,-1,-1
144.16357,370.47003,7.2549286,14.560303,0.118968695,1,-1,-1
104.804276,362.88297,9.06765,12.862946,0.118760586,1,-1,-1
1312.6349,390.0621,14.901978,13.183563,0.11838761,10,-1,-1
263.20648,351.4686,7.4197693,11.68512,0.1179049,1,-1,-1
1286.899,400.3365,7.802246,12.068176,0.11786041,2,-1,-1
1181.3646,302.01987,18.928345,12.313538,0.11775553,6,-1,-1
109.87695,322.33926,23.298569,11.054138,0.11747244,6,-1,-1
1302.3563,350.51593,7.477661,13.7854,0.11697325,1,-1,-1
105.46767,365.52725,8.454262,13.627533,0.1167818,2,-1,-1
1288.9137,394.55673,10.211548,14.657654,0.116663575,2,-1,-1
1103.0593,308.94464,5.4852295,10.952881,0.1165283,1,-1,-1
130.73209,342.68036,7.005188,9.571777,0.11541584,1,-1,-1
412.5317,307.8611,5.6338196,12.62738,0.1153917,1,-1,-1
586.7069,285.37985,8.096985,8.541901,0.11512673,4,-1,-1
619.6957,447.67477,7.680359,12.627075,0.11483821,3,-1,-1
646.6867,600.5724,12.453613,21.785645,0.114690214,1,-1,-1
172.04254,378.97238,7.0855255,13.862701,0.11460614,1,-1,-1
967.2654,296.31085,4.911255,7.845154,0.114539206,1,-1,-1
99.82765,362.82098,10.241272,13.356628,0.11370292,1,-1,-1
1246.1129,324.6018,8.503296,12.794922,0.11363125,1,-1,-1
190.60233,375.95215,6.0270233,11.707153,0.11362383,1,-1,-1
640.383,289.5629,7.17334,15.036743,0.11323327,1,-1,-1
419.7829,348.2822,10.398102,17.475403,0.11322999,1,-1,-1
1233.3712,317.33353,8.843872,12.079895,0.113229156,1,-1,-1
247.33813,329.8574,8.288345,7.444641,0.11312455,1,-1,-1
1146.8601,409.55637,9.617065,20.86438,0.11304709,3,-1,-1
1069.4569,304.76013,5.6291504,9.663696,0.112849,2,-1,-1
221.4272,356.9821,10.865173,12.54895,0.11284399,1,-1,-1
1098.5968,308.0448,5.2128906,10.200348,0.11284372,1,-1,-1
1.7679695,332.78003,21.50437,9.007141,0.11281705,4,-1,-1
150.37923,347.56897,7.2341766,9.517944,0.11249825,2,-1,-1
1156.0106,296.16376,19.13794,9.377655,0.11239606,4,-1,-1
180.837,366.15527,8.527908,13.867584,0.11206889,1,-1,-1
456.51566,302.31775,5.6454163,12.532776,0.11201051,1,-1,-1
1263.4934,273.6746,24.815918,10.407135,0.111935765,4,-1,-1
154.86942,344.5585,5.782257,10.592773,0.11192718,1,-1,-1
700.08813,299.40393,5.80896,9.92392,0.11190465,1,-1,-1
1158.7504,482.9436,13.857788,15.580048,0.1115402,3,-1,-1
201.77463,372.05722,7.996933,10.92984,0.11096668,1,-1,-1
231.7859,333.535,20.932205,11.592499,0.110881925,5,-1,-1
1304.5747,349.49695,7.916992,14.744324,0.110851675,1,-1,-1
430.7047,314.3239,8.420227,14.893555,0.11071804,1,-1,-1
101.69363,321.37216,22.289284,10.229065,0.11070779,4,-1,-1
685.8868,294.51556,5.46875,9.442596,0.11062607,1,-1,-1
204.13522,354.1531,5.7907104,10.876373,0.11035171,1,-1,-1
162.67604,361.70908,8.520798,15.043945,0.11025795,1,-1,-1
1195.3909,312.44122,4.941284,10.428772,0.11006069,1,-1,-1
160.323,446.5528,12.351776,19.14096,0.10995728,2,-1,-1
304.76776,358.5062,7.2322083,11.983459,0.10992485,1,-1,-1
617.08453,445.6524,12.42804,15.69165,0.109550446,4,-1,-1
618.9161,437.03815,11.721924,15.844269,0.10936615,2,-1,-1
698.86096,728.96967,26.980774,49.50818,0.1093587,3,-1,-1
672.0467,318.57916,11.982117,10.918518,0.10917151,1,-1,-1
204.63379,379.5634,7.20018,12.491425,0.10884464,2,-1,-1
646.6173,601.9166,13.404236,20.789001,0.108575374,3,-1,-1
104.62962,369.7922,11.080521,12.026215,0.108554155,1,-1,-1
219.81102,296.31815,13.809647,6.5128174,0.10848573,4,-1,-1
113.98263,445.0679,12.24147,18.781189,0.10848451,4,-1,-1
238.03964,380.3606,7.516159,14.748718,0.10847947,2,-1,-1
694.629,317.48633,6.366333,12.198578,0.10846853,1,-1,-1
169.67441,378.7938,6.9996796,13.965668,0.10835874,2,-1,-1
1005.10956,771.63104,25.096008,40.104065,0.10798362,7,-1,-1
525.32684,300.1262,4.615906,9.919098,0.107937425,1,-1,-1
134.2596,337.3944,10.240997,12.498199,0.10793269,1,-1,-1
1256.6257,465.73575,8.39917,15.221497,0.10766438,1,-1,-1
1245.097,328.28534,9.146606,15.641083,0.1076639,1,-1,-1
103.50654,338.59393,21.515114,10.997101,0.10760501,4,-1,-1
1238.5942,336.32043,6.517578,13.33725,0.107572496,1,-1,-1
615.42944,448.50592,10.766113,10.828827,0.10734147,3,-1,-1
1189.6428,309.82764,20.626587,10.51474,0.107188076,4,-1,-1
1139.8408,299.9226,21.369385,8.519379,0.107162565,4,-1,-1
303.97018,355.26755,6.3911133,13.281769,0.10714537,2,-1,-1
153.54369,347.4701,6.691284,9.651764,0.107132286,10,-1,-1
1248.3633,320.39407,5.9522705,10.887848,0.10711607,1,-1,-1
1288.2366,393.42798,11.126221,17.613434,0.10660729,10,-1,-1
204.42796,379.88397,6.9757996,11.980438,0.10655314,10,-1,-1
106.28728,366.50983,11.26796,13.801697,0.10613865,3,-1,-1
590.5172,304.946,8.156982,13.829224,0.10612652,1,-1,-1
1217.2976,460.0431,19.810547,19.906555,0.10602915,3,-1,-1
1222.0057,463.81955,10.273193,14.960663,0.10599005,3,-1,-1
1147.8455,306.97833,23.34961,10.65152,0.1059283,5,-1,-1
1223.7798,452.84778,8.256348,11.774109,0.10576376,2,-1,-1
204.42796,379.88397,6.9757996,11.980438,0.105609745,3,-1,-1
301.49142,352.3318,7.2486267,12.801636,0.10547024,1,-1,-1
183.42326,360.26428,6.7108765,13.829834,0.10544321,1,-1,-1
280.43124,353.60242,7.7721863,12.007263,0.10521546,1,-1,-1
586.23364,346.79773,9.4991455,15.933411,0.10466844,1,-1,-1
155.49138,365.30798,11.634567,14.870911,0.10462776,1,-1,-1
153.08751,347.3874,7.0777283,9.805359,0.104286075,2,-1,-1
245.6318,336.73233,10.062759,10.676514,0.10418564,1,-1,-1
1157.9165,410.07303,9.317139,20.085938,0.10416618,4,-1,-1
1351.7308,351.65613,12.769775,12.914337,0.10414508,3,-1,-1
237.73457,336.49442,5.4852753,9.101898,0.103851974,1,-1,-1
1302.2413,340.45795,7.5075684,14.120117,0.103562,1,-1,-1
223.45428,386.12747,9.061859,14.476227,0.10352743,4,-1,-1
332.39395,707.43756,28.698212,42.755615,0.10337472,4,-1,-1
113.23642,388.5843,10.254555,12.940887,0.10306767,3,-1,-1
714.0043,288.82626,4.4769897,9.780823,0.10302186,1,-1,-1
689.6475,307.97244,5.1414795,11.7864685,0.1028316,1,-1,-1
233.03441,334.18948,7.029541,9.12915,0.102763474,1,-1,-1
