551.5951,497.0606,38.039124,72.97754,0.9194187,4,-1,-1
565.2291,415.31216,36.72339,66.382324,0.8979115,4,-1,-1
594.6627,498.94296,35.06903,70.393524,0.8949505,4,-1,-1
583.6848,569.79297,37.48053,77.660706,0.8812379,4,-1,-1
576.07495,0.0,24.075867,32.401833,0.81902736,4,-1,-1
431.0286,623.8559,43.602722,70.990906,0.81446826,4,-1,-1
517.8833,420.84366,37.210205,64.44635,0.8051505,4,-1,-1
563.6185,642.0859,49.15796,95.17786,0.7943174,4,-1,-1
624.99097,8.952496,25.197632,33.480854,0.78984904,4,-1,-1
603.8195,418.3961,35.54315,64.77426,0.78439116,4,-1,-1
531.0975,611.381,46.25934,86.38275,0.7710416,4,-1,-1
522.93414,217.18361,33.97345,51.498947,0.7406851,4,-1,-1
523.36475,287.17773,55.644714,112.885376,0.7167022,6,-1,-1
450.89627,340.28342,43.766113,82.83597,0.6899425,5,-1,-1
611.6379,360.96878,28.87445,53.74173,0.68102336,4,-1,-1
577.8785,325.85468,33.39917,64.441284,0.6454963,4,-1,-1
510.34927,739.64386,46.814606,47.900085,0.6195742,4,-1,-1
470.38412,434.5765,36.744904,64.56946,0.60095483,5,-1,-1
470.28122,527.92664,47.671844,86.26544,0.57793045,5,-1,-1
518.77594,55.23735,8.299438,17.401009,0.56054103,1,-1,-1
486.85748,366.3167,38.35193,68.295135,0.5038796,5,-1,-1
489.3534,367.9237,38.339294,65.33029,0.48278928,4,-1,-1
468.49353,302.0751,10.186493,16.890991,0.44204625,1,-1,-1
619.8057,315.9205,21.019836,34.579956,0.42436877,4,-1,-1
563.0012,754.7615,37.73407,32.78247,0.42162368,4,-1,-1
1334.5928,431.71494,53.15149,65.72421,0.37138796,7,-1,-1
472.85065,528.7086,46.56543,85.138855,0.36353546,4,-1,-1
471.2453,434.77078,35.120605,64.01413,0.35123372,4,-1,-1
513.88965,201.573,13.413391,30.543442,0.34267014,10,-1,-1
1231.5962,105.631836,14.901001,13.811775,0.3402937,2,-1,-1
502.48502,59.89199,8.931,14.545326,0.32245857,1,-1,-1
620.41736,318.91757,20.126465,31.059021,0.31947345,5,-1,-1
316.72964,686.9905,100.7337,100.55347,0.30861518,6,-1,-1
1231.3854,105.164116,15.66687,14.659279,0.28330287,1,-1,-1
1361.3666,414.49252,38.154175,41.338562,0.27019846,2,-1,-1
577.0273,324.7316,34.151367,66.47589,0.26649925,6,-1,-1
529.2273,0.0,9.302673,10.760387,0.2585951,2,-1,-1
523.36475,287.17773,55.644714,112.885376,0.2419272,9,-1,-1
510.9352,738.5503,45.79123,48.993652,0.23744139,5,-1,-1
451.99265,338.33316,44.66516,84.69946,0.23561472,4,-1,-1
562.85834,754.91614,37.878174,32.627808,0.23536333,5,-1,-1
320.69653,415.3156,16.863007,22.68454,0.229352,1,-1,-1
616.70874,361.46365,19.23999,30.316193,0.22923085,4,-1,-1
576.861,322.3372,33.0166,71.24881,0.22786814,5,-1,-1
603.7784,417.5256,35.246765,66.7843,0.2251597,5,-1,-1
1341.5071,105.37814,15.805054,25.529984,0.22492668,1,-1,-1
603.737,190.6216,26.585876,39.996582,0.22033331,4,-1,-1
1348.4718,415.53043,51.04895,68.0831,0.21945837,7,-1,-1
530.0856,0.0,10.097107,9.781204,0.21505564,1,-1,-1
1334.8326,432.03986,52.5979,63.912537,0.21145144,8,-1,-1
518.1205,55.00937,9.656128,17.256905,0.21131,2,-1,-1
576.861,322.3372,33.0166,71.24881,0.20151332,9,-1,-1
529.03204,40.25992,8.602295,14.303352,0.19747245,1,-1,-1
512.2183,155.72925,8.565063,19.46231,0.1899431,1,-1,-1
1361.2969,414.95523,37.7937,38.628143,0.18119663,1,-1,-1
358.51096,512.6163,8.181732,16.38617,0.18068016,1,-1,-1
652.1723,0.0,26.614624,26.60828,0.18047401,4,-1,-1
582.799,568.57446,38.694275,79.535095,0.17740026,5,-1,-1
404.7214,431.8404,36.502045,40.71646,0.173284,4,-1,-1
1377.9807,487.03717,21.54004,37.045715,0.1727367,10,-1,-1
195.59047,757.6363,22.604843,19.805542,0.17049879,1,-1,-1
1341.5071,105.37814,15.805054,25.529984,0.16981399,10,-1,-1
611.2274,361.76172,31.737183,53.31775,0.16952723,5,-1,-1
451.96152,339.271,44.517822,83.63925,0.16896552,9,-1,-1
1345.0203,105.20159,12.921265,15.572838,0.16125447,1,-1,-1
564.6265,169.16017,26.515686,49.727768,0.15885097,4,-1,-1
546.9699,48.36906,10.347717,15.19363,0.15737599,1,-1,-1
596.0704,176.48236,30.825256,47.462936,0.15477723,4,-1,-1
525.7439,39.68593,9.640076,15.93161,0.1544886,1,-1,-1
519.57153,53.34909,12.979492,19.414566,0.1535474,1,-1,-1
513.1871,0.0,38.464478,45.459362,0.15230206,6,-1,-1
613.7287,13.846963,7.7435303,16.063347,0.15210623,1,-1,-1
1335.6968,438.30615,51.36841,60.574005,0.14918074,10,-1,-1
522.9312,217.54689,33.7984,51.28331,0.14760086,5,-1,-1
515.00226,193.91841,14.785095,28.15509,0.14555949,10,-1,-1
167.0189,28.62475,29.000381,23.334574,0.14478981,5,-1,-1
620.41736,318.91757,20.126465,31.059021,0.14296398,6,-1,-1
563.6703,643.0861,48.69287,94.809326,0.1414881,5,-1,-1
165.7688,29.045633,33.509705,40.56047,0.13959503,5,-1,-1
1340.6152,105.53843,15.925293,25.64878,0.13833034,3,-1,-1
531.54083,0.0,11.520386,11.435868,0.13668871,2,-1,-1
1345.5348,444.26263,53.985962,66.30228,0.13637912,7,-1,-1
527.8047,0.0,9.07196,11.166778,0.13452914,1,-1,-1
459.1334,368.49722,45.120758,84.841736,0.13415489,5,-1,-1
1377.4324,487.70132,22.088379,35.789093,0.13321483,3,-1,-1
576.028,0.0,23.875061,32.078415,0.13244659,5,-1,-1
1356.5078,413.0145,43.01294,65.42233,0.13209143,8,-1,-1
517.54736,50.195267,9.347351,17.265732,0.13124639,1,-1,-1
502.32977,62.13169,6.334198,9.910706,0.13121316,1,-1,-1
197.46046,757.61084,20.35286,20.037842,0.12886822,2,-1,-1
493.63913,91.94577,10.332947,12.2602005,0.1269013,1,-1,-1
510.58228,152.69954,13.194031,25.27565,0.1267066,1,-1,-1
165.88426,29.17865,33.289444,38.252083,0.12582013,4,-1,-1
538.92017,150.49678,21.467285,30.829544,0.12573078,10,-1,-1
320.69653,415.3156,16.863007,22.68454,0.12554973,10,-1,-1
516.9436,421.16443,37.862305,64.02249,0.12383187,5,-1,-1
582.2453,568.46027,38.773315,80.29382,0.12344584,10,-1,-1
513.9055,54.983093,14.378418,21.070206,0.12326297,1,-1,-1
469.57654,527.3829,50.48871,90.119446,0.12052193,6,-1,-1
524.63055,143.36505,36.572266,35.992508,0.12051433,4,-1,-1
505.44534,61.39515,6.0763855,10.912338,0.12045777,1,-1,-1
529.0323,41.350002,8.365723,13.661507,0.119877785,2,-1,-1
437.37848,316.9817,10.765564,9.8715515,0.11924714,1,-1,-1
1341.8928,111.890594,10.532593,18.282349,0.118611306,1,-1,-1
523.36475,287.17773,55.644714,112.885376,0.11744204,4,-1,-1
898.2301,92.88631,31.4823,69.30269,0.11668122,9,-1,-1
1064.284,65.036705,18.332397,30.406982,0.11635634,1,-1,-1
1340.209,134.97862,12.494629,25.431778,0.116155624,1,-1,-1
510.87244,153.8774,10.56604,22.093338,0.114979446,3,-1,-1
1233.1895,109.42561,10.783447,9.185883,0.11431262,1,-1,-1
207.39723,610.78723,44.34842,65.27515,0.1138351,9,-1,-1
188.16934,0.0,24.001099,21.441666,0.111854315,10,-1,-1
515.55786,209.73518,8.437744,20.95996,0.11160213,10,-1,-1
596.42505,200.05835,30.43335,45.78859,0.11149946,4,-1,-1
470.15692,303.12436,12.969513,19.975372,0.111302465,1,-1,-1
320.80307,415.73825,15.711121,21.617828,0.11116326,4,-1,-1
520.3834,55.666893,5.6710815,11.395912,0.11091131,1,-1,-1
1341.5071,105.37814,15.805054,25.529984,0.11075121,2,-1,-1
552.1546,166.8874,34.008484,45.85219,0.1102241,4,-1,-1
613.55115,13.20978,8.037415,15.885038,0.11009836,10,-1,-1
499.76733,58.90752,14.420471,18.082073,0.10966441,1,-1,-1
562.85834,754.91614,37.878174,32.627808,0.10963029,6,-1,-1
1363.3794,413.2067,36.141357,57.10211,0.10853931,10,-1,-1
523.36475,287.17773,55.644714,112.885376,0.10772091,5,-1,-1
572.69934,172.41714,31.155518,47.166107,0.10763782,4,-1,-1
1344.7562,148.46619,7.528076,15.15509,0.10728374,1,-1,-1
1244.4766,114.6562,10.913452,12.244339,0.10691449,1,-1,-1
898.0228,94.379776,31.244202,68.2211,0.106553435,5,-1,-1
659.1842,3.2201855,15.488525,27.046375,0.105066836,4,-1,-1
1117.5157,0.0,72.788574,90.19873,0.10450274,9,-1,-1
433.68295,624.61896,40.239227,69.55432,0.1034092,5,-1,-1
520.3834,55.666893,5.6710815,11.395912,0.103067815,2,-1,-1
1335.6968,438.30615,51.36841,60.574005,0.10272473,3,-1,-1
437.76617,429.32892,18.721497,31.763733,0.10193372,10,-1,-1
529.06055,41.19847,8.501892,14.013237,0.101661116,10,-1,-1
1391.0647,47.063877,6.0618896,11.054371,0.10098338,1,-1,-1
1337.2091,467.63535,52.016235,34.259705,0.100957274,3,-1,-1
613.1597,381.3731,23.543396,32.01364,0.10085642,4,-1,-1
489.4731,367.39023,38.45987,67.58258,0.10060853,6,-1,-1
536.7717,0.0,8.500916,9.410647,0.100316554,1,-1,-1
1016.1809,56.94269,20.388062,29.122799,0.09991264,4,-1,-1
1161.0933,364.9952,81.63965,124.73642,0.097812,5,-1,-1
510.4508,153.13028,13.002319,24.907455,0.097501636,10,-1,-1
524.55835,40.40132,13.300964,24.296814,0.09742269,1,-1,-1
1377.8611,468.06964,21.659668,44.884766,0.09723243,10,-1,-1
1232.1389,105.116714,16.126831,14.68969,0.096013576,10,-1,-1
575.8408,349.93503,32.116394,48.811676,0.095377386,4,-1,-1
1226.633,99.759514,22.261719,21.985039,0.09532139,1,-1,-1
1361.2769,415.03186,38.243896,45.863403,0.09532121,7,-1,-1
530.16406,359.73053,40.037903,44.21158,0.09498143,4,-1,-1
637.04816,241.51195,13.603699,29.495193,0.09487331,1,-1,-1
611.93616,360.84042,29.9281,55.12796,0.094314456,6,-1,-1
582.5701,163.58179,41.623474,59.04666,0.09308198,4,-1,-1
533.04065,0.0,9.421875,12.532886,0.093045354,1,-1,-1
504.62192,53.859917,7.5587463,17.29538,0.09294069,1,-1,-1
575.88025,0.0,24.116333,31.770098,0.092740476,1,-1,-1
490.4702,91.15584,10.014191,12.020752,0.092609346,1,-1,-1
167.62991,28.697454,27.744629,21.774057,0.09240186,4,-1,-1
642.1468,0.0,23.154114,12.970332,0.091881454,4,-1,-1
1372.2488,484.6891,27.271973,42.555664,0.09158754,7,-1,-1
620.1645,315.63364,21.45221,35.022186,0.09145445,10,-1,-1
519.75616,152.08548,18.42157,22.548126,0.09133959,3,-1,-1
620.7943,318.36002,19.431702,31.70636,0.09097147,8,-1,-1
188.16934,0.0,24.001099,21.441666,0.09083706,4,-1,-1
898.7529,94.30598,29.898987,69.172386,0.09060535,4,-1,-1
1337.3466,431.91986,47.56848,61.733124,0.09054017,2,-1,-1
594.6627,498.94296,35.06903,70.393524,0.090384096,5,-1,-1
547.04877,25.920696,8.547974,16.393059,0.08988178,1,-1,-1
562.85834,754.91614,37.878174,32.627808,0.0890336,10,-1,-1
453.839,341.53955,39.949677,80.81061,0.0888924,6,-1,-1
1337.2091,467.63535,52.016235,34.259705,0.08873993,10,-1,-1
1364.5626,457.9317,34.95813,49.2977,0.0883418,7,-1,-1
525.13666,33.432014,8.762329,15.245789,0.08738431,1,-1,-1
1356.6405,131.08696,6.203247,10.681198,0.08687657,1,-1,-1
203.57661,609.75183,48.17961,71.05713,0.08679208,5,-1,-1
516.7779,0.0,33.99829,45.849262,0.086547375,9,-1,-1
626.1775,8.707755,23.277771,32.32376,0.08623502,5,-1,-1
1117.5157,0.0,72.788574,90.19873,0.08609438,6,-1,-1
581.2424,359.6699,24.888794,31.126099,0.08601609,4,-1,-1
441.04404,434.41446,12.861267,25.961456,0.08595121,1,-1,-1
566.68713,72.23848,12.296326,18.708748,0.085680574,10,-1,-1
1161.0933,364.9952,81.63965,124.73642,0.08541986,9,-1,-1
376.84192,609.06335,11.969482,21.268982,0.084486485,1,-1,-1
502.2736,59.941917,9.36145,14.690605,0.08440247,2,-1,-1
563.0012,754.7615,37.73407,32.78247,0.084037066,9,-1,-1
500.1242,90.32997,8.794098,12.917847,0.08391172,1,-1,-1
526.8277,0.0,8.746704,9.439792,0.08357373,2,-1,-1
516.7779,0.0,33.99829,45.849262,0.08339116,4,-1,-1
512.3593,196.86504,14.484619,35.20668,0.08332592,1,-1,-1
411.29996,454.90805,27.181946,19.649628,0.08329269,10,-1,-1
583.70764,570.8062,37.20752,76.0824,0.08299482,6,-1,-1
404.7214,431.8404,36.502045,40.71646,0.08276269,5,-1,-1
517.112,54.930954,7.412964,13.637535,0.08253825,1,-1,-1
1232.378,101.30758,21.384644,20.34948,0.08209559,2,-1,-1
170.33531,31.41041,45.781326,42.85447,0.08201036,4,-1,-1
537.09045,0.0,8.0581665,9.816835,0.081900924,2,-1,-1
565.8232,174.06616,23.822632,42.049744,0.08129531,10,-1,-1
578.38855,0.0,18.169373,21.295874,0.08117381,4,-1,-1
1003.4234,0.0,72.32025,91.49306,0.08107749,6,-1,-1
513.49225,740.03937,40.351196,47.504578,0.080943555,9,-1,-1
510.95013,195.25676,16.801697,37.60881,0.08053213,4,-1,-1
527.69604,0.0,15.599426,10.021237,0.08045456,10,-1,-1
524.96655,44.638977,9.176941,17.116703,0.08008507,1,-1,-1
540.2096,153.42151,21.260376,25.560776,0.07963079,4,-1,-1
552.27423,71.091064,9.63446,15.360878,0.07947305,1,-1,-1
1346.5135,150.59024,7.9818115,14.511444,0.079366535,1,-1,-1
523.5683,32.029922,7.107788,13.269833,0.07925847,1,-1,-1
1231.6504,104.633385,17.305542,15.983788,0.07913527,3,-1,-1
603.8993,193.38602,25.463928,35.862457,0.07891294,10,-1,-1
1337.2091,467.63535,52.016235,34.259705,0.07865873,7,-1,-1
176.828,780.0937,21.804428,7.4502563,0.07859823,1,-1,-1
659.6465,4.1084347,14.617798,24.536098,0.07847622,10,-1,-1
518.1205,55.00937,9.656128,17.256905,0.07844043,10,-1,-1
187.74306,753.70264,35.027786,25.94165,0.0782848,2,-1,-1
461.7886,339.17487,53.996063,97.59207,0.078106344,6,-1,-1
603.2375,187.9951,28.138489,43.950577,0.07802856,5,-1,-1
621.5248,296.5339,21.82434,47.661102,0.07783082,4,-1,-1
547.3462,48.46318,10.13269,15.592842,0.07770583,2,-1,-1
1383.2357,457.68512,16.285034,38.145386,0.077632636,2,-1,-1
1377.4324,487.70132,22.088379,35.789093,0.07759714,1,-1,-1
1379.6416,455.0074,19.87915,42.842743,0.077555895,10,-1,-1
324.21817,416.78064,10.649628,16.95929,0.077543676,1,-1,-1
467.37616,300.81183,13.851044,20.983582,0.077341884,10,-1,-1
1341.1078,118.209114,9.193237,15.110374,0.07708955,1,-1,-1
523.9507,55.077347,9.15918,14.776413,0.076984376,1,-1,-1
534.4334,0.0,14.790649,11.827216,0.07685247,1,-1,-1
508.80118,192.07404,16.322357,35.575058,0.07680547,10,-1,-1
552.27423,71.091064,9.63446,15.360878,0.07667863,3,-1,-1
1378.0939,488.00708,21.42688,35.55713,0.07662326,2,-1,-1
1341.5859,112.55907,10.8967285,17.152374,0.076608986,3,-1,-1
170.33531,31.41041,45.781326,42.85447,0.07656127,5,-1,-1
563.6703,643.0861,48.69287,94.809326,0.07634318,9,-1,-1
936.0962,778.3239,6.477234,9.220032,0.076272815,1,-1,-1
953.5737,432.18015,8.247559,16.690887,0.0758948,1,-1,-1
559.7093,24.478218,8.658386,14.789452,0.07570702,1,-1,-1
1013.5443,0.0,127.50757,93.93115,0.07518858,6,-1,-1
1381.5323,467.1929,17.988403,44.432312,0.075176954,2,-1,-1
527.4681,36.888447,12.177429,20.38292,0.07507655,1,-1,-1
512.0537,738.24475,43.31671,49.299194,0.07501209,10,-1,-1
1365.1854,482.11676,34.335327,48.012085,0.07495856,10,-1,-1
585.07056,192.65874,38.2854,45.941727,0.074828684,4,-1,-1
1381.0184,19.20394,14.742798,25.934652,0.07479259,1,-1,-1
490.24945,101.679634,8.563873,13.118217,0.074702114,1,-1,-1
652.1723,0.0,26.614624,26.60828,0.074659914,5,-1,-1
229.34422,198.31364,32.9088,17.757217,0.07462683,4,-1,-1
1389.6975,81.06931,9.823242,17.769562,0.074431956,4,-1,-1
620.41736,318.91757,20.126465,31.059021,0.074409395,9,-1,-1
526.5661,38.85285,11.066956,17.39196,0.07429001,3,-1,-1
1358.4124,475.8764,38.744263,31.185944,0.07428026,3,-1,-1
611.6379,360.96878,28.87445,53.74173,0.074174285,10,-1,-1
520.8326,58.17205,4.8847656,14.360931,0.07408205,1,-1,-1
1344.487,104.46402,13.769531,19.252472,0.0739502,3,-1,-1
489.47345,367.26324,38.40619,66.93173,0.073866576,9,-1,-1
638.7951,242.51851,9.134827,13.507858,0.07363731,1,-1,-1
520.81323,53.982315,11.780701,17.979202,0.073213845,2,-1,-1
610.30084,12.051136,13.115051,23.061638,0.07301363,1,-1,-1
520.35815,51.437405,6.251526,12.320198,0.07287547,1,-1,-1
620.5837,318.60278,19.777649,31.432526,0.072859526,7,-1,-1
496.49347,60.834118,11.658386,14.972462,0.072831035,1,-1,-1
441.9776,318.20053,7.1909485,8.476654,0.07261726,1,-1,-1
200.72833,34.64324,25.10115,38.761314,0.07252589,4,-1,-1
382.70444,597.3245,16.19638,24.682983,0.07241422,10,-1,-1
517.5014,198.50569,9.706482,18.487686,0.07219413,10,-1,-1
535.32104,154.60713,28.533752,48.40175,0.071976274,4,-1,-1
1127.0999,429.55585,17.933594,34.29547,0.07169232,6,-1,-1
1388.9537,48.6759,6.197876,12.182079,0.071534246,1,-1,-1
1354.3749,476.0046,43.277832,28.528656,0.07126582,10,-1,-1
1096.8491,0.0,62.709595,90.85463,0.07120475,9,-1,-1
468.73776,302.22342,9.649567,16.387115,0.07081029,2,-1,-1
512.8291,739.41187,41.02704,48.13208,0.07072985,6,-1,-1
596.0542,174.93884,30.792908,49.991714,0.07066542,5,-1,-1
435.26736,316.43973,13.022095,11.283752,0.07056078,10,-1,-1
321.98743,415.3273,14.948181,22.36502,0.07019648,7,-1,-1
512.237,197.05151,14.736938,34.578293,0.069889575,7,-1,-1
948.03015,430.80887,10.988464,22.896973,0.069838226,1,-1,-1
613.4933,13.423304,8.216492,15.537237,0.069793016,3,-1,-1
1352.0148,445.82346,47.50598,65.851685,0.06972793,8,-1,-1
1377.8611,468.06964,21.659668,44.884766,0.06953931,3,-1,-1
524.04004,49.718018,14.100281,24.038254,0.06948975,1,-1,-1
525.7439,39.68593,9.640076,15.93161,0.06939748,2,-1,-1
867.4643,47.82884,5.7408447,12.5372925,0.06933454,1,-1,-1
468.60153,190.86424,7.1555176,16.491547,0.06926125,1,-1,-1
931.38367,463.146,9.040894,14.203339,0.06906968,1,-1,-1
186.86421,0.0,25.975174,24.884413,0.06896946,5,-1,-1
599.4925,185.03325,41.3172,58.32782,0.06892389,4,-1,-1
1349.0508,447.84143,50.46997,60.645966,0.06884098,10,-1,-1
305.28232,0.0,20.107544,18.091227,0.06876415,4,-1,-1
1341.6766,143.79329,11.640503,21.32225,0.068739384,1,-1,-1
583.70764,570.8062,37.20752,76.0824,0.06859949,9,-1,-1
501.9459,54.480587,7.561035,17.737804,0.068280876,1,-1,-1
907.10754,506.11267,4.9819336,7.3459473,0.06811601,1,-1,-1
322.65472,414.95682,9.937897,13.9758,0.06808847,1,-1,-1
605.936,202.4207,19.740234,23.030914,0.067877024,4,-1,-1
1016.1809,56.94269,20.388062,29.122799,0.06747785,5,-1,-1
1233.1895,109.42561,10.783447,9.185883,0.067407966,2,-1,-1
1361.0499,427.14514,32.062744,56.76831,0.06721169,2,-1,-1
1345.0583,108.022606,8.262573,14.175751,0.06693262,1,-1,-1
523.3522,88.038864,10.805725,16.742622,0.066898435,1,-1,-1
474.3399,529.8423,39.08722,83.88611,0.06679118,9,-1,-1
519.7433,46.79432,7.7421875,14.853958,0.06675026,1,-1,-1
525.6978,37.896088,12.571716,19.021923,0.06674194,10,-1,-1
558.6083,17.120646,11.300476,21.186209,0.0667052,1,-1,-1
379.0419,401.8457,15.183014,25.57312,0.0664694,1,-1,-1
657.7894,0.0,17.906311,17.010653,0.06597543,4,-1,-1
545.8283,161.86859,31.94751,43.23877,0.065770745,4,-1,-1
565.0338,170.65842,25.8042,47.286743,0.065758765,5,-1,-1
321.59393,415.30798,15.201691,22.248444,0.06572193,8,-1,-1
1381.1824,474.529,18.338379,26.327332,0.06557238,10,-1,-1
322.5726,415.7352,14.420166,21.092285,0.06547248,2,-1,-1
497.11133,91.38431,9.569031,11.059219,0.06535432,1,-1,-1
407.50946,455.85867,29.569336,18.304932,0.06524286,4,-1,-1
1379.838,466.99707,19.68274,48.267822,0.06523314,7,-1,-1
1021.7506,0.0,110.811646,91.529274,0.06507775,9,-1,-1
512.25977,107.6779,10.116211,13.501541,0.064934224,10,-1,-1
1334.7274,433.9218,49.14148,62.794342,0.06487939,6,-1,-1
551.62665,163.6595,9.070557,13.267197,0.06481084,2,-1,-1
527.9871,44.03173,7.090393,9.8217125,0.064778864,1,-1,-1
1362.3011,415.79837,26.967896,26.840302,0.06475279,1,-1,-1
1250.426,50.895844,47.131958,40.916595,0.06472692,4,-1,-1
320.80307,415.73825,15.711121,21.617828,0.06469774,5,-1,-1
1345.2002,105.526535,12.553589,14.600937,0.06466597,2,-1,-1
611.93616,360.84042,29.9281,55.12796,0.06462571,9,-1,-1
1341.2233,424.92233,44.334106,49.530396,0.06460503,7,-1,-1
523.04126,49.41646,7.798401,15.713722,0.06451172,1,-1,-1
603.9732,417.79688,35.250793,66.454254,0.06445292,10,-1,-1
1362.3011,415.79837,26.967896,26.840302,0.06404817,2,-1,-1
516.7779,0.0,33.99829,45.849262,0.06403813,5,-1,-1
1347.0762,106.38017,9.279663,10.575897,0.063997835,1,-1,-1
433.68295,624.61896,40.239227,69.55432,0.06395128,1,-1,-1
380.58566,594.48645,15.586761,28.876587,0.063839555,1,-1,-1
1351.4579,415.55423,48.062866,64.513794,0.063551545,3,-1,-1
461.0569,309.5819,40.7106,73.589386,0.06350672,5,-1,-1
898.2301,92.88631,31.4823,69.30269,0.063441455,6,-1,-1
676.80316,417.29926,11.115173,21.628723,0.0632844,1,-1,-1
1096.8491,0.0,62.709595,90.85463,0.06326309,6,-1,-1
491.52042,89.80611,14.384674,17.635101,0.06325579,1,-1,-1
550.4484,496.89517,37.728638,73.26779,0.06318799,5,-1,-1
515.75543,190.33435,13.338257,28.994156,0.063115954,1,-1,-1
616.8124,361.131,19.204834,31.305176,0.06291428,10,-1,-1
575.56604,534.41534,49.0932,92.55975,0.06288704,4,-1,-1
519.49194,50.683994,7.8065186,15.567448,0.06283167,2,-1,-1
576.028,0.0,23.875061,32.078415,0.06274977,9,-1,-1
511.91144,106.358086,10.185486,13.662384,0.06261471,1,-1,-1
547.42303,48.3576,9.854736,15.889965,0.06258702,10,-1,-1
200.72833,34.64324,25.10115,38.761314,0.062305808,5,-1,-1
1361.2769,415.03186,38.243896,45.863403,0.06220746,4,-1,-1
510.10233,207.6836,13.389984,25.868713,0.062152207,10,-1,-1
583.33075,570.8612,37.43927,75.85248,0.06200981,1,-1,-1
1346.6653,144.54536,7.7961426,16.111969,0.061984807,1,-1,-1
607.1282,203.87355,22.03186,35.97055,0.06194088,4,-1,-1
1380.5134,452.5703,19.007324,46.213226,0.06176907,7,-1,-1
455.04767,338.89117,42.079956,48.807922,0.061648816,5,-1,-1
532.447,137.98,30.045044,41.624283,0.06154734,10,-1,-1
1370.2417,18.197363,5.8615723,10.124903,0.061133295,1,-1,-1
616.70874,361.46365,19.23999,30.316193,0.061026186,5,-1,-1
324.44992,415.2365,10.267151,15.49231,0.060930908,2,-1,-1
376.61777,612.2782,11.700867,18.415405,0.060911298,2,-1,-1
517.96576,190.01845,16.780884,26.319809,0.06091115,10,-1,-1
187.7995,0.0,24.054428,25.20783,0.060909837,6,-1,-1
1127.0999,429.55585,17.933594,34.29547,0.060885966,5,-1,-1
493.06677,91.80671,11.155426,12.695274,0.060804248,3,-1,-1
440.14087,318.9836,7.182953,6.769226,0.060773253,1,-1,-1
507.34283,199.56613,22.298157,39.78215,0.06066543,10,-1,-1
511.41595,738.313,44.895203,49.230957,0.060544997,1,-1,-1
523.4749,36.27821,7.587219,16.600487,0.060543835,1,-1,-1
640.6947,0.0,7.178833,9.903771,0.06051275,1,-1,-1
650.3468,0.0,19.278137,17.999352,0.06026846,4,-1,-1
517.112,54.930954,7.412964,13.637535,0.060251474,2,-1,-1
1344.4095,152.89246,6.739258,14.791122,0.060243547,1,-1,-1
947.2567,428.9348,6.7666016,14.527649,0.060242414,1,-1,-1
950.78076,431.20474,12.316162,24.78543,0.060012996,1,-1,-1
543.817,162.88408,9.622742,12.519943,0.05997613,2,-1,-1
380.91095,413.46616,9.835846,12.998444,0.059922785,1,-1,-1
501.8212,92.03583,9.648315,13.408119,0.059884906,1,-1,-1
576.028,0.0,23.875061,32.078415,0.059806496,10,-1,-1
660.85315,4.96663,12.8723755,23.142025,0.05957827,1,-1,-1
508.16437,151.22795,17.348633,28.32666,0.05952537,3,-1,-1
1345.0203,105.20159,12.921265,15.572838,0.059426606,10,-1,-1
437.0187,316.43127,11.122253,10.93103,0.059359223,2,-1,-1
524.63055,143.36505,36.572266,35.992508,0.059342533,5,-1,-1
526.09314,0.0,20.807312,9.88523,0.059276134,1,-1,-1
629.03284,239.80617,21.601929,34.224167,0.059212416,4,-1,-1
184.60081,752.725,38.44771,26.87732,0.05917415,1,-1,-1
1200.3428,0.0,18.710571,15.639633,0.05915746,1,-1,-1
1384.7308,27.589735,9.9852295,18.119017,0.059145242,1,-1,-1
1382.2102,455.5947,17.310547,41.580353,0.059059978,1,-1,-1
493.06677,91.80671,11.155426,12.695274,0.059051126,2,-1,-1
512.0823,154.80325,8.31073,19.706055,0.058966786,2,-1,-1
496.48987,192.06339,31.327026,47.698868,0.058815837,4,-1,-1
619.699,297.049,24.802063,51.77777,0.05878225,5,-1,-1
383.37775,605.0103,15.230682,19.485962,0.058580995,1,-1,-1
1344.309,139.67632,7.6049805,19.105972,0.058580756,1,-1,-1
534.3161,0.0,7.517212,7.786133,0.058561593,2,-1,-1
393.70358,420.82846,53.88513,56.164154,0.058558732,4,-1,-1
518.1329,55.246246,9.315369,16.625069,0.058211327,3,-1,-1
519.3712,152.17195,19.369324,22.486923,0.058169156,10,-1,-1
516.7987,152.22797,32.686523,26.567947,0.058159888,10,-1,-1
567.34186,70.84047,10.86377,15.938171,0.058096766,1,-1,-1
493.06677,91.80671,11.155426,12.695274,0.058039963,10,-1,-1
513.9045,154.85255,11.210144,20.252869,0.057737827,3,-1,-1
1343.738,116.75849,7.585205,10.78894,0.057693243,1,-1,-1
569.32654,176.48091,19.499939,32.88153,0.05768296,4,-1,-1
437.01562,428.93823,20.80954,33.109344,0.057514608,1,-1,-1
471.85095,305.02554,7.963501,16.05008,0.05749473,1,-1,-1
1376.1123,486.65402,17.416138,26.461151,0.057478726,10,-1,-1
596.9575,195.78798,26.336609,32.012833,0.057356864,4,-1,-1
283.40106,193.40608,10.916138,21.259796,0.057330072,1,-1,-1
501.35876,88.34647,6.632416,11.236389,0.057316184,1,-1,-1
1376.1123,486.65402,17.416138,26.461151,0.057303727,3,-1,-1
536.6171,148.32974,38.553955,37.34253,0.05722493,4,-1,-1
318.00314,685.63824,100.98648,101.9057,0.057194233,9,-1,-1
888.7951,76.345055,47.77002,91.91924,0.05710712,9,-1,-1
602.16534,155.48521,36.41266,73.64583,0.057035893,4,-1,-1
537.5612,214.81898,39.34027,52.438736,0.056796372,4,-1,-1
530.9206,43.643776,5.774292,10.298958,0.0567652,1,-1,-1
542.9869,162.13908,17.663574,16.384232,0.056743294,2,-1,-1
522.96234,58.250957,7.359497,15.1014595,0.0567227,1,-1,-1
1361.0499,427.14514,32.062744,56.76831,0.05667892,1,-1,-1
1371.9194,483.41934,25.802734,20.723297,0.056480676,3,-1,-1
551.5951,497.0606,38.039124,72.97754,0.056475073,1,-1,-1
625.21075,0.0,21.423523,30.285582,0.056469023,4,-1,-1
206.03447,611.3145,45.66086,64.35248,0.056430608,6,-1,-1
662.3531,4.226773,8.73938,17.743786,0.056369692,1,-1,-1
440.27194,314.1354,9.805725,11.735077,0.056349963,1,-1,-1
522.9312,217.54689,33.7984,51.28331,0.05622849,10,-1,-1
614.838,304.73727,28.92102,58.39673,0.05619067,4,-1,-1
275.84317,195.9802,9.722046,19.115295,0.055996478,1,-1,-1
613.7287,13.846963,7.7435303,16.063347,0.05598423,2,-1,-1
229.34422,198.31364,32.9088,17.757217,0.05593705,5,-1,-1
1233.9598,102.583664,10.716797,13.829674,0.05589953,1,-1,-1
512.3593,196.86504,14.484619,35.20668,0.05577463,3,-1,-1
534.7512,0.0,6.9213257,8.131108,0.055624068,1,-1,-1
1242.2372,108.620834,15.67041,20.104172,0.05541444,1,-1,-1
314.53134,683.69257,108.02716,103.85138,0.055399477,7,-1,-1
537.4152,157.59142,24.179382,41.97078,0.05529058,10,-1,-1
526.3482,210.14781,56.515137,112.79967,0.055140942,6,-1,-1
504.79092,95.056465,8.224457,15.724464,0.055098295,1,-1,-1
626.5752,8.252696,22.756042,31.91578,0.055076778,1,-1,-1
1340.242,134.20796,8.108032,18.632324,0.055042684,1,-1,-1
577.5656,325.56436,33.15735,65.36871,0.055042148,10,-1,-1
1118.2826,5.944718,71.05676,82.34783,0.05497834,4,-1,-1
1350.1738,479.14227,49.346924,56.08075,0.05491832,7,-1,-1
518.1619,55.151127,9.378601,17.391079,0.0548954,4,-1,-1
549.2548,29.446714,7.569702,17.090124,0.05489424,1,-1,-1
548.38525,164.61253,14.031433,13.246048,0.054891407,1,-1,-1
1341.3254,103.97563,16.942383,26.157822,0.05485308,4,-1,-1
576.3144,145.09793,56.15399,87.95004,0.054832876,9,-1,-1
604.09576,202.19398,29.318298,57.044205,0.054786086,4,-1,-1
563.0102,74.39199,22.032288,34.992775,0.05477208,4,-1,-1
1361.2684,485.0359,38.25232,44.4234,0.05474609,3,-1,-1
561.3219,196.05042,28.519226,56.15793,0.054682195,4,-1,-1
1377.8184,457.35657,21.702393,38.492126,0.054495066,3,-1,-1
523.83386,32.238876,13.740051,20.55569,0.054392636,1,-1,-1
522.6386,152.74959,8.364502,17.995789,0.054380864,1,-1,-1
545.3788,23.527067,7.2229614,17.15513,0.054323703,1,-1,-1
642.3859,0.0,21.494446,13.446868,0.054317325,5,-1,-1
523.27014,216.63664,33.692444,51.390213,0.054314733,1,-1,-1
1341.2633,128.3035,15.096558,27.847107,0.054219753,1,-1,-1
427.8769,331.3279,18.230927,14.529602,0.053991348,10,-1,-1
640.5108,247.07085,8.849426,21.721817,0.053956896,1,-1,-1
502.2736,59.941917,9.36145,14.690605,0.053952813,3,-1,-1
540.1049,162.24974,21.454407,16.380371,0.053887486,10,-1,-1
466.196,297.93216,10.812347,18.38617,0.053823948,1,-1,-1
407.96356,442.64963,34.553192,31.60672,0.053776234,10,-1,-1
492.2018,99.45675,13.783386,15.767281,0.053451568,1,-1,-1
586.1484,527.7955,11.788086,12.812866,0.053227305,1,-1,-1
1377.9807,487.03717,21.54004,37.045715,0.05315149,4,-1,-1
604.1877,201.46481,22.87085,24.957886,0.0531224,2,-1,-1
1391.9956,81.560974,7.5251465,8.775078,0.0529221,4,-1,-1
1344.7562,148.46619,7.528076,15.15509,0.052896976,2,-1,-1
1374.1385,15.208642,6.7907715,10.27312,0.052856565,1,-1,-1
405.31955,399.7348,36.789764,68.39963,0.05281967,4,-1,-1
1203.7122,0.0,23.354858,19.161745,0.052708894,1,-1,-1
1204.1307,64.63279,31.019897,24.017853,0.052698374,1,-1,-1
537.3062,146.48257,23.945496,35.46936,0.05258292,7,-1,-1
530.1795,34.239357,9.674377,17.044216,0.0525482,1,-1,-1
512.237,197.05151,14.736938,34.578293,0.052452534,2,-1,-1
318.00314,685.63824,100.98648,101.9057,0.052345157,4,-1,-1
1367.9663,441.99393,21.189209,33.255432,0.05229178,2,-1,-1
551.5206,496.84647,37.566284,73.09561,0.052275866,10,-1,-1
563.0012,754.7615,37.73407,32.78247,0.05219093,1,-1,-1
639.435,0.0,17.196411,12.15366,0.05213332,1,-1,-1
937.48865,762.27203,15.557068,25.271912,0.05213067,1,-1,-1
1049.7859,410.261,72.29175,99.36868,0.052108288,6,-1,-1
166.39964,29.13182,29.289246,17.840134,0.052052677,9,-1,-1
1164.2688,365.0651,74.1062,122.60956,0.052042484,6,-1,-1
658.61536,0.0,30.497864,22.41667,0.05194339,4,-1,-1
863.07526,49.94289,67.25122,113.71828,0.051930964,9,-1,-1
540.26825,262.9791,37.253418,46.6026,0.051767737,4,-1,-1
538.92017,150.49678,21.467285,30.829544,0.05172488,2,-1,-1
495.56363,55.579315,10.340912,17.334564,0.051720798,1,-1,-1
538.92017,150.49678,21.467285,30.829544,0.0515891,1,-1,-1
569.9789,188.77295,45.76648,40.558914,0.051538974,4,-1,-1
655.3469,0.0,22.033447,19.435966,0.051514477,10,-1,-1
1361.0499,427.14514,32.062744,56.76831,0.051492274,10,-1,-1
1365.1854,482.11676,34.335327,48.012085,0.051463306,8,-1,-1
431.37222,625.06,43.411774,69.27484,0.05146098,10,-1,-1
1376.5454,15.369372,7.401367,9.926105,0.05145201,1,-1,-1
574.39014,148.02493,59.5036,82.70126,0.051436394,4,-1,-1
522.6386,152.74959,8.364502,17.995789,0.051393896,3,-1,-1
