646.89954,613.35944,38.02832,68.3432,0.9999994,4,-1,-1
631.4536,555.67633,31.650513,58.15747,0.9998632,4,-1,-1
562.34314,502.72787,26.037354,50.102448,0.99216783,4,-1,-1
593.8214,421.82727,25.22351,37.960632,0.6773572,4,-1,-1
628.7571,364.02505,25.536987,35.24588,0.14381057,4,-1,-1
554.5164,435.1364,34.318787,32.19626,0.10856345,4,-1,-1
594.181,421.79266,25.978943,38.47873,0.10262257,5,-1,-1
320.92316,868.1596,33.94928,30.852417,0.060152173,10,-1,-1
461.63016,499.3681,48.4617,39.043457,0.05763209,10,-1,-1
456.9106,499.53403,53.330444,39.092743,0.05218467,5,-1,-1
564.1007,431.0436,33.618958,34.24353,0.05130279,4,-1,-1
