708.4327,336.56052,19.50879,39.033264,0.72029555,1,-1,-1
1158.112,161.80835,15.706299,32.378662,0.6869883,1,-1,-1
604.9119,457.04947,18.671265,35.732117,0.5149891,1,-1,-1
982.354,143.55595,15.270935,31.10144,0.4832401,1,-1,-1
1063.6893,88.19975,16.407959,25.878403,0.44537807,1,-1,-1
498.94357,428.04437,14.85141,29.720337,0.40513796,1,-1,-1
582.2291,612.2781,24.783936,42.53076,0.38295442,1,-1,-1
585.03937,629.15765,20.366882,27.088806,0.34202522,2,-1,-1
1212.6661,175.17548,15.078003,24.905716,0.33141273,1,-1,-1
582.48254,615.08264,23.870728,39.05011,0.33119428,3,-1,-1
1212.2817,175.2445,15.563721,24.646896,0.2890364,2,-1,-1
647.6703,624.55426,15.565613,27.717163,0.28766605,1,-1,-1
1080.0038,147.60037,12.005127,21.334091,0.28608644,1,-1,-1
801.90906,717.4539,17.546448,38.487854,0.27831614,1,-1,-1
1369.5054,647.2779,21.964233,39.81476,0.2625239,1,-1,-1
582.96326,609.4346,25.693481,44.84729,0.2589348,10,-1,-1
258.28912,190.4425,38.382294,53.113876,0.2578053,1,-1,-1
246.11853,509.2884,17.899689,42.810608,0.25179213,1,-1,-1
682.6248,616.5251,12.228149,25.524353,0.24263114,1,-1,-1
658.5975,597.5162,15.284973,25.175049,0.23448026,1,-1,-1
770.50964,714.0815,20.016174,50.914124,0.21695796,1,-1,-1
585.03937,629.15765,20.366882,27.088806,0.21286318,1,-1,-1
201.90384,486.04208,23.92772,38.72513,0.20564988,1,-1,-1
651.0602,617.4895,18.020264,34.214478,0.20487791,1,-1,-1
127.22244,414.7279,14.701553,24.389648,0.19694602,1,-1,-1
280.50027,191.24478,13.307434,20.80777,0.19438457,1,-1,-1
1216.6486,176.12637,9.110352,17.261383,0.18992773,2,-1,-1
565.3815,441.99826,19.886475,40.734497,0.18581682,1,-1,-1
233.22742,507.1941,35.235657,47.318054,0.18452004,1,-1,-1
534.4792,618.6418,14.945923,29.381042,0.18446311,1,-1,-1
1212.7227,176.09004,15.634399,25.729462,0.1842221,10,-1,-1
655.4254,601.3512,15.592285,32.551636,0.17956007,1,-1,-1
1195.9128,678.1696,23.164307,37.193542,0.17806649,1,-1,-1
547.30896,111.45449,10.766663,18.264214,0.17124352,1,-1,-1
582.31366,612.17004,24.513367,42.54242,0.17036146,2,-1,-1
222.59277,507.42044,42.380768,45.642853,0.1682047,10,-1,-1
360.74185,110.04306,50.023163,77.410995,0.1672675,1,-1,-1
534.4531,609.6949,23.551514,40.231506,0.16349787,1,-1,-1
915.8664,701.66437,13.714233,32.033264,0.161852,1,-1,-1
1031.3529,180.63368,8.152832,15.622482,0.16012245,1,-1,-1
836.6595,0.0,7.6262207,10.942547,0.15891847,1,-1,-1
584.80756,626.6954,20.884827,29.114807,0.15797311,10,-1,-1
6.2894635,367.01956,11.093134,18.723389,0.15400925,1,-1,-1
653.3105,626.7682,11.755005,22.499512,0.15196487,1,-1,-1
550.66614,605.54535,14.451477,32.08667,0.15114349,1,-1,-1
507.53232,765.52966,22.237762,22.014282,0.14823508,1,-1,-1
217.55835,672.67944,20.986923,46.296753,0.1463798,1,-1,-1
121.943016,412.86783,24.960258,33.64151,0.14496797,1,-1,-1
258.29053,515.4534,20.17035,43.169983,0.14450958,1,-1,-1
588.0117,634.6013,13.5303955,19.994446,0.14387265,2,-1,-1
1323.1118,244.6632,76.408936,88.02193,0.14341956,6,-1,-1
904.47156,717.0818,19.755249,46.763306,0.14334807,1,-1,-1
246.2773,526.1372,14.498367,32.150146,0.14105308,1,-1,-1
1216.6486,176.12637,9.110352,17.261383,0.13981995,1,-1,-1
678.5981,617.92206,12.420654,25.007446,0.13908362,1,-1,-1
586.61743,612.0401,15.91333,30.820068,0.13821414,1,-1,-1
1213.1633,176.59737,15.24707,25.034409,0.13770413,3,-1,-1
585.84644,629.269,18.334717,25.64447,0.13595906,3,-1,-1
1215.5746,182.65681,9.351318,16.16446,0.13571382,2,-1,-1
246.01923,509.92096,18.462555,41.42096,0.13346702,2,-1,-1
650.15375,696.8077,17.161072,33.361084,0.13227221,1,-1,-1
1147.9648,488.88507,14.1345215,33.614685,0.13071254,1,-1,-1
249.75746,523.05756,13.929794,26.725525,0.12867975,1,-1,-1
227.11673,490.5594,16.802292,27.786255,0.12756857,1,-1,-1
708.77997,336.11798,17.979065,38.79181,0.12662527,2,-1,-1
901.04987,498.2472,14.306335,26.533203,0.12604636,1,-1,-1
214.4831,185.23767,13.971542,18.033371,0.1259318,1,-1,-1
1158.112,161.80835,15.706299,32.378662,0.12578058,4,-1,-1
1077.5859,142.03967,19.325195,28.887146,0.12370238,1,-1,-1
573.3894,442.74365,13.132019,28.23941,0.123340875,1,-1,-1
1216.8699,180.74352,9.461426,19.873825,0.12265897,1,-1,-1
224.75346,510.10104,40.15657,47.69754,0.12081066,2,-1,-1
561.19507,458.4147,13.696106,26.647034,0.11970517,1,-1,-1
642.0584,613.8263,21.222595,41.58795,0.119561106,1,-1,-1
1064.4552,88.249275,15.974243,25.058449,0.11862686,2,-1,-1
271.01044,190.94704,23.361816,40.7762,0.11841187,1,-1,-1
466.02863,429.32645,12.298431,20.018158,0.11781198,1,-1,-1
1317.526,667.95386,34.930298,47.77838,0.11732921,1,-1,-1
1243.4117,494.40442,27.56958,43.30121,0.116849184,1,-1,-1
655.952,604.34674,11.61084,20.7182,0.11661556,1,-1,-1
363.6228,110.03051,41.199677,70.44965,0.11637461,10,-1,-1
360.5873,109.52525,50.99463,78.37935,0.11602116,4,-1,-1
1069.2323,88.35711,8.995605,16.042015,0.115885794,1,-1,-1
245.31096,505.52396,14.945969,31.45755,0.11526185,1,-1,-1
502.2374,432.9735,8.964172,24.383148,0.114179105,1,-1,-1
976.93054,136.88034,25.700256,38.39099,0.112957805,1,-1,-1
153.09984,99.19495,30.051483,39.70862,0.11222309,1,-1,-1
765.72156,221.67757,26.749817,63.7834,0.11121556,1,-1,-1
546.99384,599.23096,22.262024,42.0932,0.111157596,1,-1,-1
711.6193,336.656,12.586914,27.403381,0.11108008,1,-1,-1
259.68896,191.82478,36.823273,49.480286,0.1106959,2,-1,-1
770.60284,731.59424,15.614197,36.117493,0.110354125,1,-1,-1
1164.9064,163.30405,7.6226807,19.391754,0.10946426,1,-1,-1
241.84,520.9066,27.952148,41.354797,0.10821521,1,-1,-1
1069.2323,88.35711,8.995605,16.042015,0.107893735,2,-1,-1
224.75346,510.10104,40.15657,47.69754,0.107811004,3,-1,-1
586.61743,612.0401,15.91333,30.820068,0.10772169,2,-1,-1
994.46326,704.3721,198.73303,83.171875,0.10698524,4,-1,-1
282.8061,192.08989,8.984558,14.933502,0.10647932,1,-1,-1
579.1221,606.7559,31.64154,37.81549,0.10636893,3,-1,-1
586.61743,612.0401,15.91333,30.820068,0.10587293,3,-1,-1
1258.5208,606.4836,112.84985,115.41034,0.10544357,4,-1,-1
532.2241,141.88597,12.718872,19.203995,0.105148464,1,-1,-1
1282.687,0.0,20.41687,32.036083,0.104598224,1,-1,-1
496.6443,369.39902,18.525146,29.63974,0.1035451,1,-1,-1
654.5615,588.8893,20.174927,39.92267,0.10305664,1,-1,-1
1093.1722,98.51497,49.01831,23.965714,0.10263786,10,-1,-1
200.52867,483.9671,31.137787,43.737,0.10244259,3,-1,-1
710.4302,337.0794,8.046631,19.116058,0.10241565,1,-1,-1
420.10745,497.07892,23.437683,36.63507,0.101545125,1,-1,-1
604.13837,735.80444,13.252747,26.316162,0.101356775,1,-1,-1
226.54536,499.76904,30.834,46.63611,0.10109833,1,-1,-1
585.91516,616.14777,17.724182,28.795288,0.101003945,10,-1,-1
914.9143,699.2887,19.042297,46.436157,0.10094562,1,-1,-1
552.0759,616.4002,11.357422,24.069458,0.100391686,1,-1,-1
200.85646,483.79996,30.318161,43.685333,0.10002917,10,-1,-1
1210.0759,179.77907,13.675171,22.625183,0.09980571,1,-1,-1
1092.8666,64.414314,17.126587,25.94796,0.09978622,1,-1,-1
679.97614,613.4348,19.393555,34.618774,0.09931475,1,-1,-1
1157.8829,438.981,15.244751,27.264435,0.099241704,10,-1,-1
243.78767,508.089,21.162125,44.09906,0.09887859,10,-1,-1
651.27277,597.52924,22.91565,47.93152,0.09880236,1,-1,-1
871.954,498.49518,14.4852295,33.563904,0.098163694,1,-1,-1
947.87164,241.31567,56.10785,84.1712,0.09756467,4,-1,-1
1206.9708,170.60233,24.907959,30.986359,0.09722096,1,-1,-1
648.3039,628.89465,10.538757,20.38971,0.09691042,1,-1,-1
1216.5719,180.50082,10.27356,19.54869,0.096387506,10,-1,-1
1029.9727,177.86826,13.765259,19.043503,0.09629953,1,-1,-1
773.6626,704.6567,16.722046,44.118042,0.09623957,1,-1,-1
870.696,484.13367,20.442932,49.421143,0.09604415,1,-1,-1
777.84534,702.7607,15.3619995,30.625305,0.095959365,1,-1,-1
1243.5527,493.53137,28.312012,44.319458,0.095822394,10,-1,-1
1213.167,180.76039,9.050537,16.39206,0.09570071,2,-1,-1
130.29556,417.11823,10.309631,17.171478,0.0954732,1,-1,-1
1063.2573,88.36625,16.026611,25.720497,0.09506789,10,-1,-1
648.6968,703.28827,12.098633,27.329407,0.09498766,1,-1,-1
995.742,295.89188,16.31659,35.52643,0.09490952,4,-1,-1
939.3352,716.5947,16.757446,35.848206,0.09408483,1,-1,-1
158.61911,155.03766,17.016327,20.669815,0.093517035,1,-1,-1
198.12862,480.71664,39.29181,53.200348,0.09350476,1,-1,-1
1252.888,637.03406,19.655273,30.164124,0.09333432,1,-1,-1
578.8131,625.5711,31.01477,36.43402,0.0931482,1,-1,-1
1213.1316,183.24394,9.359253,15.7699585,0.092671216,1,-1,-1
1241.4564,235.63809,20.874512,38.208862,0.09221223,4,-1,-1
171.96095,207.8423,17.207336,30.119507,0.09196252,1,-1,-1
7.730394,679.8536,25.818209,33.53766,0.0919185,1,-1,-1
994.46326,704.3721,198.73303,83.171875,0.09146321,5,-1,-1
588.3933,617.7946,21.71283,27.217468,0.09101835,3,-1,-1
800.9895,724.2071,12.781433,28.276184,0.09096217,1,-1,-1
216.28896,639.59467,22.027298,49.85437,0.09053451,1,-1,-1
954.7541,254.86491,32.19171,65.19917,0.09001812,4,-1,-1
604.3365,462.09467,12.139465,28.487,0.089990735,1,-1,-1
170.40327,92.44549,14.440994,12.764313,0.08942172,1,-1,-1
1158.112,161.80835,15.706299,32.378662,0.08938491,2,-1,-1
259.05368,220.62738,13.696472,23.511963,0.08880001,1,-1,-1
670.73535,617.3363,23.257568,30.751587,0.08850968,1,-1,-1
380.76187,626.56683,15.886383,27.294312,0.088469684,1,-1,-1
711.6193,336.656,12.586914,27.403381,0.08838686,2,-1,-1
642.67834,699.9472,20.514038,37.629578,0.08833709,1,-1,-1
264.24823,541.89716,8.416595,15.736755,0.08815321,1,-1,-1
649.9923,623.7071,15.259827,27.955994,0.08796018,10,-1,-1
496.3404,369.13858,18.874756,30.302582,0.08777648,4,-1,-1
982.354,143.55595,15.270935,31.10144,0.08773121,2,-1,-1
209.53188,485.30838,31.874496,37.175507,0.08756444,1,-1,-1
658.18524,597.8793,15.7265625,24.329407,0.08753365,10,-1,-1
249.73955,529.5349,9.637802,17.252136,0.08654863,1,-1,-1
599.1883,732.09814,18.689758,37.482666,0.0861786,1,-1,-1
473.59592,376.15515,19.876007,32.411163,0.086138844,4,-1,-1
1064.9552,93.890854,10.491089,20.322998,0.08571702,1,-1,-1
807.0014,724.9846,11.00293,27.838318,0.085687846,1,-1,-1
578.8131,625.5711,31.01477,36.43402,0.08556187,2,-1,-1
1218.8506,175.55115,8.099121,12.729416,0.08525181,2,-1,-1
994.46326,704.3721,198.73303,83.171875,0.08524755,9,-1,-1
879.74445,486.46002,12.914246,23.656342,0.084627,1,-1,-1
582.2291,612.2781,24.783936,42.53076,0.08452639,8,-1,-1
1129.1654,751.80304,26.823975,35.740906,0.08364865,1,-1,-1
1242.7258,494.18127,29.697876,43.53479,0.08342743,4,-1,-1
259.49628,206.24428,23.82898,36.744644,0.08316907,1,-1,-1
713.6194,350.97833,7.9784546,18.440521,0.08288279,2,-1,-1
324.60333,399.09424,13.112183,29.17575,0.08286652,1,-1,-1
1081.6538,149.39983,9.0998535,19.098846,0.08273855,2,-1,-1
661.1251,602.31647,9.669434,17.05542,0.08245352,1,-1,-1
119.35336,419.169,19.276703,23.926544,0.08227399,1,-1,-1
1090.1595,103.97147,12.772583,15.708038,0.08226156,1,-1,-1
610.6766,458.9797,10.257446,28.601776,0.082202315,1,-1,-1
1082.102,153.44377,6.793335,14.852417,0.08206323,1,-1,-1
249.75746,523.05756,13.929794,26.725525,0.08196375,2,-1,-1
1114.1484,463.0072,35.633667,44.354187,0.08191937,10,-1,-1
682.11804,615.886,12.97998,26.594666,0.081795484,10,-1,-1
882.6656,643.35516,9.129822,21.983093,0.08127901,1,-1,-1
972.6799,348.2137,13.940308,31.26831,0.07996678,1,-1,-1
578.8131,625.5711,31.01477,36.43402,0.079961985,3,-1,-1
360.7797,109.49468,51.365997,75.48148,0.079847366,2,-1,-1
709.0133,337.16257,18.132507,37.526978,0.07892278,10,-1,-1
1133.5157,147.51846,12.642456,19.397049,0.07868117,1,-1,-1
984.6019,150.60806,9.094421,22.863312,0.078671336,1,-1,-1
686.7774,620.78296,8.460876,18.503357,0.07862067,1,-1,-1
606.29065,457.5313,16.517029,35.13977,0.07836792,2,-1,-1
209.53188,485.30838,31.874496,37.175507,0.07814911,10,-1,-1
604.97375,14.012389,11.337036,22.2504,0.07813966,1,-1,-1
550.8004,612.6095,19.032837,34.610657,0.07807878,1,-1,-1
994.46326,704.3721,198.73303,83.171875,0.07807839,6,-1,-1
117.11007,558.1101,30.506828,62.079895,0.07752681,1,-1,-1
200.52867,483.9671,31.137787,43.737,0.07729083,2,-1,-1
654.2621,608.34515,13.241333,32.81653,0.07728985,1,-1,-1
761.57,575.2079,15.283997,29.933838,0.07670626,1,-1,-1
209.53188,485.30838,31.874496,37.175507,0.07661241,3,-1,-1
801.93506,719.09485,17.068481,36.475464,0.076355726,2,-1,-1
1216.8699,180.74352,9.461426,19.873825,0.07505852,3,-1,-1
643.4414,627.3105,15.313782,32.273438,0.07495451,1,-1,-1
670.3977,604.77563,19.876465,37.113037,0.07488611,1,-1,-1
982.28754,143.86665,15.410706,30.534485,0.074436486,4,-1,-1
1132.5801,752.4675,15.384644,31.094604,0.07431975,1,-1,-1
982.354,143.55595,15.270935,31.10144,0.07420161,10,-1,-1
226.06085,484.53513,23.55545,39.683807,0.074177355,1,-1,-1
680.50574,621.16315,8.093079,19.113586,0.0738762,1,-1,-1
782.2467,591.5865,15.671631,30.52716,0.0738745,1,-1,-1
1267.3569,0.0,10.035034,13.6239605,0.073690236,1,-1,-1
803.5764,719.8382,15.800781,34.959717,0.07343376,10,-1,-1
921.6838,330.67804,6.1242065,14.637054,0.07336247,1,-1,-1
201.88995,767.16406,20.825226,20.379883,0.07332137,1,-1,-1
1158.0447,162.04465,15.751343,31.900986,0.073297024,10,-1,-1
711.91077,337.1189,8.190308,18.718933,0.07327232,2,-1,-1
1079.3159,144.89595,15.342529,25.011566,0.07313919,2,-1,-1
1210.0759,179.77907,13.675171,22.625183,0.07305029,2,-1,-1
588.0117,634.6013,13.5303955,19.994446,0.07286966,1,-1,-1
683.8519,624.4183,7.6157837,19.361084,0.0727016,1,-1,-1
261.56778,526.5872,12.546082,30.502686,0.07258052,1,-1,-1
812.52435,485.5523,17.997986,33.92383,0.07246742,1,-1,-1
582.28436,614.4715,24.614807,39.835266,0.07221389,7,-1,-1
681.0533,357.96075,15.424622,31.817657,0.0722056,1,-1,-1
206.5317,496.77692,16.172379,27.407349,0.07176304,1,-1,-1
834.0691,0.0,14.150391,12.0489235,0.0716503,1,-1,-1
606.31323,458.01895,16.13977,34.960327,0.071204156,4,-1,-1
1376.6969,644.7115,22.823853,39.413574,0.07101905,1,-1,-1
205.20038,644.41425,36.564484,78.48859,0.07100746,1,-1,-1
658.11426,628.0671,7.941284,19.679016,0.07096198,1,-1,-1
918.3654,705.8714,9.27533,23.149353,0.07079193,1,-1,-1
908.0314,733.488,14.768738,31.356873,0.070771635,1,-1,-1
765.72156,221.67757,26.749817,63.7834,0.07076311,10,-1,-1
350.99942,153.30247,16.560638,25.30687,0.070753664,1,-1,-1
604.9119,457.04947,18.671265,35.732117,0.070623934,10,-1,-1
0.0,468.23608,87.56521,147.55902,0.070343226,4,-1,-1
236.22368,502.63544,32.88063,46.33008,0.07021952,2,-1,-1
325.74716,411.28433,8.3003235,16.266327,0.07012382,1,-1,-1
798.2595,391.67947,19.735107,49.687958,0.070026934,1,-1,-1
908.88525,708.55426,25.296814,53.284668,0.0699887,1,-1,-1
342.71408,425.4517,39.419434,51.0636,0.06993613,10,-1,-1
1164.9064,163.30405,7.6226807,19.391754,0.069776446,2,-1,-1
799.4454,222.39679,25.02179,47.698853,0.06972793,2,-1,-1
495.98184,369.04303,19.405548,30.742188,0.06928465,10,-1,-1
1218.8506,175.55115,8.099121,12.729416,0.06917459,1,-1,-1
1078.4745,143.80101,17.000244,26.469833,0.068716645,3,-1,-1
170.90285,207.23662,14.364395,20.418198,0.068593204,1,-1,-1
229.30292,511.03726,24.206207,38.29825,0.06832492,2,-1,-1
1091.3188,98.28459,24.628174,21.141739,0.06830239,1,-1,-1
1265.8674,638.2373,73.32922,81.46948,0.06820607,10,-1,-1
877.2798,587.36237,29.671387,79.43176,0.0682033,1,-1,-1
607.3672,737.8197,8.636841,18.946106,0.06816894,1,-1,-1
1339.4984,661.3847,22.036133,41.611877,0.06790495,1,-1,-1
1101.2075,729.81604,23.24768,44.614624,0.067762166,1,-1,-1
1241.4564,235.63809,20.874512,38.208862,0.067629606,5,-1,-1
227.97354,488.57028,18.141403,28.32962,0.06755844,2,-1,-1
190.24431,575.41895,19.362045,35.064636,0.06747007,1,-1,-1
1207.4775,176.67711,23.905273,29.724792,0.06741834,2,-1,-1
592.8553,628.5051,14.030823,22.660645,0.06715056,2,-1,-1
117.03794,586.41187,19.58773,35.887512,0.06714076,1,-1,-1
1248.5306,506.54486,18.406372,30.825012,0.067111105,1,-1,-1
212.44154,173.77716,15.999939,27.34845,0.06707972,1,-1,-1
904.7754,45.532112,8.065369,17.669174,0.067038,1,-1,-1
224.0164,518.7844,35.543076,42.30139,0.0670245,1,-1,-1
575.21246,441.92258,9.891113,18.881989,0.06697208,1,-1,-1
1011.20355,249.83743,13.636902,31.59311,0.06688303,1,-1,-1
784.0511,475.15796,21.60028,48.61914,0.06681961,1,-1,-1
249.44179,507.77454,16.133865,27.352295,0.066734314,1,-1,-1
591.8118,632.90234,9.547302,16.205322,0.06654635,2,-1,-1
658.06305,600.4685,15.487976,25.097656,0.06651428,2,-1,-1
776.07666,726.1888,14.510925,34.963135,0.06644741,1,-1,-1
342.30878,426.5749,40.218018,50.18872,0.06642443,1,-1,-1
564.3037,441.60526,21.017212,41.838867,0.066349,10,-1,-1
1157.8829,438.981,15.244751,27.264435,0.0662916,1,-1,-1
955.79553,272.6866,39.654114,51.24649,0.06625366,10,-1,-1
392.0651,497.0709,25.344208,42.091766,0.0662123,1,-1,-1
394.77484,512.1058,15.810516,26.786438,0.066094935,1,-1,-1
474.1931,373.71774,20.890167,35.351135,0.06570214,5,-1,-1
655.1377,602.0695,15.534485,25.97821,0.06543219,10,-1,-1
715.2548,293.2493,15.817139,33.612,0.065389305,1,-1,-1
241.9466,506.29465,23.761688,29.772675,0.06532869,2,-1,-1
473.59592,376.15515,19.876007,32.411163,0.065036446,10,-1,-1
716.2684,346.08908,8.346313,17.718842,0.064997345,2,-1,-1
562.90125,465.09073,8.499695,19.578339,0.06474778,1,-1,-1
375.57544,618.7351,23.648499,38.700195,0.06446561,1,-1,-1
1004.5192,516.17365,138.54083,223.4273,0.06438193,4,-1,-1
537.60443,627.8263,8.336731,18.73468,0.06427422,1,-1,-1
799.4454,222.39679,25.02179,47.698853,0.06411266,1,-1,-1
791.63153,476.08627,14.452698,27.200897,0.063908905,1,-1,-1
218.0549,494.00418,53.88678,65.4415,0.06388235,1,-1,-1
126.321144,413.85913,15.737556,27.221619,0.06381911,10,-1,-1
222.59277,507.42044,42.380768,45.642853,0.06363818,4,-1,-1
186.75433,356.85965,22.60196,45.26764,0.063568175,1,-1,-1
1195.9128,678.1696,23.164307,37.193542,0.06322053,2,-1,-1
5.940277,372.1733,8.414961,14.650787,0.06316972,1,-1,-1
214.6435,185.72409,13.614395,17.330917,0.06314847,2,-1,-1
1129.1394,752.9259,27.02417,34.618042,0.06307271,4,-1,-1
258.29053,515.4534,20.17035,43.169983,0.06281757,2,-1,-1
1134.6903,152.94658,9.07373,12.164047,0.06278375,1,-1,-1
264.2219,522.5405,14.73642,30.341614,0.06276956,1,-1,-1
767.8566,727.8296,24.254822,50.762634,0.06276494,1,-1,-1
393.04022,641.99646,23.750916,37.773865,0.062702954,1,-1,-1
662.2513,593.8032,10.467468,23.366089,0.06262162,1,-1,-1
425.7616,505.5341,15.355103,26.351227,0.0625121,1,-1,-1
604.9119,457.04947,18.671265,35.732117,0.06227213,3,-1,-1
760.43,218.99869,21.286194,47.162292,0.0622513,1,-1,-1
1286.6508,658.9049,66.288574,59.208374,0.061849028,1,-1,-1
1331.1393,671.7581,30.68518,38.93567,0.06180629,1,-1,-1
604.07684,739.72986,7.750305,18.21521,0.061699986,1,-1,-1
1131.9,753.55286,16.245972,31.900635,0.061695755,10,-1,-1
209.90254,171.18123,13.755081,25.215729,0.06153199,1,-1,-1
675.2492,602.0799,27.431152,40.82141,0.06144932,1,-1,-1
1350.753,645.114,36.864502,42.953857,0.06135243,1,-1,-1
677.85583,623.5076,9.786804,22.538757,0.061144024,1,-1,-1
649.6253,624.5093,15.682373,26.773682,0.061027735,2,-1,-1
768.0294,701.8604,29.407043,55.5401,0.060988277,1,-1,-1
358.51782,641.9848,26.822601,46.455505,0.060980648,1,-1,-1
580.8337,443.71994,17.180603,33.008057,0.060973316,1,-1,-1
246.64864,527.2852,13.1193695,20.92572,0.060934097,2,-1,-1
607.1053,15.010653,8.243774,12.387188,0.06085822,1,-1,-1
186.57741,350.45642,24.370972,49.75705,0.060718954,10,-1,-1
1079.5226,144.67583,14.837402,25.481842,0.06063178,10,-1,-1
227.16206,498.30225,27.710144,47.40381,0.060548514,10,-1,-1
1253.031,636.6181,20.65271,30.914917,0.06041321,10,-1,-1
0.6186459,113.16493,23.029053,21.680725,0.060382903,1,-1,-1
711.4588,602.11096,12.024841,25.345093,0.060242712,1,-1,-1
551.5628,605.8567,41.154724,44.592834,0.06022948,10,-1,-1
991.0864,272.47662,23.480835,58.144684,0.06011671,4,-1,-1
378.99963,370.644,16.792511,32.09662,0.059975415,1,-1,-1
213.51834,184.94319,9.578751,14.440918,0.059829503,1,-1,-1
236.1306,170.33104,16.451904,16.435776,0.059725016,1,-1,-1
1161.4424,174.06224,8.526001,18.89383,0.05967146,1,-1,-1
1318.3452,245.95107,81.17554,101.80553,0.059607714,4,-1,-1
498.42426,427.58078,15.28479,30.030487,0.05958152,10,-1,-1
640.6905,603.6641,27.417664,40.21405,0.059553176,1,-1,-1
407.66565,495.49316,14.196259,23.288635,0.059333563,1,-1,-1
248.08394,532.2996,10.007706,20.078918,0.059289277,1,-1,-1
437.41058,439.06995,11.390198,17.915466,0.059224635,1,-1,-1
544.01605,599.5402,16.81897,36.451782,0.059197813,1,-1,-1
1091.784,98.053314,51.5531,25.333603,0.058949172,4,-1,-1
252.7813,518.06323,10.569748,24.433472,0.05885929,1,-1,-1
1209.3589,180.69809,14.88623,20.44017,0.058833927,3,-1,-1
839.5711,0.0,42.397583,41.116196,0.05878091,4,-1,-1
791.0805,713.32715,27.203064,51.333923,0.058772296,1,-1,-1
246.64294,525.5718,19.233154,34.750427,0.05873862,2,-1,-1
541.6272,616.15137,19.388062,28.729065,0.058683902,1,-1,-1
553.75037,604.9715,34.775208,47.665894,0.058661044,3,-1,-1
8.5841875,370.8884,7.697612,12.971497,0.058528274,1,-1,-1
587.20337,635.2265,24.466125,24.415833,0.058521003,2,-1,-1
645.05676,690.51385,28.408936,41.219727,0.058395654,1,-1,-1
532.3621,601.07434,34.731506,43.25409,0.058356136,1,-1,-1
621.5078,65.47837,6.165283,17.350014,0.05828297,1,-1,-1
259.05368,220.62738,13.696472,23.511963,0.058145225,2,-1,-1
662.6689,595.7236,17.511292,26.061707,0.057988703,1,-1,-1
206.44147,486.37244,17.778183,36.974976,0.057936907,10,-1,-1
131.92381,416.09686,9.0789795,17.382263,0.057884842,2,-1,-1
651.274,63.748383,20.118164,17.004356,0.05781123,1,-1,-1
749.9758,577.9276,24.536194,51.220703,0.05763173,1,-1,-1
464.07755,427.30746,18.562042,27.728424,0.057587266,1,-1,-1
1206.5396,171.40553,25.935669,27.931198,0.057472527,3,-1,-1
282.5926,191.81328,9.815887,15.824219,0.057445586,2,-1,-1
903.73193,729.89105,14.678772,33.234314,0.057427853,1,-1,-1
961.795,271.29684,35.596497,50.389343,0.057427496,4,-1,-1
474.5212,374.15775,20.740662,34.785828,0.057309747,1,-1,-1
369.66678,624.1173,36.98999,47.202393,0.057252795,1,-1,-1
713.5266,352.74796,8.0354,18.337189,0.05724576,1,-1,-1
549.343,113.38862,6.9883423,13.739731,0.057216823,1,-1,-1
229.2807,515.6144,23.442413,31.537537,0.05709356,1,-1,-1
222.75162,506.84952,42.185974,47.013397,0.057091206,7,-1,-1
1057.8221,90.0471,27.526733,29.75142,0.056956887,1,-1,-1
708.7826,336.34274,19.517395,39.21402,0.05688712,4,-1,-1
220.17967,639.08765,16.706009,33.32794,0.056627274,1,-1,-1
237.06367,518.161,35.46605,45.884705,0.05660498,10,-1,-1
796.9279,226.18723,25.868591,52.39505,0.05655867,10,-1,-1
1161.4424,174.06224,8.526001,18.89383,0.056464225,2,-1,-1
690.3777,620.02625,7.6105347,18.34967,0.056402326,1,-1,-1
1116.1322,463.8071,33.00476,42.86325,0.056331456,1,-1,-1
592.8553,628.5051,14.030823,22.660645,0.056120276,1,-1,-1
542.46124,610.01965,32.810303,42.259094,0.056043804,1,-1,-1
648.2522,624.44745,25.05597,39.546753,0.05592248,1,-1,-1
344.0531,428.07303,8.248383,15.735718,0.055870503,1,-1,-1
189.23059,340.38623,22.119339,37.02896,0.05585602,1,-1,-1
874.3416,486.64456,14.19281,30.382416,0.05583498,1,-1,-1
493.83875,416.57587,23.218384,43.185577,0.055822372,1,-1,-1
1163.3845,161.79407,12.620972,26.484192,0.055818766,1,-1,-1
661.20996,628.3714,7.837158,18.980286,0.055773973,1,-1,-1
902.6204,502.09558,8.757874,20.410767,0.055507094,1,-1,-1
1063.2573,88.36625,16.026611,25.720497,0.055442005,4,-1,-1
552.65405,621.88586,8.079651,14.903503,0.055395782,1,-1,-1
901.04987,498.2472,14.306335,26.533203,0.05529183,10,-1,-1
1099.2284,97.04867,27.91211,19.664673,0.055185586,10,-1,-1
585.32916,605.63416,28.486938,37.25946,0.05514568,1,-1,-1
678.0787,617.37756,12.942993,26.208252,0.055087417,10,-1,-1
1319.1731,245.82448,80.34766,107.4438,0.05492294,5,-1,-1
585.3118,612.85614,19.292114,35.794495,0.0548667,4,-1,-1
1275.6808,660.87366,37.569824,57.71576,0.05481991,1,-1,-1
1326.1809,659.66644,52.4187,53.989197,0.05481565,1,-1,-1
1261.939,191.59143,40.615356,40.74707,0.054810643,4,-1,-1
1282.687,0.0,20.41687,32.036083,0.054653704,4,-1,-1
764.3516,216.19736,26.498901,64.21927,0.05463901,2,-1,-1
534.7894,615.6876,21.422913,33.498047,0.05463192,3,-1,-1
588.3933,617.7946,21.71283,27.217468,0.054477006,1,-1,-1
1131.8628,753.75134,16.34253,31.179565,0.054468423,2,-1,-1
153.42348,99.60155,28.798035,39.19168,0.05432719,4,-1,-1
205.43906,488.4725,18.820877,35.351593,0.054142326,2,-1,-1
1208.8114,182.12784,15.735596,18.057526,0.05413735,10,-1,-1
222.59277,507.42044,42.380768,45.642853,0.054112047,8,-1,-1
0.0,177.61694,11.696825,21.316544,0.054102004,1,-1,-1
751.94836,597.0903,17.477173,32.595703,0.05394593,1,-1,-1
709.0133,337.16257,18.132507,37.526978,0.053943723,3,-1,-1
195.43196,479.2244,50.029297,60.081024,0.053816676,3,-1,-1
0.0,107.8874,25.087305,33.453804,0.05363226,10,-1,-1
117.11007,558.1101,30.506828,62.079895,0.053526998,10,-1,-1
584.80756,626.6954,20.884827,29.114807,0.05352065,4,-1,-1
771.69086,688.2543,22.650696,52.324158,0.053418428,1,-1,-1
651.274,63.748383,20.118164,17.004356,0.05336708,2,-1,-1
231.4858,502.32303,18.838974,32.89798,0.053363144,1,-1,-1
560.1124,615.0217,43.835022,39.374817,0.053328216,3,-1,-1
1236.1521,179.32875,13.803955,27.280396,0.05324176,1,-1,-1
1157.8829,438.981,15.244751,27.264435,0.053094834,4,-1,-1
717.0069,344.17914,8.367859,16.384796,0.053005487,1,-1,-1
0.0,656.9078,111.84692,130.63617,0.052985042,4,-1,-1
227.69444,523.9198,17.679306,26.506775,0.0529162,1,-1,-1
796.8267,705.0077,27.372131,49.253845,0.052909195,1,-1,-1
676.559,626.22034,7.810486,18.46875,0.052741557,1,-1,-1
1213.6732,172.77446,15.358765,17.349014,0.052613705,2,-1,-1
770.26086,719.94165,19.297852,48.324707,0.052560866,2,-1,-1
1317.526,667.95386,34.930298,47.77838,0.05256012,2,-1,-1
657.7324,12.411488,14.755676,16.449665,0.052555293,1,-1,-1
1039.4847,0.0,30.257812,9.346961,0.0525378,10,-1,-1
588.58167,634.03674,23.781921,26.728699,0.05239728,1,-1,-1
719.3175,344.61707,7.515503,15.411163,0.05200869,2,-1,-1
654.95575,606.3113,8.15802,17.012573,0.05200824,1,-1,-1
224.30653,523.7928,34.37224,36.75177,0.051982492,10,-1,-1
685.86975,617.5273,14.160767,24.798096,0.051867217,1,-1,-1
226.16469,486.5537,21.037338,33.84857,0.051799804,3,-1,-1
621.97107,78.68453,7.7581177,16.154404,0.05171597,1,-1,-1
611.3678,345.18777,16.012085,20.965088,0.0514265,1,-1,-1
645.12994,603.80286,26.60022,47.699707,0.05141473,10,-1,-1
1338.3726,671.18054,15.936523,35.240967,0.05130285,1,-1,-1
1103.6078,102.1786,31.918213,18.331818,0.0512847,10,-1,-1
377.96805,280.3255,13.964386,17.307495,0.051223576,1,-1,-1
661.90295,606.9285,7.9249268,18.336853,0.051122695,1,-1,-1
276.93625,191.62823,12.37616,19.05455,0.05108902,1,-1,-1
535.71466,617.016,19.704468,31.496826,0.05107087,2,-1,-1
588.3933,617.7946,21.71283,27.217468,0.05103451,2,-1,-1
241.49556,509.41943,24.885696,41.888794,0.051003844,3,-1,-1
655.266,604.3882,13.2907715,20.651978,0.050984442,2,-1,-1
581.2897,621.86224,31.139282,45.883606,0.05097705,10,-1,-1
1194.2257,492.33154,15.737427,33.15204,0.05093676,1,-1,-1
986.3035,243.09927,35.60663,86.4075,0.050736934,4,-1,-1
1213.9716,181.12709,14.692627,27.952087,0.05069822,1,-1,-1
747.2394,578.23376,29.935425,51.498474,0.05066386,4,-1,-1
589.7931,630.6557,19.68103,19.03302,0.050636142,3,-1,-1
1068.0082,94.4457,13.374023,18.490028,0.050614655,1,-1,-1
1066.2592,91.992,9.684448,19.01793,0.05056864,2,-1,-1
0.0,468.23608,87.56521,147.55902,0.050468177,5,-1,-1
917.9138,714.95966,16.217468,41.080505,0.050399512,1,-1,-1
805.5473,731.77826,14.326294,34.396545,0.050395697,1,-1,-1
1219.1207,179.62968,8.039673,15.000595,0.050344348,2,-1,-1
707.3636,335.6815,12.728149,25.03302,0.0502764,1,-1,-1
1368.7776,649.78015,22.977417,39.929077,0.05027634,2,-1,-1
1391.4641,497.58917,8.056641,21.65686,0.050263375,1,-1,-1
507.53232,765.52966,22.237762,22.014282,0.050191224,10,-1,-1
1212.3622,185.86087,9.28479,15.050934,0.050175667,2,-1,-1
396.01645,519.2767,8.648163,17.471191,0.050144047,1,-1,-1
582.9303,623.37646,24.083557,17.638489,0.05012569,3,-1,-1
658.18524,597.8793,15.7265625,24.329407,0.050059706,3,-1,-1
915.8515,700.07886,13.615906,32.165466,0.05004877,2,-1,-1
127.5921,414.5687,14.043564,25.0802,0.050023407,2,-1,-1
1349.8171,655.61993,30.106934,41.997437,0.05001518,1,-1,-1
