0.33944163,3.549604,60.741203,53.49801,1.0,4,-1,-1
395.59174,133.91905,77.16049,56.729034,1.0,4,-1,-1
661.47284,269.0107,84.58661,61.60559,0.9999995,4,-1,-1
850.3416,869.68585,96.72284,79.04401,0.9999994,4,-1,-1
543.5203,532.88965,86.87958,68.293884,0.9999976,4,-1,-1
989.44147,793.2377,97.94342,70.12378,0.99999505,4,-1,-1
673.1291,904.5501,101.83087,80.591,0.999989,4,-1,-1
599.04254,290.40747,82.251465,70.64987,0.99995154,4,-1,-1
228.9462,355.36182,83.6264,59.85025,0.9998416,4,-1,-1
48.286545,246.76352,81.8701,61.69211,0.99972606,4,-1,-1
0.2091887,202.98433,40.732925,53.259293,0.9984512,4,-1,-1
774.8369,667.30536,95.88641,73.31128,0.99794686,4,-1,-1
888.03986,727.59766,111.41156,81.5578,0.9959345,4,-1,-1
1140.1589,508.4643,86.82849,58.96637,0.9857208,5,-1,-1
960.2914,461.22806,45.875305,41.42206,0.9804475,4,-1,-1
717.90045,792.052,91.518616,90.85492,0.9789001,4,-1,-1
468.7435,175.48766,78.10434,60.59816,0.9257504,5,-1,-1
401.72156,447.77313,132.56628,95.25281,0.8830097,6,-1,-1
1141.0339,506.2194,86.998535,61.702423,0.8417257,4,-1,-1
674.522,598.1451,47.13025,61.02246,0.7787795,7,-1,-1
704.3525,626.7032,117.92212,72.76526,0.7303496,6,-1,-1
595.6959,1002.8762,98.76666,45.81128,0.68508494,4,-1,-1
647.39764,166.87808,34.740723,35.057434,0.5079507,4,-1,-1
94.50434,310.626,53.56658,33.29007,0.5078798,4,-1,-1
562.88074,956.0341,38.081604,23.491882,0.505496,3,-1,-1
506.51016,305.0359,32.885895,29.74878,0.4381512,10,-1,-1
512.5871,995.15967,47.872986,35.743896,0.41086316,1,-1,-1
276.8749,642.1366,28.788391,32.339172,0.40984404,1,-1,-1
341.5077,560.4827,32.817444,29.094666,0.39014837,1,-1,-1
578.9065,609.8313,43.497925,44.633484,0.3834669,3,-1,-1
218.67989,628.7554,33.004745,32.563538,0.3446092,1,-1,-1
283.735,649.42267,29.479218,30.645569,0.32374102,1,-1,-1
916.5157,413.60373,32.648193,31.722198,0.31614548,7,-1,-1
1088.5139,442.69476,40.227295,25.957,0.30598095,10,-1,-1
468.70444,175.41264,78.01364,62.913086,0.2867072,4,-1,-1
510.03177,898.2706,28.124054,42.37329,0.25813887,1,-1,-1
917.77484,413.32297,31.22931,31.714386,0.25342268,8,-1,-1
511.11017,292.10788,27.309875,39.71234,0.24846715,2,-1,-1
653.6642,721.3223,26.063782,38.42169,0.24164736,1,-1,-1
917.77484,413.32297,31.22931,31.714386,0.23695067,10,-1,-1
478.9369,639.1139,40.127747,34.951843,0.21115273,10,-1,-1
192.89122,21.428455,36.917435,34.860527,0.20924246,10,-1,-1
514.40485,996.6384,46.800293,34.741455,0.19683349,10,-1,-1
432.02286,621.13214,32.355774,31.225647,0.19654232,1,-1,-1
311.9004,146.16412,29.809937,29.84311,0.19521675,1,-1,-1
1021.116,853.5042,19.959167,48.72632,0.18925214,1,-1,-1
843.05066,328.37488,38.001465,22.827087,0.18067312,10,-1,-1
358.94867,228.52759,33.840515,29.429352,0.1763942,10,-1,-1
1082.7437,434.60593,35.69226,28.389374,0.171924,10,-1,-1
1270.4084,479.00848,32.490234,35.35211,0.17110461,1,-1,-1
358.94867,228.52759,33.840515,29.429352,0.16144517,1,-1,-1
478.9369,639.1139,40.127747,34.951843,0.16031292,1,-1,-1
311.02087,144.58028,27.35382,32.092926,0.15964124,2,-1,-1
674.08954,600.70557,45.789,59.096436,0.1539653,8,-1,-1
0.8600597,507.5297,25.129326,35.18155,0.152897,1,-1,-1
218.67989,628.7554,33.004745,32.563538,0.15199283,2,-1,-1
192.76514,21.293623,36.187164,35.04576,0.14694083,1,-1,-1
648.5622,169.18492,36.254517,36.94211,0.14482939,10,-1,-1
717.42706,624.9848,138.39801,112.071655,0.14215559,6,-1,-1
94.69998,310.6287,54.215576,33.08716,0.13649133,10,-1,-1
1010.91516,862.0332,34.540894,33.602478,0.13452992,1,-1,-1
913.9243,446.9284,34.13867,34.415497,0.1333367,10,-1,-1
673.88293,597.7435,41.451904,58.212524,0.13282499,1,-1,-1
703.8203,624.7215,103.486694,74.61902,0.13143596,4,-1,-1
698.56696,766.952,33.92041,27.97931,0.13119826,10,-1,-1
799.4851,341.3952,29.437927,29.979675,0.1305576,10,-1,-1
511.11017,292.10788,27.309875,39.71234,0.13020876,1,-1,-1
672.87146,596.27856,34.58893,51.538208,0.12860364,2,-1,-1
514.40485,996.6384,46.800293,34.741455,0.12534553,4,-1,-1
404.86298,444.01028,132.18726,123.542755,0.12466714,5,-1,-1
1087.8274,441.84738,40.46631,26.211456,0.12012765,3,-1,-1
311.9004,146.16412,29.809937,29.84311,0.11904457,10,-1,-1
191.37602,20.676361,35.19493,35.933357,0.116776735,2,-1,-1
437.19882,763.1603,35.218903,27.88617,0.11618185,10,-1,-1
31.346615,528.6456,28.054722,40.95099,0.114843965,1,-1,-1
841.687,323.35526,37.04132,24.720001,0.114807695,1,-1,-1
694.5292,758.6142,29.76532,33.15204,0.11380538,10,-1,-1
506.51016,305.0359,32.885895,29.74878,0.11307186,3,-1,-1
494.091,69.57992,41.37274,30.08957,0.11244342,4,-1,-1
1092.8424,435.60837,42.174072,27.28711,0.11184636,10,-1,-1
23.14024,529.44995,24.636318,43.63092,0.111665875,1,-1,-1
507.11774,917.91486,26.985413,42.38452,0.11139467,1,-1,-1
936.7266,399.21753,41.687744,28.75821,0.11058915,8,-1,-1
513.0901,288.8356,26.888794,42.14624,0.10985786,10,-1,-1
432.02286,621.13214,32.355774,31.225647,0.10919207,4,-1,-1
358.94867,228.52759,33.840515,29.429352,0.10894227,2,-1,-1
73.025345,215.43178,38.46956,29.869446,0.10801536,1,-1,-1
719.3198,791.77875,89.526794,91.050354,0.10712898,6,-1,-1
266.02985,475.71817,52.26526,19.502228,0.106422424,10,-1,-1
73.79818,420.998,30.473587,29.12387,0.106140316,1,-1,-1
511.09238,294.17236,27.5195,38.14859,0.10577226,7,-1,-1
59.323128,359.13144,36.524788,30.426178,0.10536122,3,-1,-1
888.4834,730.0859,107.163086,77.91736,0.10518524,5,-1,-1
800.4879,337.13663,25.545593,33.11737,0.10458282,1,-1,-1
0.64137226,518.9652,23.710854,39.651794,0.10435927,1,-1,-1
574.972,882.768,33.15088,27.317444,0.10279423,1,-1,-1
399.59515,447.72116,134.89899,96.7272,0.10274312,4,-1,-1
500.44077,931.62683,29.935028,34.24231,0.10249561,1,-1,-1
326.31152,52.09521,31.981049,29.360584,0.10136181,10,-1,-1
404.0489,443.80566,24.893951,41.021393,0.10007268,1,-1,-1
31.346615,528.6456,28.054722,40.95099,0.09967238,2,-1,-1
218.67989,628.7554,33.004745,32.563538,0.0994108,10,-1,-1
910.69604,445.95172,27.597717,37.765045,0.09932265,1,-1,-1
23.537466,529.8087,26.761427,41.664062,0.09903428,2,-1,-1
440.8002,482.7545,30.708374,50.987885,0.09711823,1,-1,-1
297.59854,322.85416,34.227783,32.140167,0.0968225,1,-1,-1
800.4879,337.13663,25.545593,33.11737,0.096781164,8,-1,-1
910.69604,445.95172,27.597717,37.765045,0.095630646,2,-1,-1
916.5157,413.60373,32.648193,31.722198,0.09394294,3,-1,-1
192.89122,21.428455,36.917435,34.860527,0.09100342,8,-1,-1
842.71124,328.77774,37.80072,22.351257,0.09052789,8,-1,-1
1280.7532,468.7923,27.523315,42.556305,0.09039828,1,-1,-1
719.3198,791.77875,89.526794,91.050354,0.08855814,9,-1,-1
297.59854,322.85416,34.227783,32.140167,0.08835977,10,-1,-1
37.725613,524.10016,28.185085,37.370544,0.08785623,1,-1,-1
114.186,0.26739755,45.237144,21.857328,0.087258846,10,-1,-1
913.0895,446.30563,35.601807,33.411957,0.086230576,7,-1,-1
33.96351,337.70572,22.222523,39.493744,0.08577967,1,-1,-1
917.77484,413.32297,31.22931,31.714386,0.08508003,4,-1,-1
647.39764,166.87808,34.740723,35.057434,0.08487585,7,-1,-1
506.51016,305.0359,32.885895,29.74878,0.08439261,8,-1,-1
266.02985,475.71817,52.26526,19.502228,0.08273804,3,-1,-1
429.95596,501.42337,32.548462,35.507233,0.08259934,1,-1,-1
432.02286,621.13214,32.355774,31.225647,0.08229086,10,-1,-1
1273.0221,463.02478,23.563232,41.449615,0.081803024,1,-1,-1
563.00824,955.94336,38.243713,23.531677,0.08175507,1,-1,-1
936.7266,399.21753,41.687744,28.75821,0.08170611,10,-1,-1
1016.85785,1006.4823,34.822693,29.70105,0.0815272,10,-1,-1
679.1919,598.45294,41.285828,60.002625,0.08151215,2,-1,-1
1339.7174,573.9235,42.30298,25.984253,0.08149606,1,-1,-1
920.95825,401.05225,33.198242,33.884155,0.0802325,8,-1,-1
807.20105,497.14206,34.376343,25.498383,0.07917693,1,-1,-1
114.186,0.26739755,45.237144,21.857328,0.07842916,7,-1,-1
913.5902,424.26428,34.65631,32.992188,0.07781869,7,-1,-1
887.6822,727.9038,111.6626,82.20349,0.07776573,6,-1,-1
653.6642,721.3223,26.063782,38.42169,0.07729468,2,-1,-1
359.19614,230.84827,35.59198,27.725616,0.077245384,8,-1,-1
671.39417,597.30664,40.26129,39.815674,0.077233106,7,-1,-1
913.0895,446.30563,35.601807,33.411957,0.07676825,3,-1,-1
478.9369,639.1139,40.127747,34.951843,0.07629895,3,-1,-1
647.39764,166.87808,34.740723,35.057434,0.075423986,3,-1,-1
308.35483,133.27797,26.26712,38.34706,0.07498625,1,-1,-1
579.44464,609.4451,40.078796,44.21527,0.074896455,1,-1,-1
454.8123,482.90573,26.655396,48.979645,0.07470992,1,-1,-1
839.07947,331.1764,38.68524,26.348267,0.07469231,1,-1,-1
1014.8156,859.94006,31.464417,35.589783,0.07424137,2,-1,-1
360.09335,229.95271,33.46042,28.133224,0.073593765,3,-1,-1
653.9437,722.3872,25.556458,38.111206,0.07327083,10,-1,-1
918.4683,412.79706,30.964233,32.175568,0.0731681,1,-1,-1
490.11264,71.551674,42.62625,29.050331,0.07314041,10,-1,-1
684.148,752.96674,33.22223,29.573242,0.072953045,10,-1,-1
668.7901,599.26324,56.786865,64.65485,0.07282215,4,-1,-1
112.446,395.0977,37.310272,25.390839,0.07270244,3,-1,-1
503.71756,309.65286,36.536896,26.784973,0.07216394,7,-1,-1
512.3932,995.9671,49.716187,35.170227,0.07039839,8,-1,-1
799.4851,341.3952,29.437927,29.979675,0.0699355,3,-1,-1
578.9962,609.8403,43.798706,45.018005,0.06943402,10,-1,-1
1349.0554,525.7773,48.197876,73.17047,0.069167495,1,-1,-1
841.687,323.35526,37.04132,24.720001,0.069123834,2,-1,-1
403.32407,446.0706,131.42776,128.06747,0.06912127,9,-1,-1
1085.2555,433.58838,39.70569,27.015533,0.06854576,3,-1,-1
594.88605,1000.50446,98.962524,48.183044,0.06787509,1,-1,-1
114.186,0.26739755,45.237144,21.857328,0.06781313,8,-1,-1
512.3932,995.9671,49.716187,35.170227,0.06773743,2,-1,-1
805.6262,249.18802,32.643494,28.075378,0.067705125,10,-1,-1
1088.5139,442.69476,40.227295,25.957,0.067414135,8,-1,-1
1008.2186,1019.8128,33.14807,28.874695,0.06737074,10,-1,-1
306.89508,324.9914,34.422607,33.835907,0.0668647,1,-1,-1
503.7598,991.2039,43.553253,34.642395,0.0653353,1,-1,-1
944.66174,399.5997,43.671814,28.707275,0.064876705,1,-1,-1
265.9389,474.38287,50.10721,20.722412,0.0648019,1,-1,-1
539.3539,115.98176,37.873047,28.640297,0.06381735,10,-1,-1
841.1485,309.19736,33.358765,27.452545,0.063565046,1,-1,-1
311.02087,144.58028,27.35382,32.092926,0.06341958,3,-1,-1
192.89122,21.428455,36.917435,34.860527,0.063090295,3,-1,-1
114.186,0.26739755,45.237144,21.857328,0.06255588,3,-1,-1
1084.1089,439.80887,36.466553,28.352966,0.06241235,1,-1,-1
208.56964,19.533056,32.571487,35.730415,0.062241197,10,-1,-1
668.7901,599.26324,56.786865,64.65485,0.06216666,6,-1,-1
915.2945,449.5691,40.156433,31.69162,0.061821163,2,-1,-1
698.6109,768.1028,37.874756,27.894714,0.061642647,4,-1,-1
357.01666,470.9986,23.59961,44.194153,0.06070426,1,-1,-1
326.31152,52.09521,31.981049,29.360584,0.06007144,1,-1,-1
515.6398,886.5879,26.403442,41.698547,0.05961448,1,-1,-1
0.8600597,507.5297,25.129326,35.18155,0.059586555,2,-1,-1
112.16168,397.9532,39.211258,24.732483,0.05945155,10,-1,-1
842.71124,328.77774,37.80072,22.351257,0.059236467,3,-1,-1
936.7266,399.21753,41.687744,28.75821,0.05899024,7,-1,-1
73.025345,215.43178,38.46956,29.869446,0.058295816,4,-1,-1
785.79987,727.0769,43.763,37.90576,0.058181524,1,-1,-1
208.56964,19.533056,32.571487,35.730415,0.05746624,1,-1,-1
915.17346,418.7275,29.752747,36.254883,0.057319164,2,-1,-1
595.6959,1002.8762,98.76666,45.81128,0.05669102,5,-1,-1
37.725613,524.10016,28.185085,37.370544,0.056589752,2,-1,-1
704.32275,624.7288,102.424194,73.6983,0.056526005,7,-1,-1
468.7435,175.48766,78.10434,60.59816,0.056031615,9,-1,-1
366.33618,213.13841,29.130096,39.719482,0.055976182,1,-1,-1
73.025345,215.43178,38.46956,29.869446,0.055975646,10,-1,-1
421.00412,479.60962,32.59488,55.57831,0.055933207,1,-1,-1
1276.6442,461.40347,30.186401,34.708313,0.05570689,1,-1,-1
0.64137226,518.9652,23.710854,39.651794,0.05543846,2,-1,-1
427.7615,473.33688,36.02771,53.482025,0.055366814,1,-1,-1
497.9968,314.14468,41.88736,26.508728,0.054994404,10,-1,-1
595.6977,1000.9048,99.11084,47.782715,0.054769218,10,-1,-1
338.46353,12.491389,34.33377,36.696808,0.054710597,10,-1,-1
1088.0094,442.69617,39.769775,26.045929,0.053937018,7,-1,-1
574.8875,883.5815,35.406067,25.99231,0.053463012,3,-1,-1
660.4458,298.58923,31.382812,43.744507,0.053001225,1,-1,-1
24.62228,335.06232,25.299591,38.433655,0.052940667,1,-1,-1
511.11017,292.10788,27.309875,39.71234,0.05278933,4,-1,-1
805.6262,249.18802,32.643494,28.075378,0.05234632,8,-1,-1
669.7755,594.37274,32.726624,43.67279,0.052152157,1,-1,-1
0.0,510.14862,25.95476,33.7713,0.052028656,4,-1,-1
945.51843,399.4718,42.035522,29.310059,0.051947385,4,-1,-1
719.3198,791.77875,89.526794,91.050354,0.051924765,5,-1,-1
704.4883,624.9653,125.835144,78.28613,0.05182928,5,-1,-1
507.9036,72.141754,34.568268,32.274773,0.051791847,4,-1,-1
478.86615,639.4446,39.825256,34.359375,0.051512033,2,-1,-1
324.40982,55.127327,33.174255,26.418465,0.051347226,3,-1,-1
505.13586,306.9492,34.41162,28.075867,0.051095694,1,-1,-1
688.1689,755.23486,29.041992,32.358826,0.051070035,1,-1,-1
1008.2186,1019.8128,33.14807,28.874695,0.050908953,1,-1,-1
923.1336,403.7139,29.11084,36.304962,0.050884128,7,-1,-1
10.679483,513.8957,27.648806,39.297974,0.050700426,1,-1,-1
1023.9044,859.22784,32.76819,35.224792,0.0505825,1,-1,-1
404.89728,440.69403,23.920624,39.94763,0.050547987,2,-1,-1
805.6262,249.18802,32.643494,28.075378,0.050529927,4,-1,-1
695.11957,758.2466,28.47351,35.52472,0.050494075,1,-1,-1
800.4879,337.13663,25.545593,33.11737,0.050448596,2,-1,-1
