604.4315,455.27023,12.9314575,24.950531,0.78852606,1,-1,-1
380.01886,248.26149,10.338745,22.122757,0.7869735,1,-1,-1
593.30457,456.6943,12.194824,26.154297,0.78210413,1,-1,-1
545.52374,308.07245,11.384277,25.2294,0.77592176,1,-1,-1
406.79944,268.19296,10.68222,23.178802,0.77401686,1,-1,-1
531.8341,300.1254,11.18042,21.172241,0.76696444,1,-1,-1
397.37582,265.408,10.792694,22.486206,0.6029223,1,-1,-1
403.75342,181.8546,11.349945,23.925049,0.595043,1,-1,-1
201.5229,61.610786,12.735062,18.58989,0.54824567,1,-1,-1
97.59787,358.9012,46.55768,39.01239,0.44290993,10,-1,-1
609.8167,249.35483,16.76709,51.42508,0.39298433,1,-1,-1
684.86426,305.20697,10.09137,23.394836,0.38467747,1,-1,-1
56.8238,298.21234,31.39534,32.17639,0.36021715,1,-1,-1
328.87662,353.71423,17.000305,25.94223,0.3403265,1,-1,-1
192.30965,368.30423,42.489944,27.997131,0.34008843,10,-1,-1
511.18378,169.08452,18.964111,32.06639,0.33728817,1,-1,-1
316.08368,354.49927,14.229889,22.578949,0.3223222,1,-1,-1
438.85077,169.85046,14.788788,30.860245,0.31779966,1,-1,-1
80.418625,363.56418,58.607925,44.961456,0.3118832,10,-1,-1
0.0,655.2849,36.50088,49.543823,0.28668675,1,-1,-1
954.1823,475.6739,9.837891,17.167664,0.28492865,1,-1,-1
43.556175,367.2718,46.28463,28.404938,0.27520925,1,-1,-1
316.7416,362.62097,10.399933,13.972412,0.26626456,1,-1,-1
27.60398,310.18054,36.832558,37.234528,0.26348513,1,-1,-1
315.0949,172.56781,24.305054,25.887375,0.25188434,2,-1,-1
391.27145,138.70341,16.175323,27.57074,0.24584466,2,-1,-1
32.897434,362.38705,34.285778,22.71811,0.24285808,1,-1,-1
0.0,454.43198,31.761017,30.614563,0.24247986,1,-1,-1
318.8905,354.39694,10.085876,11.821777,0.24125561,1,-1,-1
56.8238,298.21234,31.39534,32.17639,0.2406146,2,-1,-1
401.87698,269.07837,8.13205,18.76239,0.24006423,1,-1,-1
315.19882,354.94952,26.25592,26.64505,0.23163432,1,-1,-1
142.6976,330.27847,25.498764,25.176086,0.22718173,1,-1,-1
476.78638,159.27458,17.77124,36.500473,0.22312766,1,-1,-1
391.21368,138.26491,16.425446,28.117828,0.22192997,1,-1,-1
79.77538,370.98413,33.876846,34.286377,0.22068378,10,-1,-1
42.520935,366.81406,47.767876,29.166473,0.21719483,10,-1,-1
764.2484,666.53906,10.334473,19.821533,0.21333045,1,-1,-1
953.5775,475.24146,10.839172,17.717712,0.21014386,10,-1,-1
461.99368,160.95699,14.794098,37.69333,0.20742771,1,-1,-1
547.4315,562.24695,15.752686,30.564758,0.20610318,1,-1,-1
519.11255,527.1674,14.798645,30.140503,0.2038824,1,-1,-1
604.55707,244.41302,10.772583,27.604218,0.20341182,1,-1,-1
870.05457,711.51825,7.84906,15.776123,0.201321,2,-1,-1
0.0,428.58643,30.23902,26.082214,0.19650951,10,-1,-1
78.161766,291.69318,32.97062,24.849335,0.19609362,1,-1,-1
404.89352,149.74677,18.759674,19.465714,0.19472408,10,-1,-1
868.36304,709.5694,10.640076,20.118347,0.19369486,1,-1,-1
142.45262,330.294,26.082886,25.399902,0.188988,2,-1,-1
313.705,170.94293,17.710938,19.323486,0.18845958,2,-1,-1
0.0,428.40204,31.994516,26.549896,0.18823212,1,-1,-1
954.2642,475.60883,9.611816,17.340393,0.18782312,2,-1,-1
330.77518,180.30981,14.95752,15.283752,0.17858365,2,-1,-1
0.0,229.6791,37.072662,27.725143,0.17639616,1,-1,-1
27.35421,311.39886,37.0754,35.074005,0.17591524,2,-1,-1
390.7323,138.31285,17.838715,28.40947,0.17588288,10,-1,-1
609.8167,249.35483,16.76709,51.42508,0.17270812,10,-1,-1
868.29364,709.49994,10.595642,20.08966,0.1714777,10,-1,-1
0.0,229.6791,37.072662,27.725143,0.17040625,4,-1,-1
486.61194,154.41965,14.7256775,34.339508,0.1695911,1,-1,-1
507.15207,150.76256,19.66269,40.74794,0.16808417,1,-1,-1
610.4082,252.08482,12.568054,32.27446,0.16570678,1,-1,-1
313.9508,171.97372,18.120575,25.152512,0.16549432,1,-1,-1
0.0,454.4576,31.13488,30.808746,0.1648812,4,-1,-1
521.3164,540.2812,9.916504,16.56128,0.164803,1,-1,-1
711.2616,304.86618,13.582153,31.412354,0.16293037,1,-1,-1
1048.6958,675.93585,18.832764,27.318481,0.1611512,1,-1,-1
455.1943,160.95718,15.636322,38.14714,0.15979096,1,-1,-1
325.9195,364.84753,9.464233,14.003174,0.1580807,1,-1,-1
320.87308,177.97768,24.66983,20.794403,0.15747687,2,-1,-1
491.70316,150.70334,17.665985,33.608994,0.15470076,1,-1,-1
80.24761,295.17883,28.326126,19.35434,0.15465626,2,-1,-1
56.10271,297.8939,33.128925,32.375793,0.1531876,10,-1,-1
397.94275,143.18214,27.573242,27.797348,0.1512649,10,-1,-1
155.92618,343.85886,26.604858,30.247711,0.15045887,10,-1,-1
536.7598,532.42993,13.753479,23.852783,0.15022025,1,-1,-1
27.188248,310.2043,36.893547,37.361847,0.14987883,10,-1,-1
156.19458,343.91116,26.291199,30.143616,0.14595649,1,-1,-1
712.62915,303.8969,18.086304,44.44217,0.14421636,1,-1,-1
405.30734,149.97258,18.222382,18.999481,0.14378414,2,-1,-1
511.22406,168.39853,18.710815,33.201538,0.14330688,2,-1,-1
333.7912,354.03513,11.159485,18.504944,0.14201018,1,-1,-1
30.7368,360.75433,43.12561,27.21988,0.14102343,10,-1,-1
0.0,454.43198,31.761017,30.614563,0.1407817,10,-1,-1
203.17026,64.377846,14.779022,23.07515,0.14061475,1,-1,-1
187.34694,0.0,8.0164795,14.3567505,0.14027914,10,-1,-1
438.85077,169.85046,14.788788,30.860245,0.13935891,2,-1,-1
610.7974,254.08269,15.542114,48.406662,0.13641629,2,-1,-1
548.3035,10.741005,7.475708,16.962008,0.13415778,1,-1,-1
870.5353,713.12994,6.714966,13.945862,0.13273376,1,-1,-1
0.0,229.12715,37.61049,28.564255,0.13267058,10,-1,-1
83.83668,217.44592,12.811043,9.678711,0.13243166,1,-1,-1
192.0302,368.8354,43.155136,27.169556,0.13164681,1,-1,-1
313.778,173.04123,29.715454,30.40036,0.13077703,1,-1,-1
871.2492,712.2039,5.7836304,10.299438,0.13055605,2,-1,-1
611.243,267.7371,12.674805,33.555023,0.13003412,1,-1,-1
412.48438,152.26897,10.498383,14.76561,0.12977505,2,-1,-1
764.2484,666.53906,10.334473,19.821533,0.12973115,10,-1,-1
5.5304523,9.125389,112.75047,67.57944,0.12967905,6,-1,-1
596.0871,455.75845,15.321594,27.39859,0.12851134,1,-1,-1
950.32294,474.9038,15.851685,21.662476,0.12752804,1,-1,-1
0.0,428.9,29.255205,25.948212,0.12687609,2,-1,-1
604.23505,244.12312,11.779541,29.41475,0.12640941,10,-1,-1
0.0,308.4299,23.62288,30.174377,0.1251935,1,-1,-1
681.8933,301.9136,17.397888,28.550995,0.12446377,1,-1,-1
475.13293,158.08405,16.946472,35.898193,0.12431827,2,-1,-1
124.351494,314.19174,31.27636,28.707214,0.12376356,1,-1,-1
43.86569,374.29,31.021595,19.155579,0.12360203,1,-1,-1
321.2318,364.6516,10.337921,13.770752,0.12184802,1,-1,-1
47.105606,361.61212,34.73043,26.313599,0.12151417,1,-1,-1
532.0007,300.07913,10.840576,21.211945,0.120016634,2,-1,-1
0.0,428.71802,31.010765,25.650848,0.119632095,3,-1,-1
538.40955,540.32294,9.865662,16.25055,0.119157344,1,-1,-1
312.63947,170.77231,15.877747,17.674896,0.117789894,1,-1,-1
0.0,307.89346,24.084215,32.45511,0.11707646,10,-1,-1
320.87308,177.97768,24.66983,20.794403,0.11686954,1,-1,-1
391.05505,139.02644,16.768463,27.085464,0.11572254,3,-1,-1
461.99368,160.95699,14.794098,37.69333,0.1156123,2,-1,-1
461.99368,160.95699,14.794098,37.69333,0.115603834,10,-1,-1
114.62917,301.16788,30.39289,28.325378,0.115095794,1,-1,-1
533.0135,538.2226,8.54187,17.00055,0.112994134,1,-1,-1
80.25504,294.7982,28.745422,19.936035,0.11297646,10,-1,-1
41.82062,364.66907,47.326054,30.62207,0.11285958,3,-1,-1
314.02274,172.851,28.279114,28.713303,0.11045286,10,-1,-1
405.0707,151.21019,18.708313,19.450607,0.110429764,7,-1,-1
327.4831,359.69855,13.417603,19.253906,0.11030486,1,-1,-1
527.35956,0.0,7.876831,12.994871,0.10990766,1,-1,-1
407.4301,268.3984,5.8686523,16.157318,0.10922581,1,-1,-1
379.85098,248.18262,10.249054,22.152252,0.108421296,4,-1,-1
142.94267,330.2812,25.66652,25.067871,0.10836068,10,-1,-1
945.5803,662.8402,8.19873,16.597778,0.107961565,1,-1,-1
396.40338,265.2572,8.010529,18.014404,0.10755125,1,-1,-1
128.6704,0.0,219.0919,90.35101,0.10697767,9,-1,-1
596.62726,455.68704,7.2993774,17.972626,0.106431365,1,-1,-1
616.4805,244.21686,11.937561,28.313324,0.10576686,1,-1,-1
724.2129,304.2012,13.061401,27.841888,0.10541594,1,-1,-1
452.15283,177.95715,12.75827,29.23021,0.105406374,1,-1,-1
0.0,428.40204,31.994516,26.549896,0.10510579,4,-1,-1
407.00284,267.74887,10.4027405,23.307678,0.10464072,2,-1,-1
895.16095,483.79614,6.7041016,12.803162,0.10425308,1,-1,-1
35.271652,363.95688,38.667313,33.07071,0.10344869,1,-1,-1
545.68915,307.98288,11.19519,25.157562,0.10263008,4,-1,-1
472.59515,155.92921,16.005493,37.466507,0.10224867,1,-1,-1
397.94275,143.18214,27.573242,27.797348,0.10187903,3,-1,-1
391.9757,139.99431,11.260956,18.920197,0.101570785,2,-1,-1
94.06112,359.3392,49.67106,42.824432,0.10151905,4,-1,-1
1.3126484,658.694,15.904842,18.779602,0.10140869,1,-1,-1
889.81525,693.2926,14.525696,22.222778,0.100278735,1,-1,-1
406.9016,267.95142,10.511078,23.46872,0.10022265,4,-1,-1
3.6410406,661.2401,10.114004,14.294983,0.10010302,1,-1,-1
490.61935,151.44492,19.055847,31.95282,0.09966245,2,-1,-1
516.2465,175.08202,11.84613,25.555054,0.0994418,1,-1,-1
409.31506,152.97665,10.637482,15.771637,0.09896532,2,-1,-1
605.0979,244.20665,9.447266,17.421463,0.09877196,2,-1,-1
402.0175,181.76505,13.05426,24.015915,0.0987584,2,-1,-1
322.51923,181.11427,23.15628,20.397888,0.09866956,10,-1,-1
44.214603,367.16864,44.837444,28.889069,0.09784916,2,-1,-1
178.49065,0.0,9.39978,13.74205,0.09747395,10,-1,-1
108.28321,360.6447,32.3845,26.146973,0.09744552,10,-1,-1
105.69772,359.94608,36.629776,30.61023,0.09688717,2,-1,-1
610.24084,245.75064,14.614502,31.803497,0.0965313,10,-1,-1
31.953041,368.46588,21.775509,15.864746,0.0961186,1,-1,-1
192.68317,369.39844,42.03131,26.266632,0.09610167,4,-1,-1
1059.4236,486.5645,20.04895,20.197723,0.09601635,10,-1,-1
0.0,652.0995,24.70564,37.0083,0.09560767,1,-1,-1
455.1943,160.95718,15.636322,38.14714,0.095424056,2,-1,-1
156.5303,344.14435,25.315948,29.840607,0.09523547,2,-1,-1
604.23505,244.12312,11.779541,29.41475,0.09477922,3,-1,-1
0.0,308.4299,23.62288,30.174377,0.09460792,4,-1,-1
399.67715,270.60352,6.9351807,17.479553,0.094581336,1,-1,-1
97.59787,358.9012,46.55768,39.01239,0.09447101,3,-1,-1
954.4678,480.52792,7.2437134,10.820648,0.09434596,2,-1,-1
113.77281,285.71973,22.586472,21.084015,0.09421438,2,-1,-1
397.3814,265.72324,10.989685,21.520935,0.094040096,2,-1,-1
99.85545,358.9078,44.11789,37.279266,0.09395689,1,-1,-1
532.0007,300.07913,10.840576,21.211945,0.09393394,4,-1,-1
610.6497,250.16531,15.621948,49.811127,0.09378746,3,-1,-1
404.89352,149.74677,18.759674,19.465714,0.093768865,3,-1,-1
176.57877,0.0,9.108475,14.936224,0.093239844,1,-1,-1
450.7694,158.15408,14.229065,33.623672,0.09291819,1,-1,-1
0.0,454.89188,30.973782,30.116486,0.09241533,2,-1,-1
0.0,430.4868,17.275688,19.733124,0.092110574,10,-1,-1
532.98883,527.7484,21.569946,30.5896,0.09181881,1,-1,-1
605.234,243.83945,9.088745,16.630371,0.091814935,1,-1,-1
392.32297,146.5354,11.1409,19.299896,0.0917823,2,-1,-1
32.897434,362.38705,34.285778,22.71811,0.09172377,2,-1,-1
486.15976,158.3992,14.088135,32.536118,0.09170672,2,-1,-1
546.9492,3.3186445,9.634094,20.070908,0.09150785,1,-1,-1
616.4805,244.21686,11.937561,28.313324,0.09139305,10,-1,-1
0.0,308.8821,23.090103,28.751709,0.091254234,2,-1,-1
1023.3868,0.0,233.6463,84.192924,0.090946645,4,-1,-1
541.4246,527.8958,10.027954,15.113586,0.090857565,1,-1,-1
80.007866,374.15378,30.91291,30.351044,0.090708226,1,-1,-1
765.3607,669.11145,6.4694214,15.704956,0.08999345,1,-1,-1
1293.9426,320.88107,10.584961,11.841248,0.08922666,1,-1,-1
611.6678,257.0883,11.001587,32.02237,0.08895418,2,-1,-1
125.15729,315.37228,29.854156,26.633453,0.08886796,2,-1,-1
388.04935,136.83228,31.392975,34.32785,0.08841324,10,-1,-1
454.7488,163.78978,14.974609,38.596893,0.08837214,10,-1,-1
400.9806,143.7261,24.817444,28.103973,0.088252544,2,-1,-1
392.23834,139.1444,10.658051,20.074814,0.0878565,1,-1,-1
598.26306,242.71565,21.025208,51.974503,0.08658823,1,-1,-1
111.9846,286.32834,25.567406,23.405273,0.08655986,1,-1,-1
472.3598,158.76538,16.252716,35.97235,0.08634895,10,-1,-1
31.801378,361.4166,39.316765,25.11905,0.08618033,3,-1,-1
438.85077,169.85046,14.788788,30.860245,0.085898936,10,-1,-1
82.56299,359.05127,60.773376,45.78607,0.08574489,7,-1,-1
545.57745,308.23212,11.342346,24.933655,0.08521646,2,-1,-1
1059.4236,486.5645,20.04895,20.197723,0.0851334,1,-1,-1
550.2794,0.0,13.034546,22.772821,0.08499244,1,-1,-1
598.0114,244.06331,22.343018,50.12535,0.084976554,10,-1,-1
55.144295,364.3715,11.317413,12.409943,0.08439347,1,-1,-1
406.76697,268.28683,7.127777,17.516357,0.08432543,2,-1,-1
507.15207,150.76256,19.66269,40.74794,0.08338755,2,-1,-1
8.793681,455.86514,20.90712,22.697266,0.083257824,1,-1,-1
5.5304523,9.125389,112.75047,67.57944,0.082708925,9,-1,-1
1059.6239,781.0716,8.768555,6.472351,0.081642,1,-1,-1
117.79322,306.67352,29.770088,20.190735,0.0815728,2,-1,-1
54.009773,372.08597,34.692154,19.700409,0.08141357,10,-1,-1
56.733845,296.63843,37.0861,31.861877,0.08126119,3,-1,-1
34.762753,359.12195,68.709625,48.525696,0.08078906,10,-1,-1
392.32297,146.5354,11.1409,19.299896,0.080423,1,-1,-1
315.2904,179.86533,17.949066,21.185623,0.08012852,2,-1,-1
489.81863,149.36864,15.824432,35.031372,0.07996285,10,-1,-1
764.71484,666.9002,8.136597,18.244568,0.079832315,2,-1,-1
26.993647,310.29953,36.908745,37.088104,0.07980719,3,-1,-1
548.6551,312.019,6.8324585,19.761139,0.07960093,1,-1,-1
945.67804,662.0514,8.178284,14.911072,0.0795753,2,-1,-1
614.33325,256.38852,14.690674,37.344757,0.07914066,1,-1,-1
616.4805,244.21686,11.937561,28.313324,0.07904628,2,-1,-1
450.88284,168.41153,14.478027,37.470978,0.07889545,10,-1,-1
194.45726,0.0,13.785202,15.792401,0.07876447,4,-1,-1
956.8887,480.9678,7.3078613,10.379211,0.07862109,2,-1,-1
607.23334,455.30835,7.5351562,20.75241,0.078408,1,-1,-1
21.427874,680.0193,18.380697,28.70575,0.07819775,1,-1,-1
90.32838,359.18723,54.512352,43.21396,0.078137696,8,-1,-1
330.77518,180.30981,14.95752,15.283752,0.07797554,1,-1,-1
598.6806,456.5995,8.150513,18.441803,0.077785045,1,-1,-1
612.01794,241.64421,15.43219,39.114456,0.07763511,1,-1,-1
405.30734,149.97258,18.222382,18.999481,0.077409446,1,-1,-1
526.7727,299.0389,19.612854,26.799957,0.077032715,1,-1,-1
0.0,229.12715,37.61049,28.564255,0.076936305,2,-1,-1
618.5017,244.76152,8.659851,18.114151,0.07681331,1,-1,-1
25.581482,359.1245,31.610016,29.407257,0.076319516,1,-1,-1
451.56003,178.54085,15.672546,29.751556,0.076229274,2,-1,-1
0.0,423.52963,26.52316,23.301117,0.07612446,1,-1,-1
311.77457,173.23082,16.29483,24.049805,0.0761008,2,-1,-1
486.61194,154.41965,14.7256775,34.339508,0.07609928,10,-1,-1
80.82561,384.00784,27.343033,22.748413,0.07603416,10,-1,-1
397.94275,143.18214,27.573242,27.797348,0.07587543,7,-1,-1
597.3337,636.4391,74.16937,94.24628,0.075865835,8,-1,-1
61.09405,287.61276,38.857372,37.844696,0.075734496,1,-1,-1
79.25437,367.2809,38.634773,38.814514,0.0756979,3,-1,-1
327.114,184.33705,19.766754,15.739014,0.07557055,2,-1,-1
0.0,429.4602,14.709432,21.155853,0.07543397,2,-1,-1
870.1966,709.3374,8.303284,11.711487,0.07534465,2,-1,-1
132.74368,316.7666,33.2592,35.55197,0.07511994,1,-1,-1
612.09283,255.68167,9.243835,20.871307,0.07502538,1,-1,-1
37.4562,351.10458,57.19432,39.64154,0.074760914,10,-1,-1
18.458057,674.09094,28.1507,38.62555,0.07462919,1,-1,-1
387.83813,135.16208,29.295807,36.196228,0.07439533,1,-1,-1
954.4678,480.52792,7.2437134,10.820648,0.07439232,1,-1,-1
119.82398,314.13962,40.856407,37.2323,0.07426357,10,-1,-1
184.83456,233.75513,17.119476,19.93489,0.073948264,1,-1,-1
514.5951,528.1068,27.638733,32.23584,0.07376328,1,-1,-1
611.7053,271.1691,11.677612,29.550262,0.0737448,2,-1,-1
604.33514,454.89832,12.591736,24.743256,0.073379636,2,-1,-1
73.33223,289.1152,42.678413,30.641144,0.07294306,10,-1,-1
192.0302,368.8354,43.155136,27.169556,0.072713435,3,-1,-1
0.0,450.22375,31.354263,31.748932,0.07249653,3,-1,-1
436.8418,38.8358,10.047913,16.839981,0.07235134,1,-1,-1
213.24548,0.0,27.445663,17.755024,0.07205889,4,-1,-1
604.23505,244.12312,11.779541,29.41475,0.07193515,2,-1,-1
511.52155,169.11038,18.172546,32.019592,0.07155335,10,-1,-1
611.243,267.7371,12.674805,33.555023,0.07149932,10,-1,-1
522.52454,528.1667,10.251648,14.309937,0.070970654,1,-1,-1
410.86774,272.23795,5.7157593,17.50772,0.070500344,1,-1,-1
467.04077,157.37735,16.117004,34.079865,0.07048276,1,-1,-1
614.76965,277.7131,7.786194,20.583252,0.070433855,2,-1,-1
316.1637,353.88974,13.947388,21.748932,0.07008335,2,-1,-1
871.9653,710.9516,8.029785,12.635559,0.07003608,2,-1,-1
330.01086,354.30148,16.139679,24.624847,0.069655985,2,-1,-1
596.0938,456.81223,8.038635,21.683594,0.06964174,2,-1,-1
0.0,430.0348,16.106787,20.520782,0.069455445,1,-1,-1
390.71426,138.59373,18.731812,28.363281,0.06929281,7,-1,-1
953.5206,474.43396,10.954163,18.84845,0.06925085,3,-1,-1
134.3647,319.27115,40.706024,36.875763,0.068998665,10,-1,-1
402.58813,269.71188,7.0474243,17.163086,0.06899127,2,-1,-1
3.9752111,658.265,23.103817,21.752747,0.06877187,1,-1,-1
598.9689,451.73264,16.559448,26.232971,0.06867847,1,-1,-1
412.48438,152.26897,10.498383,14.76561,0.06843886,1,-1,-1
477.29883,155.46931,19.538513,36.84816,0.06841105,10,-1,-1
592.9321,456.66766,12.607727,26.41446,0.06839916,4,-1,-1
388.74692,139.09921,30.08014,30.368286,0.06837171,3,-1,-1
323.06567,353.7881,19.080841,19.791779,0.06821498,1,-1,-1
924.75757,367.88403,11.139221,17.888489,0.06803122,1,-1,-1
79.90421,376.21878,28.913322,27.895752,0.06801182,2,-1,-1
893.57086,483.27902,10.346741,17.41037,0.06791842,1,-1,-1
376.33005,245.40723,18.605988,26.874817,0.06791785,1,-1,-1
63.638546,373.1103,29.233395,23.005829,0.06779045,1,-1,-1
586.359,456.45496,16.372192,28.703735,0.06777072,1,-1,-1
207.345,0.0,17.51094,17.154251,0.06749964,4,-1,-1
767.6216,667.0899,6.4749756,13.567017,0.06748018,1,-1,-1
54.898952,369.63333,33.763012,18.863495,0.06736848,1,-1,-1
113.18268,295.90463,33.497818,35.786102,0.06708795,2,-1,-1
36.458317,318.28833,23.942696,26.627686,0.0669761,2,-1,-1
614.8195,279.5338,8.156677,20.819092,0.0667662,1,-1,-1
536.9617,527.9968,16.146545,19.913086,0.06672984,1,-1,-1
0.0,229.6125,38.023907,28.465225,0.0667049,3,-1,-1
546.5763,563.02057,12.651855,20.318481,0.06661224,1,-1,-1
87.840256,357.82443,57.16635,44.171936,0.066605896,2,-1,-1
314.4642,558.00244,50.760925,41.88965,0.066601515,1,-1,-1
201.67285,61.73442,12.445862,18.356499,0.066449225,2,-1,-1
0.0,4.671424,29.159945,27.671837,0.066399455,4,-1,-1
609.96674,246.24506,15.559021,29.280182,0.06633565,3,-1,-1
176.23083,0.0,15.47374,18.05082,0.06633142,4,-1,-1
86.25689,287.88498,41.75776,24.143799,0.06566,1,-1,-1
50.162537,303.79697,33.049454,37.22055,0.065529406,1,-1,-1
870.92175,716.81964,5.249756,11.836731,0.06550071,2,-1,-1
186.96388,0.0,10.112671,13.924324,0.06547645,4,-1,-1
513.9109,177.67557,15.815247,32.695236,0.06532067,1,-1,-1
333.12057,358.73547,9.3688965,16.786224,0.06519994,1,-1,-1
611.6919,248.77582,11.762207,22.273102,0.064948976,1,-1,-1
52.01146,363.045,17.948547,21.904999,0.06491053,1,-1,-1
956.7045,475.44147,8.143311,12.257233,0.064790845,2,-1,-1
401.57632,183.23796,10.025055,19.871063,0.06476897,1,-1,-1
75.35394,357.1956,45.080574,42.656036,0.06470102,10,-1,-1
450.56174,158.61098,14.743347,31.966553,0.06462413,2,-1,-1
870.5353,713.12994,6.714966,13.945862,0.06458315,10,-1,-1
500.58908,149.15625,16.559967,32.577164,0.06452018,1,-1,-1
0.0,424.10394,38.178448,50.516296,0.06449574,10,-1,-1
315.00284,181.06857,19.98352,19.322037,0.064082146,1,-1,-1
169.2673,82.34969,8.6232605,12.983757,0.063836604,1,-1,-1
315.59155,355.75363,24.662231,25.370789,0.063646704,2,-1,-1
0.0,309.7208,20.27568,17.986053,0.06359032,10,-1,-1
326.13452,178.73615,14.360382,16.639328,0.06349215,2,-1,-1
868.12256,709.3369,10.811829,20.627075,0.06339759,3,-1,-1
400.9806,143.7261,24.817444,28.103973,0.063360065,1,-1,-1
407.37372,268.22113,9.781769,22.692017,0.063076764,3,-1,-1
388.04935,136.83228,31.392975,34.32785,0.06286806,7,-1,-1
598.95905,635.86383,71.56464,97.20044,0.06267923,7,-1,-1
492.32953,161.99095,18.571838,31.475418,0.06266713,1,-1,-1
395.91043,264.7194,13.118164,23.240448,0.06254873,4,-1,-1
199.5807,58.23779,20.10521,25.273373,0.062528074,1,-1,-1
547.78143,561.8588,15.486328,28.86084,0.061957598,2,-1,-1
393.9466,267.72537,18.86435,25.110718,0.06185043,1,-1,-1
592.63275,459.8969,8.68927,19.921112,0.061826497,1,-1,-1
388.74692,139.09921,30.08014,30.368286,0.06175086,2,-1,-1
20.088247,681.59454,30.379622,47.16046,0.061484575,1,-1,-1
187.4933,0.0,23.29889,20.250813,0.061343074,4,-1,-1
890.8923,694.75214,14.487122,21.502014,0.06133595,10,-1,-1
166.62875,76.312035,10.069534,17.514992,0.061308205,1,-1,-1
542.4508,559.0863,26.666016,36.88672,0.061301738,1,-1,-1
194.45726,0.0,13.785202,15.792401,0.061280638,5,-1,-1
404.1556,269.9211,5.033386,12.755676,0.06127745,1,-1,-1
34.345833,301.77063,28.946815,35.88034,0.06126228,1,-1,-1
604.4315,455.27023,12.9314575,24.950531,0.06108746,4,-1,-1
400.0831,265.96976,5.6776733,15.707489,0.060931236,1,-1,-1
380.7082,248.11578,8.857361,22.335205,0.060753435,2,-1,-1
33.3945,371.80396,30.359001,19.971191,0.06072241,1,-1,-1
114.54485,290.69403,35.994377,40.546234,0.060689956,10,-1,-1
47.105606,361.61212,34.73043,26.313599,0.060610443,2,-1,-1
529.824,0.0,9.670166,12.339639,0.060549557,1,-1,-1
575.1766,777.5997,7.2368164,9.944275,0.06033498,1,-1,-1
323.15213,352.45227,29.554443,32.738037,0.0601497,1,-1,-1
531.0011,299.32126,8.558044,15.614319,0.06006819,1,-1,-1
540.57214,534.14905,9.069397,16.626648,0.059715927,1,-1,-1
511.18378,169.08452,18.964111,32.06639,0.05971402,3,-1,-1
192.0302,368.8354,43.155136,27.169556,0.059698164,2,-1,-1
406.84103,186.06456,6.534851,19.385162,0.059512794,1,-1,-1
610.24084,245.75064,14.614502,31.803497,0.05949357,2,-1,-1
109.363914,284.0257,32.05076,37.900085,0.059479833,1,-1,-1
946.87854,661.7076,6.4611816,11.978027,0.059478283,1,-1,-1
956.7045,475.44147,8.143311,12.257233,0.059412926,1,-1,-1
131.44908,316.03506,36.47818,38.28195,0.059400856,2,-1,-1
604.13635,456.06653,8.487549,19.70227,0.059274763,1,-1,-1
185.68518,0.0,14.335175,21.918686,0.059244543,4,-1,-1
0.0,451.23035,25.549223,23.259064,0.059236705,1,-1,-1
201.67285,61.73442,12.445862,18.356499,0.059132785,3,-1,-1
597.1167,456.08496,6.0516357,13.568329,0.05912122,2,-1,-1
36.458317,318.28833,23.942696,26.627686,0.059080333,1,-1,-1
870.3679,709.73486,7.6570435,12.187561,0.059004754,1,-1,-1
144.5742,327.90268,32.65805,35.68338,0.058928788,1,-1,-1
186.96388,0.0,10.112671,13.924324,0.058909953,1,-1,-1
770.8243,664.49945,7.7770996,15.838806,0.058781058,1,-1,-1
147.12218,329.06528,32.707916,38.70169,0.058770448,10,-1,-1
1023.3868,0.0,233.6463,84.192924,0.058753133,5,-1,-1
402.74677,181.75446,12.995392,24.175522,0.058708757,4,-1,-1
60.382294,353.3358,80.92113,55.362854,0.05864823,3,-1,-1
535.686,302.75934,9.125977,17.918488,0.05851671,1,-1,-1
395.18738,146.33563,14.822449,20.495209,0.058496773,2,-1,-1
154.6545,341.651,28.692627,33.345306,0.05829501,7,-1,-1
313.778,173.04123,29.715454,30.40036,0.05801925,7,-1,-1
614.2942,261.3584,8.108948,20.67862,0.057926357,1,-1,-1
0.0,311.43106,40.97825,40.823975,0.057893634,10,-1,-1
0.0,522.7677,20.406187,27.846558,0.05786386,1,-1,-1
0.0,307.89346,24.084215,32.45511,0.057860106,3,-1,-1
507.64053,150.07584,13.197601,29.347382,0.05782461,1,-1,-1
766.98206,664.0513,9.076294,14.171936,0.05771321,1,-1,-1
199.37466,0.0,17.365005,16.720575,0.057678968,4,-1,-1
157.4909,345.399,22.988083,28.60849,0.057501107,4,-1,-1
0.0,425.7238,35.91982,47.882538,0.057443827,1,-1,-1
54.128693,366.54758,23.634819,32.734406,0.057397783,1,-1,-1
321.3375,355.29126,8.404053,8.077942,0.057347536,1,-1,-1
83.88487,295.57626,23.600899,17.094208,0.057275504,1,-1,-1
438.96432,169.67616,14.591766,31.995499,0.056933403,4,-1,-1
54.05711,350.25977,91.20094,60.95395,0.05689031,10,-1,-1
764.0263,666.5311,10.808044,20.031189,0.056843787,3,-1,-1
121.33592,359.33594,15.152451,17.93396,0.056756943,2,-1,-1
73.60292,288.473,42.995438,27.151459,0.05664912,2,-1,-1
381.5825,247.79837,6.4599304,18.159912,0.056645602,1,-1,-1
391.85315,146.66336,11.927032,18.71817,0.056509346,10,-1,-1
488.94647,141.08456,26.095825,38.357086,0.056420088,1,-1,-1
947.5115,462.9524,19.431458,31.72821,0.056327194,1,-1,-1
943.42255,668.40173,8.207092,15.249451,0.056300938,1,-1,-1
0.0,428.58643,30.23902,26.082214,0.056271344,7,-1,-1
5.444537,659.8456,11.717618,12.482971,0.056205124,1,-1,-1
9.475182,674.79834,28.477337,31.335815,0.05612701,1,-1,-1
517.20605,176.39188,17.799927,28.334412,0.055947244,1,-1,-1
532.91833,631.5338,144.47284,156.01013,0.055894792,6,-1,-1
181.52939,359.6447,45.343246,32.564667,0.05582738,10,-1,-1
871.2385,718.5694,4.642761,9.704041,0.055806994,1,-1,-1
196.3048,0.0,10.5121155,13.5021305,0.055663794,1,-1,-1
0.0,428.0063,21.893927,16.651062,0.055576295,2,-1,-1
335.17834,179.82631,10.051819,12.069519,0.05556801,2,-1,-1
207.345,0.0,17.51094,17.154251,0.055540353,5,-1,-1
332.3812,363.23868,8.85498,16.987213,0.05552447,1,-1,-1
1060.4332,484.56314,18.33545,20.739807,0.0555048,2,-1,-1
403.6648,181.46486,7.4454956,19.89296,0.055446327,2,-1,-1
598.95905,635.86383,71.56464,97.20044,0.055387378,6,-1,-1
407.00262,268.8723,10.539795,21.39862,0.055380553,10,-1,-1
607.70044,239.62987,23.507751,45.383835,0.055333644,10,-1,-1
10.81857,230.23286,25.75055,19.077682,0.055146247,1,-1,-1
1203.6743,522.4027,9.041016,14.166931,0.055104584,1,-1,-1
316.62637,170.3114,24.41098,20.925934,0.055053413,1,-1,-1
956.8887,480.9678,7.3078613,10.379211,0.05496767,1,-1,-1
185.81302,0.0,13.40802,15.197981,0.054894567,5,-1,-1
453.60077,188.20686,9.285004,18.938568,0.05487594,1,-1,-1
398.7947,266.86093,10.000763,21.618195,0.05482188,3,-1,-1
406.1115,153.58885,10.39505,15.423706,0.054786354,2,-1,-1
0.0,229.6791,37.072662,27.725143,0.054782122,5,-1,-1
313.778,173.04123,29.715454,30.40036,0.05470726,8,-1,-1
380.7082,248.11578,8.857361,22.335205,0.05459854,10,-1,-1
535.0352,305.8314,6.1054688,14.671875,0.05453813,1,-1,-1
548.05896,308.6782,7.389099,17.792572,0.054484814,2,-1,-1
397.09738,182.57843,16.162445,25.720383,0.054332912,1,-1,-1
539.90424,303.55817,19.12738,30.47882,0.05428809,1,-1,-1
0.0,313.08798,36.61068,37.222656,0.05409774,1,-1,-1
383.7802,252.68535,7.7681274,18.477615,0.054074496,1,-1,-1
549.4371,15.079502,7.302307,19.31255,0.053976893,1,-1,-1
42.954456,88.1989,20.782318,17.23478,0.053952783,4,-1,-1
810.14233,44.380722,22.956848,20.690636,0.05393347,1,-1,-1
64.731865,361.9516,27.075386,27.665375,0.053849608,1,-1,-1
43.190323,362.26926,23.538773,16.378876,0.05383718,1,-1,-1
392.23834,139.1444,10.658051,20.074814,0.05356878,10,-1,-1
156.2055,343.72968,26.347015,30.36435,0.053473234,3,-1,-1
0.0,423.80154,24.308065,21.36908,0.05336687,10,-1,-1
602.33026,247.81238,16.840454,29.589417,0.053366184,1,-1,-1
32.557404,372.81915,13.680584,11.09729,0.053355753,1,-1,-1
110.64233,284.71982,28.80764,33.125214,0.05326876,2,-1,-1
144.5742,327.90268,32.65805,35.68338,0.05326605,2,-1,-1
1025.1892,0.0,224.78821,84.23932,0.05315286,9,-1,-1
607.1977,251.22073,8.059204,18.24582,0.053141326,1,-1,-1
403.53375,266.5518,18.709717,28.491608,0.053117275,1,-1,-1
169.39523,82.226425,8.429901,13.277252,0.053019166,2,-1,-1
0.5210012,664.41266,10.234295,13.671509,0.052981734,1,-1,-1
553.36816,0.0,9.183655,15.023058,0.05294913,1,-1,-1
43.86569,374.29,31.021595,19.155579,0.052841246,2,-1,-1
515.9781,175.62366,12.176941,25.134949,0.05270174,2,-1,-1
327.114,184.33705,19.766754,15.739014,0.052642882,1,-1,-1
195.46654,0.0,8.299988,10.811203,0.052606583,10,-1,-1
546.05597,308.58154,7.574768,16.938751,0.052604944,1,-1,-1
614.2942,261.3584,8.108948,20.67862,0.05231774,2,-1,-1
23.194223,367.1653,30.798586,34.00708,0.05228436,1,-1,-1
941.0661,662.7303,12.196167,23.14038,0.052125424,1,-1,-1
609.8167,249.35483,16.76709,51.42508,0.052122086,4,-1,-1
766.99164,667.2335,7.728882,14.464905,0.052117616,2,-1,-1
764.10675,673.07367,8.007019,15.890137,0.052104086,1,-1,-1
0.0,427.76822,31.188097,27.305939,0.051861435,8,-1,-1
312.29025,172.08528,14.061066,13.469971,0.051738024,2,-1,-1
407.57797,267.63092,5.582306,11.522369,0.051460236,2,-1,-1
1093.0874,459.78168,14.623291,23.583527,0.051430583,1,-1,-1
314.4198,172.89465,26.11908,25.395401,0.05138889,3,-1,-1
475.13293,158.08405,16.946472,35.898193,0.05138707,4,-1,-1
109.333176,283.19382,24.099472,15.228638,0.051371455,2,-1,-1
23.471891,349.10696,50.898354,41.218384,0.051258028,1,-1,-1
409.9058,152.82175,9.678192,16.490479,0.05122283,1,-1,-1
110.085304,286.20773,25.006798,18.121826,0.051217943,10,-1,-1
405.26013,150.98055,18.22705,19.55783,0.05110681,8,-1,-1
390.29425,137.54858,20.134705,30.590408,0.05108899,8,-1,-1
545.46277,308.44327,11.534973,25.208954,0.05106464,3,-1,-1
412.2945,152.50119,10.892578,14.622635,0.05103132,10,-1,-1
404.45,270.27255,4.474121,10.761597,0.051014394,2,-1,-1
205.63133,63.731396,11.423721,14.912052,0.051003605,1,-1,-1
950.98926,469.7355,15.973816,23.21466,0.050950825,2,-1,-1
143.36075,340.83536,45.356873,38.620087,0.050911456,10,-1,-1
47.404575,362.733,33.573765,23.010803,0.050910026,10,-1,-1
604.97955,244.1025,9.10907,18.26268,0.05086592,10,-1,-1
113.144875,289.16684,39.855873,44.661407,0.050857097,1,-1,-1
336.31482,354.49542,8.647827,11.787872,0.050614327,1,-1,-1
