359.0451,376.9928,190.12708,77.21921,0.7342688,6,-1,-1
777.8947,431.1086,48.69391,31.412476,0.69202304,6,-1,-1
806.82275,412.0305,43.537415,28.926727,0.63919747,8,-1,-1
584.2973,533.5747,29.150024,22.556274,0.60346156,4,-1,-1
807.0484,454.99966,38.108093,20.905945,0.5112634,4,-1,-1
802.996,447.35242,36.65851,23.483368,0.47762066,4,-1,-1
599.41077,79.395195,195.84534,90.73484,0.46158957,6,-1,-1
329.2576,381.87173,230.57718,72.44479,0.3882544,9,-1,-1
806.3876,411.91287,44.348022,29.074524,0.34620863,7,-1,-1
802.996,447.35242,36.65851,23.483368,0.33095884,5,-1,-1
806.9157,411.49612,43.82538,29.019867,0.31758994,6,-1,-1
779.8917,433.3675,49.43982,30.572449,0.3164025,5,-1,-1
630.4475,725.7293,21.49054,29.339722,0.3144539,10,-1,-1
786.8573,438.5203,48.92859,29.085907,0.30466568,6,-1,-1
791.8451,442.66983,42.459167,25.094147,0.26082948,4,-1,-1
799.0042,743.3053,33.15851,20.375,0.24972063,10,-1,-1
791.8451,442.66983,42.459167,25.094147,0.24046901,5,-1,-1
829.615,365.83368,35.109253,35.936188,0.22410706,10,-1,-1
807.0379,454.30838,39.094788,21.130463,0.21537513,5,-1,-1
647.9814,719.6065,22.171448,28.843994,0.21256247,10,-1,-1
802.996,447.35242,36.65851,23.483368,0.21000272,6,-1,-1
585.1932,532.6916,29.783142,22.2182,0.19607955,5,-1,-1
806.82263,411.88962,43.614685,28.597778,0.19333911,4,-1,-1
779.8917,433.3675,49.43982,30.572449,0.17447007,4,-1,-1
813.79126,726.5437,35.67993,18.37561,0.12921804,10,-1,-1
611.73816,733.5763,22.63855,32.41687,0.12798813,10,-1,-1
810.162,715.91516,40.113037,18.586426,0.119038165,10,-1,-1
895.1956,311.57883,22.382446,29.257172,0.11777529,2,-1,-1
807.16583,411.75775,44.440674,29.100342,0.115036696,5,-1,-1
779.8917,433.3675,49.43982,30.572449,0.11413401,9,-1,-1
642.0532,720.74713,20.113037,31.953918,0.1117987,10,-1,-1
585.1932,532.6916,29.783142,22.2182,0.106470495,1,-1,-1
729.7512,482.66232,27.106262,22.062134,0.1058552,8,-1,-1
729.7512,482.66232,27.106262,22.062134,0.104925334,7,-1,-1
807.9446,453.51373,37.791687,21.544647,0.10393351,6,-1,-1
786.6731,452.90558,39.809143,21.618225,0.10065809,4,-1,-1
810.3398,460.73453,40.795715,19.932373,0.09870607,4,-1,-1
803.68805,733.9538,34.464966,20.109741,0.09773788,10,-1,-1
630.4475,725.7293,21.49054,29.339722,0.08704111,1,-1,-1
1297.2017,73.6412,24.852661,32.31919,0.077395976,1,-1,-1
829.52264,366.4379,36.093018,35.705505,0.07634997,7,-1,-1
801.5692,568.49854,29.387817,19.787537,0.074466735,4,-1,-1
630.91113,454.6497,27.70819,22.021698,0.072787166,3,-1,-1
795.103,696.70386,44.73761,16.504944,0.072736025,10,-1,-1
896.1667,311.4633,22.164734,28.034576,0.07122195,8,-1,-1
688.52484,545.4855,23.732788,23.993835,0.07091671,1,-1,-1
610.80493,734.78937,22.862244,30.157104,0.06925848,5,-1,-1
805.2834,448.37173,37.34607,22.7193,0.06835267,7,-1,-1
819.5893,730.8498,32.524292,19.018433,0.06819573,10,-1,-1
630.4475,725.7293,21.49054,29.339722,0.06812832,2,-1,-1
712.2985,456.5023,28.954773,21.837921,0.0676797,7,-1,-1
1111.144,185.05675,28.873291,20.858063,0.067537844,5,-1,-1
806.82275,412.0305,43.537415,28.926727,0.06747261,1,-1,-1
691.0209,540.2536,29.93811,17.90741,0.06723726,10,-1,-1
810.3398,460.73453,40.795715,19.932373,0.06622663,5,-1,-1
837.2281,333.64926,54.269104,48.486755,0.065896094,7,-1,-1
874.4081,322.6878,21.42096,29.573364,0.06468463,1,-1,-1
712.2985,456.5023,28.954773,21.837921,0.06423423,8,-1,-1
790.53735,438.04156,45.81018,27.49054,0.063813776,8,-1,-1
729.7512,482.66232,27.106262,22.062134,0.063568234,5,-1,-1
786.6731,452.90558,39.809143,21.618225,0.0632025,5,-1,-1
807.0379,454.30838,39.094788,21.130463,0.0626837,1,-1,-1
688.52484,545.4855,23.732788,23.993835,0.062630564,10,-1,-1
711.0359,456.60208,29.553345,21.902496,0.06203428,10,-1,-1
1108.9209,181.62584,28.241821,21.83815,0.061845183,4,-1,-1
584.5613,533.4177,29.448914,22.263123,0.061706096,10,-1,-1
648.2599,719.33856,22.509521,28.036499,0.060939997,3,-1,-1
613.056,737.3153,22.292725,34.15033,0.060739875,4,-1,-1
793.2402,697.73846,46.5271,17.688354,0.060111374,4,-1,-1
1297.2017,73.6412,24.852661,32.31919,0.05992189,2,-1,-1
802.56696,422.185,43.458862,31.020844,0.059883982,7,-1,-1
730.9689,509.22906,27.750488,25.502502,0.05753717,7,-1,-1
896.1667,311.4633,22.164734,28.034576,0.05731228,7,-1,-1
791.8451,442.66983,42.459167,25.094147,0.057094395,9,-1,-1
724.949,472.7649,23.803833,25.855713,0.05679366,8,-1,-1
778.168,432.0439,50.923462,30.017487,0.05627799,8,-1,-1
896.1667,311.4633,22.164734,28.034576,0.055696905,1,-1,-1
724.949,472.7649,23.803833,25.855713,0.0556055,7,-1,-1
785.41534,436.34448,50.248657,27.75534,0.055321336,7,-1,-1
660.198,717.4079,29.744324,20.896729,0.055179507,10,-1,-1
778.56067,432.15247,50.690735,30.821045,0.05499214,1,-1,-1
786.6731,452.90558,39.809143,21.618225,0.05416754,6,-1,-1
795.103,696.70386,44.73761,16.504944,0.053263605,3,-1,-1
654.55743,715.89136,21.774902,28.905884,0.053077012,10,-1,-1
777.61865,448.74796,34.56018,24.905823,0.05270368,4,-1,-1
729.7512,482.66232,27.106262,22.062134,0.05262676,4,-1,-1
802.84625,446.78406,38.592773,23.40625,0.05242756,8,-1,-1
782.96796,280.47012,18.161926,34.89029,0.05240801,3,-1,-1
729.7512,482.66232,27.106262,22.062134,0.052237123,10,-1,-1
630.3498,729.1379,21.463013,28.213562,0.051577628,4,-1,-1
623.89044,733.7293,23.22168,28.832703,0.05115801,10,-1,-1
749.62994,547.1758,33.339417,18.491455,0.051082045,4,-1,-1
746.3748,491.4815,29.562317,27.118408,0.0507873,5,-1,-1
664.57086,130.9696,19.08252,34.077393,0.05044231,1,-1,-1
688.919,539.54016,25.06488,21.037903,0.050326526,1,-1,-1
