802.43616,502.43832,46.362183,123.83273,0.99411887,4,-1,-1
929.10443,630.42883,44.17401,147.08984,0.9924139,4,-1,-1
847.83,91.52583,40.404175,105.47116,0.98158216,6,-1,-1
737.7892,474.11133,41.9364,114.631836,0.9282154,4,-1,-1
730.7496,0.64127266,43.543274,28.665586,0.90933645,4,-1,-1
789.07806,74.85878,42.663635,104.71097,0.9039748,8,-1,-1
849.82446,282.5819,41.74402,113.31821,0.8680669,5,-1,-1
792.9992,262.09955,41.59485,113.880035,0.82620025,5,-1,-1
792.55115,261.28198,44.639893,109.83856,0.79008985,4,-1,-1
55.542522,692.68915,35.61986,23.702515,0.7855346,1,-1,-1
738.4671,247.58197,39.841003,106.243286,0.7854295,8,-1,-1
858.6912,446.62067,47.091187,107.27515,0.7267646,4,-1,-1
739.06024,247.6499,38.394653,105.697845,0.7240376,4,-1,-1
352.76657,534.02545,29.79242,48.91974,0.71645033,4,-1,-1
792.55115,261.28198,44.639893,109.83856,0.6649134,8,-1,-1
850.1566,282.90912,39.635376,100.98178,0.5855864,4,-1,-1
851.35693,285.3862,40.26001,109.994415,0.5716009,6,-1,-1
732.1347,123.63329,17.230957,48.31832,0.5524381,10,-1,-1
738.4751,473.61877,41.120728,110.37067,0.53653276,5,-1,-1
789.65485,77.282364,41.907104,101.49988,0.48819953,5,-1,-1
789.3146,76.90242,42.09601,102.67389,0.44228113,4,-1,-1
789.07806,74.85878,42.663635,104.71097,0.42665833,6,-1,-1
738.2411,248.47849,38.30719,107.5155,0.3367467,6,-1,-1
805.7078,513.32745,42.652893,117.62909,0.3290053,10,-1,-1
354.03152,185.9315,22.326477,27.72438,0.32568535,1,-1,-1
792.55115,261.28198,44.639893,109.83856,0.31728062,6,-1,-1
857.5015,443.53006,49.766052,110.66806,0.30013347,5,-1,-1
738.4671,247.58197,39.841003,106.243286,0.28565744,1,-1,-1
359.55084,678.4856,35.706055,20.779724,0.25988474,1,-1,-1
462.5683,76.83523,21.19403,72.60682,0.2566057,4,-1,-1
76.46129,693.0123,36.325134,21.403687,0.23233742,1,-1,-1
739.06024,247.6499,38.394653,105.697845,0.22296539,7,-1,-1
797.5469,180.11467,18.061462,50.65271,0.22207323,10,-1,-1
93.29384,691.8801,24.43386,23.08252,0.21599147,1,-1,-1
847.67737,92.178055,39.984863,95.51068,0.20107639,7,-1,-1
872.4041,704.99084,36.3927,81.65582,0.20022506,4,-1,-1
792.20483,261.80768,44.557922,109.07678,0.19109878,1,-1,-1
858.8258,445.01144,47.089478,108.61075,0.18400973,9,-1,-1
846.84186,91.970764,42.197205,104.16382,0.18256488,4,-1,-1
805.7078,513.32745,42.652893,117.62909,0.17640164,5,-1,-1
846.6983,91.55046,41.916992,104.33263,0.17429504,8,-1,-1
805.7078,513.32745,42.652893,117.62909,0.1721878,7,-1,-1
738.9008,247.55226,39.361572,106.749405,0.15975094,10,-1,-1
730.7496,0.64127266,43.543274,28.665586,0.15778896,1,-1,-1
463.1377,71.91916,30.407318,82.47412,0.15124574,9,-1,-1
792.55115,261.28198,44.639893,109.83856,0.14871329,7,-1,-1
792.55115,261.28198,44.639893,109.83856,0.14424634,2,-1,-1
804.39813,508.50497,43.06903,120.80832,0.14344376,6,-1,-1
792.55115,261.28198,44.639893,109.83856,0.13766718,10,-1,-1
841.00275,0.18284413,43.390686,27.982124,0.132734,4,-1,-1
496.44595,624.6223,47.419952,162.02435,0.1246196,9,-1,-1
849.2978,282.33484,41.840088,112.441345,0.122955084,8,-1,-1
858.71326,444.78503,47.005737,109.30133,0.11643958,6,-1,-1
147.88002,772.53577,42.102127,14.110901,0.114074945,4,-1,-1
730.4601,0.7537129,43.76233,28.629168,0.112589926,5,-1,-1
738.4671,247.58197,39.841003,106.243286,0.103319556,2,-1,-1
927.69934,630.1648,41.092163,122.653625,0.09824833,9,-1,-1
805.7078,513.32745,42.652893,117.62909,0.09757897,1,-1,-1
789.65485,77.282364,41.907104,101.49988,0.09633285,1,-1,-1
805.7078,513.32745,42.652893,117.62909,0.09483594,8,-1,-1
731.68866,123.61226,16.702148,48.608414,0.09278673,7,-1,-1
738.9405,247.5731,38.781677,105.34343,0.092362106,3,-1,-1
732.29,124.617584,17.487366,47.18631,0.08829045,1,-1,-1
360.03433,679.7992,34.988586,20.649109,0.087347925,2,-1,-1
792.55115,261.28198,44.639893,109.83856,0.084895074,3,-1,-1
730.70386,121.32586,19.157227,44.273872,0.084714115,2,-1,-1
738.4233,247.6882,39.99286,106.00217,0.079604745,5,-1,-1
849.82446,282.5819,41.74402,113.31821,0.07767859,1,-1,-1
797.5469,180.11467,18.061462,50.65271,0.073616594,3,-1,-1
858.71326,444.78503,47.005737,109.30133,0.07318506,1,-1,-1
496.3753,624.9383,48.57544,159.42975,0.06954363,6,-1,-1
93.42517,692.88934,31.320099,20.851868,0.068945885,2,-1,-1
789.5831,73.292114,42.434753,106.151764,0.06664416,7,-1,-1
730.4601,0.7537129,43.76233,28.629168,0.06566185,6,-1,-1
896.33856,497.12668,16.17749,41.61435,0.06517264,1,-1,-1
147.88002,772.53577,42.102127,14.110901,0.06440106,5,-1,-1
737.4998,475.08527,42.311584,114.19702,0.06339976,6,-1,-1
812.7808,601.4259,18.640442,60.260498,0.058727562,1,-1,-1
731.68866,123.61226,16.702148,48.608414,0.05769846,3,-1,-1
810.3081,546.478,32.86316,102.70831,0.057588696,10,-1,-1
248.53067,710.86487,30.013641,21.455261,0.05742982,1,-1,-1
747.50757,624.75916,14.319458,43.083862,0.0573242,1,-1,-1
380.1757,760.6128,25.610138,23.775635,0.054221064,4,-1,-1
789.65485,77.282364,41.907104,101.49988,0.05258915,2,-1,-1
797.29724,181.46011,18.114014,49.73935,0.050085098,4,-1,-1
