920.7705,501.0797,22.143372,17.433838,0.80929184,1,-1,-1
815.72235,530.3033,13.529968,21.284851,0.704239,1,-1,-1
1057.4727,545.9989,17.936401,16.036926,0.5881364,1,-1,-1
1338.5867,683.744,27.471191,24.205627,0.56514215,1,-1,-1
1054.5563,524.6055,14.126953,13.044861,0.44337952,1,-1,-1
859.28595,74.77632,11.679932,16.549126,0.4357327,2,-1,-1
859.32916,74.60667,11.750183,17.234444,0.4199894,1,-1,-1
890.9319,585.684,21.101135,21.29834,0.41238052,2,-1,-1
845.1506,63.331406,9.5578,12.921173,0.39713204,2,-1,-1
885.24695,532.89935,12.554626,11.258667,0.3865114,2,-1,-1
733.87103,0.0,34.33264,21.583529,0.3857008,10,-1,-1
955.7225,387.9968,32.592773,17.478973,0.38383603,3,-1,-1
850.95435,77.58488,10.019226,12.799225,0.3821095,2,-1,-1
889.5811,584.0414,22.792358,23.170898,0.37883773,1,-1,-1
955.7225,387.9968,32.592773,17.478973,0.37556624,10,-1,-1
746.71484,0.081882864,16.121399,21.5418,0.34481847,2,-1,-1
1093.5853,725.4553,23.27246,20.469238,0.3396812,1,-1,-1
1048.1434,529.0801,13.732666,14.446228,0.3377381,1,-1,-1
877.31647,533.8374,18.570557,19.281433,0.329014,2,-1,-1
1165.528,464.68805,13.03064,14.919495,0.32317978,1,-1,-1
871.85785,533.7176,23.984558,21.68512,0.31885487,1,-1,-1
875.06604,539.822,17.162476,17.175842,0.2985088,2,-1,-1
845.1506,63.331406,9.5578,12.921173,0.28113258,1,-1,-1
850.95435,77.58488,10.019226,12.799225,0.27929884,1,-1,-1
1055.0983,525.9561,10.8063965,11.596191,0.27675176,2,-1,-1
1049.2062,523.65234,21.101196,19.01764,0.27525696,1,-1,-1
881.5879,531.575,15.511475,13.221069,0.27058506,1,-1,-1
1099.2858,175.81328,7.411377,11.185379,0.26898736,1,-1,-1
765.95325,11.864857,28.64447,30.857376,0.26537085,10,-1,-1
846.5487,66.937035,9.9887085,13.963104,0.2612781,2,-1,-1
1216.5099,520.0249,30.867188,25.31305,0.25596642,4,-1,-1
1049.8339,524.0099,19.966797,18.200073,0.25280493,10,-1,-1
1049.8339,524.0099,19.966797,18.200073,0.24352941,2,-1,-1
1093.5853,725.4553,23.27246,20.469238,0.24033123,2,-1,-1
849.9451,63.958424,8.925476,12.909473,0.23793307,2,-1,-1
1095.8776,144.61192,8.327637,10.853531,0.23115438,1,-1,-1
879.44366,534.40326,14.788574,16.64264,0.21930501,1,-1,-1
936.47754,131.06393,13.208374,19.99408,0.21869838,2,-1,-1
1053.8076,548.90326,16.982788,14.740356,0.21750835,1,-1,-1
882.79987,531.64777,16.987549,16.979492,0.21663603,2,-1,-1
1055.2731,527.5493,9.414429,11.013672,0.21562847,1,-1,-1
1060.5013,524.87665,9.618774,12.283081,0.21143109,1,-1,-1
861.746,74.14976,8.521606,11.688316,0.21025467,2,-1,-1
774.8898,19.379282,18.36493,22.480669,0.2099838,2,-1,-1
1048.7299,530.7864,10.416016,12.186157,0.20750499,2,-1,-1
764.79645,15.570968,14.600037,25.321957,0.20666087,2,-1,-1
1062.4459,546.1779,11.843018,13.727051,0.20643881,2,-1,-1
849.9143,69.181465,9.572693,11.323837,0.20551011,2,-1,-1
1093.0789,190.15002,7.159424,10.555527,0.20510006,1,-1,-1
937.6642,131.59518,10.745544,10.999756,0.20454064,2,-1,-1
1354.9302,569.337,44.590576,36.275085,0.2041193,4,-1,-1
844.8824,66.16847,7.4127197,15.0186,0.2034266,2,-1,-1
1104.1067,731.23096,10.872192,13.800537,0.20237502,2,-1,-1
419.07272,119.18771,10.472076,15.092834,0.19836935,1,-1,-1
844.28284,67.24216,17.838379,21.814491,0.19738531,1,-1,-1
851.24207,72.08412,8.323303,14.222618,0.1952331,2,-1,-1
366.34076,138.69434,8.429077,13.402054,0.19169202,1,-1,-1
733.18414,0.0,34.70166,22.020573,0.18880656,7,-1,-1
1023.435,252.80373,20.881042,25.953537,0.18795857,1,-1,-1
843.30206,64.163826,12.9522705,17.309998,0.18695599,1,-1,-1
1020.043,252.42744,25.13739,31.73558,0.18678987,10,-1,-1
854.20764,76.021454,8.134888,13.134514,0.18674108,2,-1,-1
880.1957,533.07965,10.56543,10.763733,0.18649459,2,-1,-1
891.1557,592.9903,11.310547,13.776123,0.18621725,2,-1,-1
882.4785,533.97516,11.440552,12.485596,0.18514696,2,-1,-1
1063.4684,546.6768,11.732422,12.1935425,0.18488091,1,-1,-1
744.01385,3.4574568,13.357544,18.48599,0.17970157,2,-1,-1
1050.4976,527.84564,10.532593,12.063293,0.17950639,2,-1,-1
753.4553,2.1792402,13.644043,17.730106,0.1787715,2,-1,-1
1095.8164,143.99478,8.619141,10.699188,0.17602846,2,-1,-1
1091.7822,104.252556,15.970825,43.51864,0.1746001,10,-1,-1
1048.4076,533.46747,10.36499,9.185486,0.174223,1,-1,-1
764.47003,14.921254,15.57605,26.59517,0.17327008,10,-1,-1
778.12506,16.31475,8.579773,10.856249,0.17142871,2,-1,-1
778.0149,18.72011,12.705444,16.137804,0.16952434,2,-1,-1
1047.7216,527.83203,16.337524,15.970459,0.16782695,2,-1,-1
417.02313,299.84177,8.677246,15.701019,0.1673272,1,-1,-1
848.4692,75.82002,9.751648,12.559059,0.1659143,2,-1,-1
1052.5076,526.4151,9.47229,11.090454,0.16560754,1,-1,-1
935.52563,131.09967,8.7178955,11.570358,0.16551137,2,-1,-1
767.3,17.882895,10.795288,12.648733,0.16423464,2,-1,-1
1158.7338,462.64514,12.09314,15.70166,0.16268244,1,-1,-1
1048.3326,529.01666,9.277832,10.537903,0.16227919,1,-1,-1
1341.138,686.42676,14.671509,20.710083,0.16212559,1,-1,-1
875.06604,539.822,17.162476,17.175842,0.16197795,1,-1,-1
419.24756,119.35677,9.545227,13.3352585,0.16050345,10,-1,-1
733.87103,0.0,34.33264,21.583529,0.16040799,3,-1,-1
1093.5247,174.2149,13.46228,26.026306,0.15937999,1,-1,-1
815.5283,529.994,13.406311,21.22937,0.15921342,2,-1,-1
775.3105,19.338463,17.611633,22.685463,0.15867725,1,-1,-1
419.68317,119.24697,8.5047,13.271889,0.15793374,2,-1,-1
1059.1908,524.89813,8.692383,12.310242,0.15785417,2,-1,-1
847.09174,63.74058,9.751587,9.371853,0.15770358,2,-1,-1
1124.655,245.54445,13.558228,21.176926,0.15722606,1,-1,-1
746.71484,0.081882864,16.121399,21.5418,0.15669927,1,-1,-1
1104.1067,731.23096,10.872192,13.800537,0.15453175,1,-1,-1
1185.6692,464.27438,12.230225,12.670349,0.15443665,1,-1,-1
768.1329,18.889196,16.870483,23.066607,0.15310907,2,-1,-1
764.47003,14.921254,15.57605,26.59517,0.15259284,1,-1,-1
735.3943,0.0,32.05255,21.782524,0.15243104,2,-1,-1
721.17914,0.0,57.628418,28.92009,0.15224695,10,-1,-1
894.78,587.54346,12.942139,15.713074,0.15142411,2,-1,-1
1093.1018,725.56665,23.367188,19.484009,0.14860365,10,-1,-1
862.34985,78.71219,7.7316284,11.73587,0.14833355,2,-1,-1
747.19,8.584439,13.366333,15.262721,0.14788154,2,-1,-1
733.18414,0.0,34.70166,22.020573,0.14711925,1,-1,-1
764.47003,14.921254,15.57605,26.59517,0.14647445,3,-1,-1
774.8898,19.379282,18.36493,22.480669,0.14641696,10,-1,-1
1326.8845,681.8941,30.861816,24.62268,0.14547771,1,-1,-1
848.8897,74.87527,15.962341,16.659615,0.14537758,2,-1,-1
847.70844,71.93657,8.2230835,11.105011,0.14505905,2,-1,-1
1113.4789,263.83948,14.750488,14.320801,0.14476708,1,-1,-1
842.34076,62.282497,15.707947,17.772366,0.14460498,2,-1,-1
1093.5247,174.2149,13.46228,26.026306,0.14412498,10,-1,-1
1047.7216,527.83203,16.337524,15.970459,0.1437679,10,-1,-1
878.8659,541.49786,10.102173,14.475281,0.14347747,2,-1,-1
1048.4382,529.0357,8.531616,9.843384,0.14340624,2,-1,-1
1054.4811,551.05743,10.630493,11.242737,0.1423423,1,-1,-1
851.99457,78.69823,6.690735,8.2102585,0.14212576,2,-1,-1
927.3925,128.73369,21.8443,23.203308,0.14104334,2,-1,-1
898.197,586.51825,14.775696,16.010864,0.14038819,2,-1,-1
751.37134,0.0,10.15625,12.079664,0.139813,2,-1,-1
879.4995,539.569,11.252869,11.557739,0.13896608,2,-1,-1
861.35925,74.34726,9.187744,11.189415,0.13877565,1,-1,-1
778.1237,24.69639,11.360962,15.552099,0.13738546,2,-1,-1
1161.916,465.78903,21.33374,16.93872,0.13675743,1,-1,-1
854.5038,73.75612,8.708008,10.588242,0.135761,2,-1,-1
844.7389,63.910343,7.3182373,9.078411,0.13531217,2,-1,-1
480.53305,0.0,50.639374,28.75183,0.13447475,4,-1,-1
418.30945,120.626854,8.041931,10.163826,0.13278642,1,-1,-1
1088.0886,133.79977,8.231445,13.478973,0.13270801,1,-1,-1
1109.276,621.9932,25.533325,22.582825,0.13245493,10,-1,-1
1346.394,561.45123,47.8479,31.448181,0.13228458,4,-1,-1
1097.8921,726.9621,14.701538,14.074829,0.13216144,2,-1,-1
844.8824,66.16847,7.4127197,15.0186,0.13212338,1,-1,-1
1093.3757,183.61847,10.817505,17.693176,0.13149717,1,-1,-1
735.0261,0.0,32.59552,20.94882,0.13143754,8,-1,-1
1096.7277,727.3607,16.460571,13.369446,0.13116863,1,-1,-1
941.69946,131.77643,8.331482,10.004257,0.13079661,2,-1,-1
890.6048,585.5679,21.783997,21.869019,0.13077939,10,-1,-1
862.43176,78.020096,7.3338013,13.056976,0.13036221,1,-1,-1
1023.435,252.80373,20.881042,25.953537,0.13033319,2,-1,-1
848.8897,74.87527,15.962341,16.659615,0.12999284,1,-1,-1
785.3724,67.33341,10.621826,18.367111,0.1296677,1,-1,-1
1216.9417,522.93024,29.505493,22.14154,0.12954935,5,-1,-1
1093.3578,725.51465,22.960083,20.34729,0.12954801,3,-1,-1
368.31067,140.16537,8.894012,13.573853,0.12835732,1,-1,-1
746.6858,0.0,17.883057,19.067333,0.12735197,10,-1,-1
929.24744,129.63997,19.631958,22.09404,0.12717462,1,-1,-1
841.4142,64.30165,9.2074585,13.898628,0.1270057,2,-1,-1
1113.4518,263.45135,14.506836,14.240051,0.1265125,2,-1,-1
1084.9288,140.33989,8.307251,15.423965,0.12650317,1,-1,-1
1059.4974,526.3046,7.9663086,9.0998535,0.1262947,1,-1,-1
877.25916,533.8294,19.174744,19.629456,0.124830514,10,-1,-1
757.0474,6.375618,8.711426,12.366907,0.12476295,2,-1,-1
843.7824,68.75155,20.121582,20.50264,0.124684215,2,-1,-1
935.36475,135.72,8.712219,16.474228,0.12401107,2,-1,-1
857.62683,71.82114,14.283325,14.181244,0.1232672,2,-1,-1
874.14935,540.20636,12.60614,12.856934,0.12310147,2,-1,-1
765.67914,12.430227,28.749268,28.324492,0.12131533,2,-1,-1
708.8107,573.3324,9.191467,10.972168,0.12107146,1,-1,-1
1376.6991,0.0,8.654541,6.3742075,0.12019166,1,-1,-1
1338.3757,683.79956,27.61621,24.393494,0.120078,10,-1,-1
920.7705,501.0797,22.143372,17.433838,0.11991337,2,-1,-1
1116.028,623.5027,17.781006,19.817871,0.11960366,2,-1,-1
755.9207,0.0,39.361877,37.99449,0.11959189,10,-1,-1
1053.3789,526.59576,7.8289795,9.737244,0.119161606,2,-1,-1
751.28784,6.58448,10.874695,14.519951,0.11889866,2,-1,-1
1055.8944,524.3622,8.074707,10.829102,0.11834836,1,-1,-1
1186.7861,471.0026,14.19458,11.795288,0.11766237,1,-1,-1
848.6444,65.35359,6.7645874,10.110107,0.11742774,2,-1,-1
955.39825,387.47342,33.173584,19.226898,0.11695203,1,-1,-1
1093.3973,256.8024,6.107788,8.141693,0.116063416,1,-1,-1
1365.2474,564.0126,34.273315,29.553223,0.11565423,4,-1,-1
1052.6985,545.51587,22.17334,16.949463,0.11548182,10,-1,-1
1057.1636,550.5002,10.964111,11.767456,0.11520374,2,-1,-1
766.6074,12.580556,26.809448,28.956017,0.114721715,3,-1,-1
935.6865,130.14569,7.5167236,8.079773,0.11436683,2,-1,-1
853.4552,69.91312,9.459351,10.886398,0.1141935,2,-1,-1
820.49963,530.59216,9.244141,16.318604,0.11411807,1,-1,-1
924.63806,126.93303,11.351685,15.951324,0.113731295,2,-1,-1
851.24207,72.08412,8.323303,14.222618,0.11339918,1,-1,-1
848.41187,70.67292,13.992004,13.288376,0.11306745,2,-1,-1
1384.7667,301.17972,14.754028,32.371735,0.11282572,1,-1,-1
420.88232,118.82736,7.39505,10.268906,0.11274499,1,-1,-1
1053.7201,530.4253,10.773071,11.437683,0.112724215,1,-1,-1
765.67914,12.430227,28.749268,28.324492,0.11171883,1,-1,-1
848.85565,69.77423,6.0233765,10.104736,0.1110903,2,-1,-1
1052.4768,545.965,22.24768,16.71643,0.11039108,3,-1,-1
1092.7654,125.5674,7.506836,13.924667,0.11038107,1,-1,-1
480.53305,0.0,50.639374,28.75183,0.10991931,5,-1,-1
1335.9569,681.7561,19.892456,18.084778,0.109794974,1,-1,-1
769.75446,17.659998,11.98114,15.99473,0.10933602,2,-1,-1
848.4692,75.82002,9.751648,12.559059,0.108909875,1,-1,-1
1093.2499,193.99638,5.5603027,7.4604797,0.107837826,1,-1,-1
1117.2771,623.0284,8.381226,12.25708,0.10718736,1,-1,-1
854.20764,76.021454,8.134888,13.134514,0.10682854,1,-1,-1
880.1957,533.07965,10.56543,10.763733,0.10656887,1,-1,-1
1364.5016,573.73865,35.019165,34.395508,0.106488585,5,-1,-1
931.7013,129.16525,15.136414,13.496628,0.10648507,2,-1,-1
769.2597,20.646708,14.50592,21.282568,0.10643315,1,-1,-1
1223.2966,230.84962,18.83545,21.663239,0.10640362,1,-1,-1
845.3922,72.399254,6.649536,9.74778,0.10639176,2,-1,-1
859.52295,76.60792,8.42804,10.866043,0.10630873,2,-1,-1
1052.7936,545.5987,21.918335,16.881775,0.10594079,2,-1,-1
1332.1957,682.93274,16.338013,14.269104,0.10574895,1,-1,-1
1223.214,230.92947,18.95874,21.462677,0.105718285,3,-1,-1
416.15,297.50278,8.425262,12.902313,0.105486035,1,-1,-1
847.25085,68.1447,8.926147,12.410461,0.10529101,1,-1,-1
1096.2401,180.17175,7.845581,14.662857,0.105256975,1,-1,-1
1050.0156,535.6242,10.268433,9.715454,0.10519907,1,-1,-1
779.6879,17.85549,9.732788,11.0209255,0.104808986,2,-1,-1
1299.2823,466.43796,49.48938,37.433746,0.10475811,4,-1,-1
1181.7532,463.4746,11.826782,13.158417,0.10450709,1,-1,-1
755.2065,10.080382,10.638184,11.482846,0.10443443,2,-1,-1
417.42758,300.74353,12.365021,18.816956,0.103919566,1,-1,-1
937.3577,131.56921,12.179565,18.486023,0.10372242,1,-1,-1
1094.9519,726.8339,13.20166,9.826599,0.103642404,1,-1,-1
1165.4657,464.64108,13.114746,15.026855,0.10301036,2,-1,-1
421.61942,118.814476,6.1060486,9.455849,0.10283071,2,-1,-1
873.71387,537.71204,13.442444,15.631348,0.10178581,1,-1,-1
766.05804,11.746445,20.991882,18.280745,0.10159296,2,-1,-1
1094.9519,726.8339,13.20166,9.826599,0.10145724,2,-1,-1
851.6753,63.00381,6.18573,10.153805,0.10132682,2,-1,-1
858.8833,74.70075,9.766052,7.7425385,0.10062274,2,-1,-1
731.6849,0.0,36.211,22.07215,0.10049614,4,-1,-1
885.4491,533.74347,13.134827,14.135742,0.09986359,1,-1,-1
1099.3639,175.71254,7.444214,11.539673,0.099602014,2,-1,-1
877.25916,533.8294,19.174744,19.629456,0.09913096,3,-1,-1
1122.58,249.66122,12.4157715,14.893463,0.099123925,1,-1,-1
748.0041,3.14006,10.502869,13.250557,0.09866595,2,-1,-1
745.6355,9.244981,9.603882,13.103492,0.098533064,2,-1,-1
1017.2656,250.0397,27.860596,41.93631,0.098315656,1,-1,-1
1093.2333,142.07527,12.055054,15.566299,0.097969204,1,-1,-1
1344.7288,684.0034,17.7146,15.660156,0.09766188,1,-1,-1
852.2741,70.670525,5.8585815,8.070633,0.09697354,2,-1,-1
894.4434,586.2617,13.527832,18.996033,0.096621335,1,-1,-1
774.63873,17.858397,10.409363,11.384142,0.09660739,2,-1,-1
850.1761,63.719074,8.514282,13.62035,0.096464574,1,-1,-1
767.2694,22.165354,9.445129,17.376154,0.09636754,2,-1,-1
1115.6505,623.2969,18.421265,19.966919,0.09634015,1,-1,-1
1117.2771,623.0284,8.381226,12.25708,0.09582937,2,-1,-1
1047.9421,527.7255,14.927124,15.920593,0.09574053,3,-1,-1
882.7069,530.9217,12.09729,10.912842,0.09523296,2,-1,-1
770.53064,24.024042,8.575928,15.399748,0.09520516,2,-1,-1
622.23254,0.0,19.084534,12.829287,0.09505239,1,-1,-1
709.9078,570.51,8.059265,10.112976,0.0941391,1,-1,-1
366.3826,139.17961,8.161255,12.465546,0.09406668,2,-1,-1
754.51447,0.0,10.621765,12.947501,0.093890846,2,-1,-1
1054.7006,551.99286,10.026001,9.416931,0.09382495,2,-1,-1
1095.5251,186.7096,7.0683594,12.00853,0.09339118,1,-1,-1
850.78894,67.90323,8.252563,13.444244,0.09276903,1,-1,-1
1338.5867,683.744,27.471191,24.205627,0.09260589,2,-1,-1
1109.3738,258.21912,18.420532,23.167694,0.09248984,1,-1,-1
881.5888,541.5373,11.579895,12.652405,0.09235561,2,-1,-1
888.48645,534.3672,7.8602295,12.181519,0.09224719,2,-1,-1
744.01385,3.4574568,13.357544,18.48599,0.0919728,1,-1,-1
1050.884,551.4255,11.014282,9.133789,0.09153059,1,-1,-1
787.0445,63.251476,9.476196,17.422733,0.09129763,1,-1,-1
1332.3405,686.3532,11.215454,8.707214,0.091005564,1,-1,-1
1356.7297,687.43335,9.803223,8.278564,0.09095153,1,-1,-1
873.1402,542.79517,9.984436,11.584839,0.090720385,2,-1,-1
1085.6124,133.29335,11.036987,21.060883,0.090691924,1,-1,-1
856.09845,77.8165,5.822571,8.757736,0.09043306,2,-1,-1
1123.8497,629.4895,10.262573,12.485352,0.09026632,2,-1,-1
1090.9008,121.907974,15.626221,31.298569,0.09020823,10,-1,-1
1058.0125,553.0677,8.707275,10.87439,0.09018549,1,-1,-1
1097.5078,177.3157,7.2249756,11.8832245,0.09001723,1,-1,-1
820.49963,530.59216,9.244141,16.318604,0.08963704,2,-1,-1
1049.2461,524.6824,20.111816,17.324951,0.08942798,3,-1,-1
858.02216,79.79538,10.529114,10.401672,0.089037806,2,-1,-1
758.69226,3.768237,8.859436,13.148427,0.088541865,2,-1,-1
1169.333,465.01913,12.255859,12.040741,0.088467956,1,-1,-1
367.5234,139.67189,5.417328,9.9904175,0.08827549,1,-1,-1
1341.4688,685.2126,24.562012,22.210571,0.08809087,4,-1,-1
935.1052,136.10426,8.990662,15.907288,0.08797839,1,-1,-1
1055.2152,524.6671,13.168823,13.284485,0.08779317,10,-1,-1
418.5705,121.120544,7.1734314,8.889877,0.087696135,2,-1,-1
1056.188,545.5357,12.759155,13.538513,0.0871928,1,-1,-1
1058.8308,529.4609,8.641846,8.107849,0.087046295,1,-1,-1
366.46075,139.59715,8.773987,13.447891,0.08689052,10,-1,-1
743.6636,0.0,23.86267,14.101214,0.086423874,2,-1,-1
1163.5098,459.1283,14.47644,16.66388,0.08635083,1,-1,-1
1097.8898,142.00317,8.964478,13.053879,0.08627495,1,-1,-1
1367.99,581.35547,31.530762,35.75647,0.085850835,4,-1,-1
1101.2897,220.57133,6.8258057,9.210281,0.0857299,1,-1,-1
841.67426,63.2457,7.7286377,9.521595,0.08514708,2,-1,-1
891.1557,592.9903,11.310547,13.776123,0.08505347,1,-1,-1
1160.7296,469.2359,10.295288,13.35849,0.08493599,1,-1,-1
1362.9049,563.0394,36.615845,32.11212,0.08460891,5,-1,-1
848.41187,70.67292,13.992004,13.288376,0.084508896,1,-1,-1
1115.0698,255.51273,18.273315,21.768341,0.08439347,1,-1,-1
1122.7313,248.81506,13.258789,16.30365,0.08423665,2,-1,-1
779.1399,19.619368,7.2390747,12.850672,0.0841513,2,-1,-1
898.197,586.51825,14.775696,16.010864,0.08407143,1,-1,-1
778.0149,18.72011,12.705444,16.137804,0.08375585,1,-1,-1
1186.8477,432.44647,9.507568,12.376923,0.08351821,1,-1,-1
1056.0282,526.752,6.3687744,8.3116455,0.08347005,2,-1,-1
893.9155,591.07855,10.013672,11.288269,0.083364815,2,-1,-1
1096.9487,183.57115,5.5181885,8.750381,0.08292067,1,-1,-1
1096.1136,110.20668,7.7178955,15.997749,0.082886726,1,-1,-1
1050.4417,534.5582,9.449341,7.3880005,0.08286384,2,-1,-1
1337.0615,546.51514,62.45923,52.098267,0.08283523,4,-1,-1
887.5247,247.9062,13.535767,20.402756,0.08247128,1,-1,-1
854.5363,70.70874,19.448242,23.099442,0.08218637,1,-1,-1
1163.5825,468.8381,11.957397,12.934906,0.08212024,1,-1,-1
848.4626,74.32434,6.119873,7.342003,0.08208442,2,-1,-1
419.16696,119.19203,9.479919,13.696365,0.0820522,3,-1,-1
721.17914,0.0,57.628418,28.92009,0.0819329,7,-1,-1
1394.8153,182.63243,4.7054443,11.3927765,0.081391335,1,-1,-1
924.63806,126.93303,11.351685,15.951324,0.08135989,1,-1,-1
743.5013,0.8255985,15.463928,22.103985,0.0813047,10,-1,-1
1115.0461,622.21826,12.909912,17.179932,0.08090776,2,-1,-1
781.60297,21.648943,8.701904,11.461355,0.080812156,2,-1,-1
852.04095,66.94138,6.1691895,7.8105774,0.08074203,2,-1,-1
860.7983,74.78408,9.796692,16.67083,0.080515414,10,-1,-1
480.53305,0.0,50.639374,28.75183,0.08046451,6,-1,-1
417.1692,117.87082,13.355286,17.92398,0.08041406,2,-1,-1
1088.1947,133.51692,7.899292,14.141006,0.08040017,2,-1,-1
955.7225,387.9968,32.592773,17.478973,0.08034855,7,-1,-1
419.12476,302.23813,9.09256,12.395905,0.08006725,1,-1,-1
876.3585,535.8109,11.218384,11.90741,0.080033034,2,-1,-1
747.702,7.9688373,9.990295,11.100704,0.079871476,2,-1,-1
1324.278,544.0462,48.001465,33.815002,0.079776555,4,-1,-1
1049.8987,552.20044,6.574585,7.7938843,0.079668075,1,-1,-1
765.22955,14.976533,22.720337,23.505016,0.07952669,7,-1,-1
1096.0802,112.94209,7.6035156,15.202957,0.07934782,2,-1,-1
627.3453,0.42643532,12.770813,8.91827,0.079274595,1,-1,-1
855.7896,75.269905,6.9023438,6.347786,0.07918087,2,-1,-1
752.85284,7.162511,16.118408,17.457237,0.07915506,2,-1,-1
1053.8823,527.4738,6.385498,7.165222,0.07912141,1,-1,-1
781.11755,25.984192,8.968994,10.483906,0.078856945,2,-1,-1
1097.9167,173.11253,10.554932,11.18631,0.07870379,1,-1,-1
1093.5247,174.2149,13.46228,26.026306,0.07864922,3,-1,-1
709.6818,576.77234,7.2105713,8.7977295,0.07863256,1,-1,-1
886.3929,537.6775,9.886169,12.664368,0.07837638,2,-1,-1
852.09515,78.286865,6.3424683,8.686455,0.07803139,1,-1,-1
1299.7004,466.63065,48.18164,37.85211,0.077641815,5,-1,-1
769.93164,16.331387,9.128357,10.674242,0.07731336,2,-1,-1
758.1402,0.0,36.62152,39.78509,0.07722145,3,-1,-1
1122.2843,252.40793,14.881958,25.330688,0.077201754,1,-1,-1
655.34314,316.5583,6.215393,12.875916,0.077091545,1,-1,-1
363.28015,135.74243,14.124786,18.897598,0.0770672,1,-1,-1
1093.5677,182.98708,10.452759,18.410736,0.076994985,10,-1,-1
939.1672,130.50826,10.104553,12.158478,0.07666162,1,-1,-1
417.02313,299.84177,8.677246,15.701019,0.076633215,2,-1,-1
767.7573,20.892103,18.611267,20.226377,0.07650635,10,-1,-1
1053.231,528.98553,15.390015,11.322998,0.07647845,2,-1,-1
932.4369,130.00873,16.456116,22.87262,0.07641655,10,-1,-1
842.6873,70.43843,13.338562,9.1417465,0.076369494,2,-1,-1
1350.382,685.49554,15.54187,21.379456,0.07629329,1,-1,-1
784.24335,19.571646,11.628296,13.1812725,0.07622659,2,-1,-1
623.84924,0.0,17.239868,11.573918,0.07617733,4,-1,-1
845.84235,70.065994,4.9660645,9.917664,0.07603061,2,-1,-1
1351.2543,684.4538,15.654175,12.209839,0.07583356,1,-1,-1
1158.7153,459.42587,10.670776,13.647614,0.07579175,1,-1,-1
711.2491,571.6115,8.944824,11.662476,0.07571599,1,-1,-1
848.3417,71.59087,7.3446655,12.024094,0.075702906,1,-1,-1
884.16656,533.611,7.7609863,8.993713,0.07556462,2,-1,-1
767.30725,19.033,9.460205,16.125107,0.075522155,1,-1,-1
875.3589,544.3293,11.406921,13.45929,0.07546672,2,-1,-1
1055.9429,528.82495,7.165161,9.947388,0.0753068,2,-1,-1
709.21027,575.75934,8.2560425,10.154663,0.07529178,2,-1,-1
1095.748,117.933945,8.263062,14.3012085,0.07511547,1,-1,-1
1058.4941,546.56537,11.941772,13.368835,0.075095445,2,-1,-1
869.8196,530.15857,28.109314,26.711853,0.075080365,2,-1,-1
759.133,8.540241,8.491333,13.696169,0.075020015,2,-1,-1
1223.214,230.92947,18.95874,21.462677,0.07491246,10,-1,-1
1336.02,574.02985,63.500732,41.287354,0.07475853,4,-1,-1
1098.5616,142.33716,8.010986,11.964325,0.074745655,2,-1,-1
767.6317,21.16008,7.658142,10.969395,0.074727714,2,-1,-1
938.31226,130.19763,8.675415,8.3871155,0.07470238,2,-1,-1
863.48035,534.4211,64.29413,68.2522,0.07439923,8,-1,-1
1119.695,628.66956,10.67981,14.267639,0.074321985,2,-1,-1
955.7225,387.9968,32.592773,17.478973,0.0742847,2,-1,-1
1189.388,430.67017,9.540283,12.914032,0.07417923,1,-1,-1
1048.9851,528.31934,6.6342773,7.697571,0.0740197,1,-1,-1
1092.9888,188.87318,8.00708,12.249435,0.07383531,10,-1,-1
778.1237,24.69639,11.360962,15.552099,0.0737434,1,-1,-1
854.5038,73.75612,8.708008,10.588242,0.073559016,1,-1,-1
780.2621,22.986393,16.370056,17.57209,0.07338315,2,-1,-1
747.19,8.584439,13.366333,15.262721,0.073155016,1,-1,-1
415.9978,118.4004,15.011444,17.377571,0.07307568,10,-1,-1
202.17247,712.0014,21.917252,26.716125,0.07299894,1,-1,-1
863.48035,534.4211,64.29413,68.2522,0.0729655,7,-1,-1
157.2855,116.76744,19.520813,21.745026,0.072924465,1,-1,-1
768.6002,17.469664,13.643127,16.146227,0.07273662,1,-1,-1
852.30115,74.468445,6.3207397,7.809204,0.07265517,2,-1,-1
764.2556,11.493044,25.432678,19.399479,0.07243499,10,-1,-1
717.77094,0.0,61.584167,29.28523,0.072426826,3,-1,-1
1095.148,122.03775,8.38269,14.4522705,0.07228875,1,-1,-1
1120.9263,628.6748,12.506836,15.059265,0.072243154,1,-1,-1
1051.2125,535.0593,8.500122,6.2557373,0.07217267,1,-1,-1
767.5614,16.711592,8.559631,9.55443,0.072123766,2,-1,-1
769.244,13.407544,16.023438,11.917495,0.07206681,2,-1,-1
1091.6685,122.958916,12.108032,21.12461,0.0720402,1,-1,-1
856.1116,80.41119,5.181885,9.6143265,0.071890324,2,-1,-1
1185.7805,458.9215,11.990356,12.637848,0.07181433,1,-1,-1
774.1923,12.191927,17.404053,16.92741,0.0717943,2,-1,-1
881.6217,531.38513,16.043152,13.648376,0.07177487,3,-1,-1
676.9138,318.98782,19.713196,21.307068,0.07176229,10,-1,-1
845.7495,61.79592,15.887024,18.517113,0.07166788,1,-1,-1
776.81775,29.477383,14.176025,15.230618,0.07149649,2,-1,-1
1097.1112,187.1683,4.696167,8.526154,0.07137573,1,-1,-1
417.89856,300.10236,5.645752,8.270538,0.07137442,1,-1,-1
859.3398,79.84176,8.39502,11.012131,0.07125875,1,-1,-1
936.37445,133.12961,6.3380127,13.416748,0.07119155,2,-1,-1
1048.7299,530.7864,10.416016,12.186157,0.07105741,10,-1,-1
1095.748,117.933945,8.263062,14.3012085,0.07101348,2,-1,-1
0.0,637.3395,16.535606,18.307068,0.07083532,1,-1,-1
935.52563,131.09967,8.7178955,11.570358,0.07073903,1,-1,-1
1187.6091,430.16824,10.486694,12.76181,0.07068154,2,-1,-1
756.37994,5.943437,9.808411,12.7866,0.07051143,1,-1,-1
1089.7651,132.81133,6.092285,10.357956,0.07037711,1,-1,-1
436.79922,113.80348,6.954712,11.154686,0.07022375,1,-1,-1
419.0638,172.12671,9.368164,8.597458,0.070174694,1,-1,-1
1053.4529,528.77234,6.272827,10.190735,0.07012227,1,-1,-1
1114.9159,622.3556,13.037231,16.767761,0.070026755,1,-1,-1
936.7914,131.95789,5.5011597,8.788239,0.07002419,2,-1,-1
834.3443,48.305824,12.554321,9.693268,0.06997326,2,-1,-1
1020.043,252.42744,25.13739,31.73558,0.0699147,4,-1,-1
852.3601,80.71613,11.680298,8.524681,0.069891244,2,-1,-1
944.35754,130.88223,8.901123,11.775391,0.069832176,2,-1,-1
939.57666,132.47409,6.79541,7.8715515,0.06972334,2,-1,-1
939.15485,133.67404,7.6610107,11.423492,0.0696263,2,-1,-1
774.09204,20.325077,9.242859,12.600281,0.0694859,2,-1,-1
1025.9148,253.12328,16.05835,16.807968,0.06944823,1,-1,-1
330.03482,561.52924,6.485077,12.099609,0.06936574,1,-1,-1
771.61163,21.374992,7.112732,10.97971,0.069301665,2,-1,-1
421.40414,122.47978,6.2233887,10.735977,0.06925753,1,-1,-1
874.1596,539.0686,18.528687,17.87561,0.06906551,10,-1,-1
863.2201,81.889915,5.961792,11.753006,0.06902483,2,-1,-1
1056.7537,552.5414,7.173218,8.220398,0.06897715,1,-1,-1
779.80133,18.600372,5.642517,9.235785,0.0689736,2,-1,-1
1048.4547,535.4393,9.910645,9.667114,0.06878817,2,-1,-1
886.9941,533.3701,9.973755,9.818726,0.06873986,1,-1,-1
675.1265,717.6893,31.85913,30.6297,0.0687328,4,-1,-1
1338.5087,683.8535,14.443726,11.933411,0.06864247,1,-1,-1
815.72473,530.3752,13.589661,21.181519,0.068561494,4,-1,-1
364.9291,140.38472,11.485962,12.097885,0.068461806,3,-1,-1
620.35913,644.1903,8.007263,15.59668,0.06836596,1,-1,-1
1166.0553,418.52753,9.291016,13.6033325,0.068360895,1,-1,-1
925.7307,124.122116,9.96167,12.764862,0.06826165,2,-1,-1
743.3689,1.3979417,16.74585,20.698294,0.068110764,7,-1,-1
776.27795,16.686754,15.2907715,24.415037,0.06810695,3,-1,-1
1047.5245,527.6061,12.484375,8.8029785,0.068066806,1,-1,-1
750.0357,2.5189588,17.63263,16.125101,0.06798124,1,-1,-1
1050.5925,538.4174,16.974365,23.077087,0.06791785,1,-1,-1
1092.7654,125.5674,7.506836,13.924667,0.06791702,2,-1,-1
841.4,63.86809,9.049011,15.210941,0.067866445,1,-1,-1
1086.3937,115.34883,23.785034,41.509293,0.06780508,10,-1,-1
1092.2825,116.67297,11.679077,25.287506,0.067760676,10,-1,-1
772.4726,16.33092,22.363281,26.170214,0.067691356,7,-1,-1
1025.9148,253.12328,16.05835,16.807968,0.06758562,2,-1,-1
0.0,637.3395,16.535606,18.307068,0.06743261,10,-1,-1
1331.7001,685.353,18.187988,19.77063,0.06714919,1,-1,-1
415.75778,299.73114,6.0991516,9.757202,0.06714544,1,-1,-1
863.47046,77.36141,6.0511475,7.9151154,0.067095876,2,-1,-1
1159.5358,245.22383,8.794556,17.59642,0.06704372,1,-1,-1
854.5363,70.70874,19.448242,23.099442,0.06692189,2,-1,-1
1349.5214,566.26416,49.99939,51.962097,0.06688154,5,-1,-1
710.7176,574.4937,5.140259,8.860474,0.06681526,1,-1,-1
413.8338,296.1806,14.003967,19.80246,0.06678125,1,-1,-1
751.84314,0.0,10.035767,6.315098,0.06667453,2,-1,-1
773.4902,25.207464,9.50238,12.756102,0.066640675,2,-1,-1
843.0725,65.27054,14.020752,17.312073,0.066595525,10,-1,-1
627.8618,0.2024621,11.963013,9.598709,0.066435695,2,-1,-1
1374.7408,0.0,7.5820312,5.918506,0.066385716,1,-1,-1
811.30676,530.9262,22.5094,24.633179,0.0662359,1,-1,-1
419.05676,122.77682,5.9122314,11.161125,0.06613305,1,-1,-1
1094.7587,98.13865,15.48938,29.684357,0.06574413,2,-1,-1
480.53305,0.0,50.639374,28.75183,0.06568858,9,-1,-1
679.5317,568.66644,9.881714,11.932434,0.06563765,1,-1,-1
889.5837,534.1261,9.480286,8.085876,0.065580726,2,-1,-1
1100.8373,173.65324,5.3745117,10.294907,0.065534085,1,-1,-1
845.81024,65.05158,4.904785,10.934532,0.06538552,2,-1,-1
622.74805,0.0,19.720215,15.374467,0.06538051,10,-1,-1
1093.1997,173.73557,13.794922,26.398773,0.065024465,2,-1,-1
1214.9639,507.18625,38.173462,34.78946,0.065000534,4,-1,-1
955.7225,387.9968,32.592773,17.478973,0.06488225,8,-1,-1
1287.1993,461.98175,46.87329,37.06613,0.06481725,4,-1,-1
765.7153,14.444397,20.729431,26.129005,0.06477815,8,-1,-1
1321.4777,533.74695,54.836426,34.626648,0.06472024,4,-1,-1
770.53064,24.024042,8.575928,15.399748,0.06469637,1,-1,-1
750.03235,0.0,47.831543,36.76135,0.06458008,7,-1,-1
873.2791,541.5933,9.807617,13.8550415,0.064377844,1,-1,-1
363.28015,135.74243,14.124786,18.897598,0.06428254,10,-1,-1
855.6674,71.49928,6.1254272,7.219841,0.06412086,2,-1,-1
1209.2504,493.59338,15.0460205,10.875061,0.064107955,1,-1,-1
1093.8114,235.21823,10.3342285,8.178909,0.06406593,1,-1,-1
901.4576,585.01886,9.949463,13.303833,0.06392285,2,-1,-1
1096.7922,146.1059,5.491089,9.218338,0.06381416,2,-1,-1
1103.1855,733.7617,9.293457,9.148743,0.06364685,2,-1,-1
1092.6564,107.45329,14.076782,35.79683,0.06364602,2,-1,-1
858.23364,76.77215,10.84613,10.441811,0.06356129,1,-1,-1
937.24536,139.17078,9.335693,13.863922,0.06333515,2,-1,-1
1093.6571,128.20003,5.2789307,9.4328,0.063239515,1,-1,-1
336.81012,434.03012,7.5738525,11.753143,0.063087165,1,-1,-1
421.09903,116.07008,9.60849,14.160675,0.06304392,2,-1,-1
751.24097,0.0,10.703125,11.770812,0.063041985,1,-1,-1
