396.1036,713.26697,122.41629,135.9867,0.919019,4,-1,-1
283.2773,491.45016,87.3345,71.82919,0.9081993,4,-1,-1
500.95416,565.21967,77.75055,87.69757,0.9066937,4,-1,-1
168.0389,602.91565,117.521225,100.71918,0.9040415,4,-1,-1
324.27322,657.27277,119.009186,121.26514,0.8947867,4,-1,-1
136.1313,756.2219,143.45232,143.44806,0.88716954,4,-1,-1
215.08257,814.2868,153.01717,165.78223,0.875216,4,-1,-1
217.23445,608.28326,121.80614,96.34076,0.8663441,4,-1,-1
16.221712,735.2005,170.37965,156.19714,0.8502997,4,-1,-1
366.20163,495.44183,79.13089,72.92572,0.8502525,4,-1,-1
1320.2115,366.27148,79.180786,40.74539,0.79100394,4,-1,-1
261.0678,605.307,108.45737,103.09735,0.7498748,4,-1,-1
422.82495,536.66425,84.59311,83.28693,0.74666077,4,-1,-1
325.96332,493.02423,90.941864,72.070435,0.7053235,4,-1,-1
677.06757,58.685806,16.88446,16.009315,0.6997174,4,-1,-1
1101.7587,315.01175,84.288086,37.440125,0.6595374,4,-1,-1
124.23816,400.60907,23.482819,28.463531,0.6112289,1,-1,-1
788.82697,5.378367,13.66156,11.517509,0.59458196,4,-1,-1
648.94275,65.01934,18.7818,18.415405,0.59429455,4,-1,-1
948.0393,402.01688,13.503967,24.565308,0.5474363,1,-1,-1
856.4821,397.32785,14.265808,30.780151,0.50939506,1,-1,-1
670.2663,72.2556,18.836792,15.870232,0.508571,4,-1,-1
651.1744,36.991028,15.872437,18.604965,0.482339,4,-1,-1
836.65454,392.81674,14.815552,33.046448,0.48188132,1,-1,-1
739.99603,13.0953665,15.766235,14.818509,0.46477798,4,-1,-1
789.31775,344.35107,11.560303,25.011566,0.43616408,10,-1,-1
0.0,258.82312,30.227169,30.072601,0.43574768,4,-1,-1
714.7635,29.971561,24.618164,27.829632,0.4258904,9,-1,-1
703.24603,18.800694,14.003052,12.88546,0.4148087,4,-1,-1
788.8535,344.38376,12.108887,20.553833,0.3987847,2,-1,-1
1140.9517,226.22046,15.844971,28.95781,0.35049662,1,-1,-1
285.6294,43.46066,32.885864,21.808079,0.34918335,4,-1,-1
703.8939,29.97882,13.603088,13.820099,0.3379144,4,-1,-1
5.4717336,971.36096,227.05429,78.03137,0.31227535,4,-1,-1
650.5535,34.339836,16.703552,21.57642,0.3007906,5,-1,-1
123.25923,405.65207,27.892136,26.54004,0.2929597,3,-1,-1
654.6012,57.14374,15.80719,14.350925,0.2723017,4,-1,-1
346.40594,674.71295,134.63657,135.81311,0.26849663,4,-1,-1
293.30014,68.08243,9.219849,15.914452,0.24847275,1,-1,-1
857.9381,406.96725,10.181885,20.213348,0.24622345,1,-1,-1
858.0579,397.3974,11.513306,25.006378,0.24575654,2,-1,-1
305.0194,85.25408,31.8638,16.734673,0.24455878,4,-1,-1
704.3165,25.074556,13.360535,14.10261,0.24433276,4,-1,-1
452.5742,62.415768,14.125488,13.44067,0.24132615,4,-1,-1
793.80054,767.11896,13.236572,18.729614,0.23829249,1,-1,-1
285.57315,43.7081,32.95987,21.309113,0.22935656,5,-1,-1
789.232,344.02246,11.53363,22.272308,0.22917017,1,-1,-1
1165.466,254.05923,12.890503,24.692474,0.22499219,1,-1,-1
860.52454,409.42444,11.162659,18.720398,0.22449276,1,-1,-1
671.63165,67.998405,16.114197,15.090012,0.22443289,4,-1,-1
124.11236,400.58383,22.341774,27.198517,0.223349,2,-1,-1
445.5157,38.8334,10.05014,16.024567,0.22117889,1,-1,-1
395.16287,5.0276065,16.08377,16.690948,0.22068745,4,-1,-1
0.0,946.09576,144.62128,103.29657,0.22038266,4,-1,-1
857.13513,407.43756,12.316101,20.40863,0.21653643,2,-1,-1
441.94922,544.1576,98.49579,89.027954,0.21480557,4,-1,-1
860.96466,399.87253,12.971252,25.679504,0.20967782,1,-1,-1
710.9555,4.2411933,13.126465,13.47086,0.20242265,4,-1,-1
715.157,29.709225,23.732483,28.401718,0.20234755,4,-1,-1
714.59827,78.61157,7.2036743,12.396057,0.200952,1,-1,-1
714.7976,28.742914,26.316101,29.939245,0.19835204,5,-1,-1
1109.7416,386.8458,33.071655,26.492706,0.19721118,4,-1,-1
276.50458,82.8752,17.335754,15.975792,0.19668987,4,-1,-1
858.64703,397.5631,10.31604,21.167145,0.19420493,1,-1,-1
856.4821,397.32785,14.265808,30.780151,0.19201878,10,-1,-1
1009.06775,62.688957,34.460327,19.28849,0.19190413,4,-1,-1
1112.0223,388.49448,28.950684,24.643433,0.19037342,8,-1,-1
401.647,15.180147,15.990143,14.653236,0.18958971,4,-1,-1
626.0164,44.3554,7.069397,13.560287,0.18778917,1,-1,-1
371.89636,0.0,26.820312,19.685535,0.18744081,4,-1,-1
1112.0992,388.5428,28.805542,24.373138,0.18678358,7,-1,-1
790.59766,345.35745,8.508728,14.190186,0.18585575,2,-1,-1
790.6338,353.37747,8.7229,16.304321,0.18533343,10,-1,-1
715.157,29.709225,23.732483,28.401718,0.18270048,6,-1,-1
423.73492,38.461422,12.721436,13.085472,0.18239921,4,-1,-1
629.9467,44.26595,6.385742,13.281387,0.1811148,1,-1,-1
49.1617,999.3582,202.02856,50.03412,0.1804168,4,-1,-1
719.7341,29.169731,14.207397,13.70554,0.18001896,4,-1,-1
216.36293,814.3896,152.54784,165.84125,0.17991078,5,-1,-1
714.6167,55.273727,7.217407,12.232216,0.17923477,1,-1,-1
650.5535,34.339836,16.703552,21.57642,0.17702594,6,-1,-1
714.0402,89.69113,6.462097,12.329811,0.17296568,1,-1,-1
379.7369,0.69697386,28.437256,23.197693,0.17215636,4,-1,-1
1177.7213,261.59662,10.177124,19.871185,0.16800502,1,-1,-1
252.90755,79.62166,16.383072,17.764603,0.1679843,4,-1,-1
741.0245,6.8546247,19.20343,19.91906,0.16437563,4,-1,-1
713.7076,81.42016,7.8432007,14.597,0.1643092,1,-1,-1
701.77216,32.838425,13.796814,14.825684,0.1639165,4,-1,-1
314.54126,68.77617,15.630493,14.857201,0.1616543,4,-1,-1
948.59326,402.9843,12.109924,23.24237,0.16067976,10,-1,-1
669.92664,82.621544,18.074158,15.309822,0.15996361,4,-1,-1
285.37396,51.12213,30.641205,25.431313,0.15935951,4,-1,-1
1155.9866,244.24054,12.6427,23.402618,0.15915063,1,-1,-1
650.17993,34.50185,17.475159,21.511555,0.1568335,9,-1,-1
439.98526,70.51023,15.73645,12.552956,0.15654248,4,-1,-1
164.13066,63.198833,38.234802,19.671963,0.15544614,4,-1,-1
715.31146,43.241272,16.783813,14.13818,0.15498692,4,-1,-1
923.9686,4.2011085,44.63965,23.125729,0.15407428,4,-1,-1
786.8146,0.24675941,15.900085,14.101582,0.1518951,4,-1,-1
789.707,352.15945,10.712524,17.207245,0.15170616,2,-1,-1
677.2594,58.53904,16.76294,15.947723,0.15140939,5,-1,-1
1165.466,254.05923,12.890503,24.692474,0.14860383,2,-1,-1
648.7864,64.57161,19.099976,19.334488,0.14840174,5,-1,-1
289.84644,83.97576,32.66153,17.12078,0.14824042,4,-1,-1
429.31747,39.10897,13.119995,13.486,0.14790204,4,-1,-1
394.92737,12.946204,19.382416,18.528248,0.14543435,4,-1,-1
443.32843,57.271286,15.104675,13.086098,0.143882,4,-1,-1
918.8678,58.128277,38.323364,19.584743,0.14382932,4,-1,-1
666.4687,5.328229,15.885559,16.179695,0.14069965,4,-1,-1
414.11832,30.618921,14.801941,13.17845,0.13921371,4,-1,-1
415.09006,42.49276,11.665802,16.891838,0.13894922,4,-1,-1
661.0111,72.57996,16.905151,14.49379,0.13758978,4,-1,-1
398.58466,54.80469,15.926453,14.982227,0.13677981,4,-1,-1
705.2211,2.3108742,19.585693,19.842253,0.13553786,4,-1,-1
946.2774,405.0463,10.714172,20.348694,0.13501152,1,-1,-1
413.2589,19.45422,13.707367,13.656109,0.13477698,4,-1,-1
670.2663,72.2556,18.836792,15.870232,0.13365638,5,-1,-1
1169.5674,258.1989,18.75476,23.630493,0.13336137,1,-1,-1
413.99677,41.790188,12.294159,17.440868,0.13323954,6,-1,-1
714.51495,84.363655,13.951111,11.33255,0.13239634,10,-1,-1
948.59326,402.9843,12.109924,23.24237,0.1322948,2,-1,-1
776.62787,101.56816,29.869019,21.57557,0.13210958,4,-1,-1
1112.4531,388.46112,28.9458,24.860046,0.13126534,5,-1,-1
444.356,55.152943,11.387573,11.737247,0.1311414,4,-1,-1
407.7757,16.213099,15.307007,13.420921,0.13108104,4,-1,-1
127.01874,401.068,15.199768,20.949097,0.13103658,1,-1,-1
674.18494,63.432026,19.200562,15.538212,0.1293656,4,-1,-1
0.0,257.74255,30.76259,31.800537,0.12896004,5,-1,-1
280.0742,83.15113,28.73349,17.531044,0.12827319,4,-1,-1
692.1407,4.9428964,11.323853,13.677784,0.12806568,4,-1,-1
157.0014,55.104027,30.593994,19.963844,0.12794846,4,-1,-1
186.6758,1011.9362,63.38231,37.456116,0.1268282,1,-1,-1
933.89954,1.2817451,46.890625,23.171577,0.1265555,4,-1,-1
854.3005,405.6922,10.766296,21.829315,0.12587982,1,-1,-1
1161.4421,247.38858,17.829834,26.43631,0.1258679,1,-1,-1
5.4717336,971.36096,227.05429,78.03137,0.12479645,5,-1,-1
714.73956,75.78268,6.204773,10.987167,0.12461752,1,-1,-1
447.2236,59.126102,15.502411,14.202953,0.12458968,4,-1,-1
789.3786,347.02295,11.38501,23.26587,0.12419936,3,-1,-1
856.37506,398.43185,13.472778,28.991516,0.12419349,3,-1,-1
467.0518,70.2947,14.836273,15.684364,0.123705596,4,-1,-1
305.92184,65.2288,24.481354,20.311592,0.12296978,4,-1,-1
860.0873,397.84256,14.116394,29.607666,0.122488946,2,-1,-1
123.239136,412.9588,20.516235,17.103455,0.12216008,1,-1,-1
285.6294,43.46066,32.885864,21.808079,0.121115595,6,-1,-1
706.3609,27.981382,10.370361,8.111124,0.12071085,4,-1,-1
792.421,340.4074,12.006836,16.580505,0.11997455,2,-1,-1
387.11774,20.246752,15.108826,13.983545,0.11908284,4,-1,-1
714.59827,78.61157,7.2036743,12.396057,0.11811134,2,-1,-1
655.13654,71.96673,16.746399,15.357765,0.118005365,4,-1,-1
408.09167,63.585842,13.300995,14.059597,0.1176562,4,-1,-1
123.25923,405.65207,27.892136,26.54004,0.11760917,10,-1,-1
740.41187,13.014577,16.125427,14.871707,0.11756188,5,-1,-1
950.6759,408.05823,8.571899,18.434143,0.11746317,1,-1,-1
290.02246,65.66905,11.577789,17.44693,0.11734256,4,-1,-1
304.8652,87.105606,17.391876,13.755585,0.11731368,4,-1,-1
416.33853,27.097237,13.438934,13.199718,0.11717078,4,-1,-1
687.4277,9.6953,11.994812,14.039742,0.11695969,4,-1,-1
857.62756,407.80347,10.714661,19.460022,0.11644778,10,-1,-1
707.4071,0.0,16.795227,14.915818,0.115125686,4,-1,-1
168.86421,57.716206,17.824493,14.716572,0.115059614,4,-1,-1
750.734,757.75415,10.223938,18.917542,0.11505523,1,-1,-1
255.4526,74.38333,18.537262,21.835281,0.11504972,4,-1,-1
1320.2115,366.27148,79.180786,40.74539,0.114595145,1,-1,-1
776.64905,505.06012,13.832825,13.077026,0.11458671,1,-1,-1
622.86475,44.44372,6.902649,14.124111,0.114293456,1,-1,-1
714.9664,78.87051,9.830566,13.940681,0.11418113,10,-1,-1
791.77405,347.8061,12.141968,18.618622,0.114105046,10,-1,-1
733.3917,57.94442,6.519165,13.572144,0.11377606,1,-1,-1
462.12042,68.552956,15.773468,15.899544,0.11355013,4,-1,-1
364.31638,498.1458,82.22504,68.887146,0.11173171,5,-1,-1
845.113,695.93146,11.183716,16.474487,0.110798925,1,-1,-1
700.87854,37.23551,13.164856,14.851662,0.11076674,4,-1,-1
780.8175,74.48162,7.275757,14.096779,0.110530764,1,-1,-1
289.18585,63.340004,10.899689,19.763527,0.10917136,1,-1,-1
861.44586,408.75754,10.2907715,17.93103,0.109143645,2,-1,-1
414.9444,37.989174,13.286285,15.802021,0.10862976,4,-1,-1
372.65936,0.0,25.770721,19.998451,0.10844144,5,-1,-1
443.22433,65.78335,14.6441345,13.518814,0.1080116,4,-1,-1
415.21774,69.074585,13.655334,14.661507,0.10786334,4,-1,-1
953.43225,401.88254,10.493042,22.969788,0.105624825,1,-1,-1
791.77405,347.8061,12.141968,18.618622,0.105571985,2,-1,-1
1141.5585,225.80074,20.613525,30.299545,0.10545018,10,-1,-1
1140.6832,232.5417,10.514893,21.544281,0.10501778,1,-1,-1
437.87897,49.532276,10.977539,11.6231575,0.104917824,4,-1,-1
919.3075,46.10625,33.474976,17.11805,0.10488957,4,-1,-1
1164.8519,250.88492,10.90686,20.68573,0.1047833,1,-1,-1
783.2257,94.35833,46.07141,29.254776,0.10467598,4,-1,-1
703.4368,13.030945,17.754456,21.057121,0.10409677,4,-1,-1
747.63666,4.657146,16.009888,14.160831,0.10375613,4,-1,-1
3.5134408,733.152,180.62352,159.07971,0.10361487,1,-1,-1
444.6385,55.554565,23.124603,28.097649,0.10349357,4,-1,-1
417.3149,34.115833,14.652405,14.053772,0.10287559,4,-1,-1
1174.6185,260.6515,11.395264,20.249054,0.10249737,2,-1,-1
791.2267,356.8044,7.295227,11.845428,0.10126409,2,-1,-1
1153.4792,236.22095,17.533447,27.241333,0.100868404,1,-1,-1
293.8882,63.139824,20.901031,21.661385,0.10068765,4,-1,-1
714.7005,54.411747,11.459595,14.027538,0.10065436,4,-1,-1
300.39316,79.8196,38.26761,18.279411,0.09969452,4,-1,-1
706.1544,15.974073,15.805908,12.634819,0.098531365,4,-1,-1
859.082,409.4719,7.4761353,15.59494,0.09847382,2,-1,-1
791.77893,349.59732,6.5651245,13.968231,0.098442495,2,-1,-1
310.44568,101.87451,6.753235,14.340981,0.098282635,1,-1,-1
948.59326,402.9843,12.109924,23.24237,0.098127306,3,-1,-1
798.87634,336.5815,21.569946,11.522705,0.098037034,10,-1,-1
841.80676,391.5692,10.328308,23.75653,0.09797254,1,-1,-1
790.6338,353.37747,8.7229,16.304321,0.097813904,1,-1,-1
1120.2294,309.52768,66.44885,32.295868,0.097800374,4,-1,-1
766.7548,772.20465,11.690674,18.46936,0.0976499,1,-1,-1
1111.5432,389.037,30.229858,23.962158,0.097620845,6,-1,-1
286.59033,53.80381,25.393707,15.230125,0.097489625,4,-1,-1
413.7141,23.514181,14.537842,13.890215,0.09741789,4,-1,-1
412.19904,69.78528,21.338959,20.826782,0.09728974,4,-1,-1
111.29954,40.98552,13.874809,11.657337,0.09711641,4,-1,-1
390.4101,43.149895,13.478546,12.464878,0.09694633,4,-1,-1
1144.6561,233.83427,8.732178,20.305649,0.096156895,1,-1,-1
921.14813,0.0,72.6001,34.50565,0.09609413,4,-1,-1
287.0573,44.716564,22.43814,14.760616,0.09574327,4,-1,-1
704.34924,11.262889,14.628662,15.1475725,0.09555861,4,-1,-1
0.0,260.10248,29.294441,28.226929,0.09553072,10,-1,-1
441.04004,73.28406,17.223969,17.572853,0.0955106,4,-1,-1
419.08295,38.852375,13.830658,14.282249,0.095213294,4,-1,-1
630.6869,41.99646,5.8949585,10.880516,0.09475902,1,-1,-1
295.11978,72.74744,6.547821,12.166679,0.09475279,1,-1,-1
172.87187,67.1676,32.352707,22.954887,0.09450939,4,-1,-1
1164.858,260.7155,9.791748,20.033264,0.094364524,1,-1,-1
716.1472,77.714806,8.597107,14.999222,0.094328314,1,-1,-1
1101.6783,314.24847,80.043945,39.213898,0.09390986,5,-1,-1
121.527626,247.40004,15.297325,16.064774,0.093497664,10,-1,-1
403.27838,10.764858,14.87558,14.913593,0.09320629,4,-1,-1
1163.7145,261.34656,17.359253,22.426086,0.092980295,1,-1,-1
735.6128,8.826285,20.934937,23.180984,0.09294349,4,-1,-1
208.78053,75.74967,35.5746,20.468544,0.09293133,4,-1,-1
914.5259,0.0,12.270813,10.653679,0.09290135,1,-1,-1
710.3806,75.88428,11.174622,16.993507,0.092611104,1,-1,-1
839.5059,393.89917,9.217102,26.026947,0.09187773,1,-1,-1
920.75726,46.607464,31.332275,15.429817,0.09165424,10,-1,-1
1267.0615,104.70475,30.201172,14.108299,0.09138799,4,-1,-1
387.94818,15.0766945,14.897278,14.917234,0.091043234,4,-1,-1
735.8095,25.831957,15.800171,16.273806,0.09094927,4,-1,-1
292.98322,67.675064,9.526245,16.539894,0.09086299,2,-1,-1
729.3029,55.553734,11.858032,15.543251,0.09065974,4,-1,-1
923.34045,39.65071,33.626404,20.783924,0.090610355,4,-1,-1
395.73395,47.944466,14.4808655,13.159439,0.09059903,4,-1,-1
391.7261,18.913906,18.187897,13.666931,0.09053317,4,-1,-1
840.8499,401.33694,11.42218,23.522247,0.09033263,1,-1,-1
784.06036,345.17313,20.569458,29.718628,0.09030321,10,-1,-1
860.96466,399.87253,12.971252,25.679504,0.090100795,10,-1,-1
677.2594,58.53904,16.76294,15.947723,0.08955696,1,-1,-1
740.435,6.005793,20.339417,21.498894,0.08931887,9,-1,-1
313.05853,70.70696,12.419434,14.730576,0.08923745,1,-1,-1
1124.5958,309.8724,91.2323,43.388977,0.089197576,4,-1,-1
923.276,36.686188,29.07367,14.444916,0.089048594,10,-1,-1
860.5321,407.00012,11.069519,20.014954,0.0890432,3,-1,-1
745.1841,0.0,18.213745,11.890681,0.088867426,4,-1,-1
647.03973,55.414246,21.569275,23.800255,0.08823404,4,-1,-1
383.29367,24.697563,18.015076,16.773838,0.08795196,4,-1,-1
714.8651,64.08389,6.5770874,12.937973,0.087919235,1,-1,-1
789.66754,5.019379,18.236084,15.757132,0.08789471,4,-1,-1
648.94763,71.65785,16.472046,15.653595,0.08782044,4,-1,-1
710.4257,8.515261,13.82782,14.11393,0.08734965,4,-1,-1
721.6012,27.610561,10.869263,10.778744,0.08729422,4,-1,-1
626.51227,41.672836,6.0927124,11.7872925,0.0867686,1,-1,-1
411.64264,21.331692,11.027222,10.654911,0.086738855,4,-1,-1
1139.0159,224.04335,27.20874,35.68419,0.0867371,1,-1,-1
786.10223,344.59872,10.83136,15.751678,0.0866079,2,-1,-1
308.98615,95.124,8.898926,19.2621,0.08658585,1,-1,-1
405.4485,67.223946,12.85733,13.5490265,0.08650422,4,-1,-1
50.028576,946.2509,133.28706,94.134705,0.08641261,4,-1,-1
295.33478,67.72812,14.637665,16.3974,0.08638108,1,-1,-1
714.21277,89.85479,6.029663,11.761818,0.08638075,2,-1,-1
654.86084,57.0349,15.398376,14.339535,0.08635849,5,-1,-1
652.23737,46.779037,14.752319,15.52309,0.0863117,4,-1,-1
448.55685,79.51839,12.180023,12.872841,0.08619964,4,-1,-1
122.15583,246.4241,13.900246,17.323212,0.08613333,1,-1,-1
785.2757,338.23615,16.744385,27.202606,0.08564538,10,-1,-1
324.14145,658.4865,117.88953,121.31085,0.085531175,5,-1,-1
285.4839,43.143906,32.261963,23.185059,0.08549106,9,-1,-1
951.0849,408.10724,7.6342163,18.784943,0.08544564,2,-1,-1
669.2127,103.63026,27.48059,14.673286,0.08533868,4,-1,-1
714.6573,75.94869,6.3658447,10.56723,0.08515605,2,-1,-1
44.897232,944.64935,95.371796,93.41791,0.084908426,1,-1,-1
440.0433,53.610985,13.201172,13.594337,0.08479634,4,-1,-1
390.10422,0.0,23.181976,20.037066,0.08478388,4,-1,-1
0.0,741.4898,186.81221,144.46655,0.084750116,5,-1,-1
400.5205,18.98924,12.593201,12.565357,0.08459911,4,-1,-1
0.0,259.96747,29.19806,27.088623,0.08457297,1,-1,-1
657.64075,55.99812,10.564514,11.424946,0.084314406,4,-1,-1
855.56036,409.1977,12.642029,20.994843,0.084267735,3,-1,-1
836.6008,392.4013,15.425293,33.981354,0.084251046,4,-1,-1
663.09937,8.196028,14.145203,15.675198,0.08414835,4,-1,-1
729.34204,55.233486,11.542358,15.986294,0.08404893,1,-1,-1
1110.7828,386.938,30.670166,26.485474,0.083985895,10,-1,-1
371.89636,0.0,26.820312,19.685535,0.08395833,9,-1,-1
176.37926,66.64002,26.36174,14.38517,0.083835185,4,-1,-1
714.5973,51.90023,5.597229,11.238579,0.08380255,1,-1,-1
1200.6567,281.10962,17.480225,32.716278,0.0837692,1,-1,-1
767.579,761.94147,10.808044,21.977661,0.08344516,1,-1,-1
838.9049,394.54068,11.374512,29.340088,0.0831373,10,-1,-1
122.15583,246.4241,13.900246,17.323212,0.08302954,2,-1,-1
419.78464,31.601343,9.687836,9.277479,0.08294168,4,-1,-1
714.629,69.86377,6.2753296,11.517685,0.08224523,1,-1,-1
261.20358,607.1121,106.650024,97.40497,0.08214542,5,-1,-1
280.097,42.986744,44.23056,36.02474,0.08197084,4,-1,-1
409.00854,59.190388,13.339386,14.482632,0.08191806,4,-1,-1
396.53397,714.61725,122.05069,135.24524,0.081792414,5,-1,-1
433.7353,44.35536,12.798676,14.421585,0.08160427,4,-1,-1
500.36508,564.71893,78.28531,87.94568,0.08145127,5,-1,-1
307.29785,68.09468,13.318634,16.234993,0.081410885,4,-1,-1
739.072,0.0,26.869873,24.426321,0.08135849,4,-1,-1
278.54922,63.14538,21.183136,21.21106,0.08129656,4,-1,-1
713.36206,80.80253,8.669678,15.647026,0.08127245,2,-1,-1
121.72335,248.06755,15.815025,15.694412,0.080999464,3,-1,-1
709.81714,17.897144,38.288757,44.00175,0.08094919,9,-1,-1
413.5323,35.079727,12.853455,10.60363,0.08094758,4,-1,-1
448.97504,63.927402,12.598938,12.039738,0.080800176,4,-1,-1
690.252,12.755211,11.959778,14.366804,0.080366105,4,-1,-1
1103.6482,316.38095,51.782227,23.322357,0.08027789,4,-1,-1
427.93488,34.911316,12.176453,14.182907,0.08027753,4,-1,-1
717.9545,31.537899,16.930908,18.532478,0.08019918,4,-1,-1
302.3222,67.73602,13.395905,17.037949,0.08019829,4,-1,-1
385.68695,5.5905924,18.490753,16.345211,0.08019087,4,-1,-1
132.94812,42.328373,18.696594,14.030464,0.080029815,4,-1,-1
625.3798,44.439045,8.449158,13.5538025,0.0795967,10,-1,-1
284.81287,66.13249,12.366455,17.542862,0.07943264,1,-1,-1
282.76877,78.57582,38.598663,18.051628,0.0793958,4,-1,-1
274.10785,75.12361,24.572052,23.819618,0.07938799,4,-1,-1
399.59274,12.475195,22.751587,21.557962,0.07931316,4,-1,-1
621.75305,43.806046,12.330383,16.16809,0.07911739,1,-1,-1
303.17328,67.3166,12.639404,17.59459,0.07886726,1,-1,-1
713.0125,81.508125,10.509216,14.757324,0.078475624,10,-1,-1
292.21686,70.95314,28.0513,22.173706,0.0782204,4,-1,-1
786.9051,349.7946,14.532715,22.253845,0.0782139,1,-1,-1
744.6403,12.40911,10.785522,11.141435,0.07770565,4,-1,-1
941.5032,397.8411,18.474121,31.223206,0.07762399,1,-1,-1
286.49326,62.305473,19.524475,23.295418,0.07758102,4,-1,-1
416.9588,88.25833,17.441986,15.829315,0.07728848,4,-1,-1
716.9304,79.510765,6.9467163,11.042778,0.07724723,2,-1,-1
698.5976,23.3924,18.546753,23.27019,0.07710487,4,-1,-1
647.7199,91.480865,15.479004,13.39901,0.077049434,4,-1,-1
1164.6437,254.4226,14.681519,24.708649,0.07702467,10,-1,-1
286.27664,50.79355,26.607605,18.880379,0.07700467,5,-1,-1
714.84265,47.71083,14.412109,16.240665,0.076961875,4,-1,-1
790.8479,345.20163,8.205078,14.743225,0.076922685,1,-1,-1
500.50845,564.6809,78.54831,88.030945,0.0767833,1,-1,-1
415.09006,42.49276,11.665802,16.891838,0.0767698,1,-1,-1
706.4097,17.977577,10.005005,9.853773,0.076533884,4,-1,-1
725.244,30.12553,9.922241,11.143448,0.076414526,4,-1,-1
786.0323,347.63287,16.376892,25.146057,0.07628456,2,-1,-1
752.78217,61.096855,7.1098022,10.377922,0.07616964,1,-1,-1
419.98618,25.388628,10.916107,12.133287,0.07588521,4,-1,-1
703.24603,18.800694,14.003052,12.88546,0.075781554,5,-1,-1
1131.9976,224.8002,21.39148,33.262604,0.07571292,1,-1,-1
276.8282,82.986206,17.680328,18.45433,0.07566738,1,-1,-1
791.9343,91.92918,17.316833,13.990486,0.075402886,4,-1,-1
438.3312,58.049213,12.369293,13.670521,0.07526529,4,-1,-1
1155.7651,243.51407,13.774658,24.588837,0.0750767,2,-1,-1
775.0285,319.36993,12.475525,14.269806,0.07504678,1,-1,-1
862.5377,400.59073,8.648743,19.186768,0.07503858,1,-1,-1
666.4528,0.0,19.300476,17.792852,0.07485223,4,-1,-1
752.9351,1.1299365,13.348572,13.9289875,0.07467881,4,-1,-1
702.90204,32.41099,11.213013,8.984962,0.074624,4,-1,-1
323.57193,72.87026,8.195709,14.021057,0.07461333,1,-1,-1
785.90466,343.92624,12.108032,18.250977,0.07459143,10,-1,-1
0.0,260.10248,29.294441,28.226929,0.07448658,6,-1,-1
383.20154,13.568745,25.157349,21.670303,0.07440117,4,-1,-1
857.77155,394.22217,17.727722,25.97647,0.0743559,1,-1,-1
739.1842,17.729218,14.418762,13.807451,0.07428068,4,-1,-1
982.82837,20.708841,34.08026,22.847925,0.07423952,4,-1,-1
1167.7107,248.00102,11.065552,19.634079,0.074192375,1,-1,-1
715.9389,77.41545,9.5008545,16.20311,0.0740892,2,-1,-1
424.10983,534.9354,83.47409,84.11188,0.07403034,5,-1,-1
712.8109,92.059746,8.919128,13.973305,0.07377607,1,-1,-1
940.49084,85.670715,30.905884,15.4038315,0.07362664,4,-1,-1
1120.2985,314.04016,44.77478,22.268127,0.07351285,4,-1,-1
446.45288,37.554073,6.8583374,12.283585,0.07347724,1,-1,-1
426.203,36.687283,12.483948,13.517025,0.07347056,1,-1,-1
648.85834,64.399315,19.39978,19.207794,0.07341561,6,-1,-1
796.40485,339.5274,14.080078,15.263672,0.073370665,2,-1,-1
695.22437,0.0,19.320374,15.744718,0.07331693,4,-1,-1
792.421,340.4074,12.006836,16.580505,0.073313296,10,-1,-1
137.60783,25.19658,24.57779,15.586542,0.073212236,4,-1,-1
1246.2433,667.25116,54.209717,41.163208,0.073191136,1,-1,-1
291.24976,68.454185,7.135895,13.721878,0.07304093,1,-1,-1
665.20575,76.485,19.831665,14.20385,0.07298359,4,-1,-1
246.25587,75.933136,31.934433,23.179672,0.072959036,4,-1,-1
622.3869,48.531395,6.046509,12.244965,0.07293087,1,-1,-1
687.3508,4.1165214,18.117004,18.714497,0.07274315,4,-1,-1
314.81662,66.69553,16.41278,16.246208,0.07271406,1,-1,-1
122.103676,413.6904,23.999168,16.290894,0.072663784,3,-1,-1
706.57166,26.420603,16.301392,10.987097,0.07264674,4,-1,-1
1164.8519,250.88492,10.90686,20.68573,0.0726448,2,-1,-1
1164.103,238.85011,14.159546,27.553635,0.07255304,1,-1,-1
713.973,83.17969,14.36853,13.177483,0.072544545,4,-1,-1
917.669,2.151038,32.20941,24.344702,0.07249755,4,-1,-1
306.5582,85.90459,30.964783,16.497734,0.07243621,5,-1,-1
403.6414,49.67588,13.770966,14.921524,0.072321504,4,-1,-1
413.7804,40.28185,13.399567,17.921028,0.07224834,5,-1,-1
948.4516,402.9249,12.0668335,23.41275,0.07217431,4,-1,-1
403.28812,55.549103,15.491455,16.882454,0.07216284,4,-1,-1
164.1681,53.883614,18.148666,15.213142,0.07215014,4,-1,-1
366.48965,0.0,36.471283,33.40915,0.07211375,4,-1,-1
862.2312,401.34717,11.752319,23.080536,0.07194245,3,-1,-1
786.4049,353.1974,16.234497,18.577484,0.07183948,10,-1,-1
713.5475,96.316605,6.4570312,12.586182,0.071763545,1,-1,-1
705.67206,35.05463,11.286499,10.338127,0.07168159,4,-1,-1
416.71536,72.81239,16.152405,13.046837,0.07165736,4,-1,-1
767.19836,755.7329,9.996643,17.523926,0.071636766,1,-1,-1
1009.06775,62.688957,34.460327,19.28849,0.07148507,5,-1,-1
1141.9113,305.703,62.16394,36.048553,0.07145789,4,-1,-1
655.2216,5.1621842,23.428223,19.357578,0.071346164,4,-1,-1
1158.6656,253.43884,12.5859375,20.471008,0.07116926,1,-1,-1
292.98322,67.675064,9.526245,16.539894,0.07115972,10,-1,-1
861.2943,400.67017,11.100891,17.876099,0.07112348,2,-1,-1
425.97665,36.418854,10.31012,11.0970955,0.07102862,4,-1,-1
410.35562,24.100323,12.681641,13.0365715,0.07102683,4,-1,-1
687.96075,14.020454,9.964661,12.340469,0.071003705,4,-1,-1
0.0,966.6203,183.91077,82.77203,0.0709292,1,-1,-1
693.38367,5.6269617,21.537842,16.263649,0.070862144,4,-1,-1
1148.0264,233.04492,11.011475,22.852646,0.07085666,1,-1,-1
231.56508,71.5967,33.044937,22.888481,0.07084438,4,-1,-1
1156.0695,248.92667,8.441162,17.508545,0.07068983,1,-1,-1
257.98602,141.46162,38.293182,15.130905,0.07065201,4,-1,-1
460.89276,449.12677,19.945374,20.768097,0.07049078,1,-1,-1
703.1272,26.740175,11.071167,8.927824,0.07028726,4,-1,-1
169.70016,53.81473,32.067413,21.511631,0.07015476,4,-1,-1
669.22656,56.843216,21.346436,14.514778,0.07011223,4,-1,-1
650.02295,77.8508,16.96399,12.879349,0.07009712,4,-1,-1
854.19556,406.65265,10.798584,20.315338,0.06980032,2,-1,-1
624.7199,40.569378,10.133301,15.047489,0.0695321,1,-1,-1
713.0985,50.050617,9.836914,15.897755,0.069361806,1,-1,-1
167.62993,604.35223,118.246994,100.02521,0.06929305,1,-1,-1
307.27505,70.610916,11.357971,15.861031,0.069259256,1,-1,-1
857.93634,398.75082,10.892334,19.605103,0.06924206,10,-1,-1
445.8534,38.53704,10.610168,15.526691,0.0690538,4,-1,-1
1167.0764,247.79811,11.954224,20.881851,0.06902063,2,-1,-1
288.9024,48.745895,26.154144,12.906754,0.06901139,4,-1,-1
859.5016,400.8684,7.350342,17.46643,0.069006264,2,-1,-1
676.95105,58.59447,16.582275,15.330509,0.06900239,10,-1,-1
791.29456,348.29807,7.4904785,16.357147,0.068876356,10,-1,-1
458.8103,72.64692,12.642456,12.762672,0.06884706,4,-1,-1
283.8724,48.45778,34.483246,28.344322,0.06877726,6,-1,-1
440.91333,62.02942,19.455078,21.302345,0.06869623,4,-1,-1
714.2186,79.83903,7.792053,10.101517,0.06867108,10,-1,-1
1172.2762,262.1635,17.854492,24.604553,0.068633884,2,-1,-1
428.64053,48.198013,13.688568,13.441994,0.06837219,4,-1,-1
702.832,36.708076,10.304016,8.856064,0.06832364,4,-1,-1
1142.5782,228.32376,11.985474,25.997467,0.06822434,2,-1,-1
1010.0181,55.122364,47.713074,29.718891,0.06820449,4,-1,-1
916.4709,62.48228,38.43799,17.255596,0.068067044,5,-1,-1
218.84276,71.67698,35.12291,23.645195,0.06785667,4,-1,-1
653.53186,64.355446,16.145752,13.589096,0.067840785,4,-1,-1
1163.7867,264.77808,29.257202,26.206146,0.067788094,10,-1,-1
707.43146,30.704298,13.121277,10.981161,0.067668915,4,-1,-1
714.9664,78.87051,9.830566,13.940681,0.06752539,4,-1,-1
716.76935,74.964905,7.4728394,12.532997,0.06742868,1,-1,-1
1149.2087,226.73442,21.374268,30.026993,0.06730506,1,-1,-1
668.433,3.0582018,27.806213,19.475075,0.06727657,4,-1,-1
715.4955,36.918903,18.633545,23.648987,0.06708577,5,-1,-1
385.70776,36.55798,16.644531,14.735626,0.06706756,4,-1,-1
171.11888,65.876755,33.523315,18.834602,0.06704536,5,-1,-1
1167.9275,263.41214,24.805908,24.73462,0.06698161,1,-1,-1
412.36594,64.34643,13.760468,14.63485,0.06691113,4,-1,-1
713.6638,93.328636,6.9541626,11.5336685,0.06687462,2,-1,-1
794.9375,766.1607,10.394897,12.779175,0.066865176,1,-1,-1
372.65936,0.0,25.770721,19.998451,0.0668506,6,-1,-1
787.28906,339.8161,12.500122,18.34378,0.066821665,2,-1,-1
1159.7518,247.59694,26.865356,33.717514,0.06667361,10,-1,-1
312.33826,64.460815,13.921112,16.897408,0.06665254,4,-1,-1
638.4574,592.6387,12.521179,23.884583,0.06663114,1,-1,-1
838.9971,393.1232,10.9140625,29.285492,0.06657478,2,-1,-1
452.86072,62.33165,13.648895,13.698463,0.066498965,5,-1,-1
408.27762,36.05622,14.99295,16.660027,0.066416055,4,-1,-1
453.4392,66.41087,13.638794,14.363457,0.066412956,4,-1,-1
921.5064,0.0,54.005188,26.86268,0.06628463,5,-1,-1
410.43927,65.98066,8.902008,9.456963,0.06628248,4,-1,-1
426.91104,75.20123,7.196594,9.175133,0.06625271,4,-1,-1
133.70224,31.817244,31.206543,23.831114,0.06613812,4,-1,-1
380.2013,2.5717947,15.613495,16.812262,0.06607008,4,-1,-1
702.2479,31.180748,26.315552,23.183365,0.06606579,9,-1,-1
49.1617,999.3582,202.02856,50.03412,0.06601456,5,-1,-1
276.615,83.147224,18.491943,17.88314,0.06592181,10,-1,-1
716.89343,55.664265,7.480896,11.121723,0.06591749,1,-1,-1
694.4822,1.2156379,12.365601,13.460719,0.065896094,4,-1,-1
913.3259,0.0,26.73706,15.243769,0.06589058,4,-1,-1
0.0,946.09576,144.62128,103.29657,0.06587216,5,-1,-1
395.79056,16.322563,12.57901,11.748089,0.0658631,4,-1,-1
312.58286,68.40654,23.564392,23.002014,0.0658384,4,-1,-1
252.21188,80.35518,17.266235,16.648247,0.06574631,5,-1,-1
860.76746,409.18738,10.814331,18.994812,0.06563389,10,-1,-1
288.5806,69.656685,16.324768,20.47248,0.06553218,4,-1,-1
856.82886,397.31818,16.930603,30.355713,0.065404624,4,-1,-1
625.9738,45.119213,7.1987305,11.785492,0.06526986,2,-1,-1
714.1428,0.0,17.30487,12.7743225,0.06526247,4,-1,-1
422.5042,42.09946,14.240143,14.42403,0.06509796,4,-1,-1
629.9467,44.26595,6.385742,13.281387,0.06501806,10,-1,-1
656.08417,0.0,33.28174,21.840017,0.064861536,4,-1,-1
650.34216,14.947984,16.255676,15.184508,0.06482935,4,-1,-1
1017.63336,0.0,33.733215,15.096922,0.064712554,4,-1,-1
982.51996,31.159132,34.887695,22.366282,0.064702004,4,-1,-1
