550.365,670.54474,66.7641,31.283081,0.9998807,4,-1,-1
706.4741,526.18274,25.857178,42.791626,0.99887085,4,-1,-1
674.7405,322.17523,33.865234,87.603424,0.99725485,6,-1,-1
450.07004,976.0538,116.52823,58.562805,0.98995006,6,-1,-1
503.07953,533.1507,48.05017,27.18451,0.96520805,4,-1,-1
741.2509,894.36597,43.517944,91.44122,0.96040565,5,-1,-1
383.9682,943.55,40.772186,26.037598,0.83252084,10,-1,-1
501.47885,839.9803,74.899994,51.606445,0.79799354,8,-1,-1
533.38727,483.21945,48.696472,27.756927,0.66052854,4,-1,-1
489.6601,792.88574,73.989685,42.22992,0.65968966,7,-1,-1
660.5061,220.0893,23.157593,69.20688,0.6014548,6,-1,-1
508.01804,824.34064,65.238495,32.93878,0.5749475,7,-1,-1
540.24536,721.1732,85.75775,41.83203,0.5627279,8,-1,-1
741.4072,893.9767,43.629578,90.70575,0.55116785,4,-1,-1
584.0702,836.476,32.43219,53.202393,0.54540503,7,-1,-1
692.0251,459.66495,23.405945,37.778748,0.44631606,5,-1,-1
458.97717,930.01886,61.91101,33.75659,0.42938182,6,-1,-1
501.7512,840.1667,75.87094,51.41394,0.39255524,7,-1,-1
583.80115,827.7462,35.048767,39.78894,0.36790437,7,-1,-1
539.28815,720.90173,88.02124,41.999023,0.3624738,6,-1,-1
533.18164,482.18176,47.94165,28.72351,0.3549469,5,-1,-1
550.55963,344.53265,41.63275,21.819946,0.34309107,5,-1,-1
539.8889,721.63965,86.317505,41.053284,0.297192,7,-1,-1
459.24216,929.4701,61.6752,34.07306,0.2858199,7,-1,-1
741.4072,893.9767,43.629578,90.70575,0.27602974,6,-1,-1
546.92114,360.74612,39.774292,21.645508,0.27393693,4,-1,-1
523.1263,393.5583,45.371216,21.007599,0.27302894,4,-1,-1
385.42682,778.68317,41.245148,36.142273,0.25929117,7,-1,-1
508.42044,824.8818,65.3602,31.70996,0.25551707,10,-1,-1
739.6109,327.67093,39.299866,22.708923,0.25377977,4,-1,-1
547.18567,414.84875,42.748596,24.213531,0.2511742,4,-1,-1
93.89002,1008.1039,29.779396,39.753906,0.24572352,5,-1,-1
1102.8097,462.9548,33.059082,32.03067,0.22115979,5,-1,-1
492.695,793.35114,70.51813,41.716003,0.21362674,10,-1,-1
419.64175,646.8535,38.30423,25.700928,0.21231648,10,-1,-1
581.0355,819.814,36.297302,31.2276,0.21111801,7,-1,-1
416.13223,674.1334,36.47171,24.818542,0.21020985,7,-1,-1
89.59296,403.80887,37.944084,33.717773,0.19930896,4,-1,-1
740.4086,327.52545,41.591003,23.38443,0.19910246,6,-1,-1
752.264,298.92395,39.85138,22.65094,0.19794434,6,-1,-1
546.92114,360.74612,39.774292,21.645508,0.18540323,5,-1,-1
523.043,393.219,45.431824,21.559082,0.1850268,7,-1,-1
410.9538,865.0108,30.983948,28.777588,0.18298939,10,-1,-1
465.80008,487.73178,43.796875,21.176819,0.1679056,4,-1,-1
537.31744,719.0623,92.8255,42.63434,0.16588748,5,-1,-1
458.88712,929.3451,62.037567,34.718506,0.16527766,8,-1,-1
503.0568,840.16534,73.98367,51.243713,0.16249964,4,-1,-1
508.95135,824.5612,64.24274,34.6369,0.16005805,8,-1,-1
560.26355,422.53656,40.211426,23.323944,0.15343884,4,-1,-1
508.3681,824.3278,65.18921,32.128723,0.15339655,3,-1,-1
536.41223,719.4259,93.73987,41.372437,0.15138513,4,-1,-1
501.8003,839.72314,74.92499,51.6662,0.14647835,6,-1,-1
426.38052,577.32416,39.934387,24.157654,0.14607793,7,-1,-1
519.9356,896.8187,41.031006,24.818787,0.14526597,7,-1,-1
390.5467,771.86444,34.825775,31.433472,0.1440266,7,-1,-1
426.38052,577.32416,39.934387,24.157654,0.14277622,8,-1,-1
489.06863,792.99335,74.417206,42.29077,0.14160585,4,-1,-1
523.1263,393.5583,45.371216,21.007599,0.13786036,8,-1,-1
416.13223,674.1334,36.47171,24.818542,0.13164237,10,-1,-1
584.0702,836.476,32.43219,53.202393,0.12813091,8,-1,-1
415.41565,674.4602,37.00821,24.578613,0.12805149,3,-1,-1
545.0633,415.73083,37.32013,25.960327,0.12718454,5,-1,-1
545.0633,415.73083,37.32013,25.960327,0.1258592,7,-1,-1
504.7384,833.9257,69.6181,55.04132,0.12375957,5,-1,-1
550.8011,344.7143,40.22754,23.913696,0.12162465,4,-1,-1
582.5447,817.7334,36.72003,30.560364,0.11850062,10,-1,-1
417.67828,646.7703,37.825897,24.868591,0.117429405,3,-1,-1
423.38245,662.7923,35.310913,31.158264,0.11423129,7,-1,-1
426.38052,577.32416,39.934387,24.157654,0.11298999,6,-1,-1
489.6601,792.88574,73.989685,42.22992,0.11244869,3,-1,-1
508.01804,824.34064,65.238495,32.93878,0.11027506,4,-1,-1
420.28046,648.1552,35.677856,28.118164,0.10872966,7,-1,-1
466.43005,241.23265,30.592438,30.412796,0.104959816,6,-1,-1
583.6928,207.64116,27.928589,35.41147,0.102855414,6,-1,-1
535.9673,416.88193,35.352905,28.033081,0.10163763,4,-1,-1
582.5447,817.7334,36.72003,30.560364,0.099879324,8,-1,-1
396.5502,898.0762,42.167053,23.488098,0.09982464,10,-1,-1
739.6109,327.67093,39.299866,22.708923,0.09858316,5,-1,-1
750.16437,412.3969,32.24359,28.48291,0.096895665,4,-1,-1
523.043,393.219,45.431824,21.559082,0.09634927,10,-1,-1
396.7657,897.73065,41.620636,23.72284,0.09536573,7,-1,-1
495.6601,803.11566,76.0401,52.385498,0.09471929,8,-1,-1
533.4971,482.7466,50.345825,28.302948,0.09466678,8,-1,-1
846.894,862.5317,53.434753,26.22931,0.09231755,4,-1,-1
583.6928,207.64116,27.928589,35.41147,0.09124941,5,-1,-1
656.22174,121.87192,21.295837,41.360886,0.08826175,6,-1,-1
425.94626,577.89404,40.907745,23.924744,0.08598682,5,-1,-1
741.7352,894.06555,43.34955,91.21698,0.08240163,1,-1,-1
523.1263,393.5583,45.371216,21.007599,0.082279235,5,-1,-1
552.51855,420.48346,43.253357,23.512634,0.08150098,5,-1,-1
584.5433,839.339,32.63623,52.676575,0.08090234,4,-1,-1
508.10956,445.99854,35.03473,25.236145,0.08023214,7,-1,-1
546.1807,415.1522,39.934875,24.80658,0.078658044,8,-1,-1
89.59296,403.80887,37.944084,33.717773,0.07861501,5,-1,-1
410.9538,865.0108,30.983948,28.777588,0.07820952,7,-1,-1
581.0355,819.814,36.297302,31.2276,0.07795751,3,-1,-1
551.604,332.58264,39.75525,23.327026,0.0763109,5,-1,-1
1165.8853,528.0572,40.302856,42.643433,0.076114655,5,-1,-1
741.43585,894.33624,43.57318,91.38025,0.075197846,10,-1,-1
584.16736,827.41266,33.869812,45.666443,0.07505244,2,-1,-1
583.80115,827.7462,35.048767,39.78894,0.07378131,8,-1,-1
533.38727,483.21945,48.696472,27.756927,0.07263929,1,-1,-1
465.80008,487.73178,43.796875,21.176819,0.07151899,5,-1,-1
556.11163,429.20358,35.717163,28.782196,0.071036875,4,-1,-1
692.0251,459.66495,23.405945,37.778748,0.07094002,8,-1,-1
423.38245,662.7923,35.310913,31.158264,0.07061994,10,-1,-1
535.9673,416.88193,35.352905,28.033081,0.07059747,5,-1,-1
482.36142,805.905,45.411224,33.00299,0.069289744,7,-1,-1
583.80115,827.7462,35.048767,39.78894,0.06913608,3,-1,-1
425.23746,577.8242,41.060455,23.376526,0.06867412,4,-1,-1
846.59955,862.4476,54.774536,26.952454,0.06858495,5,-1,-1
550.55963,344.53265,41.63275,21.819946,0.067391664,6,-1,-1
512.11646,824.26715,61.197205,32.151,0.06598532,1,-1,-1
533.18164,482.18176,47.94165,28.72351,0.06528956,7,-1,-1
566.95984,726.2814,62.761597,30.342041,0.06477991,7,-1,-1
488.23306,793.0257,75.93991,42.523926,0.064578295,8,-1,-1
410.9538,865.0108,30.983948,28.777588,0.0645735,3,-1,-1
552.51855,420.48346,43.253357,23.512634,0.06433824,7,-1,-1
508.96103,806.4401,62.970917,39.463074,0.06427154,7,-1,-1
519.73584,897.34064,41.521973,23.343811,0.06380099,8,-1,-1
602.8921,725.3396,23.917175,39.87793,0.0626598,1,-1,-1
583.7293,207.96255,27.589722,35.12703,0.062588096,4,-1,-1
537.31744,719.0623,92.8255,42.63434,0.06253457,1,-1,-1
551.604,332.58264,39.75525,23.327026,0.060823083,4,-1,-1
520.859,900.43506,41.116516,22.578003,0.06060037,10,-1,-1
594.1772,813.76526,34.92108,31.210205,0.060317516,7,-1,-1
546.92114,360.74612,39.774292,21.645508,0.059743077,1,-1,-1
528.6424,312.19922,27.864502,34.169983,0.059350938,6,-1,-1
691.7926,459.79745,23.944458,37.62906,0.05927813,4,-1,-1
453.48096,495.34543,48.413025,19.577545,0.05875057,4,-1,-1
490.14163,819.24536,56.244965,28.758545,0.058582306,7,-1,-1
415.41565,674.4602,37.00821,24.578613,0.058503777,8,-1,-1
507.93402,445.9154,33.249695,26.010529,0.05850199,4,-1,-1
524.83167,419.40927,33.845825,28.995087,0.058160633,4,-1,-1
477.7522,423.4382,26.466858,42.386658,0.057612896,4,-1,-1
383.57767,943.8052,40.885345,26.440186,0.057076126,3,-1,-1
520.859,900.43506,41.116516,22.578003,0.056999207,3,-1,-1
510.57532,445.1502,33.99463,26.407532,0.05635196,8,-1,-1
584.01337,834.13885,33.676636,45.817078,0.05587697,1,-1,-1
656.22174,121.87192,21.295837,41.360886,0.05524838,9,-1,-1
535.9673,416.88193,35.352905,28.033081,0.055187345,7,-1,-1
521.8552,413.13025,42.9068,27.788239,0.055143416,7,-1,-1
550.80945,343.85526,42.056458,22.77063,0.05466178,8,-1,-1
988.7125,190.57462,32.437866,29.201431,0.05462718,4,-1,-1
533.4971,482.7466,50.345825,28.302948,0.054145366,6,-1,-1
501.7512,840.1667,75.87094,51.41394,0.05347684,1,-1,-1
503.07953,533.1507,48.05017,27.18451,0.053332478,10,-1,-1
510.57532,445.1502,33.99463,26.407532,0.05312264,5,-1,-1
546.1468,820.7857,49.680115,28.07605,0.052933753,7,-1,-1
582.63336,207.51106,28.14087,35.662888,0.052800238,9,-1,-1
558.5665,305.8794,33.19409,30.605286,0.052642673,4,-1,-1
507.44775,391.64236,47.518738,26.023834,0.052168965,4,-1,-1
546.81665,360.08008,40.476685,22.592682,0.052116215,7,-1,-1
846.894,862.5317,53.434753,26.22931,0.05169353,6,-1,-1
546.92114,360.74612,39.774292,21.645508,0.0515092,6,-1,-1
546.81665,360.08008,40.476685,22.592682,0.05137515,8,-1,-1
545.0633,415.73083,37.32013,25.960327,0.05132839,6,-1,-1
534.64557,304.77335,27.22345,32.583313,0.051232934,4,-1,-1
435.62143,349.34076,42.014313,22.34259,0.050973803,5,-1,-1
93.89002,1008.1039,29.779396,39.753906,0.0507631,4,-1,-1
523.1263,393.5583,45.371216,21.007599,0.050488383,6,-1,-1
