603.4173,394.60788,36.699585,17.10788,0.8979889,4,-1,-1
494.91016,441.43478,40.626343,19.124786,0.877906,4,-1,-1
261.62094,649.86676,32.646576,48.98169,0.86493397,4,-1,-1
1032.4326,465.15228,37.59839,23.372375,0.845109,4,-1,-1
1087.3347,458.06067,35.033203,20.549652,0.8430699,4,-1,-1
193.57771,423.23914,22.9608,20.448364,0.8315762,4,-1,-1
141.05318,388.8392,24.028702,22.447937,0.782184,4,-1,-1
1144.3157,450.4766,39.220215,20.102081,0.7456373,4,-1,-1
343.98532,569.47327,31.279022,33.417664,0.71651953,4,-1,-1
577.2376,367.69592,36.0224,14.232513,0.71050864,4,-1,-1
0.0,617.53986,40.485813,40.532837,0.70924246,4,-1,-1
805.2958,463.92126,27.309204,22.46341,0.690374,4,-1,-1
297.32672,341.60526,14.462524,14.707611,0.6803471,4,-1,-1
568.4541,349.94147,27.674622,13.294861,0.6664019,4,-1,-1
343.90762,547.24915,25.964691,25.292236,0.6538922,4,-1,-1
273.97626,405.63654,16.72519,17.612885,0.6304916,4,-1,-1
1174.2794,445.08142,32.891235,20.789764,0.60719526,4,-1,-1
486.63928,416.34866,32.043274,16.332733,0.6066034,4,-1,-1
295.53793,548.36554,21.236755,29.728088,0.59865296,4,-1,-1
245.97226,542.808,26.497162,37.262085,0.5974883,4,-1,-1
582.954,432.63477,47.35553,38.86557,0.59605384,9,-1,-1
1212.7468,458.38513,39.57495,22.774628,0.59539664,4,-1,-1
745.23016,457.8653,35.941162,19.509735,0.5947563,4,-1,-1
188.19986,479.67395,39.1447,44.991394,0.5878016,5,-1,-1
484.86707,406.21014,29.285278,15.2812805,0.58460224,4,-1,-1
488.89697,424.31396,34.40143,18.389343,0.57494766,4,-1,-1
1185.5337,443.14734,35.360718,19.551056,0.56271434,4,-1,-1
517.95276,319.57043,26.36383,12.215027,0.5449721,4,-1,-1
483.8316,395.57925,27.020721,15.200836,0.541146,4,-1,-1
1186.0143,460.58917,36.93347,21.913208,0.5292605,4,-1,-1
1052.7863,442.5832,8.377441,17.326752,0.5128608,1,-1,-1
565.39343,388.19064,30.939636,16.696533,0.49754062,4,-1,-1
290.63947,412.37277,22.069702,36.27997,0.494305,5,-1,-1
346.8315,522.94867,24.83075,26.886475,0.49374506,4,-1,-1
549.1706,294.31223,18.431458,11.549164,0.4714982,4,-1,-1
451.48715,347.52863,23.869446,15.076965,0.46487167,4,-1,-1
565.39343,388.19064,30.939636,16.696533,0.45584637,5,-1,-1
689.2941,447.74545,31.94989,24.698792,0.4518519,4,-1,-1
1196.8947,442.02237,35.448853,19.844727,0.4457813,4,-1,-1
506.90002,310.6553,23.39325,11.344269,0.4362527,4,-1,-1
582.954,432.63477,47.35553,38.86557,0.43116802,5,-1,-1
497.82193,301.7883,23.70639,11.549683,0.43082586,4,-1,-1
292.39398,413.55182,20.618256,33.147736,0.4229865,6,-1,-1
550.1723,297.72586,16.75647,13.97699,0.42234004,4,-1,-1
533.9545,348.95743,26.431458,11.86618,0.41899788,4,-1,-1
480.1944,386.00473,21.104156,14.750488,0.41687396,4,-1,-1
474.495,371.9536,19.358398,16.319183,0.4128341,4,-1,-1
1216.8202,425.66257,34.066895,24.86081,0.4038907,4,-1,-1
208.97212,467.02567,19.948486,19.564362,0.40131128,4,-1,-1
467.16168,325.93365,25.701355,17.460754,0.39666417,4,-1,-1
502.68903,308.08768,23.685364,9.957703,0.38455355,4,-1,-1
1161.6719,450.0242,38.42456,19.924988,0.3675448,4,-1,-1
547.75385,337.7758,26.956848,11.990265,0.36506134,4,-1,-1
487.7358,430.35986,35.950104,18.752502,0.36039537,4,-1,-1
486.02963,291.4598,23.199005,13.654083,0.35990888,4,-1,-1
516.6898,339.68738,25.128845,11.316864,0.35955283,4,-1,-1
456.30548,356.299,28.673676,15.980682,0.35633123,4,-1,-1
358.0725,600.7012,9.438263,22.220093,0.35593408,1,-1,-1
302.56073,243.33955,11.546967,15.758804,0.34360695,4,-1,-1
491.24548,329.6906,26.588257,15.298401,0.34127438,4,-1,-1
187.90508,479.8227,39.486954,44.20587,0.34065318,9,-1,-1
543.6134,333.2196,24.164917,10.689392,0.33824104,4,-1,-1
456.2894,356.50476,28.684357,15.318726,0.33107227,5,-1,-1
513.94403,317.58755,24.391724,9.849487,0.31808412,4,-1,-1
489.92032,297.43484,25.891937,13.858246,0.31754085,4,-1,-1
1200.9054,637.8365,84.62207,37.14685,0.31690818,4,-1,-1
344.4251,568.9287,30.815338,34.165222,0.3139689,5,-1,-1
1223.5505,451.32227,35.380127,19.788666,0.31218243,4,-1,-1
488.9544,424.22046,34.918762,19.666534,0.31184423,5,-1,-1
1211.0203,454.13773,36.394775,19.424255,0.31083402,4,-1,-1
1303.8315,697.8376,95.56079,60.374023,0.30816424,4,-1,-1
467.52448,368.4679,25.63034,16.499481,0.30430037,4,-1,-1
245.51747,542.9401,26.982834,36.876892,0.3030535,5,-1,-1
549.66724,302.6874,14.962891,11.535095,0.30257672,4,-1,-1
245.31007,543.3026,27.250137,37.215393,0.30190787,6,-1,-1
352.11505,599.23755,9.729706,22.535034,0.30028307,1,-1,-1
208.97212,467.02567,19.948486,19.564362,0.29864818,5,-1,-1
512.35065,314.64777,24.300293,10.025116,0.29793853,4,-1,-1
570.7051,308.88406,18.476562,21.852692,0.2962681,6,-1,-1
451.48715,347.52863,23.869446,15.076965,0.2883137,5,-1,-1
547.3787,359.68433,25.90033,11.702301,0.28451455,4,-1,-1
485.6184,291.5307,24.014404,14.0104065,0.28028253,5,-1,-1
240.28894,477.0182,9.248795,14.620728,0.27940148,10,-1,-1
1209.9899,443.1601,36.243774,19.708862,0.27829364,4,-1,-1
570.72754,308.74652,18.674255,21.479767,0.2696442,5,-1,-1
532.874,357.1316,31.0271,13.297028,0.2678393,4,-1,-1
549.0863,311.04282,20.131348,14.601593,0.26271576,4,-1,-1
581.1519,431.42142,49.355896,39.465332,0.2623316,6,-1,-1
734.77563,443.1517,32.503662,22.14569,0.26053858,4,-1,-1
459.70422,364.3855,26.889587,15.71991,0.2603145,4,-1,-1
241.39464,478.05258,7.4473877,11.23587,0.25856325,2,-1,-1
528.5801,357.44574,23.418762,11.561768,0.25855675,4,-1,-1
736.6002,449.03595,34.807983,22.58374,0.25800937,4,-1,-1
182.0294,393.39133,13.497696,16.425842,0.25378942,10,-1,-1
234.59943,481.4527,13.648575,13.349976,0.25305107,10,-1,-1
1216.5067,426.0108,30.118408,24.990814,0.24990577,5,-1,-1
475.19757,371.92096,18.664154,16.868042,0.24947402,5,-1,-1
295.0738,221.8007,7.523651,7.7478333,0.24932203,4,-1,-1
292.20685,413.44766,20.566956,33.45697,0.24758306,9,-1,-1
295.5574,548.07745,20.968079,29.966492,0.24637085,5,-1,-1
407.94754,218.85896,15.022125,15.385742,0.24097276,4,-1,-1
517.80475,319.43552,26.327026,12.282501,0.24030387,5,-1,-1
1221.1416,445.07935,34.1604,20.406006,0.24014276,4,-1,-1
570.7051,308.88406,18.476562,21.852692,0.23992348,9,-1,-1
1176.1146,444.7959,32.90686,20.314941,0.23817354,5,-1,-1
245.97226,542.808,26.497162,37.262085,0.23186141,8,-1,-1
548.6437,315.50662,22.49054,14.823975,0.23115042,4,-1,-1
625.38214,351.07977,6.0982666,11.349976,0.23025519,1,-1,-1
40.58119,455.93152,10.654751,15.696075,0.22850344,10,-1,-1
512.87885,339.99088,19.392334,12.0190735,0.22762409,4,-1,-1
522.4106,339.82764,28.603455,13.045563,0.22716501,4,-1,-1
494.19006,336.6119,27.362427,13.238617,0.2263628,4,-1,-1
478.2524,379.50702,18.858093,14.840729,0.2206423,4,-1,-1
242.03265,481.86765,6.8164673,11.029175,0.22041708,10,-1,-1
241.8086,482.3869,7.183014,10.518494,0.21862411,2,-1,-1
420.4236,432.61325,6.739624,15.065735,0.21688157,1,-1,-1
536.93994,338.8676,26.497375,11.63147,0.21679538,4,-1,-1
1228.9418,420.23904,38.949463,22.401001,0.21672454,4,-1,-1
237.93121,478.664,9.998856,10.339355,0.21601531,10,-1,-1
449.4386,338.09033,22.448914,15.466553,0.21511626,4,-1,-1
522.2473,264.4288,28.865356,22.67923,0.21318981,9,-1,-1
291.07413,413.05872,21.297607,34.92685,0.21228006,4,-1,-1
467.2358,325.20746,25.975403,18.3815,0.21126631,5,-1,-1
806.16125,463.64777,25.998474,23.257874,0.20973703,5,-1,-1
528.5642,351.9994,28.285461,10.571014,0.20943147,4,-1,-1
453.39926,330.35135,19.430176,13.979401,0.20847106,4,-1,-1
246.22379,542.7247,26.345764,37.52356,0.20626047,7,-1,-1
571.7636,310.46194,17.267456,18.758575,0.20590466,4,-1,-1
567.8336,366.96936,32.3432,13.909485,0.20521548,4,-1,-1
530.4208,346.66095,26.972534,10.836487,0.20442438,4,-1,-1
449.02603,350.76123,31.460205,16.720734,0.20425141,4,-1,-1
568.2468,349.93314,28.037903,13.396057,0.20310622,5,-1,-1
543.4066,348.7157,25.139526,12.348389,0.20269674,4,-1,-1
1181.3734,450.60495,33.929077,22.214691,0.20186022,4,-1,-1
552.9947,341.1896,22.230957,10.649261,0.19956937,4,-1,-1
486.63928,416.34866,32.043274,16.332733,0.19919059,5,-1,-1
758.1458,429.9077,5.8031616,12.51239,0.19747677,1,-1,-1
1233.3257,448.13156,35.424194,21.239502,0.19655022,4,-1,-1
735.8246,442.96872,30.198425,21.545929,0.19505447,6,-1,-1
1144.8041,450.50372,39.89917,20.2258,0.19494253,5,-1,-1
40.704517,456.73102,10.153759,14.614136,0.1946992,1,-1,-1
232.19635,483.9844,13.281403,14.291687,0.19435948,10,-1,-1
718.80994,421.94427,7.4871826,14.265198,0.19417983,1,-1,-1
688.8652,447.92188,32.64862,24.045868,0.19417694,5,-1,-1
578.9757,366.45047,24.045898,10.647095,0.19338945,4,-1,-1
187.55873,495.73758,6.7397766,13.924866,0.19312644,1,-1,-1
273.86774,404.75607,17.240265,17.741394,0.19072187,5,-1,-1
1212.8381,458.1288,39.680664,23.410797,0.18927005,5,-1,-1
241.13663,477.6791,7.856888,12.234131,0.18836874,1,-1,-1
622.63336,351.49808,6.453125,11.121765,0.18832749,1,-1,-1
708.596,413.1261,15.905518,13.75827,0.18778828,10,-1,-1
549.2342,307.50208,17.530212,11.641998,0.18546954,4,-1,-1
625.0535,350.91156,6.4506836,11.674255,0.18338662,10,-1,-1
40.94096,457.54507,9.624001,13.5868225,0.18242013,2,-1,-1
506.47693,310.4869,24.187134,11.733704,0.18240383,5,-1,-1
209.11517,390.65778,11.880981,16.007935,0.18228167,10,-1,-1
549.28485,295.9093,18.327515,15.513611,0.18172252,5,-1,-1
232.10652,486.97372,8.205429,14.422852,0.1810447,10,-1,-1
632.1934,361.8772,6.229431,10.327942,0.17940807,1,-1,-1
303.02148,242.1015,9.490356,10.685547,0.17929259,4,-1,-1
349.34558,599.16626,9.053223,22.03125,0.17854333,1,-1,-1
478.69373,328.30127,20.700928,13.790497,0.17841372,4,-1,-1
759.38293,458.5061,21.245361,15.399109,0.17806008,4,-1,-1
1104.4844,554.9628,8.659546,14.905884,0.1772787,2,-1,-1
548.4286,314.39178,22.694275,15.575256,0.17617247,5,-1,-1
493.0561,330.18594,26.651306,14.937378,0.1759902,5,-1,-1
565.4806,388.0003,30.638306,17.13739,0.17364106,6,-1,-1
1226.6155,460.1835,33.891357,20.292969,0.17346129,4,-1,-1
522.1274,264.93326,29.000366,21.843323,0.17273408,6,-1,-1
799.44916,205.72246,10.618408,12.699936,0.17266619,1,-1,-1
689.4309,385.46,6.208557,13.032257,0.17255408,1,-1,-1
389.67477,422.88565,28.623108,18.686676,0.17230609,4,-1,-1
736.07275,450.5978,36.802795,21.302734,0.17229095,6,-1,-1
1193.8848,441.65347,34.791138,19.434875,0.17218602,5,-1,-1
231.58244,483.65268,9.010681,12.138153,0.16999108,10,-1,-1
502.51413,304.83008,23.254974,9.241486,0.1689238,4,-1,-1
735.2766,443.3013,30.834778,20.92981,0.16876233,5,-1,-1
458.68033,362.3706,27.891052,17.335907,0.16787174,5,-1,-1
529.9387,343.5265,26.245544,10.352264,0.16696063,4,-1,-1
710.6454,410.41672,20.892517,11.839508,0.16530553,10,-1,-1
497.4625,301.79037,24.524445,11.879791,0.16476223,5,-1,-1
489.92032,297.43484,25.891937,13.858246,0.16370395,5,-1,-1
187.6198,480.13824,39.32202,45.672913,0.1626319,4,-1,-1
732.3598,425.09918,7.5231934,12.545074,0.16085026,10,-1,-1
468.5938,368.87457,24.454224,15.927826,0.16010037,5,-1,-1
179.87666,392.89142,17.651962,18.722748,0.15980303,4,-1,-1
332.01004,734.5119,101.44232,49.158386,0.1597763,4,-1,-1
1103.5337,554.9338,9.106934,15.983337,0.15949854,1,-1,-1
735.46387,443.1192,30.32788,20.779266,0.15932032,8,-1,-1
746.7403,457.72748,34.630493,19.829529,0.15909374,5,-1,-1
453.451,351.68256,31.248108,17.152466,0.15849489,6,-1,-1
689.00195,447.87048,35.099304,26.184021,0.15726587,6,-1,-1
552.3213,362.72855,23.070557,10.626648,0.15708187,4,-1,-1
461.07996,329.52734,26.391663,12.81842,0.15680549,4,-1,-1
540.2705,329.31058,23.867432,10.288574,0.15453565,4,-1,-1
430.16068,235.1545,12.729919,12.194534,0.1521258,4,-1,-1
622.55164,351.1782,6.9088745,11.594086,0.15198004,10,-1,-1
546.7038,291.58798,23.35559,18.726593,0.15154582,4,-1,-1
518.76263,341.6479,6.8498535,10.6927185,0.15006173,1,-1,-1
1056.5994,442.8108,8.194214,16.030731,0.14904442,1,-1,-1
775.8965,198.72284,11.847839,21.961945,0.1485785,1,-1,-1
736.6002,449.03595,34.807983,22.58374,0.14840952,5,-1,-1
683.9124,451.72165,7.0217285,15.08606,0.14820057,1,-1,-1
344.42413,547.02466,25.206482,25.745483,0.14806402,5,-1,-1
462.91702,323.9997,29.83963,21.177185,0.14797828,6,-1,-1
487.7889,409.04968,35.122955,17.725586,0.1477516,4,-1,-1
683.7181,385.1332,6.567627,12.918213,0.14668563,1,-1,-1
1195.5763,451.98245,31.081177,20.6539,0.14625156,4,-1,-1
232.68962,488.0974,7.3489227,10.556122,0.14477324,2,-1,-1
538.31323,318.6423,23.089111,13.155762,0.14442223,4,-1,-1
1186.6758,460.6486,36.605347,21.8284,0.14380735,5,-1,-1
242.03265,481.86765,6.8164673,11.029175,0.14351115,1,-1,-1
501.2362,307.22458,25.478333,13.542938,0.14336944,5,-1,-1
806.16125,463.64777,25.998474,23.257874,0.1431894,6,-1,-1
805.84656,418.17172,6.1029663,12.854431,0.14313662,1,-1,-1
297.3892,342.0448,14.315277,13.972473,0.14220905,5,-1,-1
0.0,824.65137,55.813442,45.96649,0.14210185,4,-1,-1
299.78802,217.62616,8.407593,7.4885254,0.1415205,4,-1,-1
295.36362,217.87054,7.47287,7.6029053,0.13989964,4,-1,-1
547.45605,336.86807,26.623474,12.594543,0.13977048,5,-1,-1
181.33696,388.19315,16.446823,17.182709,0.13946411,4,-1,-1
536.5816,331.07385,36.143738,17.47403,0.13944891,4,-1,-1
498.4142,304.1641,27.379425,16.717072,0.13936222,4,-1,-1
910.38446,459.92322,33.27301,18.87735,0.13910452,4,-1,-1
183.54994,395.79675,9.199539,11.129669,0.13868573,2,-1,-1
449.02603,350.76123,31.460205,16.720734,0.13843027,5,-1,-1
241.64049,475.22934,6.8084564,9.717529,0.13794881,2,-1,-1
716.4372,419.79495,10.651123,14.786835,0.13673732,10,-1,-1
396.57776,553.20044,10.082245,19.589294,0.1364877,1,-1,-1
549.66724,302.6874,14.962891,11.535095,0.13643906,5,-1,-1
711.8859,417.28275,10.6154175,13.20105,0.13568637,10,-1,-1
1222.1917,677.3696,55.120728,28.807556,0.13539514,10,-1,-1
635.1915,362.69537,6.4940796,10.207886,0.13539279,1,-1,-1
524.37695,262.07968,25.348267,14.467529,0.13519326,4,-1,-1
236.17683,484.1503,10.375458,8.516174,0.13503367,10,-1,-1
479.60214,295.73315,29.00592,16.453217,0.13477743,4,-1,-1
483.85516,391.44357,24.606934,12.312073,0.13426659,4,-1,-1
1217.6241,422.35376,51.2865,27.086731,0.13422811,5,-1,-1
522.8421,266.3232,27.464783,19.82248,0.1339772,4,-1,-1
188.5442,479.7271,37.73816,46.988586,0.13267985,6,-1,-1
524.4279,322.64984,24.409302,10.426178,0.1324116,4,-1,-1
1217.4854,661.9927,74.58069,40.945374,0.13218242,4,-1,-1
1214.5007,421.07983,56.715454,31.767273,0.13118255,4,-1,-1
538.3219,331.22308,26.290283,11.602325,0.13104904,5,-1,-1
237.85951,478.62576,8.982025,9.327118,0.13050383,2,-1,-1
714.6861,404.90704,15.324036,13.002563,0.13041398,10,-1,-1
907.3221,503.6453,22.96576,14.542145,0.13035867,4,-1,-1
274.71472,211.006,8.180054,8.385132,0.12979028,4,-1,-1
330.30054,425.35782,10.670074,10.19632,0.12967986,4,-1,-1
302.66632,242.9975,11.391266,16.5307,0.12927738,9,-1,-1
812.2435,418.88678,6.4816284,13.382538,0.12898007,1,-1,-1
1203.8751,461.08536,36.71826,18.751984,0.12850153,4,-1,-1
1157.8606,490.35117,41.31433,22.323578,0.1284689,4,-1,-1
731.582,460.30475,42.413025,19.84085,0.12834746,4,-1,-1
547.40125,314.48718,24.633972,16.03894,0.1280444,6,-1,-1
573.6593,297.79654,5.326599,11.519104,0.12767145,1,-1,-1
403.00192,213.7254,19.734833,14.963425,0.12759313,4,-1,-1
183.86447,389.77353,13.521393,15.748657,0.12658963,10,-1,-1
484.9598,291.47552,25.30368,14.855499,0.12631729,6,-1,-1
806.16125,463.64777,25.998474,23.257874,0.12612918,7,-1,-1
1210.9707,442.48035,35.37622,20.211426,0.12606564,5,-1,-1
568.45276,316.94318,5.5303955,11.880524,0.12600833,1,-1,-1
0.0,980.8526,131.52556,68.539734,0.12584287,4,-1,-1
462.32553,360.9377,24.434723,12.803741,0.12538615,4,-1,-1
232.46683,487.47577,7.6350555,12.381531,0.12430823,1,-1,-1
799.7488,198.6427,9.683777,17.553528,0.12412611,1,-1,-1
556.4068,348.352,32.745667,14.727875,0.123868644,4,-1,-1
488.9943,423.43234,28.449982,12.311066,0.12380907,4,-1,-1
304.7342,217.21329,6.72818,7.475418,0.12311727,4,-1,-1
775.80005,207.32977,13.36145,18.398895,0.122853726,1,-1,-1
516.53284,339.6041,25.720459,11.789124,0.12260547,5,-1,-1
483.97867,307.61972,20.452118,11.9383545,0.12259081,4,-1,-1
347.33005,522.6918,23.994629,27.443604,0.12192288,5,-1,-1
735.46387,443.1192,30.32788,20.779266,0.121457785,7,-1,-1
462.73132,367.93967,30.650421,19.68274,0.121456444,6,-1,-1
41.893013,461.85385,7.813347,11.195404,0.1209144,2,-1,-1
542.9694,291.3907,21.328735,11.602966,0.12050578,4,-1,-1
548.4485,352.312,23.943542,10.276825,0.12048122,4,-1,-1
549.1264,347.21985,24.09497,10.49353,0.1202645,4,-1,-1
549.0892,311.12402,19.915833,12.94574,0.11963764,5,-1,-1
487.9359,307.8527,29.304138,13.944458,0.11941743,4,-1,-1
14.555586,477.23642,13.109388,14.772644,0.11905688,2,-1,-1
1032.4326,465.15228,37.59839,23.372375,0.11874762,5,-1,-1
549.51624,292.72418,17.336853,12.425842,0.11861485,5,-1,-1
647.23706,365.90228,16.670288,14.771912,0.1184735,10,-1,-1
1207.0884,454.9037,28.852417,15.36557,0.1183463,4,-1,-1
88.44486,990.0061,26.97644,34.400635,0.11771503,2,-1,-1
395.90674,4.2874084,20.733765,37.23331,0.11752918,4,-1,-1
1054.3645,440.0216,6.1296387,14.972534,0.117434174,1,-1,-1
559.66907,338.10275,14.491333,9.989288,0.11716598,4,-1,-1
492.3498,329.7949,28.45282,16.201233,0.117001146,6,-1,-1
273.34863,404.37933,17.790436,18.374298,0.11682299,6,-1,-1
732.3598,425.09918,7.5231934,12.545074,0.11682263,1,-1,-1
520.09607,347.30307,30.617676,14.199432,0.116640896,4,-1,-1
1209.3248,431.34967,30.306519,22.95932,0.11636239,4,-1,-1
208.74797,467.04764,20.098831,19.826477,0.116212904,6,-1,-1
409.31244,223.96458,12.163635,12.589172,0.116083264,4,-1,-1
921.53845,462.21378,30.097412,17.127625,0.11597213,4,-1,-1
245.31007,543.3026,27.250137,37.215393,0.11589378,9,-1,-1
626.0264,348.83386,5.954895,10.173065,0.115638465,1,-1,-1
1211.0203,454.13773,36.394775,19.424255,0.115632236,5,-1,-1
1178.295,462.32452,35.069946,17.092651,0.115204185,4,-1,-1
0.0,780.5917,119.75406,100.15503,0.11512795,4,-1,-1
732.63666,779.58936,58.229065,42.601685,0.11474371,4,-1,-1
484.9966,289.82422,20.244446,10.617218,0.11467081,4,-1,-1
545.586,297.91022,17.88556,10.562256,0.11463991,4,-1,-1
241.13657,475.24533,7.688339,10.729309,0.114540964,10,-1,-1
469.97897,288.1251,29.211456,15.022827,0.11446443,4,-1,-1
485.11176,405.76663,28.651001,16.154541,0.11443862,5,-1,-1
445.1625,318.034,18.519104,14.868866,0.114225715,4,-1,-1
1227.4757,429.17697,37.167236,25.86377,0.114064306,4,-1,-1
232.1129,483.89896,7.957428,9.783264,0.113764346,2,-1,-1
183.54994,395.79675,9.199539,11.129669,0.11373398,10,-1,-1
565.63794,388.0979,30.517761,16.766174,0.1134696,9,-1,-1
1241.8049,416.8054,33.642212,19.294983,0.11335555,4,-1,-1
506.62234,337.67236,29.798798,16.05368,0.11323169,4,-1,-1
241.79788,475.41772,6.719116,10.503845,0.11312303,1,-1,-1
520.5708,326.44928,24.397034,10.396027,0.11309582,4,-1,-1
295.16922,227.36911,6.848938,8.4644165,0.11288494,4,-1,-1
490.84912,431.5626,33.240845,17.333862,0.11190912,5,-1,-1
714.9054,415.62366,15.900696,14.680145,0.111898035,10,-1,-1
589.3976,371.9031,25.788757,10.286621,0.11155814,4,-1,-1
745.7801,457.35254,35.647278,19.26587,0.11146635,6,-1,-1
487.9573,327.11746,22.680511,13.1753235,0.11133239,4,-1,-1
483.88513,290.97812,27.43634,16.256226,0.11125848,9,-1,-1
1303.8315,697.8376,95.56079,60.374023,0.111213505,5,-1,-1
522.1274,264.93326,29.000366,21.843323,0.11116716,5,-1,-1
929.917,463.11288,34.14685,17.603088,0.11115366,4,-1,-1
909.24054,504.95648,31.039124,21.297913,0.111145735,4,-1,-1
1216.5067,426.0108,30.118408,24.990814,0.111098826,6,-1,-1
466.5345,324.3878,27.245087,19.655731,0.11067185,9,-1,-1
240.68872,481.82663,8.756683,11.654266,0.11055085,3,-1,-1
533.3475,348.98914,27.29712,12.029572,0.11029938,5,-1,-1
527.7345,328.557,30.795227,13.437103,0.11029339,4,-1,-1
1196.784,659.2644,73.45349,40.023132,0.11016247,4,-1,-1
488.2139,303.25372,25.012299,10.378632,0.110084,4,-1,-1
453.90314,333.27325,31.261322,19.92862,0.10992262,4,-1,-1
507.4641,314.07346,30.01947,17.074005,0.10960066,4,-1,-1
473.85513,324.26172,28.918701,20.242035,0.109205246,4,-1,-1
1224.2894,450.66928,33.25525,20.431,0.10903376,5,-1,-1
237.6387,478.1167,8.935532,10.321777,0.108941704,1,-1,-1
607.37256,265.25528,7.229004,15.692169,0.10890508,1,-1,-1
447.0819,346.13382,22.445984,12.0182495,0.108576626,4,-1,-1
1220.4785,676.33997,60.40442,30.033447,0.10854605,4,-1,-1
1218.5309,424.61935,21.53357,19.77771,0.10824585,4,-1,-1
760.38855,771.4335,58.47809,42.71924,0.10816494,4,-1,-1
375.4694,135.39558,13.469818,16.421616,0.10816333,4,-1,-1
571.9215,369.76788,34.460754,19.213348,0.108058065,4,-1,-1
1230.257,452.53296,20.572632,15.746002,0.10786399,4,-1,-1
187.00526,396.67496,8.202515,8.808685,0.107841104,2,-1,-1
762.8688,430.4145,5.461914,11.914795,0.10776016,1,-1,-1
529.523,278.8142,4.84552,11.051178,0.107744694,1,-1,-1
633.2492,361.9936,8.588684,11.308228,0.10764277,10,-1,-1
494.32056,435.02786,38.776672,19.100098,0.10757485,4,-1,-1
1186.4285,648.4121,71.957886,38.30005,0.10732445,4,-1,-1
452.04544,334.2593,16.084839,16.103607,0.1072647,4,-1,-1
496.43976,333.34354,17.402222,9.756378,0.107188284,4,-1,-1
518.4307,332.0272,36.00592,17.879028,0.106990874,4,-1,-1
304.48398,245.37666,14.125427,16.22673,0.10696325,4,-1,-1
468.71808,319.7727,24.725708,18.756073,0.10691562,4,-1,-1
1313.4009,712.05725,74.74939,36.76117,0.10678232,4,-1,-1
208.34258,388.82092,12.746246,16.872833,0.1063233,4,-1,-1
383.80072,603.58966,14.399017,22.959412,0.10624418,3,-1,-1
504.12155,300.9499,25.994843,16.339417,0.10618973,4,-1,-1
1050.2522,443.0396,8.129883,15.917755,0.10500613,1,-1,-1
446.08362,348.07016,31.345856,19.401215,0.10499421,6,-1,-1
395.5854,0.0,20.635101,16.534922,0.104910344,4,-1,-1
556.1209,317.30148,19.41742,13.906586,0.10480091,4,-1,-1
1232.9418,466.66138,19.98108,13.971191,0.10468975,4,-1,-1
232.37466,484.04538,7.533478,9.991364,0.104185045,1,-1,-1
806.16125,463.64777,25.998474,23.257874,0.10410625,8,-1,-1
719.06934,422.40414,6.8444214,13.727997,0.103838,10,-1,-1
543.746,331.89288,28.012695,14.695007,0.10377744,5,-1,-1
1235.5714,454.5742,25.43042,15.179626,0.10364556,4,-1,-1
0.0,615.8104,42.92852,41.870605,0.10342139,10,-1,-1
302.4867,243.51926,11.466156,15.33313,0.10334894,6,-1,-1
0.0,616.6402,43.600296,42.19812,0.1033164,1,-1,-1
554.83276,357.58792,21.753113,10.447998,0.10325763,4,-1,-1
1230.9241,682.0924,33.200806,24.743042,0.10317859,10,-1,-1
1213.4429,647.3728,76.49353,38.09314,0.102799386,4,-1,-1
1087.3347,458.06067,35.033203,20.549652,0.10270676,5,-1,-1
519.081,341.84268,5.93042,10.201599,0.10251838,2,-1,-1
183.60675,399.9849,8.411346,10.989136,0.10236335,2,-1,-1
468.0073,690.6581,102.42227,56.839844,0.10191119,4,-1,-1
499.00952,313.03018,25.254822,9.867981,0.10167456,4,-1,-1
1163.4641,449.20074,37.45337,21.13739,0.10159773,5,-1,-1
187.51363,392.06674,7.704056,9.02655,0.10133943,2,-1,-1
1194.7998,442.91696,24.533081,13.58606,0.10130295,4,-1,-1
1003.88477,190.26805,11.057739,23.684708,0.101189286,1,-1,-1
240.93596,482.12186,9.644196,15.117584,0.101117104,10,-1,-1
511.25323,317.19696,24.976807,13.620239,0.10077065,5,-1,-1
799.61316,206.0692,10.210815,11.973068,0.10054731,2,-1,-1
42.466396,458.6503,12.035942,11.452362,0.100445956,10,-1,-1
1311.1613,460.34357,10.6154785,18.32129,0.100321144,1,-1,-1
478.45276,379.1962,18.358673,15.300476,0.10031253,5,-1,-1
520.7085,273.712,4.7838745,11.664124,0.10015452,1,-1,-1
1233.9065,443.85638,29.088013,19.254425,0.1000607,4,-1,-1
1234.5496,682.7001,27.716797,23.136414,0.09998986,2,-1,-1
576.654,359.45145,22.341614,11.528259,0.09956339,4,-1,-1
348.79077,524.06085,15.895233,19.096924,0.09930071,4,-1,-1
515.32855,321.57275,21.266907,11.818024,0.09927404,4,-1,-1
349.92487,531.1126,23.786926,33.09137,0.09920514,4,-1,-1
183.82217,391.13956,8.100143,10.547363,0.09920311,2,-1,-1
452.09015,325.67337,17.06314,16.306183,0.099125326,4,-1,-1
1223.4264,466.41727,31.289062,22.16391,0.09896517,4,-1,-1
516.5944,341.12308,16.407898,11.74707,0.09891841,10,-1,-1
358.32352,601.52106,8.937378,20.80658,0.09834266,2,-1,-1
246.22379,542.7247,26.345764,37.52356,0.098030806,10,-1,-1
241.448,477.52124,7.3899384,13.011414,0.09802693,3,-1,-1
448.89764,338.17722,23.785583,16.122223,0.09800786,5,-1,-1
236.44418,483.86664,9.621719,9.060059,0.09793362,2,-1,-1
573.358,355.11874,23.362793,11.769348,0.09740159,4,-1,-1
547.72144,313.6378,24.089233,16.212921,0.09735823,9,-1,-1
540.5473,274.31824,21.204773,11.424103,0.09706679,4,-1,-1
472.34644,371.85037,22.123718,17.948944,0.097058356,6,-1,-1
298.65793,221.53058,8.390381,7.6053925,0.09660366,4,-1,-1
795.5096,197.75375,15.540894,22.456116,0.09642127,1,-1,-1
504.94034,474.23837,8.515778,17.7641,0.09626156,1,-1,-1
1177.6158,451.7572,24.433838,16.255188,0.09576613,4,-1,-1
208.68279,466.3512,20.438126,20.725525,0.09573135,9,-1,-1
437.42435,433.80356,6.698639,14.545166,0.09548971,1,-1,-1
1320.4614,409.4691,19.48523,14.134949,0.09545085,4,-1,-1
646.91364,365.76694,17.346558,15.0182495,0.09534836,4,-1,-1
1205.3147,638.23364,82.96887,37.953552,0.095208645,5,-1,-1
548.6377,294.76553,19.551819,17.038025,0.09520045,9,-1,-1
806.16125,463.64777,25.998474,23.257874,0.09514767,10,-1,-1
603.24347,394.43622,36.711304,17.33377,0.09506357,1,-1,-1
338.40747,416.13852,31.522644,17.652832,0.09496242,4,-1,-1
42.339764,454.0061,7.040531,14.4461975,0.094947994,1,-1,-1
492.3498,329.7949,28.45282,16.201233,0.09492162,9,-1,-1
235.16106,483.0586,12.782883,10.497467,0.09482664,3,-1,-1
1306.4877,650.4602,92.90466,88.94318,0.094741374,4,-1,-1
714.7135,419.8785,13.344788,12.976929,0.09467584,3,-1,-1
581.1519,431.42142,49.355896,39.465332,0.094670266,4,-1,-1
706.9642,414.41913,12.911804,10.448975,0.09450537,10,-1,-1
752.9609,404.7706,16.745361,15.160156,0.09447414,4,-1,-1
689.2941,447.74545,31.94989,24.698792,0.09441209,8,-1,-1
647.23706,365.90228,16.670288,14.771912,0.09433684,1,-1,-1
799.5531,203.77933,10.225403,15.931274,0.09407157,10,-1,-1
801.5164,435.56137,5.9210815,14.431122,0.09397745,1,-1,-1
648.0249,460.02396,30.457092,17.828033,0.09384519,4,-1,-1
0.0,814.9916,79.8124,65.578125,0.09383392,4,-1,-1
177.93399,495.23392,6.9190063,13.76651,0.09376833,1,-1,-1
505.53757,395.8721,5.4591064,11.888824,0.0935429,1,-1,-1
549.2342,307.50208,17.530212,11.641998,0.09339547,5,-1,-1
1003.17487,995.8097,26.378113,48.70105,0.09333637,1,-1,-1
454.79092,351.71497,30.486969,18.063568,0.093324184,9,-1,-1
339.507,313.69577,16.422241,16.43576,0.093287736,4,-1,-1
141.40366,388.95364,24.994583,23.366913,0.0932613,5,-1,-1
610.77014,393.43436,7.5542603,7.7495117,0.09321648,1,-1,-1
820.5603,492.18246,15.614014,13.433502,0.09314272,10,-1,-1
689.5298,448.10757,31.17572,23.638214,0.09299296,7,-1,-1
1307.0121,708.37537,92.38025,46.374756,0.09260625,10,-1,-1
1101.4434,549.68823,297.94897,178.52936,0.09260294,9,-1,-1
1216.1172,419.3904,58.180664,33.55777,0.092181176,9,-1,-1
348.12857,595.5965,17.427734,26.72351,0.0921216,1,-1,-1
848.88513,426.11462,22.295166,13.329681,0.09194839,4,-1,-1
358.1104,599.16125,10.165619,22.50708,0.091899455,10,-1,-1
524.68726,272.54688,5.639221,12.487671,0.09180668,1,-1,-1
520.37213,339.108,32.11725,15.17337,0.091670185,5,-1,-1
707.6717,413.93863,16.094666,13.693665,0.09143096,3,-1,-1
434.97943,236.14513,8.135681,9.829208,0.091333956,4,-1,-1
732.3598,425.09918,7.5231934,12.545074,0.09123698,3,-1,-1
1212.8381,458.1288,39.680664,23.410797,0.090922534,6,-1,-1
385.15216,603.0115,11.749054,20.249329,0.090792745,1,-1,-1
717.49945,419.96194,16.236023,12.29184,0.090780616,10,-1,-1
1217.7095,420.01788,54.42212,30.820404,0.0906851,6,-1,-1
626.40314,348.9651,5.38501,10.528839,0.09059173,2,-1,-1
521.7525,317.8695,29.503479,17.581177,0.09022677,4,-1,-1
518.2373,440.2196,7.4834595,11.213501,0.09014717,1,-1,-1
462.2226,371.49612,29.366241,19.967346,0.09013185,4,-1,-1
516.5944,341.12308,16.407898,11.74707,0.090123355,1,-1,-1
359.44714,605.4873,6.321167,16.434875,0.09009245,1,-1,-1
549.83344,296.895,17.44696,14.604828,0.090060115,6,-1,-1
686.05304,453.8994,39.751648,25.879913,0.08987242,4,-1,-1
648.53204,369.74356,11.15979,11.444305,0.089764506,10,-1,-1
349.25003,597.79114,13.861542,23.503418,0.08969289,3,-1,-1
422.72726,232.27002,20.331238,14.337555,0.08968365,4,-1,-1
536.52765,337.71448,27.215393,13.258301,0.08947444,5,-1,-1
344.29935,569.3229,30.886932,33.55542,0.08943835,8,-1,-1
233.53842,488.16962,9.927048,9.461304,0.0893012,10,-1,-1
380.64383,288.65076,19.851532,17.10254,0.08927646,4,-1,-1
543.9487,274.19168,4.8725586,11.016876,0.089241266,1,-1,-1
338.1279,279.3182,12.333282,13.799316,0.089161664,4,-1,-1
696.2382,444.15402,60.106262,31.27301,0.0891228,6,-1,-1
588.62933,366.30264,20.364136,11.03421,0.089048415,4,-1,-1
246.01622,487.7153,8.675873,14.650269,0.088967144,10,-1,-1
199.96677,384.48044,22.74414,22.383148,0.088896185,4,-1,-1
467.9692,287.69516,21.083344,12.342133,0.08886036,4,-1,-1
768.80164,192.56914,13.448181,18.08702,0.088591754,1,-1,-1
458.68033,362.3706,27.891052,17.335907,0.08857265,6,-1,-1
391.86664,175.29457,8.410736,13.926071,0.08846265,10,-1,-1
502.47012,299.87216,24.182037,10.3376465,0.08834204,4,-1,-1
408.4337,226.48402,15.224457,14.212128,0.088187605,4,-1,-1
575.93085,367.68625,33.947388,13.810638,0.08809921,5,-1,-1
236.43835,480.44714,17.099731,19.482574,0.08804166,10,-1,-1
1039.6964,426.5024,6.6101074,15.982086,0.08796692,1,-1,-1
487.0562,319.02148,25.601868,15.786682,0.08795428,4,-1,-1
440.36942,298.49234,17.794617,11.862518,0.0877665,4,-1,-1
1249.9911,414.65308,33.94104,17.897522,0.08769572,4,-1,-1
