996.4174,648.6971,24.01648,46.74713,0.9549591,10,-1,-1
440.60483,218.97327,147.09195,67.03436,0.89948726,6,-1,-1
488.65448,8.95465,93.62402,38.45419,0.8860194,6,-1,-1
1053.3475,737.03467,50.77466,25.774414,0.8806065,10,-1,-1
1052.9526,634.453,58.011597,28.728271,0.87345946,10,-1,-1
500.0217,48.019604,86.612885,34.515285,0.8624469,6,-1,-1
544.35,445.9099,120.609314,44.408966,0.8086078,7,-1,-1
982.4737,448.85422,46.939514,25.259094,0.73457587,10,-1,-1
1061.2789,702.2305,44.53015,23.766174,0.6762202,3,-1,-1
1074.6334,635.8082,46.026123,25.985413,0.6465925,10,-1,-1
539.1837,285.11383,160.54279,60.56711,0.62156117,6,-1,-1
461.62622,6.174642,72.89856,39.212402,0.5869963,6,-1,-1
500.08426,0.4498454,94.29587,33.71777,0.58589745,6,-1,-1
772.0724,169.69644,39.217102,19.640976,0.574481,4,-1,-1
479.26797,19.026497,89.73331,43.527668,0.544594,6,-1,-1
773.7837,132.8338,38.102356,19.189941,0.52167344,4,-1,-1
1055.6632,643.78345,50.18506,25.79712,0.5148534,10,-1,-1
501.8131,185.77913,79.38751,35.570587,0.48939934,8,-1,-1
761.3725,85.71347,38.797546,24.290062,0.47548985,8,-1,-1
774.8961,178.59995,38.43286,19.317062,0.4749061,4,-1,-1
1051.3447,675.1288,58.42224,22.634033,0.47350875,10,-1,-1
1064.3517,743.867,39.951538,25.690918,0.46423748,10,-1,-1
564.18604,234.45746,87.59259,50.744995,0.46407703,6,-1,-1
840.453,102.92224,22.576172,33.11792,0.45317537,8,-1,-1
751.4131,68.909355,37.139893,17.733727,0.4530326,4,-1,-1
1050.2891,674.9836,59.187866,22.991638,0.45013466,3,-1,-1
1138.5795,585.5509,20.41333,30.218445,0.44358078,1,-1,-1
1086.5613,501.7355,20.60913,29.65335,0.41857308,10,-1,-1
1057.9117,659.073,46.83899,21.865417,0.39710373,10,-1,-1
454.03668,4.9869657,48.11798,27.542694,0.39183426,6,-1,-1
759.70056,77.36617,36.461548,21.943611,0.386295,4,-1,-1
761.95166,85.47575,38.703186,24.056,0.38319188,5,-1,-1
1144.0657,591.1958,21.719604,26.567688,0.36892456,1,-1,-1
844.3499,583.7929,36.41681,20.48993,0.35022873,10,-1,-1
488.77112,158.19499,101.914734,36.037354,0.34994167,6,-1,-1
489.6034,38.49217,86.554504,34.544834,0.34262815,6,-1,-1
498.94168,187.68109,84.98819,34.303116,0.33980745,6,-1,-1
1060.0894,712.62775,41.771973,24.456299,0.33347148,3,-1,-1
989.24255,475.21097,37.627686,22.219788,0.32272065,10,-1,-1
760.4175,77.932846,34.675415,23.854942,0.31651443,5,-1,-1
761.63104,78.24027,37.532227,22.584091,0.31387544,8,-1,-1
1024.9185,401.2009,23.681152,29.76056,0.31317204,10,-1,-1
775.81256,147.42166,33.919678,17.810074,0.30994534,4,-1,-1
751.4131,68.909355,37.139893,17.733727,0.3079905,5,-1,-1
989.43604,475.56393,37.3739,22.23053,0.3038183,3,-1,-1
802.4504,248.80852,38.610962,19.242722,0.30025667,10,-1,-1
536.5565,283.63068,165.09174,63.06241,0.29933214,7,-1,-1
853.6422,507.41306,40.387146,19.638641,0.2992435,4,-1,-1
770.8307,119.454025,37.65399,19.108505,0.29581726,4,-1,-1
499.41992,187.25793,83.166016,34.28775,0.29499453,5,-1,-1
453.12454,6.198649,46.148773,28.57802,0.29427272,4,-1,-1
765.9806,106.299774,35.00824,18.25663,0.2924563,4,-1,-1
804.02075,254.06947,37.3266,22.584335,0.2828056,10,-1,-1
51.041702,583.45123,113.05542,200.92242,0.28239655,6,-1,-1
773.5534,153.48695,35.6557,17.651627,0.2809108,4,-1,-1
1013.37866,445.28955,35.31714,30.461792,0.27929437,10,-1,-1
453.11438,16.283058,41.819244,30.371864,0.26752245,4,-1,-1
440.21756,217.2788,146.01498,68.15355,0.26738042,5,-1,-1
1060.6619,701.9021,44.51111,23.589478,0.26236963,10,-1,-1
158.02487,716.1971,23.514496,42.815308,0.2570876,1,-1,-1
797.56696,234.14249,36.819885,20.53476,0.2542317,10,-1,-1
849.7782,562.32227,38.657654,19.358215,0.24547845,10,-1,-1
453.11438,16.283058,41.819244,30.371864,0.24388129,6,-1,-1
844.1715,450.63724,35.13745,18.410309,0.2311711,10,-1,-1
767.3124,115.1854,35.727844,18.409996,0.22889745,4,-1,-1
1028.1626,473.15967,34.86194,25.370026,0.22852111,10,-1,-1
949.32294,649.72504,28.38263,27.726807,0.22641781,1,-1,-1
1013.90344,445.62347,35.20874,30.913239,0.22530189,3,-1,-1
772.1668,170.05176,40.08258,20.297867,0.22357562,5,-1,-1
981.69104,407.51697,28.706055,22.463104,0.2220794,3,-1,-1
500.67908,185.40234,78.89252,35.39534,0.22065812,4,-1,-1
1144.0657,591.1958,21.719604,26.567688,0.21942952,2,-1,-1
761.57104,86.052475,38.47693,23.983582,0.21759555,4,-1,-1
1052.2936,725.7736,43.431274,23.839417,0.21373385,3,-1,-1
767.19434,105.773544,33.854553,19.425957,0.2136282,8,-1,-1
507.5165,0.0,59.394318,27.237335,0.21273899,6,-1,-1
511.9596,59.084057,87.3526,37.20316,0.20751452,6,-1,-1
1233.9092,507.44116,28.866943,24.861206,0.20713443,10,-1,-1
792.5596,222.3615,36.65399,19.542206,0.2069903,10,-1,-1
519.7853,93.735016,85.03174,31.453255,0.19983757,6,-1,-1
765.9806,106.299774,35.00824,18.25663,0.19680321,7,-1,-1
500.67908,185.40234,78.89252,35.39534,0.195306,7,-1,-1
804.64685,257.00552,37.34546,21.762482,0.19454315,7,-1,-1
479.2297,17.564579,58.702118,38.399776,0.19422552,4,-1,-1
536.3801,284.24814,153.62653,62.279114,0.19364119,8,-1,-1
949.5637,649.78186,28.430298,28.008972,0.19279996,10,-1,-1
794.432,227.81256,37.801025,19.985931,0.19167843,10,-1,-1
505.7528,3.7926059,73.70636,25.469963,0.19162086,4,-1,-1
1058.7699,757.1394,37.536133,18.457764,0.1909818,10,-1,-1
756.2183,54.559216,34.585754,17.914188,0.19024381,4,-1,-1
990.4192,427.90796,40.029175,18.404327,0.1900667,3,-1,-1
1139.4185,580.67236,26.167969,26.103455,0.19002298,1,-1,-1
735.15216,27.155088,33.746277,17.918669,0.18803293,4,-1,-1
1054.6956,725.58417,46.792725,26.580994,0.1874842,10,-1,-1
528.4575,290.9673,102.33453,49.578674,0.18710548,7,-1,-1
500.60065,0.699834,70.463806,24.654552,0.18500948,5,-1,-1
482.172,0.62392944,73.50769,40.637753,0.18329695,6,-1,-1
835.63434,426.86456,31.439941,20.068817,0.18248326,10,-1,-1
875.2979,98.3521,19.192322,37.55426,0.18204948,2,-1,-1
1025.2488,472.02936,33.78589,24.835052,0.17981973,3,-1,-1
1030.4183,447.3002,24.99707,34.85086,0.1791282,3,-1,-1
1020.42004,463.58484,33.855713,26.096375,0.17791587,3,-1,-1
767.3124,115.1854,35.727844,18.409996,0.17754725,8,-1,-1
1138.5795,585.5509,20.41333,30.218445,0.17652285,2,-1,-1
775.1147,178.73874,37.884705,18.68785,0.1746822,5,-1,-1
801.8127,248.78415,38.706116,19.016357,0.17184499,7,-1,-1
503.8235,14.800435,62.257446,27.73193,0.17107502,4,-1,-1
1079.5006,706.70844,41.11499,22.714783,0.16981363,10,-1,-1
557.2612,231.14647,97.38397,53.343338,0.16756603,7,-1,-1
767.3124,115.1854,35.727844,18.409996,0.16677874,7,-1,-1
840.453,102.92224,22.576172,33.11792,0.16596726,7,-1,-1
751.0802,43.631493,33.703064,18.223412,0.16496634,4,-1,-1
988.787,457.7804,45.377197,27.832367,0.16403234,10,-1,-1
780.71515,185.11804,34.99414,19.516754,0.16290724,4,-1,-1
854.4689,537.63544,42.215393,19.260498,0.1626195,10,-1,-1
1079.5006,706.70844,41.11499,22.714783,0.16155574,3,-1,-1
1052.8998,664.0564,52.864136,25.239563,0.16081282,3,-1,-1
492.47516,39.70924,53.005615,25.647114,0.15778777,4,-1,-1
767.19434,105.773544,33.854553,19.425957,0.15725875,10,-1,-1
1014.4734,469.78427,34.172485,24.048645,0.15633997,3,-1,-1
1033.0891,474.1321,33.518555,28.265778,0.15474048,3,-1,-1
801.8127,248.78415,38.706116,19.016357,0.15429014,4,-1,-1
560.38,231.30354,94.19989,53.41887,0.1535635,8,-1,-1
490.22702,155.26895,103.28952,40.794952,0.15339789,8,-1,-1
981.5995,447.51498,47.03418,26.403137,0.15284604,3,-1,-1
875.2979,98.3521,19.192322,37.55426,0.15151691,8,-1,-1
874.936,101.88803,20.202759,35.894882,0.1512982,7,-1,-1
841.96027,600.44006,39.163147,17.212952,0.15085337,10,-1,-1
1050.6979,734.5599,52.418823,27.388367,0.15050384,3,-1,-1
1024.1466,458.9637,26.793213,30.08786,0.14998037,10,-1,-1
1017.0056,401.00803,22.69751,31.862427,0.14972195,10,-1,-1
762.39075,80.90879,36.898376,24.918709,0.14910516,7,-1,-1
489.39545,158.04538,101.20117,36.44687,0.1464588,4,-1,-1
1063.1838,678.07996,59.791504,24.94281,0.1462369,10,-1,-1
490.709,155.23584,103.13748,40.65349,0.14514285,1,-1,-1
1010.8253,457.5791,36.465942,28.113922,0.14512384,3,-1,-1
853.6422,507.41306,40.387146,19.638641,0.14304659,7,-1,-1
1075.4264,635.7651,45.68445,26.835205,0.14284948,3,-1,-1
772.61676,690.80383,18.312317,34.452576,0.14283109,4,-1,-1
463.19867,0.96230835,50.423462,16.091192,0.1421814,6,-1,-1
774.82294,152.77983,34.90332,17.495728,0.14053601,5,-1,-1
500.37396,48.153576,88.48114,33.26871,0.1401234,4,-1,-1
1041.096,674.852,42.459717,22.094543,0.14002582,3,-1,-1
463.30167,15.724676,57.56308,32.74215,0.13864782,4,-1,-1
1236.1129,507.21677,27.412598,24.554352,0.13595128,1,-1,-1
1030.4183,447.3002,24.99707,34.85086,0.13435265,10,-1,-1
490.0537,154.36913,103.91943,40.393066,0.13390702,5,-1,-1
440.22183,217.34029,145.84329,67.53624,0.13358918,8,-1,-1
1052.8276,685.0072,56.737427,31.086853,0.13287663,3,-1,-1
1086.5613,501.7355,20.60913,29.65335,0.13059592,1,-1,-1
500.9549,186.11768,80.474976,35.64862,0.1294508,1,-1,-1
528.4575,290.9673,102.33453,49.578674,0.12927854,4,-1,-1
761.95166,85.47575,38.703186,24.056,0.12807563,6,-1,-1
981.48737,408.51068,28.733032,21.23053,0.12770253,10,-1,-1
528.4575,290.9673,102.33453,49.578674,0.1274091,8,-1,-1
1132.7218,583.30914,18.728516,35.117188,0.12737867,1,-1,-1
1139.4185,580.67236,26.167969,26.103455,0.12721011,2,-1,-1
774.44995,134.14641,39.03595,19.849716,0.12585032,5,-1,-1
804.02075,254.06947,37.3266,22.584335,0.12350285,8,-1,-1
791.4044,215.28926,35.64508,18.877869,0.1225611,10,-1,-1
757.1131,71.73059,38.08673,19.82161,0.12226874,4,-1,-1
734.9166,19.625708,33.54608,18.604357,0.1212261,4,-1,-1
753.5363,70.51483,35.458984,17.969818,0.119116426,7,-1,-1
792.5596,222.3615,36.65399,19.542206,0.11805466,7,-1,-1
1014.45184,471.70062,36.50995,22.320251,0.11792919,10,-1,-1
767.8626,115.70701,35.55548,18.159615,0.117061585,10,-1,-1
1037.9932,450.43515,28.784302,30.459442,0.11587852,3,-1,-1
1074.9012,713.69653,41.09778,20.52948,0.11521372,3,-1,-1
751.4131,68.909355,37.139893,17.733727,0.114365846,8,-1,-1
454.34805,4.7110934,45.485107,23.506088,0.11409536,5,-1,-1
990.4192,427.90796,40.029175,18.404327,0.11218038,10,-1,-1
785.02026,196.16663,34.49951,18.850998,0.1120438,4,-1,-1
1051.3179,664.1273,58.94812,27.201843,0.11175403,10,-1,-1
1067.0785,480.53934,23.3573,27.123138,0.1109736,3,-1,-1
1086.5613,501.7355,20.60913,29.65335,0.10946551,3,-1,-1
804.64685,257.00552,37.34546,21.762482,0.10874069,3,-1,-1
1087.5046,499.1953,27.986084,24.460999,0.10873613,10,-1,-1
1015.84814,452.4041,27.501343,31.878662,0.10836363,10,-1,-1
490.32602,3.7374694,56.76303,23.800558,0.10807654,4,-1,-1
890.1032,227.35648,22.218628,29.819977,0.10771319,1,-1,-1
440.51752,218.51617,147.06396,68.05203,0.10767147,4,-1,-1
1056.6932,766.4383,39.61133,15.836243,0.107168704,10,-1,-1
795.1855,229.6291,37.954773,18.756073,0.10708442,7,-1,-1
751.4131,68.909355,37.139893,17.733727,0.1057345,6,-1,-1
847.54785,465.11484,38.29358,17.609924,0.105443716,10,-1,-1
1132.6128,0.1533524,46.654297,20.339336,0.10493371,6,-1,-1
874.936,101.88803,20.202759,35.894882,0.10457486,10,-1,-1
1040.3777,472.93558,31.826416,29.154358,0.10387781,10,-1,-1
1153.864,587.85175,24.439575,27.132812,0.10364461,1,-1,-1
1012.6889,403.0702,18.91034,32.351227,0.10327792,10,-1,-1
1091.276,509.61298,22.073853,28.568604,0.103028595,10,-1,-1
456.7861,15.125074,50.87732,32.062035,0.1026696,7,-1,-1
1015.0634,477.32715,38.774963,24.314362,0.10256392,3,-1,-1
765.9806,106.299774,35.00824,18.25663,0.10128519,5,-1,-1
770.8307,119.454025,37.65399,19.108505,0.099844486,8,-1,-1
1094.8105,676.32965,39.19983,19.091309,0.09974605,10,-1,-1
1118.8445,531.20184,19.448364,31.1875,0.09974402,1,-1,-1
788.0963,203.03996,36.8244,18.384476,0.0993889,10,-1,-1
490.32602,3.7374694,56.76303,23.800558,0.099196225,6,-1,-1
777.2108,146.3443,35.402283,18.146545,0.099022776,5,-1,-1
482.26416,13.890114,59.668945,39.72213,0.09832424,6,-1,-1
1047.5978,713.73395,38.967163,23.495544,0.09825426,3,-1,-1
795.36,228.2792,37.09552,20.099762,0.09804776,4,-1,-1
435.4499,251.55391,27.617828,31.860764,0.097855926,1,-1,-1
855.8655,547.68835,38.980408,16.869507,0.09678617,10,-1,-1
1094.8105,676.32965,39.19983,19.091309,0.096411824,3,-1,-1
772.10516,120.82461,37.930847,19.88784,0.09639865,7,-1,-1
787.8528,202.98495,36.730103,18.43364,0.09543845,4,-1,-1
484.82578,34.01713,59.460236,30.165821,0.09537676,6,-1,-1
769.4697,118.152824,36.8006,18.58648,0.09462601,5,-1,-1
1059.6556,658.872,43.724487,20.881287,0.09456751,3,-1,-1
511.5069,18.049522,86.364136,32.82565,0.093529046,6,-1,-1
757.12427,72.85526,31.248657,24.65731,0.09335649,8,-1,-1
1060.7025,711.13617,40.2511,25.098206,0.09304243,10,-1,-1
853.2142,507.0179,39.562317,21.09317,0.093012065,5,-1,-1
482.60486,11.20381,107.499695,48.24472,0.092871726,9,-1,-1
787.8528,202.98495,36.730103,18.43364,0.092629135,7,-1,-1
497.8825,8.289379,102.67114,41.432247,0.09213808,4,-1,-1
925.187,609.6773,24.774231,23.148438,0.09143433,1,-1,-1
494.09378,170.27235,91.512665,40.613647,0.09102991,8,-1,-1
839.92255,600.56494,39.34149,18.217896,0.0908159,4,-1,-1
838.07654,616.75916,32.60724,18.635803,0.09080467,4,-1,-1
804.64685,257.00552,37.34546,21.762482,0.09075564,4,-1,-1
470.02814,1.0371045,57.933594,22.279654,0.08931291,6,-1,-1
480.74136,29.818945,42.716156,29.57525,0.089251995,4,-1,-1
853.2142,507.0179,39.562317,21.09317,0.0890449,6,-1,-1
564.5146,235.71605,90.19354,49.107254,0.0890291,5,-1,-1
1236.1129,507.21677,27.412598,24.554352,0.08878514,2,-1,-1
494.09378,170.27235,91.512665,40.613647,0.0886893,1,-1,-1
1067.0785,480.53934,23.3573,27.123138,0.088421226,10,-1,-1
1055.4838,478.64212,27.136597,29.421936,0.088258654,3,-1,-1
527.6159,305.4421,70.278564,33.789642,0.0879952,7,-1,-1
502.1777,45.918724,63.816986,24.502289,0.08774373,4,-1,-1
796.80304,235.15681,37.393066,20.20485,0.08728284,7,-1,-1
849.82855,572.3524,34.957092,21.624207,0.08670598,10,-1,-1
461.61182,0.7792644,51.946167,21.659767,0.08626434,5,-1,-1
1048.5654,372.42294,27.13086,22.068024,0.08612996,10,-1,-1
760.4175,77.932846,34.675415,23.854942,0.085976064,6,-1,-1
996.8054,383.49527,30.16809,20.815582,0.085835874,10,-1,-1
989.43604,475.56393,37.3739,22.23053,0.085561216,7,-1,-1
873.7815,111.2332,23.07965,30.391037,0.08545864,8,-1,-1
1070.637,680.59564,50.012695,20.297058,0.08499858,3,-1,-1
1025.1632,399.7395,23.843994,30.25943,0.08491847,3,-1,-1
1032.5598,467.3514,36.027832,23.357513,0.08485901,10,-1,-1
1077.9276,498.41623,28.438599,23.133331,0.08470401,10,-1,-1
761.94745,86.12976,38.390076,23.767181,0.0838376,10,-1,-1
852.7713,534.22876,43.869324,18.8833,0.08339867,4,-1,-1
868.54767,222.59706,20.302673,29.826797,0.08330047,1,-1,-1
983.6884,418.73303,31.01117,22.605377,0.08327812,3,-1,-1
1113.2511,507.53226,18.749634,32.270905,0.08275372,1,-1,-1
841.29175,98.69805,21.930664,31.18612,0.08266094,4,-1,-1
795.1855,229.6291,37.954773,18.756073,0.08262718,3,-1,-1
1073.1371,221.24947,325.81274,221.55501,0.08258334,9,-1,-1
500.37396,48.153576,88.48114,33.26871,0.08255988,7,-1,-1
740.67065,63.19334,38.32666,19.49889,0.08251694,5,-1,-1
781.3012,186.09229,34.179443,19.718536,0.08207315,5,-1,-1
803.99567,237.81233,35.344604,22.40886,0.0814175,10,-1,-1
991.8346,406.70975,24.378174,28.079132,0.080922365,3,-1,-1
504.27502,375.00433,27.10614,20.982605,0.08078399,1,-1,-1
1108.3721,680.482,31.442993,21.386047,0.08049336,10,-1,-1
1043.7292,638.0809,47.129272,23.759705,0.08047515,10,-1,-1
1003.094,418.0671,30.694702,24.643341,0.08034319,3,-1,-1
997.69385,446.06763,43.373535,28.026886,0.08030528,3,-1,-1
803.71625,258.63754,37.772095,20.461853,0.079612166,5,-1,-1
1090.2396,500.94348,21.638428,29.535522,0.07901415,2,-1,-1
1000.95715,408.90936,22.7547,26.805267,0.07877976,3,-1,-1
792.5596,222.3615,36.65399,19.542206,0.07871908,3,-1,-1
1116.6469,682.7217,27.747559,25.286926,0.07860136,10,-1,-1
467.00995,5.8698454,58.258972,26.883053,0.07815048,4,-1,-1
1055.4838,478.64212,27.136597,29.421936,0.07752502,10,-1,-1
1032.5598,467.3514,36.027832,23.357513,0.07751006,3,-1,-1
1041.793,449.64893,23.470215,35.540833,0.07723197,10,-1,-1
1057.4346,335.85776,31.689575,22.84256,0.07715398,3,-1,-1
495.14236,8.67689,99.53409,39.10478,0.07691255,8,-1,-1
996.2791,648.9424,24.33252,46.203003,0.0769102,2,-1,-1
454.43066,6.9063315,41.265594,24.833387,0.07678053,7,-1,-1
999.8438,405.04752,24.239685,27.011566,0.07671237,10,-1,-1
1047.9529,636.1121,56.23352,26.399597,0.076496154,3,-1,-1
788.0963,203.03996,36.8244,18.384476,0.07620126,3,-1,-1
791.4044,215.28926,35.64508,18.877869,0.076049596,7,-1,-1
535.9682,285.35748,147.05865,57.049957,0.075776786,2,-1,-1
841.29175,98.69805,21.930664,31.18612,0.07518533,5,-1,-1
841.29175,98.69805,21.930664,31.18612,0.0749819,6,-1,-1
773.4495,131.51483,39.617493,19.083267,0.07492396,8,-1,-1
792.5596,222.3615,36.65399,19.542206,0.0744448,4,-1,-1
457.9955,2.660288,47.607788,22.82613,0.07438752,4,-1,-1
1112.3748,529.8098,19.961548,29.947083,0.07403788,1,-1,-1
852.7713,534.22876,43.869324,18.8833,0.07366696,7,-1,-1
875.2979,98.3521,19.192322,37.55426,0.0736413,1,-1,-1
802.4504,248.80852,38.610962,19.242722,0.07362899,3,-1,-1
490.32602,3.7374694,56.76303,23.800558,0.07337272,5,-1,-1
844.5998,484.85165,41.71582,18.968933,0.072099954,4,-1,-1
1149.3188,589.1926,27.414307,23.843079,0.072010666,2,-1,-1
988.787,457.7804,45.377197,27.832367,0.071946144,3,-1,-1
769.4697,118.152824,36.8006,18.58648,0.071865976,6,-1,-1
772.10516,120.82461,37.930847,19.88784,0.07177445,10,-1,-1
1006.8174,430.6244,39.271973,21.183228,0.071413964,10,-1,-1
1083.4039,491.8836,26.52832,26.002808,0.07135928,10,-1,-1
908.28064,656.4672,18.696533,32.459534,0.07120991,1,-1,-1
1074.9012,713.69653,41.09778,20.52948,0.071143836,10,-1,-1
