966.8187,52.20954,142.88464,243.71869,0.9916614,9,-1,-1
818.8923,291.38007,28.975708,23.54538,0.8753548,5,-1,-1
966.8495,53.374046,144.61365,241.68967,0.6753484,6,-1,-1
388.8197,169.07837,30.584137,27.460281,0.47698337,10,-1,-1
677.0735,213.49178,24.48883,24.64029,0.47137854,8,-1,-1
384.22345,163.42255,27.375214,23.673141,0.3413478,10,-1,-1
723.72363,37.58689,42.712646,17.698807,0.30724946,7,-1,-1
397.23303,176.55518,27.773071,27.107101,0.2812298,10,-1,-1
723.72363,37.58689,42.712646,17.698807,0.27046886,8,-1,-1
720.9345,56.007053,42.89453,24.56892,0.24219564,8,-1,-1
720.99164,56.31397,43.03528,24.425694,0.23865396,5,-1,-1
383.19904,117.852974,26.54422,22.357277,0.2265487,10,-1,-1
814.1703,24.380608,24.710693,22.702229,0.2145302,1,-1,-1
382.56174,125.274185,27.501495,23.54448,0.20590946,10,-1,-1
723.72363,37.58689,42.712646,17.698807,0.19540593,10,-1,-1
677.0735,213.49178,24.48883,24.64029,0.1602748,5,-1,-1
381.1524,109.78512,29.061127,22.258217,0.15709034,1,-1,-1
628.0839,46.00204,44.09601,70.24155,0.15674028,7,-1,-1
381.1524,109.78512,29.061127,22.258217,0.14968812,10,-1,-1
677.0735,213.49178,24.48883,24.64029,0.14600489,7,-1,-1
665.3573,0.0,44.358765,16.122807,0.14342806,6,-1,-1
320.25867,115.58759,24.94284,22.94262,0.14122444,4,-1,-1
820.7371,281.37784,30.510864,22.888367,0.13880792,5,-1,-1
702.78174,75.931404,38.484863,64.23359,0.138625,6,-1,-1
252.17639,529.391,33.085236,19.840454,0.13834882,10,-1,-1
720.9345,56.007053,42.89453,24.56892,0.13786417,7,-1,-1
381.1524,109.78512,29.061127,22.258217,0.13768998,2,-1,-1
628.0839,46.00204,44.09601,70.24155,0.13414043,4,-1,-1
665.3573,0.0,44.358765,16.122807,0.12611386,4,-1,-1
722.2213,41.64853,42.446228,22.030472,0.12611327,8,-1,-1
859.1093,55.64871,18.89679,36.79259,0.12419298,2,-1,-1
721.3502,55.403008,43.124634,25.895256,0.11722118,6,-1,-1
859.96533,59.829464,19.938782,44.51692,0.11606395,1,-1,-1
812.22437,1.0743115,64.33038,16.601706,0.115177065,6,-1,-1
628.0839,46.00204,44.09601,70.24155,0.11107355,5,-1,-1
590.8797,64.96886,19.01941,30.184258,0.10979095,1,-1,-1
628.0839,46.00204,44.09601,70.24155,0.10971075,8,-1,-1
722.2213,41.64853,42.446228,22.030472,0.1088222,7,-1,-1
381.42038,124.19339,28.02182,25.01384,0.103645355,3,-1,-1
720.99164,56.31397,43.03528,24.425694,0.10347849,4,-1,-1
730.7474,30.54258,38.91327,19.21067,0.102413476,7,-1,-1
252.17639,529.391,33.085236,19.840454,0.10211131,3,-1,-1
383.19904,117.852974,26.54422,22.357277,0.10100159,1,-1,-1
677.0735,213.49178,24.48883,24.64029,0.10034028,4,-1,-1
818.3456,270.42093,33.22296,20.23291,0.09867641,5,-1,-1
628.0839,46.00204,44.09601,70.24155,0.09767562,6,-1,-1
383.63223,161.99359,29.735321,24.609741,0.09566462,2,-1,-1
681.40796,217.83496,28.826233,22.822464,0.09217355,8,-1,-1
722.127,37.471947,43.21338,18.232815,0.091780305,4,-1,-1
730.7474,30.54258,38.91327,19.21067,0.09172034,8,-1,-1
380.5974,115.33732,26.068329,23.482445,0.091701984,3,-1,-1
703.78015,82.54225,32.72937,53.465652,0.09169304,5,-1,-1
703.63885,76.30288,38.618164,64.10375,0.09064379,4,-1,-1
733.3939,19.715124,37.618774,20.389154,0.08969423,7,-1,-1
724.52655,37.47192,42.631287,17.904613,0.08615512,3,-1,-1
199.68576,568.2853,28.389206,23.527588,0.086070925,10,-1,-1
252.0241,528.961,31.848465,20.557251,0.08569026,1,-1,-1
724.52655,37.47192,42.631287,17.904613,0.08484486,1,-1,-1
666.1291,0.0,43.649597,16.803612,0.08128816,7,-1,-1
859.7709,60.475353,22.309143,50.25719,0.076334804,7,-1,-1
818.3456,270.42093,33.22296,20.23291,0.0762153,4,-1,-1
812.22437,1.0743115,64.33038,16.601706,0.07421902,9,-1,-1
666.0758,0.0,44.43579,16.140442,0.073403895,8,-1,-1
861.3752,64.95414,21.177063,49.30198,0.072200686,10,-1,-1
666.0758,0.0,44.43579,16.140442,0.07216713,5,-1,-1
862.03534,63.17501,22.347534,40.82354,0.07135391,2,-1,-1
818.8565,291.33295,28.851807,23.597443,0.071122766,4,-1,-1
857.7643,55.246334,19.464172,32.127293,0.06947434,1,-1,-1
723.37787,40.52244,39.061523,18.95121,0.06932381,5,-1,-1
706.3336,82.901306,29.003967,35.36228,0.06923732,4,-1,-1
818.8565,291.33295,28.851807,23.597443,0.06674802,6,-1,-1
384.89664,115.72443,25.319763,25.678314,0.06597319,2,-1,-1
382.8993,164.25514,28.16211,26.226913,0.06486663,3,-1,-1
724.52655,37.47192,42.631287,17.904613,0.06335059,2,-1,-1
545.4403,7.3505654,21.004822,44.34863,0.06294459,1,-1,-1
202.97191,569.01654,24.349747,26.238708,0.062054873,3,-1,-1
393.7325,175.97653,30.40097,29.554062,0.062018722,3,-1,-1
733.3939,19.715124,37.618774,20.389154,0.06165254,8,-1,-1
714.6269,235.1915,33.536194,21.595428,0.061487883,8,-1,-1
814.8311,0.70294005,63.78308,17.583008,0.060851455,4,-1,-1
708.72046,642.5028,22.029419,31.64447,0.06042558,3,-1,-1
653.20905,180.47836,17.945251,31.360977,0.059694618,1,-1,-1
382.56174,125.274185,27.501495,23.54448,0.059096545,1,-1,-1
720.96716,55.461742,43.112244,24.511494,0.05835834,1,-1,-1
859.1093,55.64871,18.89679,36.79259,0.05779317,7,-1,-1
715.5636,65.494,23.870361,29.260475,0.057409704,4,-1,-1
388.8197,169.07837,30.584137,27.460281,0.05590248,3,-1,-1
811.79474,1.0882809,66.79492,16.690264,0.05566585,7,-1,-1
319.92325,116.08449,25.043121,22.438538,0.055242687,10,-1,-1
622.0797,460.25137,31.474304,22.181122,0.05278024,10,-1,-1
720.512,41.84614,39.72693,19.79567,0.052777946,10,-1,-1
708.72046,642.5028,22.029419,31.64447,0.05267173,1,-1,-1
494.20416,92.56439,31.368103,35.963455,0.051720172,7,-1,-1
706.3336,82.901306,29.003967,35.36228,0.051593244,6,-1,-1
319.84656,117.59112,27.969574,21.870583,0.05138564,7,-1,-1
708.02637,629.14276,21.45996,29.072632,0.050454706,1,-1,-1
389.56918,107.14768,29.801453,23.314339,0.05017972,1,-1,-1
