420.83545,709.8784,29.856232,26.735962,0.8974706,4,-1,-1
107.6963,727.1347,55.196022,39.407043,0.86274505,4,-1,-1
378.68015,803.91187,49.234222,46.16272,0.8614539,4,-1,-1
1182.2468,646.3397,8.35022,17.440186,0.84483284,1,-1,-1
435.4781,656.2183,22.19931,20.588318,0.8296253,4,-1,-1
411.7229,619.27826,15.332123,12.795044,0.8294798,4,-1,-1
49.088554,726.8001,55.814316,34.866577,0.8244281,4,-1,-1
1243.226,615.2238,6.675659,14.31604,0.82187057,1,-1,-1
397.3263,743.04926,40.1846,33.832336,0.8218496,4,-1,-1
1229.0769,608.5867,6.397339,13.590759,0.81924033,1,-1,-1
1195.8577,647.7537,8.966797,18.399658,0.80202645,1,-1,-1
534.1204,935.56384,27.546814,57.888306,0.7989796,1,-1,-1
1234.2179,615.0344,6.394165,14.389038,0.7952249,1,-1,-1
0.0,750.05383,56.206596,42.550293,0.79465,4,-1,-1
435.81204,802.2631,20.540558,43.230103,0.79063904,1,-1,-1
428.83978,680.57697,25.148926,21.813904,0.7885349,4,-1,-1
457.06573,747.90466,16.703186,30.60553,0.7827972,1,-1,-1
133.3567,669.4223,34.248993,22.854736,0.77579427,4,-1,-1
1143.4437,632.9521,8.606934,17.574951,0.7756282,1,-1,-1
1205.817,636.7851,8.141235,17.436157,0.7317836,1,-1,-1
995.0629,598.3242,6.386841,11.376404,0.6944995,1,-1,-1
1257.8264,579.7737,5.4611816,11.277954,0.68910205,1,-1,-1
443.1291,584.96063,10.663574,8.813477,0.6628306,4,-1,-1
227.65703,646.4077,29.670517,19.440613,0.6318794,4,-1,-1
44.725582,807.17224,18.333843,24.649841,0.60411865,2,-1,-1
1191.259,595.7441,6.401367,12.424805,0.5959431,1,-1,-1
1308.0118,579.7546,5.772461,10.747498,0.58820206,1,-1,-1
1219.3068,572.1396,5.8098145,10.503052,0.5597921,1,-1,-1
35.625954,816.32214,31.992195,29.38153,0.5448384,3,-1,-1
65.4418,691.8385,11.834824,19.581299,0.54185385,1,-1,-1
1237.1498,587.35626,6.458374,12.919434,0.5244626,1,-1,-1
179.75502,660.45105,44.349106,27.707214,0.50059927,4,-1,-1
1374.2952,580.41095,7.397339,12.057373,0.49265796,1,-1,-1
130.15059,654.1466,9.161072,18.697693,0.48775047,1,-1,-1
350.0278,608.54407,13.783234,12.335388,0.48398066,4,-1,-1
1138.0284,581.2364,6.9520264,11.807129,0.45004296,1,-1,-1
302.91177,883.99084,86.94412,133.59589,0.4459712,4,-1,-1
842.3275,712.4003,13.494385,25.191345,0.4449158,1,-1,-1
1381.6512,599.8376,8.697632,13.7099,0.44235182,1,-1,-1
1321.938,575.8127,5.6174316,10.966614,0.41988513,1,-1,-1
485.0681,587.2003,6.5690613,8.184937,0.4133178,4,-1,-1
263.71704,600.8594,26.38446,15.038574,0.41091466,4,-1,-1
1118.2979,567.8543,6.024048,9.904907,0.40210837,1,-1,-1
1264.6462,574.82904,5.4335938,11.004517,0.39809528,1,-1,-1
1076.6871,582.83215,6.982788,12.029907,0.39465702,1,-1,-1
1254.7292,565.9892,4.300293,9.838318,0.38626245,1,-1,-1
198.87555,641.19415,6.9137573,16.386963,0.38128617,1,-1,-1
34.24082,816.5816,34.723763,27.99585,0.3739168,10,-1,-1
169.90942,692.95184,27.369553,25.423584,0.36952978,7,-1,-1
414.50125,562.24384,9.477051,6.973755,0.36778504,4,-1,-1
874.15674,714.778,14.349731,30.7771,0.35858458,1,-1,-1
1233.2615,609.73553,6.4019775,14.075684,0.35211074,1,-1,-1
376.7921,572.44086,10.168915,9.339905,0.34877786,4,-1,-1
340.88766,603.39624,11.421936,10.111755,0.33761042,4,-1,-1
1258.9415,565.1277,4.497925,10.890503,0.31705403,1,-1,-1
207.27756,633.4195,7.222534,15.35022,0.31483036,1,-1,-1
39.73089,812.57355,24.346802,31.700806,0.31481624,2,-1,-1
842.34076,712.42114,13.549377,25.209229,0.31103736,2,-1,-1
863.0853,700.5947,10.287476,20.267944,0.31058723,1,-1,-1
665.6788,594.49713,6.9069214,8.298889,0.3086691,1,-1,-1
430.7113,549.27325,8.048431,6.098816,0.30005175,4,-1,-1
504.81216,599.1061,5.270874,9.13562,0.28575632,10,-1,-1
864.0023,702.6786,11.474121,21.22998,0.28277367,2,-1,-1
71.08609,665.7604,8.679222,15.920288,0.2810171,1,-1,-1
685.5013,636.46423,5.088562,12.431946,0.28046566,1,-1,-1
1074.9962,581.1182,7.104004,12.213135,0.27958134,1,-1,-1
372.18005,576.0355,9.377594,9.02832,0.27734277,4,-1,-1
228.19586,644.869,29.76773,19.302246,0.27617204,5,-1,-1
42.130634,810.1762,22.995335,24.310852,0.27449766,3,-1,-1
504.70688,599.22516,5.3492737,9.114441,0.2725809,1,-1,-1
143.04106,653.68896,9.014755,18.702759,0.27211735,1,-1,-1
867.99225,720.4833,9.459351,23.464905,0.2689698,1,-1,-1
328.24417,604.3823,6.534363,9.912537,0.26848653,1,-1,-1
416.8471,555.5577,17.184265,11.350342,0.26774937,9,-1,-1
1317.1226,579.2517,5.453491,10.878906,0.2665275,1,-1,-1
463.87308,575.91724,7.450287,8.120605,0.2651409,4,-1,-1
862.0632,702.58356,16.180847,22.19629,0.2631794,1,-1,-1
429.58768,563.10443,9.308289,7.7663574,0.2586357,4,-1,-1
181.3913,664.41284,41.930115,24.15564,0.25551003,10,-1,-1
170.905,692.871,24.174072,25.724854,0.25262737,8,-1,-1
370.79062,571.36456,15.039795,10.757324,0.24674442,4,-1,-1
368.526,860.37415,36.2211,41.909668,0.24639493,4,-1,-1
1208.1757,638.1717,7.706299,14.500366,0.24419999,1,-1,-1
512.8638,622.6371,6.3410645,12.494568,0.2437934,1,-1,-1
1215.2615,574.9544,5.3305664,10.908142,0.24093264,1,-1,-1
135.0718,677.6663,11.859131,16.938538,0.24016675,1,-1,-1
1205.3573,566.4765,4.5565186,10.467773,0.2368108,1,-1,-1
198.11412,646.4425,8.49176,15.031555,0.23539028,1,-1,-1
437.16986,580.3732,7.9075317,9.457642,0.23469785,4,-1,-1
878.69635,717.75037,15.172485,27.898682,0.23463479,1,-1,-1
374.0994,574.4753,12.92746,10.306824,0.23422447,4,-1,-1
923.16876,573.98706,25.36731,9.494019,0.23203093,4,-1,-1
862.91077,699.0411,9.97699,20.068604,0.23016888,2,-1,-1
1322.6321,573.2885,5.1345215,9.941956,0.22720042,1,-1,-1
169.90942,692.95184,27.369553,25.423584,0.2262936,10,-1,-1
862.33875,706.2826,16.713257,17.059082,0.22577742,10,-1,-1
1139.829,582.9939,6.8166504,11.712585,0.22529212,1,-1,-1
870.75964,712.44464,19.498108,27.474915,0.22396713,3,-1,-1
414.11084,557.02606,13.534912,12.754578,0.22331008,9,-1,-1
130.1701,654.5173,9.29071,18.126099,0.22263736,2,-1,-1
71.23913,665.8533,8.327248,15.61377,0.22246528,2,-1,-1
1311.1846,579.47546,5.8166504,11.327393,0.22220522,1,-1,-1
376.39087,572.56616,10.669281,9.963806,0.22064415,5,-1,-1
1239.0525,615.73895,6.672241,14.446045,0.2199508,1,-1,-1
127.47067,649.4746,10.736008,17.590454,0.21868241,1,-1,-1
204.45184,633.7833,6.3928833,13.694214,0.21867347,1,-1,-1
1200.9827,570.00287,4.6971436,11.5442505,0.21763965,1,-1,-1
1215.7885,571.86865,6.1157227,11.093262,0.21694976,1,-1,-1
1257.0146,576.6147,7.203003,12.116943,0.21546385,1,-1,-1
65.6134,690.8236,11.038757,20.297607,0.21444908,2,-1,-1
428.2456,561.4261,12.085754,10.319946,0.21389678,9,-1,-1
904.4909,694.7952,12.04718,26.111816,0.21217632,1,-1,-1
40.735847,810.8282,25.382301,25.127686,0.21125832,10,-1,-1
198.45183,634.3479,6.4425354,15.147522,0.2111234,1,-1,-1
865.3425,708.61975,14.728638,17.703308,0.21083432,3,-1,-1
1217.5326,574.0961,7.7994385,11.366516,0.21060082,1,-1,-1
132.35251,649.166,9.448135,18.22174,0.21022499,1,-1,-1
865.42664,711.93396,12.0633545,25.823242,0.20840645,1,-1,-1
904.13617,702.3072,13.039001,18.841248,0.20780802,10,-1,-1
874.32465,712.3945,12.584351,28.60382,0.2065509,2,-1,-1
129.6555,656.5405,9.158539,15.30957,0.20606706,10,-1,-1
316.28476,604.1397,5.3447876,11.165283,0.20313379,1,-1,-1
140.33733,649.979,8.975388,17.701904,0.20280978,1,-1,-1
905.1909,698.4846,11.1710205,21.626282,0.20253596,2,-1,-1
1320.3994,578.40857,6.914795,11.722961,0.2014339,1,-1,-1
863.64966,703.57916,12.418579,20.038269,0.19901735,3,-1,-1
836.9342,723.3579,23.931091,17.401672,0.19870475,10,-1,-1
67.63162,665.50287,8.700554,16.53418,0.19801706,1,-1,-1
876.47504,711.863,10.635925,22.83313,0.19556957,1,-1,-1
1142.5233,564.64044,4.6260986,10.269043,0.1931395,1,-1,-1
1235.3119,585.5746,6.432129,12.752747,0.19299433,1,-1,-1
1243.3982,652.6939,7.206299,11.674744,0.1928179,1,-1,-1
136.31178,682.241,10.774277,17.970459,0.19117334,1,-1,-1
222.67383,632.8368,6.3549805,15.115723,0.19037947,1,-1,-1
179.2554,660.21625,45.124832,28.40033,0.18987212,6,-1,-1
1205.153,570.0759,4.9398193,11.617493,0.18971008,1,-1,-1
1123.7942,723.59045,34.38916,36.434753,0.18914768,1,-1,-1
179.23613,660.1289,44.920074,27.960571,0.18896478,5,-1,-1
133.8872,647.09454,8.02272,13.959778,0.18864757,2,-1,-1
129.536,658.47485,9.317001,15.160645,0.18853778,3,-1,-1
485.0681,587.2003,6.5690613,8.184937,0.18817562,10,-1,-1
1073.6755,566.358,5.058716,10.242615,0.18816185,1,-1,-1
428.327,562.4911,11.357056,8.630188,0.18791619,6,-1,-1
1089.1263,566.3882,4.982666,10.233948,0.18668178,1,-1,-1
212.99301,667.9193,10.593369,17.747925,0.1863941,1,-1,-1
233.67175,654.89166,28.736237,20.230835,0.18521333,4,-1,-1
519.8918,622.23224,6.1203613,12.697144,0.18505591,1,-1,-1
852.44464,567.4747,20.214355,8.9887085,0.1846286,4,-1,-1
133.323,668.82385,34.94246,23.824707,0.18460414,5,-1,-1
136.34866,685.94806,15.611023,14.484558,0.18315318,10,-1,-1
366.36667,571.32874,11.316437,9.522278,0.18148106,4,-1,-1
454.75943,749.8472,9.538727,22.78949,0.18050429,1,-1,-1
513.4319,623.4901,5.954651,11.025757,0.18017599,10,-1,-1
427.59424,549.1686,7.806427,5.5527344,0.17968425,4,-1,-1
817.5919,552.5689,11.519104,6.4630127,0.17945969,4,-1,-1
828.9881,701.7308,9.389465,21.07483,0.17879829,1,-1,-1
1220.0509,567.5154,5.284912,10.312317,0.17857122,1,-1,-1
208.88115,670.234,14.619812,16.013733,0.1774925,10,-1,-1
133.8872,647.09454,8.02272,13.959778,0.17705435,1,-1,-1
342.4953,605.07117,17.59317,11.656189,0.17607173,4,-1,-1
169.5012,692.7995,28.578156,26.082642,0.17562261,4,-1,-1
879.0259,720.2267,15.073303,24.43805,0.17537534,3,-1,-1
376.01166,572.3844,11.17041,10.611572,0.17367038,9,-1,-1
416.8471,555.5577,17.184265,11.350342,0.1733593,6,-1,-1
1206.0668,637.5564,9.06665,15.915344,0.17284405,2,-1,-1
866.7377,707.41766,11.254822,19.720642,0.17283434,2,-1,-1
263.75034,604.8198,17.955261,10.895752,0.17273512,4,-1,-1
1124.4636,722.90936,35.02954,35.905396,0.17256364,8,-1,-1
78.91133,650.20996,25.383217,23.696228,0.17207149,4,-1,-1
0.0,750.05383,56.206596,42.550293,0.17172009,1,-1,-1
237.21469,640.3911,36.541565,20.072083,0.17125142,4,-1,-1
1263.9912,565.79126,4.452881,10.843018,0.17061785,1,-1,-1
872.5854,710.132,11.020142,21.710083,0.17009515,1,-1,-1
44.36203,807.9386,19.163605,24.668335,0.17007518,1,-1,-1
0.0,749.39624,55.15163,44.19232,0.169844,5,-1,-1
413.73495,562.12946,10.530334,7.2019043,0.1697064,9,-1,-1
180.92917,664.42566,42.441772,24.047302,0.16967219,7,-1,-1
180.92917,664.42566,42.441772,24.047302,0.16959631,8,-1,-1
102.95794,699.25226,10.996895,22.07843,0.16931346,1,-1,-1
131.02856,659.80774,6.52948,14.0130005,0.16921464,1,-1,-1
1220.0607,562.40875,5.533203,8.184021,0.16704184,1,-1,-1
511.21548,623.136,6.146393,11.790344,0.16651753,10,-1,-1
511.5971,623.04474,5.9626465,11.780945,0.16456464,3,-1,-1
1117.1659,569.7288,8.582397,9.972717,0.16399047,1,-1,-1
868.56506,712.64246,17.815186,15.252014,0.16388574,3,-1,-1
547.8959,538.00146,11.310364,7.366333,0.16330147,4,-1,-1
173.63138,693.78033,14.919479,22.786438,0.16292581,1,-1,-1
130.2572,647.75214,9.262024,15.340759,0.16276968,1,-1,-1
135.0718,677.6663,11.859131,16.938538,0.16226792,2,-1,-1
1316.2855,576.07477,8.168335,12.345825,0.16204038,1,-1,-1
207.92734,633.6906,6.3834686,13.538574,0.16162962,2,-1,-1
52.28219,686.99585,10.1996,19.191162,0.16144815,1,-1,-1
371.15533,571.49316,14.348114,9.735474,0.1611549,5,-1,-1
371.9765,575.2957,11.258636,9.895264,0.16112939,5,-1,-1
828.5112,721.7816,11.023865,19.234741,0.16071782,1,-1,-1
872.3849,713.2498,15.940002,23.778381,0.16054031,10,-1,-1
257.02106,641.0124,7.4874268,14.865906,0.160166,1,-1,-1
378.44635,803.5787,47.974915,46.55951,0.15940386,1,-1,-1
510.17215,594.2362,5.2381897,9.938721,0.15931174,10,-1,-1
837.2559,720.71533,22.940735,20.534546,0.15842754,1,-1,-1
871.2892,709.6009,11.770325,18.930176,0.15814558,2,-1,-1
376.01166,572.3844,11.17041,10.611572,0.15759146,6,-1,-1
260.14423,640.87524,8.280518,15.227234,0.15756217,1,-1,-1
257.02106,641.0124,7.4874268,14.865906,0.15751055,2,-1,-1
251.60152,637.9717,6.9019012,14.069519,0.15750933,1,-1,-1
133.99886,655.1479,10.963226,18.628906,0.1574952,1,-1,-1
438.7923,581.21136,11.065979,11.213623,0.156955,4,-1,-1
64.34966,692.70404,13.091034,20.377563,0.15672421,3,-1,-1
71.10623,636.9692,34.08361,36.528015,0.15606481,4,-1,-1
504.81216,599.1061,5.270874,9.13562,0.15589651,3,-1,-1
61.88719,692.0897,11.383087,20.089111,0.15543729,1,-1,-1
1014.3832,816.3035,20.723022,38.260193,0.15493524,1,-1,-1
124.14741,650.50745,10.7128525,15.90332,0.15482843,1,-1,-1
1264.3289,571.52814,7.0113525,11.70752,0.15443727,1,-1,-1
263.48798,600.01636,27.402924,16.62024,0.1543515,5,-1,-1
860.2907,704.4243,21.597717,21.550049,0.1543265,2,-1,-1
903.41943,702.967,14.701538,19.164734,0.15392444,3,-1,-1
825.88745,708.46326,13.32135,26.331177,0.15346646,1,-1,-1
1193.1675,597.3707,6.820801,12.467041,0.15346351,1,-1,-1
876.45184,711.00775,10.641357,19.085388,0.152765,2,-1,-1
1078.957,565.9994,4.7435303,10.402466,0.15252948,1,-1,-1
441.59576,565.6645,5.9902344,7.9856567,0.1522224,4,-1,-1
530.50616,538.0156,11.02832,6.4004517,0.15205878,4,-1,-1
1200.7758,567.01086,5.2198486,10.777222,0.15061012,1,-1,-1
1205.9556,637.7454,9.512207,15.9314575,0.15030068,10,-1,-1
1124.4636,722.90936,35.02954,35.905396,0.14984667,7,-1,-1
1146.9099,566.6189,4.7523193,9.493225,0.14970371,1,-1,-1
511.59348,623.98236,5.649811,10.11731,0.14924484,1,-1,-1
371.0956,571.2189,13.712585,11.796509,0.14904612,6,-1,-1
923.16876,573.98706,25.36731,9.494019,0.14861971,6,-1,-1
1200.6648,560.7631,5.3586426,8.985413,0.14854237,1,-1,-1
1204.7186,575.7916,5.4609375,10.417236,0.14825046,1,-1,-1
1312.0079,575.7052,5.4033203,12.001038,0.14790142,1,-1,-1
130.48244,652.9464,7.4111176,13.329285,0.14783499,2,-1,-1
864.5508,711.3456,14.658997,25.757935,0.14768645,3,-1,-1
203.93558,714.58044,17.06511,21.58252,0.14671537,3,-1,-1
70.30969,665.93195,10.063599,15.710266,0.14651465,10,-1,-1
376.20032,568.4438,10.745728,10.333313,0.14631197,4,-1,-1
169.90942,692.95184,27.369553,25.423584,0.1461967,3,-1,-1
296.34177,612.7678,6.067871,13.544556,0.14562538,1,-1,-1
454.66122,543.4584,9.229675,5.956238,0.14478391,4,-1,-1
862.36237,701.6026,11.829651,18.336731,0.14422122,10,-1,-1
434.04297,559.7427,12.556213,11.9782715,0.14403072,6,-1,-1
833.06195,724.47833,29.257812,17.647644,0.14366922,3,-1,-1
218.188,644.63605,7.403763,17.651794,0.14366418,1,-1,-1
130.2572,647.75214,9.262024,15.340759,0.14308324,2,-1,-1
828.7924,702.3102,9.862061,20.167847,0.14295101,2,-1,-1
142.91905,680.08,10.673172,16.450562,0.14247385,1,-1,-1
440.5958,563.5064,6.7954407,7.9744263,0.14241219,4,-1,-1
198.8225,645.86816,6.846298,15.357239,0.14191285,2,-1,-1
414.11084,557.02606,13.534912,12.754578,0.14182535,6,-1,-1
126.391594,749.93945,14.8144455,26.099243,0.14150497,1,-1,-1
1121.2974,567.387,5.8117676,10.078186,0.14123169,1,-1,-1
871.66534,718.6978,11.373169,24.700317,0.14077261,1,-1,-1
372.58536,572.1759,8.776459,9.0824585,0.13983211,4,-1,-1
218.01851,636.54083,7.182785,17.893799,0.1396907,1,-1,-1
34.754406,816.3149,33.10796,28.252136,0.13934901,7,-1,-1
510.17215,594.2362,5.2381897,9.938721,0.1392734,1,-1,-1
404.05975,618.6607,13.857391,12.893005,0.13811806,4,-1,-1
420.9812,710.12354,29.348389,26.378052,0.13811126,1,-1,-1
173.63138,693.78033,14.919479,22.786438,0.13793367,7,-1,-1
1278.4845,736.974,13.973022,13.742065,0.13733092,3,-1,-1
107.32607,727.2862,55.15397,39.219788,0.13696504,1,-1,-1
187.1348,655.0621,37.522568,22.524841,0.13674909,4,-1,-1
203.20062,635.34906,8.942383,16.481384,0.13668203,1,-1,-1
1083.8828,566.62286,4.7441406,9.963867,0.13637558,1,-1,-1
1258.9618,570.3427,5.07605,11.250732,0.13615847,1,-1,-1
868.56506,712.64246,17.815186,15.252014,0.13607925,10,-1,-1
460.31824,544.4425,7.1618347,5.462158,0.13601217,4,-1,-1
133.87296,675.19727,18.673676,20.45697,0.13555023,4,-1,-1
433.38367,560.5744,12.781372,10.859741,0.13540965,9,-1,-1
903.06384,706.25574,15.48999,15.609009,0.13540405,2,-1,-1
881.7557,722.4391,10.033813,19.789795,0.1353105,1,-1,-1
1366.874,730.9916,22.696777,11.827454,0.13521662,4,-1,-1
885.6949,758.66565,30.09082,25.266785,0.13520655,10,-1,-1
246.90318,645.9769,7.7096405,15.777283,0.13498375,1,-1,-1
665.15015,594.66406,8.074585,8.316162,0.13424063,10,-1,-1
207.63637,637.81757,7.2532043,17.335632,0.13418049,1,-1,-1
326.10895,603.83514,6.2321777,11.0338745,0.13393414,1,-1,-1
90.80816,652.7725,9.828789,20.579102,0.13377336,1,-1,-1
247.92644,639.7391,22.556808,17.147766,0.1337151,4,-1,-1
839.3354,723.3608,19.101135,14.757202,0.13345042,2,-1,-1
1240.4224,561.67004,5.3044434,8.322998,0.13336709,1,-1,-1
144.52585,660.29846,7.3152313,14.898804,0.13254163,1,-1,-1
1255.5751,579.42847,5.5838623,11.745605,0.13239816,1,-1,-1
840.6154,719.2016,16.317444,19.285278,0.13212553,3,-1,-1
1194.9845,648.27924,9.729004,16.482971,0.13197744,2,-1,-1
679.5738,637.35223,5.622925,11.814453,0.13181832,1,-1,-1
481.1093,586.0759,9.711853,8.916809,0.13171095,4,-1,-1
50.611195,808.6615,15.064213,19.140503,0.13163123,2,-1,-1
665.69135,592.69,6.6210938,9.206299,0.13141072,2,-1,-1
1206.0668,637.5564,9.06665,15.915344,0.13132867,4,-1,-1
371.96558,575.0158,10.488312,10.353943,0.13086966,6,-1,-1
1224.5148,561.5392,5.4000244,8.423828,0.13082114,1,-1,-1
456.91882,747.66736,17.571838,30.908325,0.1307402,4,-1,-1
514.54095,620.84906,5.3164673,11.387085,0.13040006,1,-1,-1
172.68858,693.0789,17.547226,24.67633,0.13037834,2,-1,-1
206.64403,669.8891,13.214645,16.60669,0.13014022,1,-1,-1
413.73495,562.12946,10.530334,7.2019043,0.1300056,6,-1,-1
49.230663,726.60474,54.93047,35.223145,0.12975118,1,-1,-1
830.62714,566.2233,5.4176025,10.705933,0.12972054,1,-1,-1
125.221466,661.39215,17.94777,12.003174,0.12953392,3,-1,-1
137.84123,683.59595,11.890121,17.252563,0.12948671,2,-1,-1
198.11412,646.4425,8.49176,15.031555,0.12879217,10,-1,-1
880.08844,718.1874,12.33667,21.426636,0.128609,2,-1,-1
371.0956,571.2189,13.712585,11.796509,0.1284988,9,-1,-1
649.29175,601.7541,7.7492065,6.8986816,0.127794,1,-1,-1
147.7639,677.27625,9.200684,15.866211,0.12742698,1,-1,-1
513.4599,623.93805,5.9365234,10.216187,0.12736985,3,-1,-1
139.10681,684.6802,13.509308,16.031189,0.12669376,1,-1,-1
429.00256,680.22723,26.108215,22.728027,0.12664455,5,-1,-1
1234.5387,567.02075,4.640747,9.238892,0.12660554,1,-1,-1
1123.2943,723.2873,35.30017,36.45581,0.12654856,4,-1,-1
536.2374,936.1537,23.17871,56.446777,0.1254696,2,-1,-1
54.400055,690.1238,10.138901,20.59851,0.12542543,1,-1,-1
195.79126,647.4761,9.318329,18.11914,0.12486172,1,-1,-1
868.3195,713.04694,23.617432,23.230774,0.123862,1,-1,-1
1124.4912,724.0011,32.804565,36.75183,0.12358484,2,-1,-1
303.65112,941.30536,71.87549,77.18225,0.123392224,4,-1,-1
864.5508,711.3456,14.658997,25.757935,0.12314454,10,-1,-1
934.1894,573.9944,20.940247,9.448853,0.12313658,4,-1,-1
865.42664,711.93396,12.0633545,25.823242,0.12297207,2,-1,-1
134.98157,643.53076,6.733795,12.974182,0.1222716,2,-1,-1
351.47147,848.3143,56.574615,51.372925,0.121825814,4,-1,-1
127.37615,652.2929,13.90023,14.2682495,0.12180275,10,-1,-1
326.28946,600.88654,5.707062,10.239319,0.12129629,1,-1,-1
86.425026,655.0699,14.940605,18.850769,0.12115201,4,-1,-1
1080.006,662.2179,5.656616,12.062988,0.12093559,1,-1,-1
1070.0746,566.3241,4.8669434,10.104187,0.12065935,1,-1,-1
867.344,708.31946,10.205994,18.618042,0.1204125,1,-1,-1
468.2376,607.7132,10.756836,19.038574,0.12009445,6,-1,-1
443.42593,584.9925,10.42099,8.709595,0.11995843,5,-1,-1
427.08694,576.14075,8.614807,8.750793,0.11985442,4,-1,-1
675.58276,578.11523,4.165344,8.516296,0.11975649,1,-1,-1
981.11426,695.77795,31.312561,37.06183,0.1195713,4,-1,-1
267.19702,624.78394,6.4492493,15.081848,0.11952478,1,-1,-1
874.8828,716.4876,12.0234375,27.79242,0.11887416,3,-1,-1
1365.074,731.05035,27.97998,17.649109,0.118822604,6,-1,-1
76.83556,729.28705,66.89129,36.05072,0.11881864,4,-1,-1
885.6949,758.66565,30.09082,25.266785,0.11880654,3,-1,-1
863.6009,696.4629,8.242371,18.225708,0.11876032,1,-1,-1
126.815636,659.4086,14.714272,9.571838,0.118585646,3,-1,-1
875.6866,576.6324,5.7617188,7.93927,0.118515044,1,-1,-1
250.3413,640.4791,9.94252,15.85968,0.11837685,1,-1,-1
132.88702,674.57153,22.950806,20.425781,0.117837936,1,-1,-1
1170.8502,694.71484,9.091919,17.327148,0.11777276,1,-1,-1
216.6901,649.7469,9.549316,16.703857,0.11773434,1,-1,-1
218.4084,633.206,6.516144,14.713501,0.117658585,1,-1,-1
994.3263,573.2318,28.144897,10.015808,0.11757794,4,-1,-1
370.1753,567.7007,15.061127,10.734863,0.11703572,4,-1,-1
414.11865,562.22015,10.0425415,7.024353,0.11674303,5,-1,-1
684.77795,640.08594,6.078369,13.880371,0.11648238,1,-1,-1
110.39033,825.77545,28.019814,36.154602,0.116316944,1,-1,-1
870.4994,714.061,19.453125,19.557312,0.115789056,2,-1,-1
65.3302,692.5463,11.386124,18.33081,0.11556369,10,-1,-1
429.17624,679.99225,25.000305,21.763916,0.114788264,6,-1,-1
660.84796,577.595,4.991272,8.279541,0.114628494,1,-1,-1
73.80542,665.45465,9.207367,15.64032,0.11452925,1,-1,-1
1258.6443,562.79865,5.550659,10.025085,0.114528775,1,-1,-1
124.677086,655.82965,11.4813,15.244751,0.11438185,1,-1,-1
131.30644,749.05554,12.504608,22.569824,0.11436334,1,-1,-1
68.874825,667.9337,12.643089,14.612976,0.114118755,3,-1,-1
67.66329,666.4191,8.458443,14.843628,0.11409855,2,-1,-1
436.2825,562.0402,8.802002,8.857483,0.11397815,4,-1,-1
70.283966,693.66187,7.8208694,16.144836,0.11395085,1,-1,-1
921.7287,574.0479,21.503235,8.964233,0.11358312,5,-1,-1
1092.2985,623.71515,6.108032,12.366516,0.113307565,1,-1,-1
864.2093,700.7948,6.7147217,14.611877,0.11322072,2,-1,-1
429.26343,557.97644,11.679932,10.806885,0.11315027,9,-1,-1
329.6062,601.64044,5.3747864,10.546936,0.11300942,1,-1,-1
302.91177,883.99084,86.94412,133.59589,0.11281219,5,-1,-1
207.97299,630.47614,6.8492126,13.071594,0.11277494,1,-1,-1
828.8992,722.68677,10.34967,17.42035,0.112650156,2,-1,-1
440.46085,563.2978,7.0175476,8.692627,0.112572044,6,-1,-1
842.5113,716.1158,12.248718,22.324036,0.112398595,10,-1,-1
1266.7289,575.03076,5.6660156,10.662476,0.11219567,1,-1,-1
411.0076,560.5008,11.901184,9.882202,0.11219141,4,-1,-1
228.13092,645.5581,29.942902,19.318542,0.11197761,6,-1,-1
919.88007,575.22754,15.385132,7.7002563,0.11169335,4,-1,-1
134.26779,679.5625,16.036804,15.354309,0.111519605,10,-1,-1
132.0384,649.68524,9.551056,17.428772,0.11148566,2,-1,-1
79.64835,646.6076,24.336365,26.46222,0.111434996,5,-1,-1
129.26692,739.36786,18.826843,31.60382,0.11106449,1,-1,-1
140.31339,657.70654,9.036575,18.085938,0.11095035,1,-1,-1
129.5423,652.11505,9.924759,16.382446,0.110948265,3,-1,-1
39.73089,812.57355,24.346802,31.700806,0.110770315,1,-1,-1
875.60297,712.5046,12.441223,19.85553,0.110753626,3,-1,-1
254.29549,638.104,11.56163,15.326111,0.11072117,1,-1,-1
522.5464,625.6463,17.53894,25.552917,0.11057636,4,-1,-1
520.08984,622.61615,5.4158325,11.759216,0.11010525,10,-1,-1
328.69226,604.61475,6.184662,9.428223,0.11010495,2,-1,-1
651.3719,585.959,6.316284,7.7509155,0.11000374,1,-1,-1
1226.6019,608.45123,7.01416,13.144592,0.11000025,1,-1,-1
430.55377,549.33386,8.459839,6.3563232,0.10985488,6,-1,-1
435.82892,802.5477,20.3331,42.684937,0.1096544,4,-1,-1
900.74054,759.87274,12.0668335,20.254822,0.109546036,2,-1,-1
124.11575,651.01526,11.936142,14.86615,0.1092729,2,-1,-1
143.98894,664.9252,7.749939,14.716858,0.10917571,1,-1,-1
132.88037,643.27856,10.231827,14.336975,0.10913798,1,-1,-1
1210.6255,576.70355,5.3793945,10.558533,0.108956486,1,-1,-1
171.23474,698.3459,18.233826,22.287292,0.10882652,10,-1,-1
665.0808,595.23193,8.158203,7.73053,0.10869628,3,-1,-1
504.56848,599.2849,5.5775146,9.19165,0.10840085,2,-1,-1
67.55867,694.3266,6.433586,15.074646,0.107851,1,-1,-1
251.0376,643.4713,19.221191,11.537598,0.107819766,10,-1,-1
1214.605,579.0101,5.5372314,10.89209,0.10773024,1,-1,-1
429.99908,558.5505,10.321991,11.236877,0.10758144,6,-1,-1
241.0929,657.8828,29.78244,18.13501,0.10755998,4,-1,-1
871.96265,715.6041,20.011475,30.510925,0.10754666,2,-1,-1
430.55377,549.33386,8.459839,6.3563232,0.107372165,5,-1,-1
510.20267,620.73334,7.857147,15.438599,0.10727519,1,-1,-1
1374.9558,577.0553,6.0448,12.002319,0.10721642,1,-1,-1
130.24155,653.4188,7.685898,11.783142,0.1071673,1,-1,-1
724.9084,568.2141,11.339966,7.123474,0.10707712,4,-1,-1
57.609444,692.7603,12.658813,21.407043,0.107011944,1,-1,-1
237.07773,658.1358,21.53366,15.693726,0.10695198,10,-1,-1
864.0156,707.77075,23.812195,17.691345,0.10649291,10,-1,-1
530.24536,538.0323,11.399109,6.393799,0.106431276,5,-1,-1
131.02856,659.80774,6.52948,14.0130005,0.10642499,2,-1,-1
465.7014,539.24725,7.764221,5.225647,0.106392026,4,-1,-1
1365.158,730.06335,26.409912,16.700745,0.10627079,7,-1,-1
417.2149,561.18475,16.057373,8.779846,0.10621208,9,-1,-1
899.9222,759.4851,15.370972,22.9375,0.10585469,1,-1,-1
124.616714,647.5265,8.260376,14.610535,0.105683476,1,-1,-1
208.88115,670.234,14.619812,16.013733,0.10538077,3,-1,-1
1102.8857,569.5571,5.1989746,8.668884,0.10537261,1,-1,-1
867.344,708.31946,10.205994,18.618042,0.10531983,10,-1,-1
1365.9269,730.98456,31.369263,18.291504,0.105198056,4,-1,-1
513.0474,623.4917,6.185669,11.005737,0.10519555,2,-1,-1
876.89496,718.37164,11.760315,24.737854,0.105089664,10,-1,-1
406.1138,562.54535,10.568054,7.053467,0.104873896,4,-1,-1
145.34796,649.79285,8.643646,18.549133,0.10487273,1,-1,-1
685.57355,636.6008,4.8980713,12.105591,0.104771614,2,-1,-1
1195.2174,648.3349,9.440063,16.476318,0.10452068,4,-1,-1
867.63525,723.7632,27.87262,18.41742,0.104166746,3,-1,-1
133.00458,669.1863,34.952118,23.728271,0.10404,8,-1,-1
486.42212,568.7653,6.188965,7.0720215,0.103946686,4,-1,-1
242.2125,655.7837,15.008514,14.5633545,0.1037496,10,-1,-1
418.30664,561.83954,14.121124,7.8355103,0.103562504,4,-1,-1
230.21544,638.8897,34.97377,20.81366,0.103506535,5,-1,-1
132.91032,669.5612,35.348907,23.642456,0.10344806,7,-1,-1
141.52141,675.9232,13.842941,16.209167,0.10324752,1,-1,-1
125.15613,658.0137,17.728745,11.84198,0.102942616,10,-1,-1
130.09671,642.84827,8.916351,13.892334,0.10278824,1,-1,-1
430.55466,549.2603,8.161896,5.9332886,0.102240056,9,-1,-1
1014.75366,817.5539,19.585205,39.5708,0.102173895,10,-1,-1
29.811642,824.6427,33.225582,24.564392,0.10207468,3,-1,-1
367.1277,858.9719,39.16394,43.83618,0.102072895,5,-1,-1
1374.166,568.077,6.56958,12.379028,0.10184118,1,-1,-1
246.1952,643.5283,9.919235,12.887268,0.10181904,1,-1,-1
878.21533,720.85846,8.330505,21.311768,0.10131851,1,-1,-1
921.3001,573.8467,21.121338,9.176514,0.101223916,9,-1,-1
530.42786,535.3089,12.013062,6.084961,0.10040316,4,-1,-1
460.86707,574.58856,9.001007,10.091675,0.100390315,4,-1,-1
435.3342,656.104,22.677032,20.874878,0.10028505,1,-1,-1
66.10004,668.6762,17.685371,13.605347,0.10012972,10,-1,-1
126.21677,653.3375,15.94136,10.664185,0.10001612,3,-1,-1
341.48666,608.2106,14.917786,11.379761,0.09995496,4,-1,-1
260.14423,640.87524,8.280518,15.227234,0.09965509,2,-1,-1
245.77713,649.98834,9.5468445,16.348145,0.099625796,1,-1,-1
169.47261,692.9804,28.168167,25.881348,0.099574834,6,-1,-1
128.93695,660.9527,10.396545,16.95221,0.09955698,1,-1,-1
510.6879,599.693,5.5158386,10.95166,0.09953937,10,-1,-1
136.27602,648.25726,8.261978,18.564209,0.09924582,1,-1,-1
132.5035,656.9991,9.073868,13.812805,0.09916103,1,-1,-1
1124.3286,722.7991,35.87744,34.804993,0.09911665,10,-1,-1
836.23596,556.8912,5.0844116,7.8242188,0.09904769,1,-1,-1
133.41467,668.8624,34.942657,23.534424,0.099030614,1,-1,-1
1267.6201,571.6063,5.3710938,11.324341,0.0988684,1,-1,-1
397.3263,743.04926,40.1846,33.832336,0.09884563,1,-1,-1
426.79526,563.5396,8.7309265,7.212158,0.098813206,4,-1,-1
1014.3832,816.3035,20.723022,38.260193,0.098810256,2,-1,-1
408.92673,557.5149,14.00235,11.235779,0.09819317,9,-1,-1
510.6879,599.693,5.5158386,10.95166,0.09798223,1,-1,-1
858.95135,707.23804,27.18872,18.31427,0.09796122,3,-1,-1
792.27344,577.7028,4.999756,9.130798,0.09792787,1,-1,-1
246.90318,645.9769,7.7096405,15.777283,0.09789741,2,-1,-1
375.66278,568.6055,11.642487,11.08429,0.09781447,9,-1,-1
987.73987,571.83203,23.151733,8.66626,0.09759885,4,-1,-1
867.6265,718.09,9.568237,24.967651,0.09758568,3,-1,-1
431.13763,551.6275,7.7031555,7.2731934,0.09749997,4,-1,-1
431.1563,562.4516,7.0497437,8.837219,0.09737849,9,-1,-1
247.91756,638.4264,6.416168,13.864014,0.09718007,1,-1,-1
263.5709,600.4108,26.644775,15.968384,0.09693453,6,-1,-1
305.84735,612.94366,5.9647217,11.437439,0.09671739,1,-1,-1
1229.0214,608.4518,6.460449,13.77594,0.096711814,2,-1,-1
835.37354,713.1725,25.562134,28.250305,0.09663081,2,-1,-1
1198.6366,558.992,9.073242,7.776428,0.09661621,4,-1,-1
211.38643,635.84186,8.403839,17.066895,0.096604705,1,-1,-1
818.10913,550.04016,11.044495,6.5849,0.09657267,4,-1,-1
411.847,619.2547,15.153564,12.760925,0.096262425,5,-1,-1
341.341,603.83936,10.83139,9.601868,0.09589824,10,-1,-1
872.5854,710.132,11.020142,21.710083,0.09582165,10,-1,-1
927.58026,573.36865,15.513489,8.466003,0.09565818,4,-1,-1
220.7772,634.9221,9.300003,16.490112,0.09564504,1,-1,-1
281.984,605.006,5.377533,11.78186,0.095561355,1,-1,-1
548.0674,538.1564,11.18219,6.9500732,0.095516354,5,-1,-1
452.4469,543.8665,7.162567,5.216675,0.095434934,4,-1,-1
1365.074,731.05035,27.97998,17.649109,0.09537214,8,-1,-1
868.05804,710.1984,8.801025,19.319153,0.095234394,3,-1,-1
