1256.7488,964.4654,57.579224,75.01752,0.99998474,1,-1,-1
647.65155,738.46436,32.888916,69.58368,0.9998795,1,-1,-1
430.56583,956.6431,67.588745,90.64264,0.994501,5,-1,-1
759.70966,716.56976,26.68274,56.91687,0.9773938,1,-1,-1
781.06665,715.73834,25.851013,58.10022,0.80962855,1,-1,-1
875.4788,706.99207,24.93158,56.624756,0.74985856,1,-1,-1
1276.6195,386.24124,27.322754,48.705017,0.25042894,6,-1,-1
910.98425,356.64246,55.333862,27.422577,0.2462391,6,-1,-1
764.6561,649.3924,49.839417,32.593872,0.23525196,1,-1,-1
915.7798,356.54733,50.201233,27.822937,0.23309582,9,-1,-1
875.21295,350.78214,47.15027,24.067078,0.19987518,5,-1,-1
875.21295,350.78214,47.15027,24.067078,0.19385365,4,-1,-1
765.36646,648.9049,48.36029,33.699463,0.1919899,8,-1,-1
875.4788,706.99207,24.93158,56.624756,0.18533403,3,-1,-1
593.71136,333.6335,51.97162,22.420227,0.1827991,4,-1,-1
1277.4258,393.0822,27.007935,44.286926,0.17637774,4,-1,-1
1276.6195,386.24124,27.322754,48.705017,0.17172182,5,-1,-1
994.54254,442.913,35.63678,26.408997,0.16083884,4,-1,-1
545.56024,299.06232,41.75482,21.314636,0.15779841,4,-1,-1
593.71136,333.6335,51.97162,22.420227,0.14933199,5,-1,-1
545.56024,299.06232,41.75482,21.314636,0.14832175,5,-1,-1
1311.4261,433.35757,59.401245,25.071136,0.14020371,4,-1,-1
987.1052,449.5749,31.664734,28.42569,0.13772175,5,-1,-1
891.63684,355.3432,57.356934,27.038269,0.13450703,6,-1,-1
1274.194,376.47913,30.125366,46.578705,0.13094348,4,-1,-1
994.54254,442.913,35.63678,26.408997,0.12675786,5,-1,-1
987.1052,449.5749,31.664734,28.42569,0.11833969,4,-1,-1
781.06665,715.73834,25.851013,58.10022,0.11638826,10,-1,-1
857.45703,348.65143,53.925354,24.25473,0.11608529,4,-1,-1
974.86224,465.8941,39.245728,24.470184,0.11438936,5,-1,-1
1279.4545,370.3129,34.553467,32.439545,0.113550246,4,-1,-1
471.59332,619.2268,26.657959,38.90863,0.1127305,1,-1,-1
918.0672,355.9243,49.698303,28.726898,0.11021772,4,-1,-1
1273.4824,372.64056,28.280396,46.664917,0.10648322,6,-1,-1
544.7945,298.68695,42.52411,21.493317,0.104228675,6,-1,-1
1279.4545,370.3129,34.553467,32.439545,0.1028485,5,-1,-1
1279.4545,370.3129,34.553467,32.439545,0.102467895,6,-1,-1
592.99664,297.9074,54.712708,23.028107,0.10013127,6,-1,-1
974.86224,465.8941,39.245728,24.470184,0.09982136,4,-1,-1
425.64978,957.1312,73.51929,91.556274,0.09860879,4,-1,-1
1277.9215,385.94086,29.632568,51.208282,0.09770244,9,-1,-1
1286.3987,369.7861,40.400146,23.08731,0.09708822,5,-1,-1
857.45703,348.65143,53.925354,24.25473,0.09636298,5,-1,-1
780.67786,715.50793,26.05957,58.220886,0.095880926,2,-1,-1
1288.399,369.08206,36.70459,25.893341,0.0958803,4,-1,-1
1007.0908,449.22363,28.53833,31.262878,0.09379172,4,-1,-1
881.939,351.85718,47.894714,24.25357,0.09297198,6,-1,-1
460.1534,286.5667,52.56601,19.819275,0.0876157,4,-1,-1
992.28766,465.44803,37.742615,25.037231,0.08544266,4,-1,-1
866.8241,349.74393,48.951843,23.690826,0.08469212,6,-1,-1
974.4054,457.45374,31.033936,28.329102,0.084582716,4,-1,-1
1285.5573,380.8333,32.2489,51.9198,0.08322331,6,-1,-1
963.4752,631.11163,30.403198,54.460266,0.08268425,1,-1,-1
1273.4824,372.64056,28.280396,46.664917,0.082197934,5,-1,-1
970.8041,456.6459,38.578674,23.850098,0.081761986,5,-1,-1
614.2023,332.01804,50.75476,23.561462,0.08090454,5,-1,-1
891.63684,355.3432,57.356934,27.038269,0.080302835,4,-1,-1
910.98425,356.64246,55.333862,27.422577,0.078599185,5,-1,-1
614.2023,332.01804,50.75476,23.561462,0.077521026,4,-1,-1
592.59534,306.538,47.589844,20.64804,0.07657659,6,-1,-1
875.1672,706.8584,25.419617,56.18811,0.07513067,2,-1,-1
1305.8782,341.98898,29.733154,30.341248,0.0742093,4,-1,-1
1306.8738,339.03235,25.251953,33.74817,0.073245406,5,-1,-1
547.2223,360.7974,98.74463,41.841125,0.07297781,6,-1,-1
992.28766,465.44803,37.742615,25.037231,0.07203019,5,-1,-1
891.00037,354.3254,53.63214,28.51239,0.07153013,5,-1,-1
995.3342,450.3842,38.291748,27.537231,0.07113731,5,-1,-1
1277.0786,391.59692,27.096924,45.833893,0.070240885,8,-1,-1
585.5329,307.23172,46.82483,20.858093,0.06991398,5,-1,-1
1085.4042,481.96283,31.22168,30.653625,0.06977025,10,-1,-1
558.79553,363.19714,91.01471,42.437836,0.06759471,9,-1,-1
922.9239,361.2078,47.91046,30.503082,0.06548855,6,-1,-1
572.68604,297.79388,49.444153,22.981812,0.065170825,6,-1,-1
1288.399,369.08206,36.70459,25.893341,0.06502551,6,-1,-1
560.33124,298.44592,43.98224,22.345245,0.06492752,6,-1,-1
593.71136,333.6335,51.97162,22.420227,0.06455743,6,-1,-1
984.8878,470.91602,31.151001,25.204681,0.064475864,4,-1,-1
558.5181,363.09836,90.346924,42.01172,0.06439564,5,-1,-1
1254.6195,1002.4651,45.263306,37.34851,0.06398171,1,-1,-1
560.33124,298.44592,43.98224,22.345245,0.063345194,5,-1,-1
1310.8301,432.79443,53.733643,24.455688,0.06303698,10,-1,-1
884.76886,322.8947,32.584106,28.861816,0.06283069,5,-1,-1
581.13184,297.3243,53.841675,23.447906,0.060540378,5,-1,-1
1287.9932,374.6376,31.0531,40.268127,0.05977717,4,-1,-1
1279.5223,380.76025,35.97046,54.374023,0.058736473,4,-1,-1
1277.4258,393.0822,27.007935,44.286926,0.05864224,7,-1,-1
585.5329,307.23172,46.82483,20.858093,0.058306575,4,-1,-1
1047.6327,318.77975,59.18518,20.883698,0.05780825,9,-1,-1
560.33124,298.44592,43.98224,22.345245,0.057655126,4,-1,-1
1276.365,394.25824,27.290771,43.986267,0.05765,1,-1,-1
591.856,319.00708,46.08014,21.673706,0.057483375,4,-1,-1
574.51416,333.30618,56.382385,24.397339,0.057480454,4,-1,-1
972.80273,463.01108,32.59021,27.878418,0.056335688,1,-1,-1
581.13184,297.3243,53.841675,23.447906,0.056032985,4,-1,-1
1273.4824,372.64056,28.280396,46.664917,0.055871516,9,-1,-1
984.8878,470.91602,31.151001,25.204681,0.054939,10,-1,-1
888.00934,317.84726,37.935974,26.58017,0.054368287,4,-1,-1
593.58624,318.9198,41.044678,21.960052,0.05418548,5,-1,-1
884.76886,322.8947,32.584106,28.861816,0.054171234,4,-1,-1
1014.0685,462.20227,32.788208,28.819519,0.054074496,4,-1,-1
730.7323,381.57047,57.852173,23.611847,0.05307585,4,-1,-1
974.5373,468.3859,30.781677,26.5448,0.052604944,10,-1,-1
1279.4545,370.3129,34.553467,32.439545,0.052094042,9,-1,-1
1089.9001,478.4487,29.950928,30.713165,0.051670402,4,-1,-1
1310.8301,432.79443,53.733643,24.455688,0.05142799,3,-1,-1
580.55585,292.67242,53.30475,22.513977,0.05142182,6,-1,-1
1265.98,368.79282,30.648682,38.434967,0.05130431,4,-1,-1
1013.39954,443.0412,36.988403,29.577515,0.050556213,4,-1,-1
616.1198,297.7953,45.23181,21.567688,0.050510675,6,-1,-1
1019.5862,450.26318,37.754395,29.001068,0.05041662,4,-1,-1
