1305.0012,106.541306,53.29834,50.29039,0.8004805,7,-1,-1
1305.712,107.508865,53.029785,47.738434,0.74300736,6,-1,-1
866.2931,617.9491,22.860168,30.149414,0.71549565,1,-1,-1
1160.961,248.33156,21.469604,27.581833,0.5386436,1,-1,-1
844.039,651.2427,15.9904785,40.153625,0.52533555,1,-1,-1
551.9701,135.39287,92.14551,59.954147,0.46492887,8,-1,-1
995.957,331.0425,23.965881,25.669708,0.4413023,1,-1,-1
552.68066,135.27571,91.12305,59.170334,0.29124594,7,-1,-1
476.20917,759.5014,107.8609,27.145264,0.19383308,5,-1,-1
1313.0234,70.415215,58.438354,46.65908,0.19083312,6,-1,-1
1308.5449,85.86264,55.76758,50.704346,0.14600241,6,-1,-1
1312.8391,70.45225,59.04126,47.057137,0.110761404,4,-1,-1
853.44653,592.7461,19.733826,30.37384,0.105641246,1,-1,-1
1160.961,248.33156,21.469604,27.581833,0.095421046,2,-1,-1
581.1689,154.76474,23.758057,37.715454,0.092032045,1,-1,-1
475.6709,758.1687,108.96985,28.477966,0.08436522,6,-1,-1
1317.6257,69.14592,56.48059,47.2614,0.08258879,5,-1,-1
476.20917,759.5014,107.8609,27.145264,0.07928735,8,-1,-1
1168.3787,249.8162,20.726318,31.015656,0.07699224,1,-1,-1
1315.6172,84.45091,35.69458,30.929367,0.07585257,7,-1,-1
551.13385,135.24425,92.59009,58.798706,0.07095358,1,-1,-1
609.56036,158.15205,30.899475,31.003128,0.06496486,1,-1,-1
612.8615,168.85565,28.966125,28.03888,0.060306013,1,-1,-1
1043.3392,541.5794,17.097168,36.825745,0.058964074,1,-1,-1
1070.1201,542.1215,22.557129,39.188293,0.056619227,1,-1,-1
1305.3733,108.15867,53.35205,47.568306,0.05381295,8,-1,-1
557.6077,140.04114,35.756104,29.287354,0.053305417,2,-1,-1
