496.08682,569.6368,112.558136,74.5968,0.9999865,4,-1,-1
254.49406,636.64526,140.60893,88.010315,0.9999386,4,-1,-1
108.83406,498.94437,108.34726,50.937286,0.9998934,4,-1,-1
415.80597,555.6089,116.94653,85.047424,0.99974,4,-1,-1
716.8001,726.95734,115.87793,116.33392,0.99963844,5,-1,-1
1301.3646,765.90576,97.760376,67.59076,0.9995837,4,-1,-1
990.0488,447.78513,47.953247,37.338776,0.9990715,4,-1,-1
7.002183,565.26733,132.06235,69.22473,0.99831975,4,-1,-1
235.75912,564.19904,121.43909,70.56726,0.99793375,4,-1,-1
335.8839,558.76904,107.17993,71.63623,0.9963489,4,-1,-1
232.8299,463.0519,87.501465,48.69583,0.9953685,4,-1,-1
1098.911,801.1675,35.15222,73.34235,0.99441946,1,-1,-1
1018.9876,517.30493,146.56976,62.009033,0.9927567,4,-1,-1
918.3178,722.059,187.34149,104.050415,0.9926603,4,-1,-1
293.65137,488.29373,91.1575,40.32846,0.989977,4,-1,-1
1290.1656,709.2086,108.95935,62.34375,0.98822415,4,-1,-1
1019.97485,565.0476,103.057495,46.204834,0.9851786,4,-1,-1
1321.2565,903.5066,77.12109,88.943665,0.9841796,4,-1,-1
1165.93,837.1083,35.333252,77.59088,0.97752416,1,-1,-1
1246.9464,459.72305,57.503784,33.74005,0.9734847,4,-1,-1
388.73044,458.64703,76.0387,32.57675,0.9651749,4,-1,-1
384.1847,429.872,62.36322,34.584503,0.9634831,5,-1,-1
967.11255,644.0286,172.42542,75.893005,0.95733285,5,-1,-1
1243.3556,439.76068,48.983154,30.167664,0.94036514,4,-1,-1
1074.3564,451.65726,87.49243,35.868347,0.9389105,4,-1,-1
1296.9619,731.6739,102.11841,64.706055,0.9350233,4,-1,-1
1308.3009,830.0418,90.8241,76.83148,0.9232103,4,-1,-1
1081.7018,443.10745,84.5885,32.12961,0.9137535,4,-1,-1
1154.8558,473.36115,65.99524,49.559814,0.9037255,4,-1,-1
345.98083,632.462,134.68015,106.55432,0.88516176,5,-1,-1
357.84506,406.53613,54.012085,28.779816,0.87025774,5,-1,-1
974.3872,592.55383,147.65356,69.3136,0.83994424,5,-1,-1
1238.9935,422.08917,43.45044,27.90918,0.81986326,4,-1,-1
1091.06,413.90625,73.53308,33.611145,0.8030349,4,-1,-1
460.3035,434.78616,61.001312,33.12436,0.78834367,4,-1,-1
1233.717,389.7327,43.69153,29.191864,0.68882084,4,-1,-1
997.13635,575.11145,112.02905,51.713257,0.6841451,4,-1,-1
1239.5604,430.15002,45.18994,30.277588,0.6787376,4,-1,-1
958.79926,420.50104,36.489807,30.788147,0.67852354,4,-1,-1
298.40933,560.1064,111.05606,72.765686,0.5922403,4,-1,-1
1113.9148,402.02048,61.797363,29.655762,0.5265458,4,-1,-1
524.0244,421.79623,41.14868,26.11084,0.49312553,4,-1,-1
1230.4667,383.10495,44.116333,25.77475,0.41249758,4,-1,-1
930.9914,775.79987,27.320984,68.88434,0.40447012,1,-1,-1
1117.2135,390.5851,60.151733,24.600098,0.4026435,4,-1,-1
1232.9736,371.161,46.932617,24.399475,0.40174833,4,-1,-1
1120.1376,382.39462,58.453613,23.529053,0.39662468,4,-1,-1
998.9138,575.93085,121.34363,58.46454,0.37567538,5,-1,-1
1240.2552,501.17203,24.251587,46.37497,0.3554424,1,-1,-1
1143.7195,355.26944,46.406494,22.596405,0.34267738,4,-1,-1
1240.3488,500.58853,25.064331,47.039154,0.3420741,3,-1,-1
1234.186,414.42282,41.608765,27.372223,0.3315096,4,-1,-1
345.99298,632.2828,134.42926,106.20557,0.30684066,4,-1,-1
1091.5181,430.42548,79.02222,37.13217,0.30641553,4,-1,-1
1213.6344,332.13593,47.121216,19.363861,0.29885095,4,-1,-1
1134.6124,369.61435,46.369507,29.806885,0.28011313,4,-1,-1
1134.6124,369.61435,46.369507,29.806885,0.27831188,5,-1,-1
1224.4541,339.30487,46.6521,21.059235,0.2756545,4,-1,-1
527.13464,415.8581,45.11487,26.174072,0.2736165,5,-1,-1
1129.2988,378.47827,49.935913,28.85904,0.2723733,5,-1,-1
488.4306,401.9999,42.71637,25.247345,0.26935568,4,-1,-1
976.05176,591.5958,146.58118,69.242676,0.26808757,4,-1,-1
1323.1573,993.96246,75.96765,53.750305,0.26615527,4,-1,-1
965.4619,643.4526,172.17944,76.62042,0.25072694,4,-1,-1
958.18,420.76434,36.864685,30.62854,0.24636492,8,-1,-1
1146.4175,358.33896,46.521606,24.141357,0.23889199,5,-1,-1
1227.1293,291.36337,43.996338,28.347198,0.23802596,5,-1,-1
1141.5046,362.57095,41.544434,27.481232,0.23692474,5,-1,-1
488.4306,401.9999,42.71637,25.247345,0.23449925,5,-1,-1
1132.5988,350.3387,50.12329,22.364746,0.22868294,4,-1,-1
384.12378,430.2564,62.985382,33.96924,0.22833517,4,-1,-1
1141.5046,362.57095,41.544434,27.481232,0.22775412,4,-1,-1
1227.1293,291.36337,43.996338,28.347198,0.2233752,6,-1,-1
1245.5552,451.3508,50.338257,31.71695,0.22154704,4,-1,-1
1233.4492,387.75455,44.056763,28.535004,0.2206401,5,-1,-1
1196.413,294.7728,31.484497,39.413666,0.21648669,5,-1,-1
1148.981,520.1336,25.676147,34.945312,0.21490398,1,-1,-1
523.6723,373.9022,53.884827,23.158203,0.21365622,5,-1,-1
531.282,414.91995,43.59668,25.883698,0.21072873,4,-1,-1
936.3575,768.12476,25.32257,53.59436,0.20986074,1,-1,-1
509.8532,412.70627,44.44635,26.16513,0.20785773,4,-1,-1
523.6723,373.9022,53.884827,23.158203,0.20561305,4,-1,-1
1196.413,294.7728,31.484497,39.413666,0.20287067,6,-1,-1
509.8532,412.70627,44.44635,26.16513,0.20065936,5,-1,-1
237.49355,566.458,118.867905,67.41565,0.19818193,5,-1,-1
1157.5093,356.72687,42.325073,25.486511,0.19563743,4,-1,-1
504.4439,424.9765,45.375,24.651184,0.1935761,4,-1,-1
1235.7922,370.76373,48.803467,24.036896,0.19212142,5,-1,-1
1323.1573,993.96246,75.96765,53.750305,0.19165367,5,-1,-1
1224.4541,339.30487,46.6521,21.059235,0.18955979,5,-1,-1
985.19434,586.91907,72.7793,41.02173,0.18857068,4,-1,-1
460.13776,436.81516,60.702637,33.69754,0.18517518,5,-1,-1
1213.6344,332.13593,47.121216,19.363861,0.18224701,5,-1,-1
1117.8367,389.3319,58.90161,26.932648,0.17977604,5,-1,-1
294.78964,486.99942,90.768524,42.68875,0.17758352,5,-1,-1
1240.6929,500.868,24.142334,46.899445,0.1769281,10,-1,-1
1113.9148,402.02048,61.797363,29.655762,0.17522964,5,-1,-1
1082.889,291.39166,58.043335,26.666992,0.1712941,9,-1,-1
237.55476,565.723,120.25963,68.41449,0.16868913,9,-1,-1
537.0647,405.87894,44.37561,23.396301,0.16680744,4,-1,-1
517.3237,423.76236,41.14563,24.442047,0.1611093,5,-1,-1
500.68518,407.90155,41.253113,27.168365,0.16077557,5,-1,-1
1010.3918,559.7869,112.09357,56.723267,0.15905663,5,-1,-1
1165.9305,836.44507,33.58313,74.7453,0.15740544,2,-1,-1
1088.7726,432.2325,79.4718,36.29016,0.1533832,5,-1,-1
1196.575,292.23032,28.944214,40.224976,0.15138486,4,-1,-1
500.68518,407.90155,41.253113,27.168365,0.15012103,4,-1,-1
1290.0554,709.46655,109.06958,63.846252,0.14793566,5,-1,-1
1052.6687,389.41797,37.834717,32.14633,0.1479103,4,-1,-1
1068.5752,281.86618,94.91565,37.356262,0.14567828,9,-1,-1
1137.8462,353.36163,48.09497,21.980743,0.1448007,5,-1,-1
1227.1293,291.36337,43.996338,28.347198,0.14452234,4,-1,-1
1155.0835,474.25436,64.166626,49.302216,0.14427036,5,-1,-1
1254.1178,367.38324,40.677612,27.312744,0.14386863,4,-1,-1
386.87363,452.65604,74.11041,36.543518,0.14231041,5,-1,-1
1148.981,520.1336,25.676147,34.945312,0.141893,2,-1,-1
1074.4274,449.3717,88.72925,36.77307,0.14172557,5,-1,-1
345.99298,632.2828,134.42926,106.20557,0.1404612,6,-1,-1
492.96075,432.95596,49.032166,24.538147,0.13895783,4,-1,-1
1137.4874,341.87592,44.18396,21.50589,0.1338321,4,-1,-1
636.68005,378.55927,43.01776,21.778992,0.13042653,4,-1,-1
526.8047,364.8502,51.690674,22.62268,0.12983784,4,-1,-1
1165.8721,836.9382,35.380737,78.009155,0.1292991,3,-1,-1
1236.8193,417.8572,42.355225,29.143707,0.12767684,5,-1,-1
1213.9307,411.72357,40.403442,26.213104,0.12753937,4,-1,-1
1148.0742,520.11707,27.948608,33.09308,0.124551356,10,-1,-1
537.0647,405.87894,44.37561,23.396301,0.124489695,5,-1,-1
1162.5735,323.82715,34.7312,24.89917,0.12445766,5,-1,-1
1060.0573,288.7573,45.216064,23.607971,0.12372568,9,-1,-1
1162.5735,323.82715,34.7312,24.89917,0.12327954,4,-1,-1
958.53235,420.7201,36.601013,30.693298,0.122372806,7,-1,-1
636.0871,377.33426,42.669495,21.090637,0.12206119,5,-1,-1
717.0644,727.50574,115.248474,114.40173,0.121985346,2,-1,-1
1243.3906,381.91013,47.421753,24.277222,0.11870292,4,-1,-1
1136.1328,369.60007,46.567017,28.184479,0.1176143,6,-1,-1
1109.0448,411.16977,65.88684,29.413849,0.116412014,5,-1,-1
1131.3129,276.86044,36.916626,26.40561,0.11586407,4,-1,-1
1121.2905,266.4613,41.91382,25.255463,0.112585634,4,-1,-1
1316.3789,892.4422,82.63794,85.143005,0.11095238,5,-1,-1
273.38507,633.7141,158.92746,100.2323,0.11073449,5,-1,-1
518.2208,405.71906,46.656982,22.734467,0.10998443,4,-1,-1
1016.45435,545.3242,131.44775,60.1521,0.10987818,4,-1,-1
1210.8022,324.86224,45.78003,21.720337,0.109211326,4,-1,-1
381.97644,465.01724,49.543182,27.69632,0.10895255,4,-1,-1
983.2074,579.0915,105.473755,47.158875,0.10866609,7,-1,-1
358.04254,406.22995,54.967773,29.157959,0.10779372,4,-1,-1
1240.2552,501.17203,24.251587,46.37497,0.10747811,2,-1,-1
576.8896,400.6895,43.28357,26.520416,0.10350603,5,-1,-1
526.8047,364.8502,51.690674,22.62268,0.102813154,5,-1,-1
552.0852,403.79132,43.59674,25.084015,0.10166907,4,-1,-1
1147.9258,335.61838,41.51465,24.131256,0.10101947,4,-1,-1
1095.5841,794.06256,28.102173,65.00592,0.099048436,1,-1,-1
958.18,420.76434,36.864685,30.62854,0.098998904,5,-1,-1
1078.2332,450.234,83.81018,38.843292,0.098796725,1,-1,-1
1308.3915,829.86584,90.73352,76.67749,0.098122746,5,-1,-1
1321.4165,902.57196,77.708496,91.436584,0.09811896,9,-1,-1
1065.8245,296.97964,42.323242,23.418396,0.09805623,9,-1,-1
1137.4874,341.87592,44.18396,21.50589,0.09743944,5,-1,-1
1233.8838,397.64975,42.729126,28.706787,0.096229255,5,-1,-1
1065.8245,296.97964,42.323242,23.418396,0.095487356,4,-1,-1
936.5111,767.83795,25.856567,49.994873,0.09542498,2,-1,-1
1057.9703,370.42215,36.398438,32.418213,0.094836,4,-1,-1
1210.8022,324.86224,45.78003,21.720337,0.09431565,5,-1,-1
1126.1335,411.5375,54.04236,28.44458,0.09338844,4,-1,-1
1078.2307,297.594,47.975708,23.264801,0.09292099,9,-1,-1
325.61017,577.52954,30.783234,46.991394,0.09240943,1,-1,-1
589.43286,397.48294,44.651367,27.68811,0.092200875,5,-1,-1
976.05176,591.5958,146.58118,69.242676,0.0918363,6,-1,-1
1120.5414,389.90466,58.03882,25.352203,0.09173292,6,-1,-1
527.5876,383.1412,45.223145,25.893066,0.091288,4,-1,-1
1288.1113,326.57562,28.148193,33.02838,0.09100944,4,-1,-1
1129.2988,378.47827,49.935913,28.85904,0.09094125,6,-1,-1
1309.8833,827.38934,87.849976,74.36383,0.09089935,1,-1,-1
1052.6687,389.41797,37.834717,32.14633,0.090779334,5,-1,-1
1142.2008,279.42844,34.763794,28.643494,0.090464264,4,-1,-1
552.0852,403.79132,43.59674,25.084015,0.09041622,5,-1,-1
1199.9318,275.83435,41.258423,25.41452,0.0902217,4,-1,-1
1243.6316,439.96796,49.78308,30.659668,0.09021127,5,-1,-1
334.8586,569.8977,29.327576,45.803955,0.09002116,1,-1,-1
1281.626,330.35217,30.350586,33.207947,0.0898647,5,-1,-1
582.7449,872.04205,148.51001,123.199036,0.08969465,4,-1,-1
1067.1117,347.8228,35.39331,32.597412,0.08946508,4,-1,-1
346.03265,632.84735,134.26895,106.06122,0.08919382,1,-1,-1
518.2208,405.71906,46.656982,22.734467,0.08880249,5,-1,-1
1254.1178,367.38324,40.677612,27.312744,0.088413954,5,-1,-1
616.24146,873.3429,113.45502,53.77118,0.08839482,4,-1,-1
1146.4175,358.33896,46.521606,24.141357,0.087749094,6,-1,-1
1164.2323,281.3795,35.877197,28.350311,0.08646682,4,-1,-1
231.56514,462.36606,88.0511,49.895905,0.08592218,7,-1,-1
1162.5735,323.82715,34.7312,24.89917,0.08576661,6,-1,-1
1160.3868,468.47565,56.31494,34.493988,0.085033536,4,-1,-1
237.55476,565.723,120.25963,68.41449,0.084966004,6,-1,-1
1087.1405,782.2164,22.922852,49.105286,0.0845114,1,-1,-1
1144.5177,372.40906,31.031372,37.721558,0.08387974,4,-1,-1
1165.47,836.4322,35.33423,76.30194,0.083702385,10,-1,-1
1164.9523,264.09064,35.861206,23.889038,0.083648324,4,-1,-1
1126.3539,276.3378,41.44983,25.477875,0.08363891,5,-1,-1
1094.4039,296.59485,47.944702,24.183228,0.08362922,5,-1,-1
1080.899,347.56775,33.39038,29.312897,0.083417386,4,-1,-1
920.7232,774.8568,30.593567,61.48523,0.08333683,1,-1,-1
1239.5604,430.15002,45.18994,30.277588,0.08244592,5,-1,-1
1198.9862,276.69296,42.567993,24.022217,0.082101494,5,-1,-1
1238.5283,365.49643,48.065186,20.8013,0.08199388,4,-1,-1
1245.3145,451.3034,52.21753,32.427246,0.08194134,5,-1,-1
1196.9558,307.6534,34.769043,34.566772,0.08183837,4,-1,-1
984.96936,592.68445,67.90625,35.116943,0.08162996,7,-1,-1
1161.9646,311.36057,36.88965,25.50177,0.081448436,5,-1,-1
1243.3906,381.91013,47.421753,24.277222,0.080607265,5,-1,-1
1093.3997,414.30527,72.96423,33.789825,0.08043218,6,-1,-1
1112.9159,298.04373,44.893555,23.430084,0.08004558,5,-1,-1
624.03925,350.71152,43.62439,20.190887,0.07958853,6,-1,-1
982.4916,581.37463,95.90149,43.0625,0.07929948,5,-1,-1
977.5057,590.15625,142.02655,71.84369,0.07900211,1,-1,-1
1134.3607,285.34512,38.128418,25.868805,0.07890743,5,-1,-1
1021.8511,564.9317,102.34277,48.641907,0.078837425,2,-1,-1
1234.59,384.7739,47.172363,25.094757,0.07861632,6,-1,-1
1148.0742,520.11707,27.948608,33.09308,0.07830411,7,-1,-1
544.6922,411.67462,41.92804,24.930847,0.07822952,4,-1,-1
636.0871,377.33426,42.669495,21.090637,0.078160256,6,-1,-1
408.62265,576.50586,31.722778,50.779114,0.07795659,1,-1,-1
1062.1406,358.12997,34.242188,34.358,0.07786816,4,-1,-1
517.5785,352.9443,45.196655,21.46289,0.07759541,4,-1,-1
81.79038,442.12607,118.10517,53.707214,0.07744944,6,-1,-1
1074.4274,449.3717,88.72925,36.77307,0.07738009,6,-1,-1
1155.7189,283.02292,38.93445,28.254272,0.0771575,5,-1,-1
1147.9258,335.61838,41.51465,24.131256,0.07642415,5,-1,-1
1097.6853,460.3641,69.47009,30.263824,0.07633421,4,-1,-1
1114.8218,275.74112,43.402466,23.293915,0.07625681,4,-1,-1
515.6137,431.1336,43.499207,23.089874,0.07624698,4,-1,-1
1102.1437,316.11844,32.694702,30.214813,0.0760771,4,-1,-1
1200.5381,286.41537,45.457275,25.891754,0.076057464,4,-1,-1
100.98339,476.52704,112.13825,59.22931,0.07603875,4,-1,-1
1235.7922,370.76373,48.803467,24.036896,0.07595256,6,-1,-1
544.6922,411.67462,41.92804,24.930847,0.07564911,5,-1,-1
986.5855,515.50433,28.160095,40.71167,0.07561952,1,-1,-1
1060.3943,401.3653,41.63318,29.505707,0.07531318,4,-1,-1
1098.7499,379.23126,40.028687,28.954224,0.07516414,4,-1,-1
483.65823,426.2827,51.63022,25.651459,0.075030744,4,-1,-1
1290.6984,709.4008,108.426636,62.7417,0.07496938,1,-1,-1
480.10287,407.98087,45.878937,25.051636,0.07492176,4,-1,-1
925.4784,717.3952,183.91211,105.682556,0.07489416,5,-1,-1
1095.2352,415.71313,75.25037,37.19333,0.074555755,9,-1,-1
357.81216,406.3343,54.554047,29.171356,0.07452512,8,-1,-1
1079.0846,436.6808,87.15149,39.14023,0.0744991,6,-1,-1
1088.7388,414.05325,75.104614,33.526062,0.074237496,5,-1,-1
460.2847,435.78976,60.45273,34.82773,0.0734154,1,-1,-1
1238.5283,365.49643,48.065186,20.8013,0.07316536,5,-1,-1
1213.6344,332.13593,47.121216,19.363861,0.07296032,6,-1,-1
1156.7726,365.1243,37.578125,31.000427,0.0721997,4,-1,-1
278.77524,473.04376,35.597626,44.447266,0.07213193,1,-1,-1
1161.9646,311.36057,36.88965,25.50177,0.07197076,4,-1,-1
1240.2552,501.17203,24.251587,46.37497,0.071774244,4,-1,-1
1160.9131,353.05753,43.411255,25.116394,0.07152718,5,-1,-1
232.56924,463.03897,87.86337,48.64917,0.071145296,1,-1,-1
629.5923,359.3852,46.858704,21.96579,0.07087028,6,-1,-1
1053.6462,397.3779,35.5614,32.56967,0.070856005,7,-1,-1
1056.5187,407.28015,34.749756,31.354767,0.070472896,4,-1,-1
619.9301,360.6443,47.855286,20.933533,0.07035035,5,-1,-1
988.42975,591.6635,57.55426,36.620605,0.070304245,10,-1,-1
1156.7726,365.1243,37.578125,31.000427,0.07026419,5,-1,-1
1232.4186,283.07336,41.058716,28.52066,0.07018635,5,-1,-1
1094.4039,296.59485,47.944702,24.183228,0.07000217,4,-1,-1
1148.0742,520.11707,27.948608,33.09308,0.06965703,4,-1,-1
926.4807,722.2283,183.90417,103.99646,0.06961098,10,-1,-1
1053.3838,395.49686,33.060547,36.401703,0.06880626,8,-1,-1
1152.9712,278.8192,40.74756,26.03601,0.06828013,4,-1,-1
1123.7673,360.47787,44.21692,29.108826,0.068278104,4,-1,-1
981.92163,577.7789,99.18298,49.419495,0.06825197,1,-1,-1
1256.4933,442.95926,52.2843,28.460632,0.06806135,4,-1,-1
1058.2579,289.39914,41.429565,26.460327,0.06786767,4,-1,-1
539.9427,386.81213,41.32843,27.496704,0.067846954,4,-1,-1
929.5521,779.0601,27.34784,70.210266,0.06776291,3,-1,-1
1123.7673,360.47787,44.21692,29.108826,0.06755975,5,-1,-1
1121.2905,266.4613,41.91382,25.255463,0.067466706,5,-1,-1
1008.97437,567.93823,106.97131,54.03589,0.0673576,1,-1,-1
481.5647,359.8014,43.256348,21.977448,0.067144305,4,-1,-1
1101.8458,316.75864,34.761963,26.787872,0.066907644,5,-1,-1
1067.1117,347.8228,35.39331,32.597412,0.06643537,5,-1,-1
1112.9159,298.04373,44.893555,23.430084,0.066194564,4,-1,-1
1227.1293,291.36337,43.996338,28.347198,0.06536743,7,-1,-1
1075.9414,403.94543,49.76367,27.21762,0.06498602,4,-1,-1
293.99762,487.92737,90.3396,41.24054,0.06497595,1,-1,-1
1122.1339,346.9108,44.354492,25.185425,0.06470981,4,-1,-1
1162.2347,286.84732,38.89917,33.803192,0.06465286,5,-1,-1
240.18896,566.6635,115.864105,68.44214,0.06413093,1,-1,-1
1224.4541,339.30487,46.6521,21.059235,0.064019054,6,-1,-1
1140.6699,262.68744,34.776367,29.53357,0.06371686,4,-1,-1
984.43994,515.75183,30.934387,37.41693,0.063702494,10,-1,-1
502.5215,422.89597,42.008453,28.112488,0.06362155,5,-1,-1
384.12378,430.2564,62.985382,33.96924,0.06321517,6,-1,-1
1136.6732,331.01712,45.476807,25.524017,0.063159645,4,-1,-1
1316.3789,892.4422,82.63794,85.143005,0.06292522,1,-1,-1
1078.2307,297.594,47.975708,23.264801,0.062900126,4,-1,-1
1078.7842,411.629,59.978516,29.860138,0.0626972,4,-1,-1
1057.9703,370.42215,36.398438,32.418213,0.06247279,5,-1,-1
1195.1002,294.8438,30.102417,40.617126,0.06241584,8,-1,-1
1168.3265,307.1194,41.849976,27.79663,0.062398046,6,-1,-1
1290.6984,709.4008,108.426636,62.7417,0.06215775,3,-1,-1
976.9335,592.2646,145.92151,70.10425,0.06184134,9,-1,-1
968.89215,620.45013,21.731628,45.749817,0.06175995,1,-1,-1
