287.84283,203.36435,339.89655,165.79883,0.99991035,4,-1,-1
925.84576,49.110382,37.58264,77.88267,0.9891362,1,-1,-1
1153.971,56.949764,84.19275,185.6473,0.9861407,6,-1,-1
873.42255,558.3054,58.368103,134.59363,0.9726099,10,-1,-1
1532.366,41.01241,148.70996,82.216934,0.9434389,7,-1,-1
109.00074,670.6971,143.80774,187.96228,0.8871319,6,-1,-1
1377.0226,501.57678,112.02026,87.66052,0.85826695,10,-1,-1
951.30743,704.7086,47.636047,76.124756,0.83625156,2,-1,-1
1663.8348,768.3826,249.46375,193.41656,0.83286846,5,-1,-1
1265.7421,42.766735,62.897217,86.41414,0.81025493,10,-1,-1
710.3248,605.16174,75.16608,76.239746,0.74475354,1,-1,-1
1261.9493,66.195915,49.571045,66.833916,0.71654236,10,-1,-1
1276.4547,150.87032,66.79846,93.64,0.6862689,10,-1,-1
1405.0925,504.86426,79.72949,63.47119,0.6803788,2,-1,-1
1282.4481,86.91007,69.81055,92.17353,0.67051286,10,-1,-1
208.77144,220.85866,87.28935,52.325027,0.66622794,3,-1,-1
1638.187,939.137,62.352905,53.703247,0.6656505,3,-1,-1
1386.6805,706.2105,70.56885,38.139954,0.5739956,3,-1,-1
1758.9333,2.4827511,155.62927,229.80347,0.54483026,6,-1,-1
1663.7426,768.6063,250.64954,192.30426,0.5446839,4,-1,-1
877.82416,557.975,51.211548,122.7912,0.5307474,2,-1,-1
1277.5562,151.32155,64.49536,93.39429,0.5287276,7,-1,-1
1266.9271,31.8192,63.91284,89.80968,0.49996316,2,-1,-1
812.48596,752.3324,66.16022,120.89032,0.4928073,10,-1,-1
829.6885,772.7947,40.736267,65.10089,0.492772,2,-1,-1
948.9308,729.61554,48.187317,75.105225,0.47580644,10,-1,-1
446.92523,450.102,311.01562,269.7716,0.46809638,8,-1,-1
947.03107,733.5809,56.321045,59.816467,0.46298304,2,-1,-1
812.7694,790.6365,43.75531,48.835144,0.44490132,2,-1,-1
1441.7206,869.561,55.673584,36.591187,0.4409368,1,-1,-1
833.05237,749.8106,43.743958,67.663635,0.43441385,2,-1,-1
1444.3232,945.2713,47.950806,42.77649,0.43157366,1,-1,-1
795.74457,39.293247,26.764465,41.930767,0.42092186,3,-1,-1
695.0001,615.8706,67.84534,85.03088,0.4181316,1,-1,-1
704.8468,601.4184,75.81836,87.65729,0.39612612,2,-1,-1
1495.6847,13.767424,79.352295,67.37763,0.3908425,8,-1,-1
387.36032,117.974335,44.099213,72.11282,0.3774654,2,-1,-1
1657.0753,935.78076,40.878174,44.95819,0.3759143,3,-1,-1
378.64124,141.46281,46.17987,61.951324,0.35273555,2,-1,-1
382.19296,111.59771,46.016235,64.46375,0.35264897,10,-1,-1
814.2628,751.6541,63.29962,99.99298,0.35262442,2,-1,-1
1280.0714,115.906265,60.249756,86.176315,0.34691414,10,-1,-1
1422.322,740.7166,42.17163,36.94507,0.32425255,2,-1,-1
829.22815,769.5332,42.7547,64.96576,0.32197738,1,-1,-1
1760.6906,5.471686,153.87207,231.01093,0.3105691,7,-1,-1
325.0342,105.934746,63.365967,92.24082,0.30391097,7,-1,-1
833.43286,752.4898,45.290833,61.535828,0.2997154,1,-1,-1
1264.7748,30.40983,69.01257,98.50143,0.29747853,1,-1,-1
1441.7206,869.561,55.673584,36.591187,0.2948525,2,-1,-1
1421.0123,89.91442,44.59326,33.499207,0.29185688,2,-1,-1
1497.425,14.17953,77.14624,66.43238,0.2911169,1,-1,-1
417.6861,118.743546,29.940887,57.090103,0.28971666,2,-1,-1
880.4973,595.9554,45.46118,58.16565,0.28774935,2,-1,-1
1308.7311,145.70712,36.214966,52.430725,0.2828725,2,-1,-1
325.65735,106.3473,62.869324,92.5407,0.27797443,10,-1,-1
383.26965,114.203094,42.512512,70.4458,0.2704079,1,-1,-1
1296.2826,150.33258,41.97888,59.25827,0.26739204,2,-1,-1
1534.9247,41.04531,147.3053,83.10079,0.26719505,10,-1,-1
371.65787,107.54274,30.351562,66.96913,0.26497367,10,-1,-1
1427.4056,505.2853,57.6615,42.372345,0.2629869,2,-1,-1
1557.821,233.92444,44.940186,30.116241,0.25908864,10,-1,-1
1309.2247,144.47897,35.47534,53.041107,0.25504512,1,-1,-1
1436.628,722.6754,243.04163,137.10657,0.24440026,6,-1,-1
1421.6113,741.4594,42.467896,37.073914,0.24434128,1,-1,-1
1422.2205,752.2616,45.134766,41.921448,0.24306932,2,-1,-1
808.0469,781.77374,50.729248,92.98694,0.24185935,10,-1,-1
36.35215,393.2659,81.662384,37.91971,0.24149567,1,-1,-1
1282.4785,86.08802,67.57544,93.42712,0.23862523,7,-1,-1
1441.7206,869.561,55.673584,36.591187,0.23778921,3,-1,-1
1410.4274,87.75217,49.342407,81.700485,0.21511352,1,-1,-1
1397.859,715.4911,61.16028,41.431335,0.21495146,3,-1,-1
1284.4142,148.73766,57.348877,76.9966,0.21453643,1,-1,-1
1328.3926,1.4257427,94.520874,132.4389,0.2126965,10,-1,-1
952.82104,695.1837,49.26239,53.844666,0.21136731,2,-1,-1
755.20605,621.70917,35.116882,72.2876,0.2106503,1,-1,-1
380.76846,113.67172,64.6593,97.217834,0.20907882,10,-1,-1
1421.6113,741.4594,42.467896,37.073914,0.20872986,3,-1,-1
1280.0714,115.906265,60.249756,86.176315,0.206375,7,-1,-1
809.0832,802.70123,42.603516,51.278503,0.20613933,2,-1,-1
36.35215,393.2659,81.662384,37.91971,0.20486256,2,-1,-1
758.20215,621.45233,33.32086,82.94623,0.20469117,10,-1,-1
1621.2184,937.48364,76.22827,59.97101,0.20387542,10,-1,-1
89.622635,844.5309,63.58072,80.2381,0.2022511,10,-1,-1
1495.5901,14.073465,79.37463,67.56992,0.19980231,2,-1,-1
1496.0778,15.797656,78.45288,66.41897,0.19890758,10,-1,-1
387.9685,167.4882,39.137817,38.971695,0.19608518,2,-1,-1
401.91214,114.08761,43.882538,41.17408,0.19595075,2,-1,-1
795.74457,39.293247,26.764465,41.930767,0.1957368,1,-1,-1
377.06924,138.36682,36.587524,59.531525,0.1901373,1,-1,-1
47.33856,859.8863,99.07988,75.57172,0.18735147,10,-1,-1
814.2628,751.6541,63.29962,99.99298,0.1837304,1,-1,-1
690.0383,613.05664,69.683716,90.6369,0.18284371,2,-1,-1
382.19296,111.59771,46.016235,64.46375,0.18108845,3,-1,-1
100.69804,862.21716,40.910866,44.590332,0.18083426,2,-1,-1
377.48376,126.38727,41.336212,74.842575,0.18062478,10,-1,-1
876.3367,557.64734,54.283997,129.06787,0.1776678,1,-1,-1
737.91583,604.15424,55.63556,90.705444,0.17687795,2,-1,-1
951.86957,690.8283,46.541077,61.731567,0.17657751,1,-1,-1
948.9308,729.61554,48.187317,75.105225,0.17615151,3,-1,-1
694.77264,605.1283,76.906494,89.96167,0.17474532,7,-1,-1
380.51605,117.385284,33.44278,69.14119,0.17379215,2,-1,-1
721.6527,586.0446,68.59613,83.14276,0.17099103,2,-1,-1
46.377956,866.12524,116.80664,71.68964,0.1693024,3,-1,-1
827.3921,758.2218,46.58026,78.756226,0.16133851,10,-1,-1
1429.8401,85.5059,47.349976,31.675095,0.15662417,2,-1,-1
83.22914,851.84937,74.21733,80.2348,0.15436476,2,-1,-1
1402.0549,529.11554,58.88391,44.53009,0.15420082,2,-1,-1
1422.3837,865.2838,62.712402,29.713562,0.15417007,1,-1,-1
372.2705,109.13646,29.451172,67.609085,0.15225235,1,-1,-1
746.0909,616.0943,44.824585,84.73016,0.15211633,3,-1,-1
371.65787,107.54274,30.351562,66.96913,0.15182072,3,-1,-1
379.31027,121.2988,63.835083,81.1214,0.1514861,1,-1,-1
1419.0791,767.7524,51.001343,35.328125,0.15052342,2,-1,-1
1421.0123,89.91442,44.59326,33.499207,0.15028453,1,-1,-1
105.64062,838.75165,48.154808,65.19769,0.14927453,2,-1,-1
385.4388,156.59038,41.389587,47.53772,0.14856029,1,-1,-1
736.61383,607.31573,56.292236,97.18976,0.1462042,1,-1,-1
807.9511,778.3323,58.262817,90.18817,0.14402789,2,-1,-1
925.87225,47.26523,38.644287,78.51498,0.14381084,2,-1,-1
1374.9984,539.5452,93.28259,53.01599,0.14359659,10,-1,-1
876.15967,557.2195,54.519592,142.38641,0.14346144,4,-1,-1
1328.2849,2.3082933,94.47058,134.68364,0.14214593,7,-1,-1
419.1533,117.97587,27.333984,58.141136,0.14208335,1,-1,-1
950.6937,700.8488,48.004333,80.90216,0.14124689,10,-1,-1
1284.5844,106.53812,55.50403,74.112915,0.14090893,1,-1,-1
1270.3859,87.276085,51.47339,42.268166,0.14029199,10,-1,-1
1497.1842,24.30498,45.718628,55.497078,0.13998348,1,-1,-1
1287.3745,107.13649,46.396362,61.021133,0.13758528,10,-1,-1
101.5193,857.192,40.109177,51.845642,0.13610679,1,-1,-1
380.18146,108.46273,60.951538,69.7026,0.1342279,7,-1,-1
795.74457,39.293247,26.764465,41.930767,0.13315824,10,-1,-1
1402.667,504.953,79.80823,60.338806,0.13115078,10,-1,-1
815.4462,788.3731,40.058716,52.07538,0.13084647,1,-1,-1
1399.7885,707.93976,59.00183,38.287598,0.1300402,1,-1,-1
1658.0864,935.8998,39.76306,47.50586,0.12937173,10,-1,-1
1263.8293,31.03506,70.899414,96.45241,0.12913966,3,-1,-1
372.2705,109.13646,29.451172,67.609085,0.12832147,2,-1,-1
875.32104,555.8256,54.748962,137.78192,0.127678,3,-1,-1
713.583,602.3461,75.665344,87.164185,0.1276761,10,-1,-1
419.1533,117.97587,27.333984,58.141136,0.12688541,10,-1,-1
1423.7407,86.60662,48.698853,30.910553,0.12675989,10,-1,-1
1398.7653,507.2083,61.974976,40.620117,0.126176,2,-1,-1
947.46826,715.1817,57.31732,80.51422,0.1258949,1,-1,-1
447.48767,456.44827,313.10327,265.1293,0.12569416,7,-1,-1
1348.7993,3.025043,72.578,98.35542,0.12456319,2,-1,-1
329.5915,109.768394,59.054413,89.10432,0.12273258,2,-1,-1
1444.3232,945.2713,47.950806,42.77649,0.12181461,2,-1,-1
95.924904,850.8927,31.580666,46.798645,0.12133503,2,-1,-1
1624.7968,957.0706,67.539795,37.69995,0.1208756,3,-1,-1
43.094883,866.67914,119.11325,71.997986,0.11872882,7,-1,-1
356.98163,106.588326,38.2377,75.98623,0.11840263,3,-1,-1
1413.9171,90.02443,49.723145,62.166718,0.11685124,2,-1,-1
853.83856,556.1952,92.2785,173.3902,0.116191715,10,-1,-1
1497.1842,24.30498,45.718628,55.497078,0.11582446,2,-1,-1
1486.3995,27.296679,31.205078,49.34189,0.11438319,1,-1,-1
1440.694,867.87964,57.007812,37.05896,0.114328414,10,-1,-1
713.583,602.3461,75.665344,87.164185,0.11375874,3,-1,-1
1438.7665,720.8459,233.24023,138.68762,0.11213538,5,-1,-1
1342.5806,23.695045,67.82886,111.991264,0.11127505,2,-1,-1
325.65735,106.3473,62.869324,92.5407,0.11079678,3,-1,-1
95.924904,850.8927,31.580666,46.798645,0.11072856,1,-1,-1
395.57297,113.87167,40.439606,56.276535,0.11042097,1,-1,-1
1741.9261,990.6316,47.170776,34.148438,0.110036045,3,-1,-1
1530.2675,46.519253,133.33618,76.72095,0.10975638,8,-1,-1
755.21326,627.6597,35.81183,66.58008,0.109531194,2,-1,-1
97.09307,840.76056,55.44172,83.49902,0.109451324,1,-1,-1
392.61227,129.81319,42.006622,60.458466,0.108836144,1,-1,-1
1293.8729,143.35,45.962524,46.17708,0.1081804,10,-1,-1
1156.893,55.50264,88.1311,191.3933,0.10816148,8,-1,-1
1422.2205,752.2616,45.134766,41.921448,0.10788217,1,-1,-1
690.5113,622.4923,53.615112,83.91925,0.107090086,10,-1,-1
1399.1659,505.61182,84.00818,65.77722,0.10679749,3,-1,-1
374.7724,138.13309,30.172668,63.862106,0.1066446,2,-1,-1
1292.3927,136.69185,47.47583,63.881577,0.106055796,1,-1,-1
848.54785,785.71576,29.025574,56.58551,0.10537967,2,-1,-1
190.65543,223.4216,99.81766,63.012085,0.10494238,1,-1,-1
448.24222,450.7285,314.1982,270.79898,0.10427481,6,-1,-1
118.50871,829.51917,46.036423,35.792236,0.10354766,2,-1,-1
1527.1295,36.099792,49.95105,47.402985,0.10341132,1,-1,-1
1402.543,736.62305,50.954956,34.329407,0.1032505,3,-1,-1
1494.4672,12.56646,77.374756,70.1664,0.10219982,7,-1,-1
1437.6663,721.356,237.97815,137.7384,0.10194066,8,-1,-1
1415.9697,1026.4152,41.557983,45.003784,0.10183245,1,-1,-1
1870.1462,253.71143,44.41638,85.14212,0.101560295,3,-1,-1
360.52716,110.88123,63.06656,83.16181,0.10137376,3,-1,-1
189.68307,223.66191,99.88245,63.523575,0.10108739,10,-1,-1
662.42664,488.39316,47.066467,29.294586,0.100753635,3,-1,-1
388.21155,106.141594,41.941406,46.12745,0.10040906,2,-1,-1
1422.8125,741.99976,39.967896,39.004333,0.10019946,10,-1,-1
348.83148,109.08859,44.125,83.274826,0.09994811,1,-1,-1
1532.366,41.01241,148.70996,82.216934,0.09990066,4,-1,-1
1747.4255,980.0299,38.498657,34.105713,0.09982771,3,-1,-1
1429.8401,85.5059,47.349976,31.675095,0.09934616,1,-1,-1
114.22305,830.84674,52.535645,32.981567,0.099333495,1,-1,-1
809.4274,795.7853,40.857178,64.8064,0.09885156,1,-1,-1
717.05096,586.35645,78.99872,75.821655,0.097441435,1,-1,-1
391.4246,149.48068,47.161774,60.787598,0.09743211,2,-1,-1
94.28715,866.4293,34.46145,55.261658,0.09717524,1,-1,-1
1328.7985,2.2176223,94.69153,136.90372,0.09603599,3,-1,-1
1337.2313,4.6197042,30.383057,48.363594,0.095772296,1,-1,-1
1284.5844,106.53812,55.50403,74.112915,0.095464915,2,-1,-1
1419.0791,767.7524,51.001343,35.328125,0.095089436,1,-1,-1
119.84275,754.94183,36.29589,40.4151,0.09462386,1,-1,-1
831.20715,747.0857,47.654907,73.69,0.09439102,3,-1,-1
1377.8059,500.90982,110.791504,86.39664,0.094103456,7,-1,-1
1298.0424,31.917503,41.572754,38.40281,0.09400904,2,-1,-1
1275.3511,25.889877,75.41284,119.75363,0.09322092,10,-1,-1
1531.8441,41.983765,149.90295,81.90961,0.09303784,1,-1,-1
1555.2175,904.5625,56.701416,73.67877,0.09239712,1,-1,-1
1282.7148,73.207054,69.87463,98.38184,0.09198135,3,-1,-1
98.951965,832.4265,56.733307,91.69006,0.091923594,3,-1,-1
1312.2451,27.975935,29.490112,40.32789,0.09174439,1,-1,-1
1347.2612,56.495865,36.36328,75.96768,0.09141332,1,-1,-1
813.7886,790.0214,41.994934,51.770325,0.091395736,10,-1,-1
1276.7517,151.77486,61.445923,92.30701,0.09092528,2,-1,-1
848.54785,785.71576,29.025574,56.58551,0.08977643,1,-1,-1
1585.9807,1047.5442,102.88013,28.736206,0.08973187,1,-1,-1
1265.3268,77.6271,60.81775,56.423347,0.08967385,3,-1,-1
386.63434,119.49418,57.26651,80.70258,0.08959621,3,-1,-1
102.86377,839.02924,38.918015,44.414917,0.08910617,2,-1,-1
64.15652,383.87784,60.760933,24.948242,0.08909899,2,-1,-1
114.66392,843.63257,33.95887,53.82965,0.088941604,1,-1,-1
1293.8729,143.35,45.962524,46.17708,0.08879498,3,-1,-1
95.40921,672.8689,154.45457,212.58472,0.08826551,4,-1,-1
65.70512,401.45425,52.271423,32.584167,0.08779609,1,-1,-1
1386.3556,549.8112,73.54419,38.434814,0.08701843,2,-1,-1
377.9705,109.596306,35.930878,63.66741,0.08698264,7,-1,-1
320.20938,106.60315,56.777374,83.83469,0.08666259,1,-1,-1
1388.9454,512.56396,81.318726,74.39929,0.08664057,2,-1,-1
690.6492,622.5251,57.876465,82.54254,0.08635908,3,-1,-1
360.52716,110.88123,63.06656,83.16181,0.08615178,2,-1,-1
876.3367,557.64734,54.283997,129.06787,0.08601147,7,-1,-1
388.21155,106.141594,41.941406,46.12745,0.085992366,3,-1,-1
1531.8441,41.983765,149.90295,81.90961,0.08570531,2,-1,-1
139.552,812.5317,31.821716,42.823364,0.085488886,2,-1,-1
695.35065,567.3494,96.658264,141.74683,0.085458845,7,-1,-1
1420.9084,758.10956,63.406128,44.4859,0.085223496,10,-1,-1
1530.2675,46.519253,133.33618,76.72095,0.085195005,6,-1,-1
672.2405,493.173,107.788025,196.78702,0.08517566,1,-1,-1
73.76992,375.8735,50.78241,21.716095,0.084800154,1,-1,-1
702.4925,601.37305,77.540344,87.98285,0.08478883,8,-1,-1
114.22305,830.84674,52.535645,32.981567,0.08429068,10,-1,-1
53.887936,865.27716,105.918106,72.134766,0.083771855,1,-1,-1
1284.5844,106.53812,55.50403,74.112915,0.08361706,3,-1,-1
1266.9271,31.8192,63.91284,89.80968,0.08330238,7,-1,-1
1437.8304,72.46907,47.683594,38.4468,0.08327931,2,-1,-1
99.732506,825.69434,63.314857,83.59143,0.08281106,10,-1,-1
213.29713,17.582403,101.128525,70.287895,0.08237103,1,-1,-1
104.01036,838.5178,35.282562,55.457214,0.082327485,1,-1,-1
1422.3837,865.2838,62.712402,29.713562,0.08179897,3,-1,-1
322.23114,108.40637,43.546112,59.734833,0.08101195,2,-1,-1
1558.5846,911.04456,49.704224,62.057983,0.080999196,2,-1,-1
680.11505,619.2193,54.773438,89.787415,0.080890834,1,-1,-1
887.0714,41.185074,35.198853,56.569313,0.08040443,1,-1,-1
1357.4551,24.79501,58.207153,59.655117,0.08001602,2,-1,-1
65.70512,401.45425,52.271423,32.584167,0.07958707,2,-1,-1
1300.0048,26.717548,34.740356,48.704372,0.07951248,1,-1,-1
129.69226,810.18286,29.59909,52.47827,0.079459965,2,-1,-1
1665.1173,768.46716,249.31372,191.18317,0.07907373,1,-1,-1
700.7362,432.36264,73.26532,160.37363,0.07863742,3,-1,-1
94.28715,866.4293,34.46145,55.261658,0.07858327,2,-1,-1
388.21155,106.141594,41.941406,46.12745,0.07837123,10,-1,-1
114.22305,830.84674,52.535645,32.981567,0.078252405,3,-1,-1
882.0003,562.3548,42.743103,72.11194,0.077929586,2,-1,-1
125.01813,817.44727,38.552704,39.914,0.07762954,10,-1,-1
1377.5596,919.2476,36.774292,33.17456,0.077483386,1,-1,-1
1283.3665,29.466707,45.479736,60.29886,0.077459246,2,-1,-1
64.15652,383.87784,60.760933,24.948242,0.07674047,1,-1,-1
1556.1948,904.16296,55.591553,78.733765,0.076319784,3,-1,-1
822.4884,762.0038,52.040955,84.88916,0.07619211,3,-1,-1
378.31842,132.75496,35.334137,66.64897,0.075622916,3,-1,-1
1299.9865,28.550564,37.164185,43.98791,0.075220644,10,-1,-1
1760.9011,4.044048,153.37183,230.51529,0.07495618,4,-1,-1
681.6274,616.60767,58.79358,89.82623,0.074412614,7,-1,-1
838.1672,793.24207,33.03473,56.210083,0.074329406,2,-1,-1
1283.2268,67.15543,65.73425,97.55912,0.07420325,2,-1,-1
1513.3226,53.158176,49.663574,36.415516,0.07339382,2,-1,-1
1523.3196,40.573,57.41931,40.829075,0.07322511,2,-1,-1
357.22113,125.18409,31.985321,70.60401,0.073001,2,-1,-1
67.09213,870.2496,60.338745,57.440674,0.072678834,1,-1,-1
361.22763,103.50423,59.67923,69.09523,0.07259393,10,-1,-1
1557.821,233.92444,44.940186,30.116241,0.07256496,3,-1,-1
1441.3843,869.1018,55.64026,36.79657,0.07233998,8,-1,-1
1422.3685,743.6509,85.91748,63.8808,0.072304845,10,-1,-1
1741.9261,990.6316,47.170776,34.148438,0.07210857,10,-1,-1
375.97803,105.159065,38.24591,47.349846,0.07150015,3,-1,-1
1422.3837,865.2838,62.712402,29.713562,0.07137972,2,-1,-1
1655.8273,944.3899,36.50354,57.11847,0.07130143,3,-1,-1
425.0077,109.43927,32.118225,53.322647,0.071193635,2,-1,-1
795.74457,39.293247,26.764465,41.930767,0.0709801,2,-1,-1
1304.6938,98.89966,40.759277,62.837082,0.070352614,10,-1,-1
119.84275,754.94183,36.29589,40.4151,0.07030898,2,-1,-1
694.0904,436.67612,81.53961,179.74576,0.07000533,7,-1,-1
1342.4781,24.217432,57.494385,114.037544,0.06996119,10,-1,-1
741.35046,579.0057,35.80133,57.713562,0.069799006,2,-1,-1
356.98163,106.588326,38.2377,75.98623,0.06943175,10,-1,-1
1420.9648,766.69366,52.056885,35.514893,0.069013774,3,-1,-1
1363.5048,807.19104,58.60266,137.9209,0.068877906,3,-1,-1
0.0,931.9866,209.44305,144.59558,0.068727314,10,-1,-1
1437.6254,721.9554,238.21887,139.39001,0.06853211,4,-1,-1
