938.0312,854.0333,59.924316,39.29138,0.999967,4,-1,-1
792.00604,732.6716,56.136353,35.737793,0.9994786,4,-1,-1
902.5427,784.10364,58.186646,36.76013,0.99914277,4,-1,-1
722.90356,485.4474,99.58368,41.61859,0.99913025,9,-1,-1
912.47516,812.6277,65.59314,36.161926,0.99896073,4,-1,-1
806.5271,702.92194,48.56488,35.368896,0.99870133,4,-1,-1
104.51122,712.1302,44.785545,44.9317,0.9986044,4,-1,-1
660.56384,827.6813,49.491333,90.898865,0.99823165,6,-1,-1
853.9295,772.49884,38.20453,59.13983,0.9973644,5,-1,-1
681.53894,953.65186,45.212646,89.841675,0.9965064,5,-1,-1
782.12006,765.2362,61.732117,32.05609,0.99584407,4,-1,-1
627.2276,596.0016,31.30127,37.20941,0.9947898,4,-1,-1
584.7992,729.6537,68.09326,167.31403,0.9944087,6,-1,-1
809.4416,872.4959,65.77063,37.445312,0.9942297,4,-1,-1
625.4838,922.9446,41.956604,83.711365,0.99318635,5,-1,-1
943.88214,888.6471,63.365295,37.832886,0.992434,4,-1,-1
487.49756,427.47748,46.092957,123.59357,0.98471713,6,-1,-1
782.42316,835.47186,57.153687,37.525757,0.98313856,5,-1,-1
656.1123,682.55365,44.95056,64.41632,0.98270094,6,-1,-1
617.15283,685.737,67.36243,135.35992,0.9822645,6,-1,-1
891.06934,760.562,58.151184,34.62207,0.97791755,4,-1,-1
680.39874,432.47168,74.251465,32.33487,0.9772708,6,-1,-1
951.9821,921.6491,58.63672,31.790466,0.96893656,5,-1,-1
886.2126,732.70544,53.281616,30.460205,0.96758306,4,-1,-1
441.84927,340.44138,24.88794,46.586334,0.96501625,6,-1,-1
1351.148,286.34186,47.97705,34.57373,0.9578557,6,-1,-1
37.035664,1018.18146,89.6165,30.506042,0.95283425,4,-1,-1
588.73083,588.91016,48.382202,89.673706,0.9486114,9,-1,-1
765.1435,394.8455,76.48468,33.360382,0.9394144,9,-1,-1
108.83275,513.59174,46.26004,22.526855,0.9329659,4,-1,-1
762.7916,424.91125,80.11981,34.519806,0.9281459,9,-1,-1
33.67914,512.3233,73.70239,34.62146,0.91366386,4,-1,-1
824.8686,396.1469,78.0777,39.29077,0.9043187,6,-1,-1
530.1313,717.2515,66.97046,188.0174,0.8982222,6,-1,-1
55.473217,703.7017,32.248188,42.409546,0.8568548,4,-1,-1
1166.2344,215.8653,70.94849,36.847824,0.76419854,6,-1,-1
835.8947,474.42255,102.57031,38.044006,0.760942,9,-1,-1
593.6316,471.35815,35.631104,25.805176,0.7421879,4,-1,-1
816.8427,670.1029,47.493286,41.411865,0.7402395,4,-1,-1
644.80096,1024.863,49.466736,23.824463,0.7224313,5,-1,-1
816.69556,670.01996,47.562378,41.196472,0.7076836,5,-1,-1
124.74499,684.69495,38.17347,34.16803,0.6942285,4,-1,-1
34.159885,512.3197,73.0379,34.503174,0.6727422,6,-1,-1
654.03046,493.88766,51.214355,26.359772,0.6691764,4,-1,-1
785.82025,442.19055,63.630737,31.579163,0.64395523,9,-1,-1
836.88696,472.43747,101.60181,39.885773,0.58412313,6,-1,-1
559.3627,610.5304,51.206665,130.28772,0.5769325,9,-1,-1
641.4836,643.8214,28.707703,40.85681,0.5514855,5,-1,-1
1305.7808,263.3273,44.664917,28.570282,0.5421512,6,-1,-1
857.9216,434.2216,99.666626,38.014618,0.52450836,9,-1,-1
572.3529,601.13416,50.223877,115.47632,0.5231771,9,-1,-1
802.3844,450.30414,48.24402,26.837585,0.50718606,5,-1,-1
589.9128,585.79626,52.84674,91.33807,0.5050563,6,-1,-1
641.1648,643.5087,28.951721,38.99286,0.4996029,4,-1,-1
1197.7035,207.3874,70.26221,27.516266,0.49660236,6,-1,-1
858.9085,436.35986,97.72174,40.058563,0.49479204,6,-1,-1
541.0623,791.1466,53.993774,113.02985,0.4921407,6,-1,-1
437.3846,228.83575,22.67743,36.919586,0.49061993,6,-1,-1
739.7755,453.94418,49.454956,22.596039,0.48782578,6,-1,-1
653.0506,674.2287,51.09491,76.776855,0.47938633,9,-1,-1
621.89594,682.87427,31.881409,37.086792,0.4394909,9,-1,-1
1340.5138,294.57492,40.390503,29.10437,0.43776917,6,-1,-1
589.42664,587.01886,53.293335,92.15668,0.43715405,5,-1,-1
165.33502,517.35736,44.089096,22.57898,0.37363195,8,-1,-1
98.39145,707.48645,37.74977,42.594177,0.32313228,4,-1,-1
654.03046,493.88766,51.214355,26.359772,0.32160023,6,-1,-1
88.0248,700.3965,30.101234,41.172485,0.31104952,5,-1,-1
499.2131,823.0144,58.184113,214.37634,0.30582488,6,-1,-1
1333.4735,300.98132,35.95923,25.720947,0.2950052,4,-1,-1
858.9637,434.95236,97.405945,41.47406,0.28454703,5,-1,-1
165.33502,517.35736,44.089096,22.57898,0.2653464,5,-1,-1
802.154,394.10638,87.59784,39.21689,0.2638934,9,-1,-1
595.88135,708.8265,73.31531,136.03607,0.25644058,6,-1,-1
739.17255,453.5485,49.352173,23.885162,0.2452068,5,-1,-1
164.87143,521.3915,43.749313,25.266602,0.23932737,4,-1,-1
545.62445,695.8545,78.41443,206.46466,0.22919858,6,-1,-1
628.31537,683.98395,63.579773,113.23389,0.21985456,9,-1,-1
926.8437,432.68372,47.331482,28.302887,0.21892455,5,-1,-1
177.32684,489.30313,48.81967,24.834747,0.20789513,8,-1,-1
1285.448,220.76039,38.34973,24.97966,0.20202947,6,-1,-1
525.4522,693.5206,52.95349,148.70795,0.19659984,6,-1,-1
852.7675,436.86087,52.2948,25.760284,0.19539848,4,-1,-1
1200.7157,214.85686,59.56665,32.819107,0.18973172,6,-1,-1
88.408875,700.9068,30.955833,39.712036,0.18874043,4,-1,-1
419.7898,250.48764,25.00238,38.48349,0.18860939,6,-1,-1
888.88116,378.28595,92.11145,40.482544,0.18801656,9,-1,-1
164.87143,521.3915,43.749313,25.266602,0.18258688,7,-1,-1
816.8427,670.1029,47.493286,41.411865,0.1794908,1,-1,-1
882.79224,602.79456,35.637695,26.338928,0.17320997,4,-1,-1
1285.448,220.76039,38.34973,24.97966,0.15929174,5,-1,-1
654.03046,493.88766,51.214355,26.359772,0.15845609,7,-1,-1
739.17255,453.5485,49.352173,23.885162,0.15313804,4,-1,-1
165.25522,525.43353,45.373978,23.015991,0.15020898,8,-1,-1
274.9647,380.518,35.13498,25.894592,0.14821932,5,-1,-1
180.92993,491.0773,44.939453,25.959137,0.14600816,6,-1,-1
1295.2662,263.48846,38.390503,30.632446,0.14550155,6,-1,-1
75.616264,694.4795,35.217415,38.621033,0.14398783,5,-1,-1
1190.2357,201.51892,69.10205,24.706604,0.14263538,6,-1,-1
0.041016877,644.98016,25.695831,45.752014,0.13854173,6,-1,-1
1302.4124,263.9133,42.457153,29.180359,0.13746911,4,-1,-1
739.7755,453.94418,49.454956,22.596039,0.13588032,9,-1,-1
685.9149,458.24368,42.04071,22.058533,0.13557342,4,-1,-1
180.92993,491.0773,44.939453,25.959137,0.13543919,5,-1,-1
882.79224,602.79456,35.637695,26.338928,0.1297569,5,-1,-1
1306.1538,211.50517,55.38513,23.916122,0.1287812,6,-1,-1
1333.2859,299.23386,35.382202,26.091675,0.12860364,6,-1,-1
165.33502,517.35736,44.089096,22.57898,0.12767252,6,-1,-1
0.08419113,645.4832,26.043077,46.390625,0.12655893,5,-1,-1
636.29486,686.40704,56.322266,74.972534,0.12651104,6,-1,-1
887.7801,743.0837,58.82263,37.44763,0.12261382,4,-1,-1
34.14342,511.84186,72.59407,35.819275,0.12225625,1,-1,-1
396.50726,526.8721,36.093933,28.303894,0.12111068,3,-1,-1
46.378185,612.79504,36.643764,37.675415,0.11999315,6,-1,-1
760.4482,427.0677,76.4469,33.06906,0.11949915,6,-1,-1
641.1648,643.5087,28.951721,38.99286,0.11930886,9,-1,-1
835.8947,474.42255,102.57031,38.044006,0.11800793,5,-1,-1
134.2415,692.95374,31.019043,39.796936,0.117313236,4,-1,-1
1297.5304,206.51079,47.823364,23.926682,0.11627802,6,-1,-1
54.780247,703.5847,32.72156,42.93274,0.11483601,5,-1,-1
402.28436,510.9483,26.171387,36.104004,0.11373711,1,-1,-1
1220.9418,222.94029,48.74402,24.846191,0.113734454,6,-1,-1
1320.7258,264.46375,49.203857,26.070923,0.111607045,6,-1,-1
34.304626,511.93845,73.19347,34.631134,0.11030218,5,-1,-1
88.08304,696.1539,38.599434,31.346558,0.10991028,5,-1,-1
860.01807,440.0451,85.05127,33.221832,0.10931724,4,-1,-1
654.03046,493.88766,51.214355,26.359772,0.10918844,5,-1,-1
0.08925417,645.4522,26.044392,46.199646,0.10905534,4,-1,-1
802.3844,450.30414,48.24402,26.837585,0.10866094,6,-1,-1
82.65642,685.0078,35.15133,31.822632,0.108198285,5,-1,-1
681.52515,953.28674,44.90503,90.45801,0.10795024,6,-1,-1
952.1834,921.64734,58.481323,32.058228,0.10771334,4,-1,-1
1284.9094,221.63954,39.052856,24.196487,0.107658416,4,-1,-1
681.55804,954.5168,43.97992,90.05621,0.10760623,9,-1,-1
868.68463,467.10413,69.2428,27.171326,0.10685986,4,-1,-1
445.22308,272.81284,23.858673,38.26056,0.106313854,6,-1,-1
1271.9093,271.84396,36.323975,28.32544,0.105024725,4,-1,-1
593.6316,471.35815,35.631104,25.805176,0.10344806,5,-1,-1
801.15356,449.55038,48.71643,27.691711,0.102354616,4,-1,-1
180.92993,491.0773,44.939453,25.959137,0.10164869,4,-1,-1
138.78139,688.8161,34.70923,34.814453,0.101462066,4,-1,-1
403.20633,514.70764,25.978668,32.458862,0.10128659,3,-1,-1
1333.4735,300.98132,35.95923,25.720947,0.0991911,5,-1,-1
792.0479,919.2858,35.76349,41.857666,0.096227586,4,-1,-1
165.33502,517.35736,44.089096,22.57898,0.09486359,1,-1,-1
551.3988,455.1723,34.09021,25.281464,0.094745904,4,-1,-1
1305.6511,262.2445,45.38452,29.865662,0.09414494,5,-1,-1
660.21875,826.99396,49.596924,90.52106,0.09345427,9,-1,-1
1254.3665,172.38745,35.266235,27.020706,0.09330344,6,-1,-1
625.788,919.8923,39.994446,88.30548,0.092406094,6,-1,-1
660.5074,826.7741,49.914734,91.9422,0.0918552,4,-1,-1
1253.4548,267.67236,42.711426,28.9281,0.090598434,6,-1,-1
852.7675,436.86087,52.2948,25.760284,0.09033552,5,-1,-1
644.7743,1025.0336,49.878418,23.582764,0.090034634,4,-1,-1
55.430485,703.9631,32.3736,42.592896,0.08956903,1,-1,-1
1249.0859,267.66333,40.07141,28.723877,0.089331895,4,-1,-1
403.20633,514.70764,25.978668,32.458862,0.08844498,2,-1,-1
164.61464,514.7299,45.85675,21.905945,0.08822903,4,-1,-1
122.12333,685.1873,40.443443,32.981262,0.0881449,5,-1,-1
75.616264,694.4795,35.217415,38.621033,0.08731118,4,-1,-1
641.4836,643.8214,28.707703,40.85681,0.08718714,1,-1,-1
1266.2203,273.26086,40.48352,26.29242,0.08713481,6,-1,-1
766.1551,437.13763,68.31293,29.380737,0.08674386,9,-1,-1
593.3517,584.5778,41.701416,62.62555,0.086434096,4,-1,-1
843.62524,459.64236,98.741516,41.916748,0.08566439,9,-1,-1
1193.1882,202.82454,75.70032,26.821487,0.08523938,9,-1,-1
593.6316,471.35815,35.631104,25.805176,0.084305525,10,-1,-1
625.788,919.8923,39.994446,88.30548,0.08339164,9,-1,-1
910.96704,382.58426,64.50458,36.034058,0.08188939,4,-1,-1
919.265,432.53534,51.736694,27.491974,0.08067712,4,-1,-1
80.09028,961.74396,26.719185,36.890503,0.0798668,3,-1,-1
78.83776,957.98206,25.665413,39.33081,0.07950544,1,-1,-1
660.21875,826.99396,49.596924,90.52106,0.0791786,5,-1,-1
0.08419113,645.4832,26.043077,46.390625,0.07862732,9,-1,-1
593.5991,471.6745,35.506653,25.816864,0.07836628,1,-1,-1
442.0131,340.55585,24.927826,46.733826,0.07831645,4,-1,-1
37.29486,1019.3829,87.32095,29.304626,0.0780938,1,-1,-1
1195.863,207.40796,66.99841,29.596893,0.07602081,4,-1,-1
403.20633,514.70764,25.978668,32.458862,0.07582441,10,-1,-1
1178.3668,215.78006,62.192627,32.563995,0.07559213,4,-1,-1
638.2829,655.27716,56.641052,86.42914,0.0755893,9,-1,-1
165.83072,525.2582,44.62738,22.95044,0.07533437,5,-1,-1
107.8192,684.35284,45.58467,31.405579,0.07531464,4,-1,-1
1297.5304,206.51079,47.823364,23.926682,0.07489568,5,-1,-1
1185.6965,184.28008,60.111572,17.76004,0.07399702,9,-1,-1
886.76,378.55634,93.89545,39.287506,0.07380733,6,-1,-1
36.965656,1017.85706,89.97835,30.830444,0.07332477,2,-1,-1
1260.3345,271.69116,41.983765,27.214294,0.073213756,5,-1,-1
1239.5913,226.38991,42.140625,22.750809,0.072336346,6,-1,-1
934.20935,440.70886,44.74469,27.159882,0.07132828,5,-1,-1
1274.4725,223.01018,38.464966,25.131042,0.07125318,6,-1,-1
165.83072,525.2582,44.62738,22.95044,0.07108042,6,-1,-1
1253.0117,267.16693,43.397095,29.18927,0.070513725,7,-1,-1
1192.6177,201.97871,72.614136,25.160141,0.0704931,5,-1,-1
801.07587,450.2421,48.657166,29.211273,0.07047689,9,-1,-1
1253.0117,267.16693,43.397095,29.18927,0.0703814,8,-1,-1
1269.7842,488.6116,52.96118,22.490417,0.07034418,5,-1,-1
770.98694,398.96582,96.68512,44.672394,0.06866673,9,-1,-1
911.40424,378.04312,64.2486,36.11438,0.06844303,5,-1,-1
593.6316,471.35815,35.631104,25.805176,0.066352725,8,-1,-1
883.28613,603.4088,33.423584,27.373413,0.066256225,6,-1,-1
1290.9159,268.63327,38.665527,29.931763,0.06603792,4,-1,-1
685.9149,458.24368,42.04071,22.058533,0.06578225,6,-1,-1
1149.7617,217.52335,57.19287,33.787735,0.0651564,6,-1,-1
891.4732,691.75824,25.215332,36.29785,0.06482434,7,-1,-1
30.088541,793.3658,41.554474,24.325134,0.06430006,4,-1,-1
641.1648,643.5087,28.951721,38.99286,0.063589394,6,-1,-1
165.33502,517.35736,44.089096,22.57898,0.06342518,2,-1,-1
1066.1395,880.2502,60.870483,41.097107,0.06340963,5,-1,-1
1316.1062,213.13753,52.08728,23.392563,0.062238276,5,-1,-1
1229.723,225.623,44.047974,22.844177,0.061792582,5,-1,-1
419.7898,250.48764,25.00238,38.48349,0.061557055,4,-1,-1
811.9585,383.68927,49.826416,22.983978,0.061463863,6,-1,-1
1194.0061,183.93939,54.841553,18.385818,0.060927987,4,-1,-1
891.4732,691.75824,25.215332,36.29785,0.060622364,10,-1,-1
790.20355,918.7233,36.94226,42.07599,0.060572773,5,-1,-1
1325.1543,262.69907,45.518433,27.987152,0.060221255,4,-1,-1
852.7018,440.2407,62.166687,28.921265,0.060009003,6,-1,-1
1066.8059,880.3469,60.18286,40.71997,0.059584767,4,-1,-1
1336.2557,264.744,54.590332,24.782806,0.05930838,6,-1,-1
1194.0061,183.93939,54.841553,18.385818,0.05897531,6,-1,-1
274.6206,379.74066,34.040344,26.717499,0.058862418,4,-1,-1
1285.448,220.76039,38.34973,24.97966,0.058138996,9,-1,-1
809.74023,872.36566,65.57654,37.671143,0.058027893,10,-1,-1
1287.9843,201.3234,41.715332,27.909805,0.05793509,6,-1,-1
934.20935,440.70886,44.74469,27.159882,0.057309717,4,-1,-1
811.9585,383.68927,49.826416,22.983978,0.05721739,4,-1,-1
445.01685,274.20795,23.71228,38.86496,0.057118565,9,-1,-1
816.7913,670.0657,47.81201,40.82025,0.056744754,8,-1,-1
34.6676,614.8258,47.88487,37.931458,0.056701303,9,-1,-1
1229.723,225.623,44.047974,22.844177,0.056693107,4,-1,-1
134.2415,692.95374,31.019043,39.796936,0.056562543,5,-1,-1
707.91736,431.7242,58.359314,28.68927,0.05632785,6,-1,-1
396.50726,526.8721,36.093933,28.303894,0.056283325,10,-1,-1
490.83572,427.99408,42.240204,123.84436,0.05620691,8,-1,-1
1189.8258,199.06735,61.180664,21.72905,0.055833995,9,-1,-1
885.80316,732.7334,53.387024,30.909302,0.055603057,1,-1,-1
893.1232,609.01904,38.379395,26.238464,0.054943383,4,-1,-1
1295.2662,263.48846,38.390503,30.632446,0.054923594,5,-1,-1
82.65642,685.0078,35.15133,31.822632,0.05459678,4,-1,-1
164.87143,521.3915,43.749313,25.266602,0.05431831,10,-1,-1
839.268,469.6017,100.74231,40.46393,0.05404222,4,-1,-1
1190.2357,201.51892,69.10205,24.706604,0.054010123,4,-1,-1
33.485916,512.48706,74.07501,34.68036,0.05390978,7,-1,-1
1207.9371,212.45435,65.607666,25.623123,0.05389011,9,-1,-1
88.0248,700.3965,30.101234,41.172485,0.05387038,1,-1,-1
761.4215,424.9216,81.79785,34.380615,0.05368963,4,-1,-1
653.89044,493.98752,50.88025,26.175812,0.053548872,8,-1,-1
764.7982,394.51907,77.25806,34.141632,0.052681684,6,-1,-1
73.043945,705.4286,34.38002,40.646973,0.052592218,4,-1,-1
1182.2517,217.8111,56.302612,34.26248,0.05250287,7,-1,-1
891.07446,691.2487,24.946533,36.710754,0.052374244,8,-1,-1
1299.4011,264.73355,40.89612,28.642975,0.05227834,8,-1,-1
419.7898,250.48764,25.00238,38.48349,0.05223459,9,-1,-1
902.2992,784.3385,58.489258,36.543335,0.052196234,1,-1,-1
644.7743,1025.0336,49.878418,23.582764,0.05182761,6,-1,-1
782.8105,835.4533,57.660522,37.466614,0.051725715,2,-1,-1
76.17553,684.30286,27.9803,38.91211,0.051632017,4,-1,-1
621.6173,682.404,31.034302,36.837097,0.051626265,6,-1,-1
914.8916,374.79428,63.79834,28.210388,0.051582724,4,-1,-1
627.2276,596.0016,31.30127,37.20941,0.051116377,1,-1,-1
76.17553,684.30286,27.9803,38.91211,0.051056415,5,-1,-1
1299.4011,264.73355,40.89612,28.642975,0.05100605,7,-1,-1
104.69697,691.5116,40.65455,33.99353,0.050716013,4,-1,-1
36.598278,1017.7456,90.057175,30.941895,0.050482333,3,-1,-1
882.50977,602.3825,35.29724,26.637207,0.05014199,8,-1,-1
150.21388,979.76434,40.46805,25.376709,0.05003497,3,-1,-1
