579.5895,146.35258,16.94873,30.081757,0.81334317,1,-1,-1
630.46375,0.0,17.224792,30.419842,0.77215433,1,-1,-1
578.5044,85.861275,16.164734,28.78749,0.7261754,1,-1,-1
566.9924,64.56841,16.083557,23.162857,0.71872365,1,-1,-1
554.26117,73.16127,15.122253,24.51477,0.6825312,1,-1,-1
614.4342,1.3502966,19.029236,32.371414,0.66976607,1,-1,-1
627.41376,39.79806,15.241882,27.275074,0.61130166,1,-1,-1
614.86743,45.092976,14.311707,20.997654,0.6012275,1,-1,-1
651.85345,201.14633,19.716858,21.36905,0.5805865,1,-1,-1
571.4894,86.494415,14.957275,26.787453,0.5476331,1,-1,-1
660.8934,300.45502,15.489441,16.287506,0.5448578,1,-1,-1
678.78143,373.72266,14.753357,17.972351,0.53545046,1,-1,-1
931.0875,314.08426,75.86987,39.013153,0.5263139,5,-1,-1
500.92508,733.99634,54.2175,30.144226,0.5188728,3,-1,-1
649.3147,329.45355,18.959839,27.74823,0.44977224,1,-1,-1
624.905,296.26044,19.849792,28.722961,0.44361785,1,-1,-1
233.11635,0.0,48.350388,36.26297,0.43243974,1,-1,-1
737.1864,182.00685,16.76178,39.322815,0.43036968,1,-1,-1
552.8728,353.28528,19.767517,19.573395,0.396905,1,-1,-1
734.69336,457.59262,11.862427,13.89682,0.39293212,1,-1,-1
1009.7219,414.35666,12.37854,12.680237,0.3910967,1,-1,-1
936.1051,200.19981,38.349854,31.09143,0.37703106,3,-1,-1
527.90405,319.12152,32.010315,16.528625,0.35081044,10,-1,-1
588.6954,491.66638,17.05597,23.61499,0.34846586,1,-1,-1
941.48804,202.85573,31.814209,37.417953,0.3269038,2,-1,-1
268.4136,1.4819313,29.249878,39.051334,0.3204815,1,-1,-1
624.75366,295.93555,20.13977,31.429901,0.31715804,10,-1,-1
931.8465,313.63538,75.3443,39.591827,0.29744107,8,-1,-1
893.4109,228.7963,80.2171,39.97168,0.2945015,7,-1,-1
980.1316,234.44151,77.73352,48.509842,0.28954852,8,-1,-1
978.9731,234.5663,78.40204,50.078415,0.2892812,7,-1,-1
614.6031,466.27768,15.023743,13.892212,0.28209794,1,-1,-1
353.3484,2.975447,15.632324,31.784182,0.27138758,1,-1,-1
573.2353,457.79443,14.912109,13.933105,0.26625493,1,-1,-1
940.8884,202.13127,32.753845,37.774475,0.2646401,1,-1,-1
656.7567,202.96873,22.062256,20.685059,0.26349077,1,-1,-1
512.2642,113.69794,37.787964,26.277176,0.26236394,3,-1,-1
892.3144,227.27864,80.98682,42.40477,0.25469577,8,-1,-1
800.1038,223.79697,79.80884,45.07016,0.24431503,10,-1,-1
510.4772,88.56408,32.501434,18.091843,0.24408498,10,-1,-1
592.0011,614.0522,17.717651,13.472046,0.24137515,1,-1,-1
912.2825,376.3382,77.64996,39.669067,0.23294267,7,-1,-1
511.73425,84.162346,31.871033,21.195274,0.2304466,3,-1,-1
735.4349,180.87242,13.507263,29.309265,0.22978377,1,-1,-1
930.80066,313.6786,76.549866,39.565002,0.22789401,7,-1,-1
527.63434,318.59695,30.495605,17.559937,0.22509155,1,-1,-1
665.7568,202.31924,14.88678,16.000687,0.2245203,1,-1,-1
268.4136,1.4819313,29.249878,39.051334,0.22223327,2,-1,-1
651.85345,201.14633,19.716858,21.36905,0.21876717,2,-1,-1
930.80066,313.6786,76.549866,39.565002,0.21236116,6,-1,-1
1235.169,123.20028,13.156128,33.10813,0.21145159,1,-1,-1
512.2642,113.69794,37.787964,26.277176,0.20911843,10,-1,-1
233.33688,0.0,46.002014,35.282856,0.20840725,2,-1,-1
624.5744,296.58322,19.654968,24.206024,0.20685789,2,-1,-1
917.2614,4.9542165,25.191772,34.412346,0.20500484,1,-1,-1
589.10626,492.29825,15.19281,20.007599,0.20296437,2,-1,-1
233.39854,0.0,75.41466,38.628326,0.19885883,10,-1,-1
238.3422,0.0,65.37714,38.936028,0.1966849,3,-1,-1
911.6188,376.31454,78.56549,39.752625,0.19622162,6,-1,-1
649.9114,329.09894,18.373047,28.547943,0.19067031,10,-1,-1
620.3387,0.0,19.78424,27.329182,0.19059634,1,-1,-1
798.8758,222.92142,80.29889,45.541534,0.19006151,7,-1,-1
764.9859,0.0,28.12268,33.930847,0.18877736,3,-1,-1
764.1916,0.0,28.975708,33.994774,0.18855199,10,-1,-1
588.24695,470.70282,12.313965,16.11206,0.18723547,1,-1,-1
521.466,290.93155,40.006958,24.102142,0.18272322,10,-1,-1
1010.1241,414.76218,11.53479,12.514343,0.18108326,2,-1,-1
931.965,314.42407,75.760254,38.106598,0.1800076,4,-1,-1
764.9859,0.0,28.12268,33.930847,0.17392182,1,-1,-1
501.01837,734.6011,53.471985,29.90979,0.16706762,10,-1,-1
511.14798,94.55977,36.660126,27.198662,0.16689625,3,-1,-1
589.7093,470.4424,10.719849,13.7647705,0.16635934,2,-1,-1
491.51425,749.24097,52.14328,29.98346,0.16329494,3,-1,-1
573.2353,457.79443,14.912109,13.933105,0.16145569,2,-1,-1
934.36957,200.89113,39.466736,33.485046,0.16126859,10,-1,-1
911.9471,376.43625,77.93048,39.839294,0.16058195,8,-1,-1
896.5409,228.9206,77.729126,40.40973,0.15961638,10,-1,-1
520.8826,290.21225,40.695923,24.681763,0.15623376,8,-1,-1
603.18243,477.72815,10.438599,10.000397,0.15610063,1,-1,-1
549.15955,351.6666,23.994446,21.568817,0.15535146,2,-1,-1
527.4894,318.22958,30.82135,18.357727,0.1521079,3,-1,-1
588.53217,490.56876,16.91455,24.816437,0.15160751,10,-1,-1
243.49931,0.0,57.034836,41.46701,0.15107486,2,-1,-1
551.8872,353.13226,20.652283,19.82486,0.15090734,10,-1,-1
651.93665,331.24768,15.323853,15.714935,0.15010712,1,-1,-1
300.05594,6.0015006,29.985596,28.64815,0.14896107,3,-1,-1
892.42566,359.98694,17.81189,13.943695,0.14663345,1,-1,-1
624.9435,320.58414,14.257935,25.5112,0.14504501,1,-1,-1
513.22546,123.6823,35.406006,22.761292,0.14382601,3,-1,-1
512.38275,83.68593,29.411133,16.905487,0.1432975,10,-1,-1
266.94907,0.0,68.4747,38.872154,0.14283612,3,-1,-1
798.8758,222.92142,80.29889,45.541534,0.14246461,8,-1,-1
853.57263,266.1583,79.855286,43.974854,0.14047462,7,-1,-1
527.63434,318.59695,30.495605,17.559937,0.13677257,2,-1,-1
230.61275,2.2523,29.343948,33.22075,0.13668403,1,-1,-1
625.26984,302.36584,18.206055,40.68289,0.13594523,1,-1,-1
511.7872,95.24907,32.096405,17.957596,0.13588694,10,-1,-1
625.26984,302.36584,18.206055,40.68289,0.13342175,10,-1,-1
1045.8466,325.17944,16.414429,26.803009,0.1329895,3,-1,-1
615.42596,466.7894,12.039429,12.401154,0.1309954,2,-1,-1
238.44705,0.0,67.89923,43.536613,0.13023597,1,-1,-1
762.0832,466.3949,13.830139,12.750732,0.1294581,1,-1,-1
511.943,83.98279,32.381165,21.46331,0.12877092,1,-1,-1
540.50635,561.47473,32.002197,17.519836,0.12750658,1,-1,-1
546.307,351.94058,28.2641,27.987885,0.1273925,1,-1,-1
592.52893,495.51608,11.881836,12.504456,0.12730008,2,-1,-1
920.97485,224.83517,104.91284,50.48764,0.12641764,7,-1,-1
553.84265,73.313736,15.128113,24.061607,0.1263803,2,-1,-1
601.7945,476.88318,14.404785,15.123596,0.12589094,1,-1,-1
1006.85223,409.95416,15.86145,19.987701,0.12541956,1,-1,-1
512.0254,124.56639,35.168884,18.481354,0.12424573,10,-1,-1
474.7045,759.0513,59.900787,28.492676,0.123912245,3,-1,-1
624.47485,295.8773,20.71283,33.65927,0.12196922,3,-1,-1
591.7331,494.81024,11.396851,13.438507,0.12142873,1,-1,-1
520.8826,290.21225,40.695923,24.681763,0.12140748,3,-1,-1
837.92035,223.17741,111.70856,49.0056,0.12039754,7,-1,-1
737.18604,181.47343,10.066223,15.943466,0.11894202,2,-1,-1
616.723,0.0,14.537476,21.585524,0.11815739,1,-1,-1
623.35504,0.0,17.351685,15.135947,0.11730403,1,-1,-1
620.5404,1.556321,10.285461,14.804158,0.1172747,1,-1,-1
610.78766,40.06951,23.80304,27.613441,0.11677873,1,-1,-1
737.30347,182.13858,9.87677,16.436646,0.11620116,1,-1,-1
614.21155,1.4756535,19.073425,31.362516,0.11591226,2,-1,-1
735.0716,180.43951,15.022888,33.3033,0.11555573,2,-1,-1
261.38596,0.0,79.20413,38.82686,0.11488244,10,-1,-1
1347.8574,660.5128,51.66333,38.712585,0.11468461,10,-1,-1
649.99506,326.50455,17.040405,15.132324,0.1143395,1,-1,-1
528.4548,309.34546,31.900879,15.926941,0.114147484,10,-1,-1
511.31448,55.134468,34.680634,16.854134,0.11401111,10,-1,-1
511.31448,55.134468,34.680634,16.854134,0.113829106,3,-1,-1
581.1684,87.87662,10.302856,16.3638,0.11290896,1,-1,-1
528.00446,518.7698,16.750366,16.67163,0.11274573,1,-1,-1
508.54974,726.1995,43.697083,27.75592,0.111568004,3,-1,-1
603.18243,477.72815,10.438599,10.000397,0.111274004,2,-1,-1
656.1849,298.40616,21.847412,24.454346,0.11093873,1,-1,-1
666.83545,203.59163,11.83667,12.824814,0.11003688,2,-1,-1
615.1601,467.63733,9.251282,10.409119,0.10985258,1,-1,-1
660.54626,201.6133,15.86615,14.52681,0.10971969,1,-1,-1
677.3985,371.82526,21.921936,26.122528,0.10905573,1,-1,-1
894.3936,229.35641,79.169495,39.628784,0.108321756,3,-1,-1
617.3229,45.995705,8.814148,16.21772,0.107623845,1,-1,-1
611.8071,466.2029,19.121643,16.020844,0.10728532,2,-1,-1
802.72766,223.31483,79.19812,47.06685,0.105373055,1,-1,-1
629.48846,295.44003,14.7901,17.276306,0.10524467,1,-1,-1
568.44525,65.29425,11.947205,14.65715,0.10459548,1,-1,-1
1216.6925,737.1056,23.8927,37.112,0.104519695,1,-1,-1
1305.3872,81.416046,24.317505,33.845634,0.10439736,1,-1,-1
573.0812,90.63358,9.11908,21.130348,0.10416573,1,-1,-1
742.00543,193.97414,10.401672,26.415436,0.10415512,1,-1,-1
798.8758,222.92142,80.29889,45.541534,0.10400379,4,-1,-1
853.71094,265.54666,80.499084,42.517426,0.103928596,8,-1,-1
983.32983,248.90913,74.23413,35.56523,0.102873504,10,-1,-1
254.97249,0.0,38.66063,40.828304,0.10277322,10,-1,-1
624.6525,319.16678,14.949402,27.374237,0.102638364,10,-1,-1
892.9058,360.49628,16.939941,13.40979,0.10132083,2,-1,-1
802.1788,224.23463,78.79614,44.544724,0.10128969,2,-1,-1
583.6894,482.04724,23.284363,35.413574,0.1011948,1,-1,-1
522.2926,292.26968,38.39392,20.553986,0.101163894,6,-1,-1
931.965,314.42407,75.760254,38.106598,0.10063231,9,-1,-1
607.9935,464.295,25.394592,20.06305,0.10047552,1,-1,-1
579.52185,86.25444,14.752502,26.572762,0.10000569,2,-1,-1
1364.7585,661.73145,34.762207,35.236816,0.099673,4,-1,-1
934.36957,200.89113,39.466736,33.485046,0.0995653,7,-1,-1
581.1684,87.87662,10.302856,16.3638,0.098903,2,-1,-1
272.3791,4.2879457,18.242035,30.03107,0.098878324,1,-1,-1
624.6124,29.741837,16.148743,26.431183,0.09885815,1,-1,-1
649.9114,329.09894,18.373047,28.547943,0.09864578,3,-1,-1
588.02606,479.78986,15.168274,28.789276,0.09854996,1,-1,-1
765.04755,0.0,27.847717,33.944992,0.09813985,2,-1,-1
586.7959,470.09427,16.711731,17.709076,0.098113775,2,-1,-1
566.91327,64.57843,15.922058,22.664566,0.09806085,2,-1,-1
588.5959,470.21133,21.645264,17.830658,0.09781575,1,-1,-1
624.6064,312.44778,15.229126,23.344666,0.09743407,1,-1,-1
624.6525,319.16678,14.949402,27.374237,0.09742829,3,-1,-1
891.7787,364.21042,13.510559,11.298523,0.097427815,1,-1,-1
945.08655,199.64432,22.039185,31.084106,0.09700498,2,-1,-1
482.31583,719.1368,72.160675,56.497437,0.09620848,3,-1,-1
829.8778,767.26166,69.53296,20.282288,0.09598181,4,-1,-1
631.8598,0.12494566,10.090332,12.996715,0.09502739,1,-1,-1
625.103,300.71674,16.591919,16.869995,0.0950084,1,-1,-1
882.3672,265.56503,57.54236,37.580017,0.094269246,7,-1,-1
521.2769,290.57083,40.42389,24.923065,0.09354904,7,-1,-1
529.2128,330.07156,30.726135,16.9263,0.093165755,10,-1,-1
511.93744,84.56013,31.557007,19.783325,0.09298515,2,-1,-1
300.7587,6.1082506,28.500671,27.768753,0.09292197,1,-1,-1
571.3793,86.69994,15.535339,26.667976,0.09289232,2,-1,-1
982.61096,248.24054,74.336426,35.85672,0.09271905,4,-1,-1
514.1471,56.079975,31.045776,17.306858,0.092514515,1,-1,-1
837.6491,504.85483,29.77002,16.576569,0.09202537,3,-1,-1
920.97485,224.83517,104.91284,50.48764,0.09170464,8,-1,-1
231.68835,0.0,43.03006,37.89419,0.09156391,3,-1,-1
647.96564,330.61044,14.58374,14.67572,0.09091011,1,-1,-1
1286.3855,153.90811,33.18567,25.103607,0.090619594,1,-1,-1
800.1038,223.79697,79.80884,45.07016,0.0905886,3,-1,-1
300.6999,6.1401863,28.86084,28.16003,0.09045941,2,-1,-1
556.2753,69.40456,16.129822,22.261314,0.08992067,1,-1,-1
1353.2977,657.6752,22.826538,20.739502,0.08987385,1,-1,-1
628.7546,0.0,17.14569,27.0965,0.089734435,2,-1,-1
867.9492,193.05469,105.372375,56.794327,0.089405656,8,-1,-1
764.76294,0.0,27.91455,33.53717,0.08917743,7,-1,-1
653.95996,200.88222,11.971924,17.232376,0.08885297,1,-1,-1
500.22998,734.2765,54.056152,30.432922,0.08855304,1,-1,-1
522.1312,292.24152,38.52185,20.641174,0.08819032,5,-1,-1
866.8951,193.37442,106.099,54.02205,0.088142574,7,-1,-1
254.52454,0.0,21.959137,30.30811,0.08794269,1,-1,-1
613.60297,42.97568,15.829895,22.983494,0.08743566,2,-1,-1
469.75696,766.48395,61.65619,21.059998,0.0868907,10,-1,-1
1347.8574,660.5128,51.66333,38.712585,0.08680904,1,-1,-1
951.078,622.0872,15.695251,29.965271,0.086557865,1,-1,-1
536.0519,348.91238,29.083313,19.236084,0.08642596,1,-1,-1
521.1301,290.38452,40.01996,24.362244,0.08612576,1,-1,-1
837.6491,504.85483,29.77002,16.576569,0.086045176,10,-1,-1
551.1988,75.89262,23.73523,27.855278,0.085891485,1,-1,-1
614.3729,1.2395202,18.998596,32.032616,0.08543745,4,-1,-1
588.53217,490.56876,16.91455,24.816437,0.085109204,3,-1,-1
730.15674,176.1979,28.395325,48.83203,0.085044146,1,-1,-1
489.11658,769.31067,45.071472,18.233276,0.08450931,3,-1,-1
593.44653,467.93854,24.991028,17.950775,0.08447668,1,-1,-1
929.1443,313.3772,78.77014,40.328186,0.08417553,10,-1,-1
511.8012,0.0,41.992493,21.037807,0.08416712,10,-1,-1
626.94977,39.59785,15.826538,27.39278,0.084112525,2,-1,-1
666.62836,205.39755,12.576233,9.425446,0.08400872,1,-1,-1
737.1864,182.00685,16.76178,39.322815,0.08386341,10,-1,-1
980.24335,240.49529,73.14984,38.105423,0.08385584,6,-1,-1
649.2947,328.865,12.34967,10.8628235,0.0837242,1,-1,-1
831.7912,346.04468,87.282715,35.24057,0.08356136,7,-1,-1
951.20245,209.43039,18.698914,27.49199,0.08300677,2,-1,-1
829.0247,345.13315,93.42871,37.498566,0.08286339,8,-1,-1
678.5446,373.69833,15.547974,18.121216,0.08270362,2,-1,-1
482.30676,754.3788,44.804688,23.241272,0.08270159,3,-1,-1
1299.5787,250.84863,34.05603,19.924316,0.08268392,10,-1,-1
757.91736,463.6582,20.835022,17.686676,0.08263931,1,-1,-1
511.53574,104.104095,35.92923,18.133255,0.08259654,10,-1,-1
739.6238,182.2489,12.977905,24.056183,0.082536936,1,-1,-1
522.1312,292.24152,38.52185,20.641174,0.082410604,4,-1,-1
626.07184,38.214428,12.965332,21.429531,0.08232704,1,-1,-1
911.9471,376.43625,77.93048,39.839294,0.08214703,10,-1,-1
870.777,267.5857,63.121155,37.755646,0.08190891,6,-1,-1
836.54364,273.92642,102.13324,51.217712,0.08174884,7,-1,-1
243.76137,0.0,39.706955,33.745502,0.081747144,10,-1,-1
502.5865,709.962,52.88562,28.345276,0.08150059,3,-1,-1
255.14555,0.0,27.231613,37.3281,0.081300765,2,-1,-1
920.6022,16.014969,18.057373,24.190773,0.08126709,1,-1,-1
662.4404,295.11307,18.349792,20.248169,0.08103335,1,-1,-1
990.72064,382.2972,13.306641,26.50653,0.08101347,1,-1,-1
911.643,376.05783,78.11963,39.99875,0.08098927,5,-1,-1
577.9295,85.27121,17.448364,30.654343,0.080532074,3,-1,-1
763.0771,468.4567,8.691589,10.134827,0.0804933,1,-1,-1
894.4886,230.22487,78.62463,38.219254,0.08011338,5,-1,-1
649.2213,330.40445,19.209412,25.807251,0.07996765,2,-1,-1
513.3348,114.39252,36.45874,23.266647,0.07961419,1,-1,-1
534.44257,372.83832,27.641113,26.445587,0.07954994,1,-1,-1
622.414,0.0,11.233093,13.081804,0.07951477,1,-1,-1
554.8893,354.29968,9.147034,13.053284,0.07951221,1,-1,-1
555.9445,73.99381,10.053589,16.833702,0.079327464,1,-1,-1
566.80176,64.537155,16.143616,23.55056,0.07929334,10,-1,-1
264.71558,4.167129,20.532898,31.08897,0.07929164,1,-1,-1
1339.647,637.4204,59.87378,56.093872,0.07884106,4,-1,-1
270.7032,4.152025,49.845947,33.293213,0.07856321,1,-1,-1
232.51108,0.0,47.30493,34.918064,0.07774368,4,-1,-1
528.2531,320.62018,35.796387,37.00232,0.077699125,10,-1,-1
970.77386,391.0496,16.315247,24.173431,0.077697515,1,-1,-1
516.4587,104.574936,34.049255,19.877571,0.07769412,3,-1,-1
610.86115,0.0,17.828613,26.92949,0.07724717,1,-1,-1
876.0053,265.01184,65.0473,39.24182,0.076841325,10,-1,-1
1353.1694,658.19147,23.91748,19.53772,0.07662201,2,-1,-1
992.9788,249.28748,67.60309,44.32852,0.07626876,7,-1,-1
254.00984,4.7546577,37.645218,45.011795,0.07621825,1,-1,-1
1340.9518,636.9369,58.56897,58.58893,0.07599524,10,-1,-1
621.7338,8.237002,16.35498,31.22158,0.075924605,1,-1,-1
590.54346,473.7631,9.824524,16.449219,0.07538408,2,-1,-1
980.4796,239.6887,72.21716,38.29744,0.07529339,5,-1,-1
554.1651,73.28977,15.435059,24.592735,0.07522932,4,-1,-1
651.85345,201.14633,19.716858,21.36905,0.07515594,10,-1,-1
589.6906,497.49542,12.318237,16.214966,0.07508549,1,-1,-1
586.3516,472.53537,17.228027,19.988373,0.07478103,1,-1,-1
507.11835,99.73839,34.203552,17.613686,0.07465193,3,-1,-1
558.45,353.69702,11.612793,16.645905,0.07460597,1,-1,-1
585.29425,468.53818,27.401978,46.58853,0.07438654,10,-1,-1
582.675,90.587296,9.618835,23.188255,0.07437733,1,-1,-1
795.901,19.856054,34.302856,38.8928,0.07435089,8,-1,-1
272.3791,4.2879457,18.242035,30.03107,0.07413998,2,-1,-1
837.92035,223.17741,111.70856,49.0056,0.07396987,8,-1,-1
764.796,0.0,28.27887,34.06766,0.07335031,8,-1,-1
241.09634,0.0,31.793549,27.178457,0.07334253,1,-1,-1
711.3152,324.27557,13.26123,33.74121,0.073174655,1,-1,-1
837.6491,504.85483,29.77002,16.576569,0.073093265,1,-1,-1
513.2273,132.81398,32.52289,18.241806,0.07307342,3,-1,-1
1374.4519,701.2699,25.068848,40.056885,0.07279691,1,-1,-1
711.3152,324.27557,13.26123,33.74121,0.07261953,10,-1,-1
584.56793,467.52512,29.031006,45.851593,0.07249564,3,-1,-1
617.8937,4.939282,12.139038,25.160215,0.0723632,1,-1,-1
459.1241,746.6078,89.205475,40.936157,0.072081774,3,-1,-1
571.4894,86.494415,14.957275,26.787453,0.07189071,10,-1,-1
822.33105,0.0,26.802002,10.596746,0.07181209,1,-1,-1
566.2338,77.25759,15.069275,28.020615,0.071104616,1,-1,-1
625.1331,1.6785698,10.986145,20.455042,0.070855856,1,-1,-1
584.8098,485.41003,21.764587,31.250061,0.07082519,2,-1,-1
767.7622,0.0,21.266846,19.62752,0.07080871,1,-1,-1
589.09845,471.1375,9.360168,10.255859,0.070641816,1,-1,-1
529.617,327.827,32.32495,25.720703,0.070533335,1,-1,-1
574.4817,457.63928,9.727478,10.372681,0.07043034,1,-1,-1
230.0175,0.0,29.157974,32.46634,0.07013571,2,-1,-1
624.1113,308.83054,16.16748,29.18219,0.06993818,2,-1,-1
656.17883,201.98499,21.929443,15.315475,0.06958696,2,-1,-1
566.3061,87.77995,25.873535,31.663116,0.069372505,1,-1,-1
624.30505,308.17636,15.821289,30.782562,0.06928882,3,-1,-1
1045.8,325.17834,16.859253,25.672272,0.06922254,1,-1,-1
647.3129,197.20877,32.921753,29.852356,0.06914514,1,-1,-1
493.9158,690.91504,54.882416,29.589966,0.06870729,10,-1,-1
591.29425,492.9739,10.784912,12.14151,0.06856981,2,-1,-1
577.9295,85.27121,17.448364,30.654343,0.06843677,10,-1,-1
830.15765,766.97955,68.20599,20.564392,0.06830865,6,-1,-1
501.01837,734.6011,53.471985,29.90979,0.068277866,7,-1,-1
826.9251,342.5532,100.69464,41.955536,0.06805137,6,-1,-1
611.35455,467.2528,14.583801,16.291412,0.06797567,1,-1,-1
953.0486,636.6627,8.601013,14.536926,0.06789136,1,-1,-1
1350.1515,659.96704,49.369263,39.155334,0.06786552,2,-1,-1
894.3936,229.35641,79.169495,39.628784,0.06778908,6,-1,-1
1303.2495,0.0,52.940918,32.32314,0.06771377,4,-1,-1
781.52936,3.4088526,16.759766,30.402306,0.06765589,1,-1,-1
555.55164,74.40284,10.571533,15.633507,0.06762773,2,-1,-1
981.8402,234.15439,80.09192,52.96826,0.06752929,3,-1,-1
553.88983,73.34583,15.9765625,24.485641,0.06739244,10,-1,-1
1258.2959,0.0,16.872559,15.6475525,0.0673303,1,-1,-1
735.18756,458.33456,11.409363,12.877899,0.06730199,2,-1,-1
946.47754,614.4334,24.610046,40.16632,0.06705856,1,-1,-1
1235.1842,123.063736,13.481201,33.29825,0.06682053,3,-1,-1
573.6056,86.63058,9.421814,15.361069,0.06671643,1,-1,-1
622.0268,36.277504,24.66626,34.7277,0.06645951,1,-1,-1
765.90796,0.0,26.397034,33.105114,0.066414595,6,-1,-1
588.02606,479.78986,15.168274,28.789276,0.066388935,10,-1,-1
281.4609,0.0,45.17328,36.90529,0.06625134,2,-1,-1
626.80725,0.0,22.414795,17.084013,0.06607193,1,-1,-1
1361.7487,651.6114,37.772095,30.214111,0.06593111,4,-1,-1
887.87726,363.17917,22.255188,16.133514,0.06569591,2,-1,-1
741.26025,489.96494,24.88379,36.663605,0.06566927,1,-1,-1
515.66785,113.22634,34.00183,24.270058,0.065653235,2,-1,-1
512.7294,0.0,41.052917,23.155926,0.06563139,4,-1,-1
891.76917,363.39163,13.486389,12.272705,0.06558481,2,-1,-1
568.44525,65.29425,11.947205,14.65715,0.06557912,2,-1,-1
1235.1842,123.063736,13.481201,33.29825,0.065475225,10,-1,-1
1373.7645,659.98376,23.586426,19.298828,0.06521404,4,-1,-1
570.83136,87.35461,16.810791,27.556366,0.06516996,3,-1,-1
587.43884,471.3667,14.013123,21.297485,0.065122426,10,-1,-1
500.22998,734.2765,54.056152,30.432922,0.064998835,4,-1,-1
631.31067,43.056473,10.083252,18.776863,0.064987004,1,-1,-1
625.9268,301.78912,14.235962,15.455688,0.06495929,2,-1,-1
579.5895,146.35258,16.94873,30.081757,0.06487158,4,-1,-1
509.45316,111.888405,36.10904,17.865623,0.0648247,3,-1,-1
735.8137,191.22368,12.717041,29.086884,0.06477445,1,-1,-1
593.44653,467.93854,24.991028,17.950775,0.064697176,2,-1,-1
587.82837,469.9658,30.06018,39.551117,0.06464288,1,-1,-1
577.5554,87.36693,9.526062,16.893745,0.06456688,1,-1,-1
566.8859,64.55526,16.192017,23.13549,0.06455845,4,-1,-1
830.15765,766.97955,68.20599,20.564392,0.06448275,5,-1,-1
945.6274,203.02194,31.528076,40.343475,0.064444214,3,-1,-1
289.75873,0.0,76.968475,38.109528,0.06441572,3,-1,-1
232.0644,0.0,38.882095,39.336437,0.064308584,10,-1,-1
564.9478,59.021908,21.733887,23.366207,0.064293236,1,-1,-1
613.76135,0.0,17.819763,31.51295,0.06422365,3,-1,-1
566.9924,64.56841,16.083557,23.162857,0.06420913,3,-1,-1
231.1981,0.0,83.58705,40.145763,0.0641402,7,-1,-1
664.915,202.71478,15.954346,19.235214,0.06413317,2,-1,-1
594.0408,497.65268,12.293152,16.777924,0.06411454,1,-1,-1
589.06555,610.40045,24.461609,20.972351,0.06402123,1,-1,-1
346.72668,1.5550767,27.398193,37.848164,0.06396034,1,-1,-1
730.5666,452.8691,18.386047,19.313782,0.06394446,1,-1,-1
663.1386,199.62248,22.915344,25.062805,0.063307375,1,-1,-1
500.22998,734.2765,54.056152,30.432922,0.06330481,8,-1,-1
569.67114,453.07867,17.398438,21.720306,0.062966585,1,-1,-1
910.75934,196.08136,68.34064,46.823944,0.062946975,3,-1,-1
629.48846,295.44003,14.7901,17.276306,0.06287825,2,-1,-1
922.071,198.7171,54.950745,39.531876,0.06254578,8,-1,-1
534.23566,356.4227,32.33899,36.060272,0.06231287,1,-1,-1
622.1808,290.1918,26.429932,27.429382,0.062223047,1,-1,-1
628.76117,0.0,9.89978,8.702979,0.06220746,1,-1,-1
1372.9155,662.2055,26.605225,34.407776,0.062198788,10,-1,-1
849.3966,439.36456,15.885071,18.403595,0.061733335,1,-1,-1
830.01276,773.22815,14.55011,14.315796,0.06164834,1,-1,-1
738.7621,183.95273,14.567871,36.886276,0.061570168,2,-1,-1
630.64795,0.0,16.879883,30.452765,0.06142047,4,-1,-1
916.7389,192.97523,61.225647,52.666565,0.061208546,7,-1,-1
911.5091,376.41467,78.49048,40.480286,0.061109513,3,-1,-1
1373.1989,660.5121,24.04004,18.680054,0.061084926,2,-1,-1
940.78595,203.27357,25.981812,23.030273,0.061064273,1,-1,-1
1339.647,637.4204,59.87378,56.093872,0.06104958,1,-1,-1
764.1916,0.0,28.975708,33.994774,0.061023474,4,-1,-1
696.7262,0.0,51.330444,58.720947,0.060989797,6,-1,-1
893.4109,228.7963,80.2171,39.97168,0.060842246,4,-1,-1
515.02985,55.659252,30.647766,17.847614,0.0606941,2,-1,-1
624.9435,320.58414,14.257935,25.5112,0.06060058,2,-1,-1
258.81885,0.0,33.486176,42.797646,0.0605866,3,-1,-1
232.6608,0.0,19.492859,27.25848,0.060430527,1,-1,-1
284.84564,0.0,38.88565,38.427544,0.06025976,10,-1,-1
795.56946,19.870876,34.565735,38.95175,0.060256302,7,-1,-1
579.55664,146.46724,16.603271,29.570099,0.060221136,2,-1,-1
982.9913,249.7887,65.560486,42.942993,0.060161978,8,-1,-1
527.7702,518.35144,17.141235,17.369934,0.06015107,10,-1,-1
842.46094,279.64664,90.45807,44.82721,0.060067326,8,-1,-1
617.11896,2.4773166,13.733276,20.916918,0.06001216,2,-1,-1
890.2136,368.41537,13.849976,9.794281,0.059930295,1,-1,-1
830.15765,766.97955,68.20599,20.564392,0.059707016,9,-1,-1
1272.8383,0.0,126.682495,165.68422,0.05969256,6,-1,-1
510.65628,0.0,43.233734,21.66296,0.05962366,8,-1,-1
633.9184,295.57693,11.016724,11.171356,0.059610426,1,-1,-1
620.5404,1.556321,10.285461,14.804158,0.05955988,2,-1,-1
519.0286,59.529144,29.364197,15.116272,0.059505194,3,-1,-1
949.93805,211.79988,21.596863,29.109253,0.059393197,1,-1,-1
587.5099,470.79926,14.223694,18.6987,0.059357256,3,-1,-1
487.89026,723.9188,65.92291,47.61035,0.059311002,10,-1,-1
494.45898,692.8481,22.481873,23.361328,0.059149325,1,-1,-1
1299.5787,250.84863,34.05603,19.924316,0.059112966,5,-1,-1
858.8668,266.03085,74.51428,38.036835,0.059060067,3,-1,-1
746.60626,0.0,16.293823,21.94482,0.05902776,1,-1,-1
567.34985,70.42382,11.712158,21.342926,0.058774024,1,-1,-1
775.66895,5.075275,16.856018,27.067764,0.05872515,1,-1,-1
1345.4531,659.1685,54.067627,41.435486,0.058662236,3,-1,-1
662.038,207.00319,13.789368,14.449158,0.058547378,1,-1,-1
555.0916,354.99457,9.793091,14.585358,0.058267355,2,-1,-1
484.25803,765.30255,52.942047,22.241394,0.058197826,1,-1,-1
624.8696,22.340551,14.059448,22.54128,0.058172643,1,-1,-1
522.9096,109.43,25.14331,24.244804,0.058015198,10,-1,-1
616.3732,44.610302,10.580811,15.824165,0.058013856,2,-1,-1
602.3625,476.69464,13.908325,15.860443,0.05800557,2,-1,-1
529.617,327.827,32.32495,25.720703,0.057930678,3,-1,-1
657.1407,202.65585,21.081055,22.136154,0.057908177,10,-1,-1
488.03354,362.4354,60.01651,119.55679,0.057740033,6,-1,-1
739.7857,457.88104,9.432495,13.723694,0.05760619,1,-1,-1
592.34503,475.0146,21.06842,16.190094,0.057583332,1,-1,-1
891.457,359.3502,19.274292,14.992432,0.057488978,10,-1,-1
898.43604,358.61316,13.038818,12.07019,0.057379156,1,-1,-1
617.27264,469.72467,8.229004,10.531097,0.057156146,1,-1,-1
795.5785,21.67808,34.07776,37.181885,0.056928962,1,-1,-1
512.11304,95.73432,34.60858,24.744034,0.05676356,1,-1,-1
549.41547,352.12903,23.94635,21.133362,0.056508243,3,-1,-1
593.6218,472.51126,10.496277,13.554962,0.056480587,2,-1,-1
907.43567,324.316,14.559509,13.957001,0.05644685,1,-1,-1
512.6753,76.6838,30.019836,19.217888,0.056429,3,-1,-1
919.10175,12.276931,22.011414,26.27438,0.056262136,2,-1,-1
667.09814,208.14508,11.138062,14.107422,0.056199968,1,-1,-1
271.41953,12.144408,16.239197,31.636562,0.05604872,1,-1,-1
499.705,733.3324,55.803925,32.673035,0.056031406,2,-1,-1
615.44586,469.82053,6.7145996,10.400848,0.055985063,1,-1,-1
592.0011,614.0522,17.717651,13.472046,0.05595687,2,-1,-1
522.9096,109.43,25.14331,24.244804,0.055929303,3,-1,-1
489.30627,766.7712,45.35968,20.772766,0.055891335,2,-1,-1
510.65628,0.0,43.233734,21.66296,0.055758268,7,-1,-1
540.50635,561.47473,32.002197,17.519836,0.055725574,3,-1,-1
497.72522,756.7188,35.573364,18.547485,0.055695564,3,-1,-1
469.47888,748.67126,73.74994,38.87268,0.05554834,10,-1,-1
614.1428,44.37268,10.37323,12.9646225,0.05548668,1,-1,-1
819.44244,254.25433,106.88422,54.2742,0.055372775,7,-1,-1
303.9594,2.816745,39.941986,37.92985,0.055371255,3,-1,-1
1374.4519,701.2699,25.068848,40.056885,0.05536723,4,-1,-1
1346.5144,659.0845,43.257935,33.537292,0.055196017,4,-1,-1
655.3358,329.32495,18.547302,22.61203,0.055194676,1,-1,-1
573.0812,90.63358,9.11908,21.130348,0.055179507,2,-1,-1
614.39276,465.42136,16.532532,16.123718,0.055113107,10,-1,-1
1371.5068,746.8477,28.013916,40.696228,0.05507195,4,-1,-1
663.30237,298.02325,9.98291,15.462799,0.055063695,1,-1,-1
591.66205,475.10324,8.278809,14.456451,0.054953158,1,-1,-1
849.3966,439.36456,15.885071,18.403595,0.05466932,2,-1,-1
519.37335,0.0,32.724915,11.538425,0.054660946,10,-1,-1
521.4761,8.862004,30.568115,17.691948,0.054559678,10,-1,-1
518.932,317.72964,33.097412,14.920197,0.05452004,10,-1,-1
767.7622,0.0,21.266846,19.62752,0.054490477,10,-1,-1
707.3876,334.50702,13.28241,22.814453,0.0544101,1,-1,-1
556.64014,360.45026,16.69806,12.284058,0.05432251,1,-1,-1
361.16815,16.647375,8.826202,16.291498,0.05429709,1,-1,-1
502.30823,636.2237,65.911316,36.20526,0.05422303,10,-1,-1
844.791,233.63689,123.87598,54.27791,0.053979307,7,-1,-1
573.50256,458.5213,20.835815,19.78833,0.053930253,1,-1,-1
626.2111,328.41748,15.8133545,23.026398,0.05392146,1,-1,-1
514.13153,134.60812,33.338074,30.784088,0.05357057,3,-1,-1
244.03076,0.0,26.42508,27.450993,0.053551346,2,-1,-1
503.86337,91.74507,41.078644,31.255371,0.053422153,10,-1,-1
651.75244,201.54803,17.161072,20.49382,0.053262502,4,-1,-1
512.06976,121.09217,37.180115,24.407295,0.05318138,2,-1,-1
623.35504,0.0,17.351685,15.135947,0.05310011,2,-1,-1
556.4456,354.7648,14.979248,15.464569,0.053098768,2,-1,-1
737.1864,182.00685,16.76178,39.322815,0.053067356,3,-1,-1
570.7993,67.90795,14.761353,26.413673,0.052911878,1,-1,-1
767.7622,0.0,21.266846,19.62752,0.05273539,2,-1,-1
1372.9155,662.2055,26.605225,34.407776,0.052712083,2,-1,-1
588.02606,479.78986,15.168274,28.789276,0.05270025,2,-1,-1
1299.5787,250.84863,34.05603,19.924316,0.052698195,4,-1,-1
593.5968,472.17648,13.649414,12.652954,0.052669466,1,-1,-1
1374.4519,701.2699,25.068848,40.056885,0.052657396,2,-1,-1
513.0114,97.602425,30.482971,13.841003,0.05262932,3,-1,-1
836.2117,504.658,32.931458,19.147919,0.052615613,2,-1,-1
588.7551,471.42783,9.425415,9.165802,0.05235243,2,-1,-1
624.7084,311.41766,14.785156,25.326782,0.052301228,10,-1,-1
625.6991,0.0,11.152954,10.241731,0.052115142,2,-1,-1
569.0432,459.8295,18.31305,22.487427,0.052066714,1,-1,-1
955.32404,202.1504,18.11914,32.04445,0.052055687,2,-1,-1
990.714,382.04785,13.338196,26.964142,0.052044272,3,-1,-1
610.8363,17.212349,19.863525,33.275593,0.051882297,1,-1,-1
1258.2959,0.0,16.872559,15.6475525,0.05187449,2,-1,-1
525.614,298.75903,34.545654,20.284515,0.051796734,3,-1,-1
