851.2061,328.19476,46.527954,66.15292,0.99999994,4,-1,-1
639.95215,445.27734,46.788696,82.41382,0.9999976,4,-1,-1
897.4579,558.65247,53.388733,88.31146,0.99999714,4,-1,-1
405.91434,880.1948,124.80295,107.929504,0.9999937,4,-1,-1
882.2225,480.60867,47.503906,75.33359,0.9999882,4,-1,-1
1064.838,742.3707,110.75073,87.592224,0.9998701,4,-1,-1
803.1626,333.25674,42.000732,69.03168,0.99981445,4,-1,-1
871.4552,398.73392,46.530334,71.06714,0.99976766,4,-1,-1
797.64484,279.0675,84.45734,47.50348,0.9997119,4,-1,-1
158.395,983.3226,142.97289,65.36493,0.9997077,4,-1,-1
641.7679,235.00876,37.639526,65.291595,0.9996928,4,-1,-1
646.5319,529.77496,46.87036,97.75818,0.99961734,4,-1,-1
815.0716,416.462,48.864136,84.58774,0.99946386,4,-1,-1
638.3889,754.5486,55.44348,110.58276,0.99890965,4,-1,-1
825.74963,517.11273,56.589233,90.7428,0.9922981,5,-1,-1
923.9418,334.14853,34.27765,58.412567,0.9862774,4,-1,-1
639.9062,137.60912,32.111206,51.410904,0.9709584,4,-1,-1
639.9736,85.909805,33.90222,57.044632,0.9591738,4,-1,-1
638.1371,185.82149,31.476501,50.100098,0.9555863,4,-1,-1
813.9097,137.717,32.99536,45.896637,0.9397954,4,-1,-1
627.6694,634.49164,63.09308,64.002625,0.90002,4,-1,-1
804.3703,98.19001,38.973022,42.26815,0.865008,4,-1,-1
1023.44604,641.22394,32.09778,33.621338,0.67090017,10,-1,-1
809.14624,122.44061,36.24524,49.43039,0.6586715,4,-1,-1
802.35077,0.21450676,60.815002,18.159746,0.442471,4,-1,-1
969.85443,555.6625,35.10431,32.236816,0.3818187,10,-1,-1
837.7465,194.91293,30.808594,34.99823,0.35713762,10,-1,-1
802.35077,0.21450676,60.815002,18.159746,0.28741854,5,-1,-1
641.5552,119.21988,29.733032,53.475906,0.27997565,4,-1,-1
826.287,517.02216,54.975098,91.18323,0.26086307,4,-1,-1
627.214,49.57782,49.651855,35.29348,0.25324905,4,-1,-1
802.9604,67.74969,36.809937,28.016098,0.23026621,4,-1,-1
1002.82153,605.30475,31.469238,30.400146,0.22249082,10,-1,-1
350.7191,909.0292,20.749878,42.538757,0.19873878,1,-1,-1
804.8799,95.18781,38.089172,43.40525,0.19278282,5,-1,-1
787.0147,865.37463,45.311157,42.67981,0.18545562,1,-1,-1
711.75684,194.67572,31.756165,30.478455,0.17839286,10,-1,-1
788.42804,865.3154,43.602417,41.540894,0.17213926,10,-1,-1
581.78046,12.699487,73.15033,26.811161,0.16837662,4,-1,-1
840.85956,188.23903,35.17572,30.761353,0.14842013,10,-1,-1
841.92413,83.06835,28.73169,36.167686,0.13974631,5,-1,-1
621.0962,532.37225,18.018738,62.517944,0.13917702,1,-1,-1
639.94934,87.08503,33.536926,59.053246,0.13615063,5,-1,-1
837.55804,190.73863,29.928345,36.76924,0.13002676,7,-1,-1
598.5505,20.678267,61.492004,25.375715,0.12940353,4,-1,-1
841.92413,83.06835,28.73169,36.167686,0.1279833,4,-1,-1
547.6972,678.9832,29.776917,35.404724,0.12734076,4,-1,-1
958.3894,545.0016,33.51526,39.446472,0.1272682,10,-1,-1
711.9754,194.24124,31.438782,30.166779,0.12672552,1,-1,-1
940.16016,421.33966,26.654053,35.66745,0.12141767,1,-1,-1
589.1748,1.5872592,68.279724,22.723475,0.1202555,4,-1,-1
837.55804,190.73863,29.928345,36.76924,0.11872822,4,-1,-1
603.4706,283.30573,23.923096,49.352448,0.11546725,1,-1,-1
837.55804,190.73863,29.928345,36.76924,0.11204997,8,-1,-1
711.9754,194.24124,31.438782,30.166779,0.111423194,2,-1,-1
626.0636,631.7476,65.489685,63.42755,0.110654294,5,-1,-1
640.02435,118.92532,32.89978,58.029556,0.10948655,5,-1,-1
837.55804,190.73863,29.928345,36.76924,0.10651603,3,-1,-1
803.1065,67.67353,37.006042,28.511543,0.09922737,10,-1,-1
1023.35504,641.154,31.938416,33.927612,0.09891349,7,-1,-1
793.1879,864.3584,38.81836,37.943604,0.09448734,3,-1,-1
598.5505,20.678267,61.492004,25.375715,0.09230417,10,-1,-1
636.50397,629.7967,51.06848,32.609497,0.09195262,4,-1,-1
711.75684,194.67572,31.756165,30.478455,0.09189099,3,-1,-1
803.1065,67.67353,37.006042,28.511543,0.08997977,8,-1,-1
640.171,85.97609,33.84961,55.884323,0.088311225,9,-1,-1
373.4245,922.9762,21.55661,39.937866,0.08679825,1,-1,-1
639.8897,85.480934,33.05548,57.006218,0.0866746,1,-1,-1
640.713,142.15271,30.845154,51.34526,0.08510265,5,-1,-1
959.897,475.4296,30.228394,37.57663,0.080880076,1,-1,-1
959.627,476.2355,33.416992,33.715363,0.080813915,10,-1,-1
959.33545,463.93365,27.997559,33.536957,0.08013883,1,-1,-1
838.5606,192.52434,30.000183,36.92563,0.07843286,2,-1,-1
826.287,517.02216,54.975098,91.18323,0.07779005,9,-1,-1
642.58386,627.6331,46.72113,24.186401,0.07736394,7,-1,-1
639.25586,184.0823,31.081604,50.175735,0.07639772,5,-1,-1
834.96265,46.997597,23.16626,39.571175,0.0758678,1,-1,-1
809.14624,122.44061,36.24524,49.43039,0.074825406,5,-1,-1
970.3075,556.06854,34.934753,31.920227,0.07458344,1,-1,-1
1002.16327,605.6736,30.329407,30.948486,0.07446626,3,-1,-1
638.2995,186.68436,31.478882,49.503815,0.0742307,1,-1,-1
1023.44604,641.22394,32.09778,33.621338,0.0740875,4,-1,-1
826.287,517.02216,54.975098,91.18323,0.073569536,6,-1,-1
603.4706,283.30573,23.923096,49.352448,0.07334462,10,-1,-1
838.0898,191.3668,30.359802,35.84503,0.07322964,1,-1,-1
800.75134,67.9103,40.32538,26.814125,0.072506696,7,-1,-1
959.627,476.2355,33.416992,33.715363,0.072056055,3,-1,-1
802.9604,67.74969,36.809937,28.016098,0.07179168,5,-1,-1
1023.63245,642.3776,32.568604,33.012573,0.07176322,3,-1,-1
804.5025,97.99277,38.136414,42.480713,0.07150659,1,-1,-1
959.9836,462.0186,34.12372,27.887817,0.07002661,10,-1,-1
627.0515,633.5999,65.80859,63.961365,0.06973812,6,-1,-1
627.214,49.57782,49.651855,35.29348,0.06894004,5,-1,-1
555.2406,664.1529,30.039185,29.555115,0.06822023,4,-1,-1
837.1676,204.20792,33.252686,31.010513,0.06717521,3,-1,-1
639.9329,85.87468,34.312256,55.850098,0.066788554,6,-1,-1
1002.16327,605.6736,30.329407,30.948486,0.06660101,1,-1,-1
604.16473,20.243568,59.00171,27.405243,0.06598616,5,-1,-1
876.4357,233.98311,36.527588,25.461136,0.06547144,10,-1,-1
1010.36304,602.8369,36.2688,30.577759,0.0649685,10,-1,-1
596.3987,288.81323,23.36908,48.24521,0.0638555,1,-1,-1
584.6911,607.03375,25.227173,37.758484,0.06373125,1,-1,-1
837.9132,255.47626,36.045715,29.50821,0.06361213,10,-1,-1
626.0636,631.7476,65.489685,63.42755,0.062877536,9,-1,-1
834.96265,46.997597,23.16626,39.571175,0.06253064,4,-1,-1
841.92413,83.06835,28.73169,36.167686,0.06238544,8,-1,-1
547.6972,678.9832,29.776917,35.404724,0.061973214,5,-1,-1
803.1065,67.67353,37.006042,28.511543,0.061823994,1,-1,-1
814.18744,417.23364,49.2052,86.23367,0.061506063,9,-1,-1
592.9997,0.5797935,64.46387,20.899979,0.061356694,10,-1,-1
841.92413,83.06835,28.73169,36.167686,0.06115353,1,-1,-1
804.2401,87.23268,37.526733,37.158684,0.061077923,4,-1,-1
372.1057,904.3623,21.83966,43.811584,0.060708165,1,-1,-1
967.5423,558.57385,36.794617,30.796875,0.060279965,3,-1,-1
976.3876,400.78754,27.629333,40.931335,0.05895418,5,-1,-1
711.9754,194.24124,31.438782,30.166779,0.058297455,8,-1,-1
959.9836,462.0186,34.12372,27.887817,0.058161438,3,-1,-1
814.972,415.43848,49.18347,86.18109,0.056716442,6,-1,-1
833.8219,81.499306,28.342041,41.938576,0.055438668,4,-1,-1
790.9174,170.04451,40.012207,26.898346,0.055324405,10,-1,-1
644.45105,627.08215,45.191956,23.785278,0.05494514,4,-1,-1
710.52124,193.0076,30.772156,31.684998,0.054680318,7,-1,-1
887.2091,43.19926,19.419312,45.953426,0.054451227,4,-1,-1
877.37665,232.10175,34.7442,26.889496,0.053332686,3,-1,-1
841.92413,83.06835,28.73169,36.167686,0.053087562,7,-1,-1
969.85443,555.6625,35.10431,32.236816,0.053025812,2,-1,-1
984.48395,396.85233,30.709534,41.691376,0.052572608,5,-1,-1
859.91925,29.28115,32.645325,32.722736,0.051828444,4,-1,-1
604.16473,20.243568,59.00171,27.405243,0.051523596,1,-1,-1
783.7972,52.07459,32.590942,29.52679,0.051360577,1,-1,-1
940.58167,420.95117,26.17212,35.38611,0.050991535,10,-1,-1
961.95123,455.26657,33.2724,28.832977,0.050957114,1,-1,-1
874.5383,60.20285,25.875977,35.65999,0.050715506,4,-1,-1
605.21014,0.29119742,51.929565,23.11116,0.05022928,5,-1,-1
843.50006,44.408627,22.088196,43.323322,0.05003667,1,-1,-1
