414.28955,193.25325,39.410217,22.069824,0.8816396,10,-1,-1
4.1678023,726.97736,108.78626,52.14673,0.6960242,7,-1,-1
489.64148,173.59442,26.74237,39.782715,0.6951871,1,-1,-1
261.3711,544.4859,76.44821,43.81378,0.54314464,1,-1,-1
1345.5751,502.9237,30.18872,57.64099,0.5327044,6,-1,-1
18.785734,538.59973,104.396454,41.80078,0.50982136,6,-1,-1
4.3177266,726.69446,107.714905,52.346924,0.41634098,10,-1,-1
483.49448,171.96028,22.709839,34.55536,0.34337556,1,-1,-1
400.31537,351.7572,40.294342,22.047821,0.32963282,10,-1,-1
30.964693,548.4539,26.440954,32.387207,0.26046178,2,-1,-1
8.291186,687.95056,113.04209,38.335205,0.25688326,10,-1,-1
1.6221429,0.0,165.83498,53.28266,0.2527452,9,-1,-1
423.887,253.73772,29.773285,25.682571,0.22819358,10,-1,-1
480.78265,162.49489,21.128357,31.98616,0.22481334,1,-1,-1
523.00085,179.1862,24.381226,30.10353,0.21494824,1,-1,-1
410.67575,460.65417,38.530853,17.023773,0.2023325,4,-1,-1
46.103996,0.81111956,124.964195,35.71715,0.1922538,9,-1,-1
2.004463,1.116855,164.00992,51.218773,0.15705222,6,-1,-1
416.49695,254.0864,37.239807,24.302185,0.15538463,3,-1,-1
516.748,549.34015,28.030762,21.652039,0.15384862,10,-1,-1
488.44223,157.65034,23.672821,31.916946,0.15223083,1,-1,-1
493.59082,147.005,28.017883,22.944183,0.15206635,1,-1,-1
260.82965,545.0772,76.615814,43.347595,0.15069014,3,-1,-1
423.887,253.73772,29.773285,25.682571,0.1386677,2,-1,-1
261.3711,544.4859,76.44821,43.81378,0.13771841,10,-1,-1
0.64054465,20.51001,143.22624,79.5412,0.13769251,9,-1,-1
421.37433,9.498921,36.074585,21.319172,0.13699728,5,-1,-1
384.70267,228.69621,20.228882,36.665024,0.13617763,1,-1,-1
416.3018,7.52823,41.79123,20.228088,0.13557193,4,-1,-1
477.09546,169.11029,21.00653,36.40541,0.11997992,1,-1,-1
3.3388479,729.535,108.78152,47.17157,0.11959773,6,-1,-1
115.28634,439.94012,16.45765,46.05777,0.11864373,1,-1,-1
24.614601,500.80746,109.0317,39.011017,0.11714381,4,-1,-1
407.92822,244.546,39.528748,26.229874,0.11542338,3,-1,-1
438.17197,3.7200632,34.281982,20.58817,0.11338079,7,-1,-1
414.09103,246.70792,37.47467,28.051117,0.11255276,10,-1,-1
8.212621,686.3273,109.479866,42.606506,0.1125111,7,-1,-1
432.44095,9.103993,32.637207,21.842693,0.10601616,7,-1,-1
424.6139,254.63536,29.657043,25.990341,0.10552016,1,-1,-1
445.13235,43.09159,34.550385,18.77248,0.104668826,5,-1,-1
404.2286,279.4198,26.929047,55.377045,0.09987548,4,-1,-1
414.55426,193.35301,38.76599,22.12082,0.098602444,3,-1,-1
421.37433,9.498921,36.074585,21.319172,0.09728736,6,-1,-1
10.977008,643.7151,124.02605,36.73108,0.09633276,10,-1,-1
415.65182,179.23256,32.232697,21.57869,0.094288796,10,-1,-1
402.64603,240.8054,31.229431,27.028702,0.09393388,3,-1,-1
432.44095,9.103993,32.637207,21.842693,0.09301975,4,-1,-1
482.80258,151.78215,25.198242,24.832,0.09071222,1,-1,-1
504.13058,145.73209,23.56662,27.123825,0.08897424,1,-1,-1
30.964693,548.4539,26.440954,32.387207,0.08755049,1,-1,-1
432.44095,9.103993,32.637207,21.842693,0.08624357,8,-1,-1
24.614601,500.80746,109.0317,39.011017,0.083676726,6,-1,-1
10.977008,643.7151,124.02605,36.73108,0.082594246,1,-1,-1
414.08237,16.145807,37.821014,20.35018,0.07843688,4,-1,-1
431.10104,258.85992,21.879333,43.973816,0.07742426,10,-1,-1
30.70485,500.1737,103.901794,37.955566,0.076943964,5,-1,-1
499.43298,146.90141,28.385742,23.576645,0.075633824,10,-1,-1
414.9682,16.137888,35.910675,20.717218,0.07431555,5,-1,-1
516.3961,174.99864,21.120728,33.130234,0.073670834,1,-1,-1
30.70485,500.1737,103.901794,37.955566,0.073571295,8,-1,-1
19.26904,541.2797,100.60321,37.757202,0.073412895,4,-1,-1
262.37598,545.5162,74.24176,41.496887,0.07292172,2,-1,-1
0.0,592.7063,151.36438,50.14612,0.072408676,6,-1,-1
404.2286,279.4198,26.929047,55.377045,0.07112178,5,-1,-1
59.19817,347.0581,20.389782,38.918915,0.06971511,1,-1,-1
409.39462,259.70422,38.035065,22.78717,0.06951043,3,-1,-1
516.748,549.34015,28.030762,21.652039,0.069331974,3,-1,-1
391.068,234.32838,32.966644,25.37944,0.06914291,3,-1,-1
402.64603,240.8054,31.229431,27.028702,0.06663358,10,-1,-1
404.70627,258.8995,38.98999,71.73294,0.06522322,4,-1,-1
0.0,233.26321,118.66695,72.97049,0.06489059,1,-1,-1
506.06012,154.98698,21.698975,31.636566,0.0647057,1,-1,-1
438.17197,3.7200632,34.281982,20.58817,0.06404579,8,-1,-1
109.31619,603.0165,45.317825,17.67273,0.06389803,10,-1,-1
494.77765,146.97205,30.339539,20.852707,0.06389475,2,-1,-1
443.57437,43.03303,33.5307,19.62431,0.06384969,4,-1,-1
497.22156,649.00806,36.06006,79.24335,0.06195876,9,-1,-1
431.10104,258.85992,21.879333,43.973816,0.061587214,1,-1,-1
522.39716,180.45284,25.310425,28.348297,0.06151244,2,-1,-1
110.95912,603.3579,44.035416,17.815063,0.061018705,3,-1,-1
520.1914,33.93295,21.009033,27.479652,0.06068054,1,-1,-1
410.86325,173.09074,33.164917,16.531296,0.060322285,10,-1,-1
10.977008,643.7151,124.02605,36.73108,0.059428513,3,-1,-1
106.58632,442.92096,15.913033,43.884033,0.05912009,1,-1,-1
4.913736,726.53845,107.381195,52.413696,0.058974862,4,-1,-1
437.8697,62.922497,27.54358,26.671383,0.058968008,4,-1,-1
115.28634,439.94012,16.45765,46.05777,0.056478947,2,-1,-1
438.17197,3.7200632,34.281982,20.58817,0.05642563,4,-1,-1
436.07275,7.6751094,29.656982,23.227497,0.05621779,5,-1,-1
380.73727,224.985,28.625244,24.824493,0.05597359,1,-1,-1
430.36475,271.8886,21.92517,51.43921,0.05583656,10,-1,-1
495.4424,180.53639,29.418243,30.474228,0.0556539,1,-1,-1
418.3325,186.6649,30.41217,28.728058,0.054935575,2,-1,-1
41.286823,547.46985,20.932522,36.22119,0.054884225,2,-1,-1
403.94833,253.74297,30.765198,25.613846,0.054816127,3,-1,-1
400.45844,349.8024,38.120728,23.822754,0.054593444,1,-1,-1
918.5418,422.77548,39.77997,17.101135,0.05458948,4,-1,-1
416.3018,7.52823,41.79123,20.228088,0.054321647,7,-1,-1
491.5154,158.68515,29.071136,39.89743,0.053809255,1,-1,-1
6.3432894,363.34232,19.384098,37.85669,0.053359002,5,-1,-1
30.70485,500.1737,103.901794,37.955566,0.0529114,7,-1,-1
5.0279503,726.351,107.10303,52.595276,0.052621156,2,-1,-1
430.36475,271.8886,21.92517,51.43921,0.0520027,4,-1,-1
409.39462,259.70422,38.035065,22.78717,0.05193761,10,-1,-1
431.10104,258.85992,21.879333,43.973816,0.051819593,3,-1,-1
59.614727,0.33871594,107.826385,34.279583,0.05147758,6,-1,-1
438.17197,3.7200632,34.281982,20.58817,0.05126235,5,-1,-1
480.7145,166.63646,21.907562,33.897064,0.05095017,2,-1,-1
400.6448,352.02438,40.936066,22.26538,0.05084783,3,-1,-1
432.0492,255.40979,24.893951,28.817749,0.050557077,3,-1,-1
0.0,232.98273,118.96356,73.06647,0.050482243,5,-1,-1
