552.03015,349.0792,26.82843,38.316162,0.68648815,2,-1,-1
1126.3823,287.57217,19.47998,23.599823,0.66003156,2,-1,-1
1066.9419,305.6823,16.687256,22.26651,0.6178186,2,-1,-1
254.17044,335.60577,39.696167,28.66095,0.56660503,3,-1,-1
1042.7134,353.94922,20.50293,25.722168,0.53581053,1,-1,-1
201.72267,332.39334,35.371094,44.00815,0.5323863,3,-1,-1
345.51392,193.97217,15.028656,23.725708,0.52620775,1,-1,-1
852.2999,301.31284,41.126343,20.089813,0.51391554,3,-1,-1
347.88998,287.63388,17.085754,20.472687,0.5099546,2,-1,-1
345.2938,294.69095,35.892426,17.581238,0.4984467,3,-1,-1
1114.5511,291.64532,35.70691,21.475311,0.48292395,3,-1,-1
1024.9069,356.24557,38.348022,23.387024,0.48258272,3,-1,-1
1055.9165,313.74384,38.29248,17.702606,0.48102647,3,-1,-1
1009.83594,315.65268,30.81836,15.90802,0.46937764,3,-1,-1
983.1732,600.719,24.442505,23.119873,0.4511996,1,-1,-1
352.3013,347.09824,14.426697,13.079742,0.43247473,2,-1,-1
1017.97534,310.8126,14.582397,16.234161,0.4274692,2,-1,-1
895.24335,293.67804,21.061829,16.252167,0.4148339,3,-1,-1
346.40414,290.1965,28.127686,20.639465,0.4108745,2,-1,-1
897.1053,293.892,19.450684,15.729248,0.40849763,2,-1,-1
345.7014,194.86984,14.795959,22.866608,0.3801056,2,-1,-1
839.2127,413.44946,15.947998,24.533691,0.3757973,1,-1,-1
1384.0673,308.85165,15.453491,19.909119,0.37445524,1,-1,-1
100.62268,181.12175,26.633774,23.947083,0.37249643,1,-1,-1
560.2171,424.91644,42.772156,18.08313,0.36125255,3,-1,-1
375.4515,345.09708,17.252594,18.295074,0.35011548,1,-1,-1
1063.0009,306.45895,21.139038,21.147675,0.34723914,1,-1,-1
1055.9165,313.74384,38.29248,17.702606,0.33615863,10,-1,-1
347.71222,288.93213,23.879578,21.755188,0.32792863,3,-1,-1
1057.2411,307.98395,33.787354,21.475037,0.3205636,2,-1,-1
834.7125,422.6502,19.861694,22.890503,0.31449845,1,-1,-1
1042.7134,353.94922,20.50293,25.722168,0.30846596,2,-1,-1
1060.3354,306.82297,26.44983,21.21051,0.3072884,3,-1,-1
1114.5105,292.29706,35.627686,21.161743,0.3066294,2,-1,-1
552.4342,349.07913,26.424988,38.269928,0.30214792,1,-1,-1
1011.81854,311.1933,24.278137,17.310516,0.30041456,1,-1,-1
894.8712,293.51633,20.766968,16.374908,0.2980625,1,-1,-1
1109.9978,300.22656,42.807617,15.5234375,0.26113647,3,-1,-1
862.2174,299.541,24.40564,18.66101,0.256742,3,-1,-1
348.76407,344.8166,19.991425,19.039185,0.2531837,2,-1,-1
352.2852,335.10956,15.200653,24.414307,0.2521543,2,-1,-1
1009.83594,315.65268,30.81836,15.90802,0.24900052,10,-1,-1
1013.53217,314.67166,24.299988,16.77475,0.24726033,2,-1,-1
1384.5276,308.22638,14.993164,20.872406,0.24548641,2,-1,-1
1384.5276,308.22638,14.993164,20.872406,0.24508387,10,-1,-1
1022.6533,360.57135,29.855347,16.13623,0.24242586,3,-1,-1
864.60736,299.2698,19.063843,18.417877,0.24043119,2,-1,-1
425.35165,347.83316,8.638153,17.78534,0.23702574,1,-1,-1
839.2127,413.44946,15.947998,24.533691,0.23386839,2,-1,-1
840.0372,413.8724,11.2907715,15.821381,0.2329145,1,-1,-1
1117.0999,293.3799,33.75354,19.870148,0.22817054,10,-1,-1
232.58508,331.03668,52.283752,31.413849,0.22547227,3,-1,-1
899.7149,290.47675,13.99762,15.093903,0.22477588,2,-1,-1
348.7981,287.68015,19.056793,20.899536,0.2225886,1,-1,-1
98.9723,179.21103,20.486511,18.92685,0.22138292,1,-1,-1
107.16027,155.91454,25.876656,20.502289,0.21628353,1,-1,-1
1018.77057,311.04834,13.568665,15.433472,0.21588096,1,-1,-1
352.7227,347.17136,14.075775,12.86972,0.21574813,1,-1,-1
109.60014,157.33653,21.226776,15.823517,0.20252812,2,-1,-1
1009.67035,310.69153,25.078308,16.731995,0.19945854,3,-1,-1
837.8319,422.2775,17.868958,23.698639,0.19457465,2,-1,-1
101.36565,181.06761,23.54132,20.96753,0.19058317,10,-1,-1
837.0463,417.29126,14.949341,16.717957,0.1887419,1,-1,-1
1024.965,355.23633,38.49109,24.268982,0.185195,10,-1,-1
1027.7839,358.47195,32.519897,22.284668,0.18106756,2,-1,-1
842.2028,424.5276,11.2229,13.516815,0.17132625,1,-1,-1
899.5241,292.79062,12.707336,14.453766,0.17051929,1,-1,-1
1059.3193,307.2053,25.832764,20.4805,0.17022908,10,-1,-1
856.9191,302.2337,35.781982,16.049469,0.16895649,10,-1,-1
198.51051,328.87808,39.727478,48.119507,0.16792032,7,-1,-1
870.0201,302.65982,17.336853,14.348511,0.16791251,2,-1,-1
1039.4392,358.63696,18.929932,18.45871,0.16772273,2,-1,-1
1390.6232,325.01685,8.897583,17.943176,0.16597736,1,-1,-1
1015.741,315.07477,24.214539,16.820007,0.16251239,1,-1,-1
983.1732,600.719,24.442505,23.119873,0.1618303,2,-1,-1
104.9457,183.25229,16.757492,16.6109,0.15872979,1,-1,-1
213.43639,333.68384,46.697433,40.216522,0.15725341,3,-1,-1
1125.954,287.834,19.508057,23.35904,0.15710717,3,-1,-1
382.23795,341.51175,50.913574,26.415924,0.15623271,8,-1,-1
895.0323,294.39633,23.277222,15.088257,0.15529427,10,-1,-1
352.54932,334.97617,14.684662,23.663727,0.15086776,1,-1,-1
864.7384,302.35712,28.691101,18.30841,0.15065861,2,-1,-1
863.333,307.6534,29.307251,13.930267,0.15058976,3,-1,-1
1119.2291,290.34332,28.799805,20.807434,0.14872363,1,-1,-1
1029.3097,361.08704,20.851807,14.767578,0.14671874,2,-1,-1
198.51051,328.87808,39.727478,48.119507,0.14615166,10,-1,-1
376.73932,345.3094,19.175385,17.470917,0.14341056,2,-1,-1
1024.9094,356.9069,38.04492,23.189117,0.14242283,1,-1,-1
869.85895,303.44232,23.15979,14.908142,0.14062399,3,-1,-1
1055.9275,307.85593,36.995728,22.280182,0.1405997,1,-1,-1
839.77625,417.795,20.252625,28.020447,0.1404106,1,-1,-1
345.22858,290.6261,32.572906,21.141937,0.1395928,1,-1,-1
862.2174,299.541,24.40564,18.66101,0.13760933,1,-1,-1
546.63806,349.67282,34.075806,36.110992,0.13583067,10,-1,-1
837.356,412.90262,14.683289,17.030426,0.13496742,2,-1,-1
1029.3097,361.08704,20.851807,14.767578,0.13441247,1,-1,-1
1383.9929,311.70224,15.527832,18.192719,0.13435781,3,-1,-1
382.23795,341.51175,50.913574,26.415924,0.13313094,3,-1,-1
890.8432,289.67798,20.486145,21.21585,0.1322723,2,-1,-1
99.960625,180.05362,13.654724,14.053925,0.13184857,1,-1,-1
1021.17926,311.03482,9.891907,11.825287,0.13120055,2,-1,-1
101.69526,157.42165,23.804558,21.741745,0.12847811,1,-1,-1
1073.9032,305.4866,19.140991,22.357727,0.1283522,2,-1,-1
381.98657,341.85583,51.897644,26.172699,0.1278227,10,-1,-1
348.34433,345.743,21.10434,18.98471,0.12605432,1,-1,-1
794.61914,396.89355,12.435913,20.988342,0.12563857,1,-1,-1
1043.3695,356.16187,21.71753,24.788177,0.12558115,3,-1,-1
352.63037,334.97562,14.920685,24.774445,0.12151489,3,-1,-1
402.70483,51.77658,16.000122,16.189232,0.11907396,1,-1,-1
1039.4392,358.63696,18.929932,18.45871,0.118762046,1,-1,-1
192.03133,320.8252,56.611557,53.20938,0.11673653,8,-1,-1
839.0114,429.4215,17.226257,18.230438,0.116382,1,-1,-1
536.21075,420.8745,63.280334,23.97583,0.116372526,3,-1,-1
382.7549,341.32474,52.17404,26.521729,0.11511049,7,-1,-1
254.32814,335.95004,39.85045,28.074066,0.11470115,10,-1,-1
189.58609,318.6024,66.585205,56.246094,0.11458528,7,-1,-1
346.89664,292.58618,31.533234,19.599579,0.1118072,10,-1,-1
110.56898,158.13925,18.098885,14.317123,0.11024344,1,-1,-1
101.36565,181.06761,23.54132,20.96753,0.110067904,2,-1,-1
108.65686,157.13065,24.690536,16.345947,0.10988158,10,-1,-1
1030.0178,350.55728,27.630249,22.831482,0.108909935,2,-1,-1
1389.3025,311.45087,10.218262,13.823639,0.10728222,2,-1,-1
553.24786,427.71442,51.162903,24.718353,0.10682386,3,-1,-1
842.2976,424.57843,10.878723,13.612762,0.10657579,2,-1,-1
842.9264,296.3682,48.621277,24.858734,0.105849385,10,-1,-1
1388.061,316.91577,11.459717,12.540802,0.10574776,1,-1,-1
1018.02124,317.3131,15.891724,12.092438,0.1056813,2,-1,-1
855.9785,240.34668,14.128601,18.82956,0.10490969,1,-1,-1
517.8048,429.01263,40.619263,13.534424,0.10395476,3,-1,-1
360.71326,347.04587,25.020264,18.300934,0.103833914,2,-1,-1
102.3495,157.80998,23.885376,20.902954,0.10231361,2,-1,-1
1390.5033,324.23273,9.017456,19.424988,0.10209626,2,-1,-1
345.7523,193.77971,14.893372,24.344772,0.10204989,10,-1,-1
343.35736,341.06876,28.412292,27.0766,0.10141173,2,-1,-1
856.15295,296.5597,31.8797,27.325775,0.10136187,2,-1,-1
534.0264,351.3522,41.458252,36.621307,0.10095665,2,-1,-1
1009.67035,310.69153,25.078308,16.731995,0.10054666,10,-1,-1
1387.6973,302.69025,11.823486,21.504517,0.10041386,1,-1,-1
381.38184,347.1246,13.463562,14.311096,0.09981671,1,-1,-1
1120.5188,289.17047,19.704956,25.267334,0.09979111,2,-1,-1
346.65884,195.29938,10.543457,15.614365,0.09945512,2,-1,-1
1389.3025,311.45087,10.218262,13.823639,0.09869182,1,-1,-1
340.55435,299.24933,41.30606,20.026825,0.09677893,3,-1,-1
852.2999,301.31284,41.126343,20.089813,0.09651187,7,-1,-1
1061.6859,308.79364,17.424683,15.752319,0.096128285,2,-1,-1
1388.5945,316.82947,10.92627,13.246765,0.09550172,2,-1,-1
1009.5585,319.0006,22.69873,10.283081,0.094839364,3,-1,-1
352.63037,334.97562,14.920685,24.774445,0.09483421,10,-1,-1
843.2027,427.85486,9.966919,15.37912,0.09449622,1,-1,-1
1010.46643,311.5804,20.111938,13.313019,0.09428328,2,-1,-1
100.392624,179.9689,22.924416,20.983994,0.09401631,3,-1,-1
198.21411,135.88539,28.11174,45.125153,0.093678415,4,-1,-1
853.1625,301.52106,40.242188,19.79831,0.09359273,1,-1,-1
350.83026,294.36612,17.888245,15.069275,0.09307128,2,-1,-1
842.65204,417.9742,10.025452,13.444489,0.09185526,1,-1,-1
106.160614,153.56935,29.333313,23.983902,0.09153044,2,-1,-1
342.01794,285.36166,35.795135,32.160004,0.090899944,3,-1,-1
851.8736,297.18958,32.64148,16.245544,0.09072548,3,-1,-1
1024.5033,356.81955,38.462524,23.15857,0.09054625,7,-1,-1
112.64498,159.1,11.430962,13.07251,0.09031305,2,-1,-1
109.92232,185.38657,16.21379,16.998672,0.0900394,1,-1,-1
1022.88525,311.77734,14.062134,13.690491,0.08900952,2,-1,-1
563.36804,426.60098,39.740967,14.264191,0.08900818,10,-1,-1
867.3593,301.43277,11.421387,13.5590515,0.08768904,2,-1,-1
825.7441,226.32295,17.808838,20.248123,0.08751708,1,-1,-1
1034.9387,354.96118,27.348633,17.307434,0.086857826,3,-1,-1
1018.05817,314.64203,16.212097,15.660187,0.08685562,3,-1,-1
1114.5511,291.64532,35.70691,21.475311,0.08667657,7,-1,-1
1017.97046,307.44058,21.29126,28.64035,0.08612183,2,-1,-1
835.37054,415.55466,18.556519,20.582977,0.08522585,3,-1,-1
874.98566,297.74905,15.39679,23.51065,0.085222304,2,-1,-1
1384.0673,308.85165,15.453491,19.909119,0.08515403,4,-1,-1
345.7014,194.86984,14.795959,22.866608,0.08494812,4,-1,-1
1067.1744,312.25763,18.872314,18.500061,0.08440754,3,-1,-1
860.4274,297.0382,25.600037,17.819855,0.08355492,10,-1,-1
564.0698,431.3082,37.260437,15.766327,0.08322379,3,-1,-1
839.16614,429.99,12.906067,11.1744995,0.083220094,1,-1,-1
1057.1099,313.29523,11.540649,11.285095,0.082767695,2,-1,-1
1022.0997,318.46808,17.259949,11.443787,0.08275035,2,-1,-1
254.32814,335.95004,39.85045,28.074066,0.08219358,7,-1,-1
861.95,297.51422,15.496643,26.325745,0.0819186,2,-1,-1
864.88525,296.7874,16.3172,17.702026,0.081542075,1,-1,-1
1018.02124,317.3131,15.891724,12.092438,0.081521094,1,-1,-1
910.16296,191.39204,99.84119,52.81897,0.081201375,6,-1,-1
103.61401,323.31354,20.382996,17.285889,0.081086785,1,-1,-1
198.10484,137.2414,28.327316,44.07515,0.08008388,1,-1,-1
1005.72473,306.52298,39.43701,24.486206,0.08007142,3,-1,-1
837.9208,407.78665,22.698303,22.983276,0.08002618,1,-1,-1
71.02376,318.63528,55.062042,25.54779,0.07954195,1,-1,-1
1134.0309,286.0691,16.622803,26.910797,0.07907277,2,-1,-1
1381.4617,313.1878,18.059082,23.433655,0.0781948,1,-1,-1
1024.965,355.23633,38.49109,24.268982,0.07805851,8,-1,-1
368.59232,192.92572,8.331024,16.472153,0.077804625,1,-1,-1
111.61247,160.74103,15.513733,16.860474,0.0776231,2,-1,-1
839.5727,424.22058,11.585449,10.152954,0.07751569,1,-1,-1
834.2623,418.58148,19.777222,15.649048,0.07694742,2,-1,-1
75.8962,27.217472,18.813622,24.981125,0.076794595,1,-1,-1
192.11238,320.50467,53.236374,51.566833,0.076049864,3,-1,-1
381.98657,341.85583,51.897644,26.172699,0.075475544,1,-1,-1
889.13,289.15192,29.281921,23.61139,0.075252146,3,-1,-1
861.19635,292.13113,33.49243,20.54486,0.07513133,3,-1,-1
856.1236,240.418,13.933533,18.711365,0.07501626,2,-1,-1
197.8616,318.2048,91.20065,51.482025,0.074783,8,-1,-1
894.384,289.43008,27.745728,24.335846,0.07472256,2,-1,-1
99.18847,179.5972,18.492706,17.61473,0.07436183,2,-1,-1
205.33095,320.0358,79.04048,48.713898,0.07403809,7,-1,-1
834.7125,422.6502,19.861694,22.890503,0.07398397,10,-1,-1
1123.9214,287.20343,22.444336,22.997955,0.0739131,10,-1,-1
1069.2871,317.94058,24.33081,11.697754,0.07352784,3,-1,-1
1387.6973,302.69025,11.823486,21.504517,0.07333967,2,-1,-1
343.70743,291.26266,38.785614,21.54895,0.072838694,7,-1,-1
841.82837,416.20294,11.214722,16.015656,0.0727582,2,-1,-1
102.5738,157.17792,24.833755,21.929077,0.072743714,10,-1,-1
1066.8912,305.14703,28.530273,24.720001,0.07262552,3,-1,-1
350.28223,195.07956,9.319855,18.131317,0.07255286,2,-1,-1
335.17255,289.74728,26.791382,19.301453,0.0725151,2,-1,-1
899.6812,292.08896,23.22992,20.2724,0.072396904,3,-1,-1
344.13086,193.57233,17.61621,23.542572,0.072003126,3,-1,-1
1055.9165,313.74384,38.29248,17.702606,0.071685255,7,-1,-1
99.17399,179.32184,19.000015,17.908936,0.07140559,10,-1,-1
852.2999,301.31284,41.126343,20.089813,0.07136506,8,-1,-1
836.55945,413.7566,16.838135,22.303741,0.07117155,10,-1,-1
1027.795,360.59164,25.083374,15.986847,0.07104534,10,-1,-1
855.189,296.1183,25.529419,17.892548,0.07102081,2,-1,-1
112.291626,161.79536,14.719894,15.827896,0.07089996,1,-1,-1
834.7125,422.6502,19.861694,22.890503,0.07086766,3,-1,-1
368.58527,192.37791,8.635925,15.638031,0.07079142,2,-1,-1
1390.5033,324.23273,9.017456,19.424988,0.07074106,10,-1,-1
1030.7839,361.49295,17.598633,13.497192,0.07059556,3,-1,-1
909.72437,192.76076,96.33093,50.687103,0.070396155,8,-1,-1
872.0807,302.3414,20.388672,16.561005,0.07011399,1,-1,-1
421.28772,348.23706,14.805115,20.525269,0.06972444,1,-1,-1
1130.425,286.7529,16.849854,23.149445,0.06926584,1,-1,-1
347.13266,337.3911,17.55951,17.557281,0.069140494,2,-1,-1
837.46564,298.41446,51.607727,28.155273,0.06887835,3,-1,-1
289.56363,141.59644,108.57947,60.938416,0.06887376,6,-1,-1
197.8616,318.2048,91.20065,51.482025,0.06858504,3,-1,-1
71.02376,318.63528,55.062042,25.54779,0.0685651,10,-1,-1
1109.7,290.4837,22.410522,20.891205,0.06788716,2,-1,-1
1022.0997,318.46808,17.259949,11.443787,0.06764954,1,-1,-1
200.31322,328.4365,36.237137,48.87375,0.067091405,1,-1,-1
344.25128,331.71225,28.694458,27.005646,0.06678763,2,-1,-1
236.90701,342.14337,40.79886,25.860931,0.06677899,3,-1,-1
349.73074,289.44537,11.677734,14.870453,0.06669554,2,-1,-1
193.72307,321.84793,42.944412,56.0896,0.06643233,2,-1,-1
104.19097,182.59106,12.645134,11.824326,0.0662286,1,-1,-1
71.02376,318.63528,55.062042,25.54779,0.065986186,3,-1,-1
213.68378,328.22195,21.75534,41.24008,0.065766305,3,-1,-1
198.34303,134.88873,28.28537,46.932465,0.06576583,10,-1,-1
350.3705,197.52263,9.341583,19.00557,0.06575519,1,-1,-1
1054.3035,309.69424,21.156738,16.739899,0.0656687,2,-1,-1
1019.04517,309.00974,18.730957,24.953339,0.06555316,3,-1,-1
829.74,428.0101,22.723389,26.026855,0.0655162,1,-1,-1
899.04315,290.40848,15.316467,15.996643,0.06500462,3,-1,-1
1041.6315,353.56677,22.185303,24.094269,0.06497407,10,-1,-1
1011.2056,317.66766,17.699768,12.158356,0.06491685,2,-1,-1
375.03384,344.80307,17.65744,18.86972,0.06476024,3,-1,-1
195.80586,76.815796,23.149658,30.544258,0.06456089,2,-1,-1
360.71326,347.04587,25.020264,18.300934,0.06420922,1,-1,-1
201.72267,332.39334,35.371094,44.00815,0.064157575,8,-1,-1
835.5,433.02994,16.752014,12.988861,0.063779205,1,-1,-1
1384.254,308.55078,15.266724,20.455933,0.06368169,8,-1,-1
348.7254,302.1743,29.463959,12.099243,0.06345412,3,-1,-1
334.30414,290.35767,33.586212,19.105225,0.0634532,3,-1,-1
349.77283,289.3158,11.357178,15.685059,0.0633114,1,-1,-1
1067.0656,315.91022,19.231201,13.658752,0.063111275,2,-1,-1
1382.4683,314.8405,17.05249,19.689636,0.06285605,2,-1,-1
346.89664,292.58618,31.533234,19.599579,0.06279585,4,-1,-1
353.47458,342.45142,11.709442,14.411804,0.06277433,2,-1,-1
838.0561,408.43103,22.04834,20.755646,0.06257215,2,-1,-1
1043.0663,363.7883,12.23938,11.75528,0.06255153,2,-1,-1
1007.81445,307.33746,37.129517,25.089752,0.062049866,1,-1,-1
101.36565,181.06761,23.54132,20.96753,0.061463505,4,-1,-1
232.58508,331.03668,52.283752,31.413849,0.061378628,10,-1,-1
380.1382,340.0593,17.82077,20.908234,0.060903043,1,-1,-1
1047.758,354.79913,13.054565,16.555939,0.06076178,2,-1,-1
198.45361,139.2833,27.985611,41.64157,0.060660034,5,-1,-1
1011.14386,312.3905,17.619202,11.836304,0.060545087,1,-1,-1
348.7981,287.68015,19.056793,20.899536,0.060396105,10,-1,-1
371.2648,344.03485,31.797607,23.123901,0.060193926,1,-1,-1
1388.061,316.91577,11.459717,12.540802,0.060189366,10,-1,-1
1044.3154,303.45587,47.272705,26.055267,0.05989057,3,-1,-1
1045.5493,316.87747,43.512573,18.805237,0.059659034,3,-1,-1
1384.0673,308.85165,15.453491,19.909119,0.059476614,7,-1,-1
371.2648,344.03485,31.797607,23.123901,0.05934775,2,-1,-1
1195.1453,183.0657,44.79651,72.20982,0.059333384,4,-1,-1
111.32032,189.7949,16.97512,16.789688,0.05921513,1,-1,-1
855.9785,240.34668,14.128601,18.82956,0.059039354,10,-1,-1
355.6226,349.93085,8.997864,10.230347,0.058987856,2,-1,-1
1390.5033,324.23273,9.017456,19.424988,0.058501035,3,-1,-1
340.18088,193.08156,18.597778,19.20819,0.058464587,2,-1,-1
878.75916,303.55368,34.794067,17.69934,0.058375,3,-1,-1
1032.3966,352.7541,37.68982,31.289856,0.0581581,2,-1,-1
101.03694,181.82607,12.818504,11.916473,0.058062166,2,-1,-1
1011.2056,317.66766,17.699768,12.158356,0.057952344,1,-1,-1
871.59784,292.50348,19.813354,21.391357,0.057708204,2,-1,-1
109.69276,157.04628,26.927193,16.499573,0.057662725,3,-1,-1
291.87762,102.02294,43.824615,30.89753,0.057650805,10,-1,-1
1057.0221,313.62424,36.906982,18.147217,0.057375878,4,-1,-1
1131.9242,293.43726,16.562988,16.436218,0.057249665,2,-1,-1
205.68727,337.26788,32.83748,38.19339,0.057214797,2,-1,-1
346.89664,292.58618,31.533234,19.599579,0.057162136,8,-1,-1
351.55365,346.13898,16.078613,15.320831,0.057126462,3,-1,-1
1063.4216,314.8667,25.557617,15.342133,0.056987643,1,-1,-1
346.65884,195.29938,10.543457,15.614365,0.05671969,1,-1,-1
515.71265,423.75595,55.134583,22.02835,0.056688994,3,-1,-1
1353.854,223.20158,8.665283,9.962921,0.0566369,1,-1,-1
889.44385,288.8602,23.023926,23.00772,0.056543708,1,-1,-1
1025.1495,365.50418,30.505615,15.078613,0.056429237,3,-1,-1
427.5288,349.6421,8.35788,13.914581,0.056209534,1,-1,-1
343.74756,188.87096,22.190765,24.122711,0.056094885,2,-1,-1
351.55365,346.13898,16.078613,15.320831,0.0560295,10,-1,-1
70.87855,319.28165,58.1522,25.288818,0.055895388,7,-1,-1
599.01636,206.54128,10.560486,18.715515,0.055648357,1,-1,-1
1372.2961,254.17648,8.565063,7.2542114,0.055548877,1,-1,-1
1022.2683,313.6921,9.081055,14.637573,0.05543369,2,-1,-1
289.99985,98.627144,45.318542,31.959557,0.055155963,1,-1,-1
1134.2865,288.48157,12.843384,17.28601,0.055081606,2,-1,-1
194.6851,61.211117,24.831085,46.47321,0.054990858,1,-1,-1
1040.1478,354.94638,16.777466,15.503571,0.054945856,2,-1,-1
1049.9135,306.3823,28.85083,17.617706,0.054575175,3,-1,-1
1009.83594,315.65268,30.81836,15.90802,0.05450189,8,-1,-1
100.80927,183.96237,12.084396,15.234421,0.054414213,1,-1,-1
877.6538,305.54123,11.637268,13.013062,0.05399689,2,-1,-1
1386.9037,315.2871,10.946045,9.504272,0.053885758,2,-1,-1
1022.88525,311.77734,14.062134,13.690491,0.053800136,1,-1,-1
95.76549,174.07196,33.0625,30.338882,0.053544044,10,-1,-1
546.63806,349.67282,34.075806,36.110992,0.053525925,3,-1,-1
96.60963,151.59067,33.20556,33.100906,0.05337161,1,-1,-1
841.7136,431.7452,13.666138,15.0651245,0.05335763,2,-1,-1
909.72437,192.76076,96.33093,50.687103,0.053341597,7,-1,-1
1366.8512,300.6599,32.669556,27.761444,0.053307086,1,-1,-1
232.58508,331.03668,52.283752,31.413849,0.053291947,7,-1,-1
306.5832,139.71779,18.463501,27.238098,0.053250372,2,-1,-1
1071.1969,312.52603,19.8833,18.989838,0.0531992,2,-1,-1
57.39703,170.65013,11.075787,17.445694,0.052861214,1,-1,-1
560.7349,424.70612,42.214294,18.238647,0.052670002,1,-1,-1
101.170685,160.22955,25.326088,20.57515,0.052659243,3,-1,-1
1127.1298,295.35693,23.001831,21.99057,0.052606463,3,-1,-1
1005.4758,307.29895,27.005249,18.70288,0.052557558,1,-1,-1
895.7196,295.10046,15.398865,10.821747,0.05234328,2,-1,-1
105.78579,183.60928,25.169716,22.638153,0.052273333,2,-1,-1
1011.1382,319.96857,27.130371,17.703308,0.052155882,3,-1,-1
568.2116,428.79742,31.751953,9.78717,0.052036077,3,-1,-1
1388.4912,302.15433,11.029541,22.394379,0.051894724,10,-1,-1
368.59232,192.92572,8.331024,16.472153,0.051855266,10,-1,-1
1039.4392,358.63696,18.929932,18.45871,0.05164373,3,-1,-1
1069.4424,307.00308,10.499634,17.735077,0.05157894,1,-1,-1
837.2255,426.2414,14.939819,14.901093,0.051562816,2,-1,-1
379.46445,346.8935,10.417114,12.897217,0.05144623,1,-1,-1
1392.5768,248.92291,6.9439697,9.3828125,0.051436424,1,-1,-1
1006.56866,307.01505,36.72223,22.129364,0.051307052,2,-1,-1
292.96683,103.20536,41.624695,29.569954,0.051288098,2,-1,-1
69.52972,318.53418,60.450203,27.078186,0.051152825,8,-1,-1
1381.2672,301.9081,18.25354,30.984955,0.051135987,3,-1,-1
345.68582,295.54956,19.44754,13.044891,0.050970018,3,-1,-1
105.78579,183.60928,25.169716,22.638153,0.05066046,10,-1,-1
871.6807,300.30048,10.026001,15.0159,0.05059126,2,-1,-1
97.23928,170.2157,19.573044,22.598083,0.05057895,1,-1,-1
1019.63464,310.72992,19.21167,19.442535,0.050468624,10,-1,-1
1057.1099,313.29523,11.540649,11.285095,0.05046287,1,-1,-1
296.6139,145.90565,110.97681,67.642746,0.05043131,7,-1,-1
833.14276,436.33548,17.841675,25.70337,0.05025938,1,-1,-1
374.41077,345.13425,18.860626,18.122131,0.05012393,10,-1,-1
