489.38885,460.61545,71.92706,37.33188,0.87837255,4,-1,-1
632.0902,591.9409,46.93689,74.61603,0.86874264,4,-1,-1
1292.7489,509.83453,40.937744,64.191284,0.85442334,1,-1,-1
500.46762,441.7248,66.47769,31.47293,0.7943388,4,-1,-1
1312.7814,528.36194,50.292603,62.808533,0.79143965,1,-1,-1
1088.6442,270.0699,42.71228,18.6792,0.7903874,4,-1,-1
635.2979,203.14784,20.052734,18.69609,0.78918374,4,-1,-1
648.8341,378.7114,26.492188,36.81195,0.778497,4,-1,-1
446.04688,566.09924,87.41858,52.99048,0.7774498,4,-1,-1
669.2177,183.04144,13.763123,15.897751,0.76413643,4,-1,-1
461.25742,532.78015,80.80069,52.31775,0.7580285,4,-1,-1
706.01404,221.65935,22.420532,38.98851,0.7564039,6,-1,-1
423.1717,600.1249,97.86395,64.66431,0.7413896,4,-1,-1
689.27515,440.6924,60.049805,127.801056,0.7387913,6,-1,-1
707.5233,103.78811,9.257202,9.690376,0.7377166,4,-1,-1
558.11475,228.06201,18.957947,19.590164,0.7343006,4,-1,-1
693.2585,150.26018,11.088013,12.662735,0.7131887,4,-1,-1
568.25,302.6069,45.79767,33.033722,0.69388276,5,-1,-1
543.0077,325.62607,7.875244,18.54242,0.68772566,1,-1,-1
701.4297,376.48444,26.979492,37.66989,0.67810756,4,-1,-1
545.0237,344.8898,47.924744,25.630524,0.66056013,5,-1,-1
1070.063,257.75998,42.46118,18.030548,0.6555033,4,-1,-1
682.04456,125.599335,21.448792,26.985199,0.6513543,6,-1,-1
577.0397,267.6486,58.4635,35.605682,0.63862455,6,-1,-1
572.9555,245.10973,20.50409,21.023941,0.63038445,4,-1,-1
550.3334,245.05133,17.698608,21.410034,0.61995614,4,-1,-1
1094.4888,244.06277,38.12915,15.780762,0.6187252,4,-1,-1
708.7554,142.99956,10.632385,11.801407,0.6064099,4,-1,-1
667.91956,89.995186,12.196289,16.992249,0.5978413,6,-1,-1
577.03625,292.8429,35.642517,20.30249,0.59720296,4,-1,-1
518.347,422.3398,60.205994,32.69055,0.5862831,4,-1,-1
685.9333,87.35318,15.157898,23.718124,0.58460426,6,-1,-1
712.8497,127.191765,11.069824,12.934166,0.5751536,4,-1,-1
537.70825,362.9376,57.594177,22.381409,0.54497546,4,-1,-1
480.61792,357.54095,18.681702,14.290497,0.52850515,10,-1,-1
697.317,187.15225,15.203491,21.021606,0.52840424,4,-1,-1
575.7621,291.8403,36.50293,20.748108,0.50930715,5,-1,-1
697.3339,186.97859,15.121948,21.014893,0.5040087,6,-1,-1
394.98706,643.24286,101.175385,78.4693,0.5014216,5,-1,-1
536.441,373.22778,51.017456,25.964844,0.4862504,5,-1,-1
1128.1244,265.6745,39.13159,21.754639,0.48551488,4,-1,-1
661.9534,245.53894,12.30835,19.608582,0.4847605,7,-1,-1
585.059,253.2214,59.000732,32.952698,0.47968838,6,-1,-1
595.7904,247.40977,26.434875,15.869186,0.47916213,4,-1,-1
620.0274,222.10335,6.7368774,15.588043,0.47179788,1,-1,-1
661.82245,245.74979,12.508423,19.229858,0.4633065,8,-1,-1
559.6999,340.94824,41.463867,23.735107,0.45904866,5,-1,-1
697.0016,119.13272,8.70105,9.031464,0.45617473,4,-1,-1
698.95325,161.33667,11.277893,16.016052,0.4547137,8,-1,-1
619.56775,114.565636,20.691895,9.188705,0.44662693,4,-1,-1
698.8579,161.23503,11.320251,15.859528,0.43937474,4,-1,-1
696.805,109.489365,8.003662,9.165092,0.43529016,4,-1,-1
645.1509,101.44214,8.681335,8.25605,0.4351242,4,-1,-1
663.9797,100.76389,8.816772,8.971161,0.43292326,4,-1,-1
664.74915,104.623726,8.948608,8.683693,0.43046203,4,-1,-1
696.6088,114.34627,8.111816,9.734276,0.42835483,4,-1,-1
582.6339,257.30942,16.797852,17.409729,0.42569044,4,-1,-1
544.95593,309.02737,7.610779,17.71289,0.41562274,1,-1,-1
396.54263,644.1835,100.280945,78.28668,0.41129848,6,-1,-1
697.3339,186.97859,15.121948,21.014893,0.40518028,5,-1,-1
655.49646,100.957504,8.587524,8.311905,0.40238994,4,-1,-1
537.70825,362.9376,57.594177,22.381409,0.40130693,5,-1,-1
654.67303,110.35611,9.7724,9.525322,0.3995826,4,-1,-1
690.8234,180.90889,6.0872803,12.010803,0.39749366,10,-1,-1
698.95325,161.33667,11.277893,16.016052,0.39482698,6,-1,-1
532.3951,328.03918,8.672974,19.776794,0.39385325,1,-1,-1
610.5313,349.37515,8.994263,14.73822,0.39321345,10,-1,-1
644.3981,110.1876,9.760376,8.482681,0.39139527,4,-1,-1
485.05646,338.8591,21.304962,12.94754,0.38202405,10,-1,-1
624.07495,100.8461,16.938171,8.043556,0.38174397,4,-1,-1
642.9936,246.54341,13.369019,19.837662,0.3798043,7,-1,-1
567.4911,303.00937,46.888733,32.119507,0.3780008,6,-1,-1
518.7939,422.3989,58.87268,32.09305,0.37772223,5,-1,-1
567.375,340.0664,34.831177,22.502197,0.37059647,4,-1,-1
698.77203,161.01956,11.40509,16.290665,0.36419868,5,-1,-1
644.619,104.94058,9.158203,7.9796906,0.3612373,4,-1,-1
639.8624,246.17041,16.814514,24.066376,0.35941654,4,-1,-1
563.2168,257.53503,7.8307495,14.692963,0.35802406,1,-1,-1
537.61005,303.0865,7.9366455,16.66861,0.3563765,1,-1,-1
536.441,373.22778,51.017456,25.964844,0.354675,4,-1,-1
470.45807,370.20773,19.016876,15.596222,0.34206527,10,-1,-1
655.2547,104.668,8.138916,7.968094,0.34043884,4,-1,-1
572.6791,245.28703,20.921265,21.0728,0.33621037,5,-1,-1
665.47217,148.21057,6.0201416,8.100113,0.33553144,10,-1,-1
563.53784,257.78116,7.30542,14.451416,0.3353541,10,-1,-1
559.174,225.52213,15.028809,14.437958,0.33468002,4,-1,-1
678.82916,153.24174,5.1261597,8.786087,0.33401218,10,-1,-1
572.1915,219.87625,14.643005,11.277695,0.32954153,10,-1,-1
696.8164,114.37322,8.134827,9.598053,0.32910508,5,-1,-1
642.92816,124.56996,14.265625,9.658905,0.32478487,4,-1,-1
643.36163,247.17711,12.214844,21.663467,0.32463804,8,-1,-1
621.9887,104.170685,18.310974,9.0683365,0.32230687,4,-1,-1
662.0123,132.73926,15.017944,14.165192,0.32035187,4,-1,-1
678.54407,152.95549,5.3917236,9.247391,0.3152443,1,-1,-1
662.0123,132.73926,15.017944,14.165192,0.30769667,6,-1,-1
607.5005,281.99844,24.648254,22.93814,0.3064797,5,-1,-1
550.1894,244.9191,17.957886,21.613953,0.30539984,5,-1,-1
657.05273,158.37544,6.2751465,9.797562,0.30166543,10,-1,-1
690.0431,440.9371,58.440125,127.90225,0.3006301,5,-1,-1
599.5043,230.6341,10.720032,9.737137,0.2994749,10,-1,-1
690.65393,178.4867,5.8776855,10.035477,0.2989752,2,-1,-1
627.6799,224.74554,6.80719,13.026901,0.2975692,1,-1,-1
625.25745,110.53078,16.159058,8.121025,0.2963897,4,-1,-1
585.17944,252.59938,57.726746,31.91597,0.29596648,5,-1,-1
644.0911,113.93938,9.693665,8.167007,0.29244393,4,-1,-1
665.61743,147.95442,5.6169434,8.274246,0.28933808,2,-1,-1
698.95325,161.33667,11.277893,16.016052,0.28793538,7,-1,-1
658.8459,66.54032,23.219727,10.244171,0.2874789,4,-1,-1
690.9066,181.23698,6.069275,11.406799,0.28470516,2,-1,-1
551.7362,221.04565,9.853394,10.228836,0.2843272,10,-1,-1
665.1595,109.34831,9.080566,8.919296,0.28392392,4,-1,-1
682.6081,126.21422,20.428528,26.44777,0.28311694,9,-1,-1
623.56714,95.40133,17.315125,8.65107,0.28305823,4,-1,-1
664.4181,248.29749,7.7665405,13.205566,0.27882877,2,-1,-1
623.33575,106.54061,18.604553,10.012482,0.2726601,4,-1,-1
690.97626,181.05174,6.099182,11.874451,0.27147663,1,-1,-1
668.6118,89.55771,11.401123,18.152542,0.27047879,5,-1,-1
665.3496,144.73228,6.7495728,8.7425995,0.26964003,10,-1,-1
610.353,349.3205,9.265869,14.724487,0.26934424,1,-1,-1
576.7963,293.0503,35.808533,19.57138,0.267459,6,-1,-1
567.5848,715.9136,26.96051,14.978394,0.26676548,3,-1,-1
1091.9602,240.92534,34.367798,14.688263,0.26492923,4,-1,-1
0.0,998.52637,105.00501,50.865967,0.26365483,4,-1,-1
446.04688,566.09924,87.41858,52.99048,0.26265848,5,-1,-1
665.7649,147.53664,5.2040405,8.481171,0.260801,1,-1,-1
661.9471,132.707,14.991272,14.179123,0.2592953,8,-1,-1
696.65845,108.80029,8.843994,11.11602,0.25764614,5,-1,-1
601.4825,230.1411,6.6329346,10.247437,0.25495124,1,-1,-1
661.87177,132.59491,15.068787,14.179428,0.25359493,5,-1,-1
544.63226,345.0396,48.318604,25.632416,0.25334036,6,-1,-1
620.39606,96.327675,8.844543,8.014954,0.25330758,4,-1,-1
484.15887,348.40356,17.871307,14.554413,0.25257796,10,-1,-1
576.80536,304.77844,39.27899,26.373291,0.2510873,4,-1,-1
655.7931,99.117905,12.481506,11.043106,0.24914518,4,-1,-1
584.87854,254.62106,41.278076,23.099396,0.24906242,6,-1,-1
545.1427,349.1103,48.18329,23.216125,0.24829969,4,-1,-1
650.75665,97.398575,13.031616,10.393646,0.24588645,4,-1,-1
599.66327,230.70248,10.452454,9.501648,0.24546158,3,-1,-1
556.773,221.7495,22.392761,15.960648,0.24301618,4,-1,-1
618.71564,118.195816,21.48584,9.390144,0.2415244,4,-1,-1
681.34344,110.37884,5.097046,8.539993,0.24093372,1,-1,-1
668.0068,89.75371,11.775391,16.576614,0.2399762,4,-1,-1
690.7874,181.65442,6.165283,10.73877,0.23647958,3,-1,-1
661.21857,245.48888,12.697144,19.287827,0.23485592,4,-1,-1
356.22156,716.5071,140.55746,194.85938,0.23424384,6,-1,-1
670.05994,123.8263,4.965027,9.169731,0.23246256,1,-1,-1
580.10565,306.1089,36.19153,21.870392,0.23206684,5,-1,-1
626.3923,224.28957,8.680542,13.646988,0.2317746,10,-1,-1
621.7566,91.31011,16.696533,9.543541,0.23144087,4,-1,-1
621.78143,97.21166,16.713806,9.986404,0.2273652,4,-1,-1
701.4297,376.48444,26.979492,37.66989,0.22688779,5,-1,-1
568.6637,219.9245,18.288818,11.016449,0.22601438,4,-1,-1
653.889,95.41125,10.438721,9.105598,0.22367242,4,-1,-1
596.44653,247.48608,25.685486,16.010132,0.22235706,5,-1,-1
534.57837,327.09378,9.517029,18.498993,0.22094709,1,-1,-1
489.2203,317.51187,39.86154,23.256104,0.21956372,4,-1,-1
664.65704,113.35103,9.932861,9.508362,0.21921188,4,-1,-1
489.20312,336.82187,21.363312,11.75293,0.21850207,10,-1,-1
644.17377,109.86887,10.527466,9.032547,0.21677884,5,-1,-1
1054.8315,568.1142,15.230591,14.905762,0.21668807,2,-1,-1
639.34625,246.43436,17.40564,23.565674,0.21653742,6,-1,-1
664.3701,69.48685,17.251099,8.677681,0.21644676,4,-1,-1
489.218,328.49142,25.165314,13.849457,0.21615887,10,-1,-1
648.84106,91.7661,9.661377,8.92218,0.21505582,4,-1,-1
549.71924,337.64093,12.617371,10.809814,0.21445304,10,-1,-1
577.37964,265.6022,59.05066,38.015167,0.21293989,5,-1,-1
696.7857,113.53686,8.71991,11.846619,0.21163774,6,-1,-1
705.996,222.76717,22.86145,38.045944,0.21100494,5,-1,-1
395.40292,643.57184,100.91901,77.92627,0.21037403,4,-1,-1
612.24426,124.71637,13.639465,9.066666,0.21011126,4,-1,-1
1128.4207,265.55008,38.943604,22.100403,0.20828378,5,-1,-1
582.8547,256.88345,17.20636,17.862701,0.20677206,5,-1,-1
606.92255,202.49219,5.781006,10.416412,0.20671362,1,-1,-1
551.7107,220.11633,17.209229,11.316681,0.20599288,4,-1,-1
697.3339,186.97859,15.121948,21.014893,0.20337653,8,-1,-1
614.5151,205.69849,14.180054,11.716187,0.20288187,7,-1,-1
423.1717,600.1249,97.86395,64.66431,0.20211977,5,-1,-1
662.3547,245.21866,11.55426,19.361633,0.20197114,10,-1,-1
678.82916,153.24174,5.1261597,8.786087,0.20185873,2,-1,-1
679.6394,120.96965,4.8171387,8.336533,0.19773448,1,-1,-1
678.1427,55.328815,16.20282,15.129566,0.19710407,6,-1,-1
529.44476,327.98376,8.47467,19.083435,0.19704473,1,-1,-1
620.6109,221.59561,6.5527344,12.715973,0.1945642,2,-1,-1
603.3534,279.6519,28.816101,23.85971,0.19389343,6,-1,-1
681.34344,110.37884,5.097046,8.539993,0.19368836,10,-1,-1
668.01416,89.89776,12.038269,17.065758,0.1927492,9,-1,-1
771.0709,127.39971,6.4887085,10.796333,0.19213909,1,-1,-1
657.3816,158.56746,5.771057,9.430023,0.19184387,2,-1,-1
641.7203,91.61969,4.9765625,8.527512,0.19143754,1,-1,-1
713.1137,126.98975,11.096313,13.184227,0.1909351,5,-1,-1
460.87866,534.0231,80.14014,50.98285,0.19075215,5,-1,-1
665.3496,144.73228,6.7495728,8.7425995,0.1893706,1,-1,-1
665.47217,148.21057,6.0201416,8.100113,0.18850404,3,-1,-1
620.9124,223.05478,11.748535,14.597855,0.18813962,1,-1,-1
489.8354,331.8665,18.309387,12.914886,0.18689317,10,-1,-1
627.4373,92.06393,12.9783325,7.6748047,0.18650147,4,-1,-1
678.82916,153.24174,5.1261597,8.786087,0.18623117,3,-1,-1
619.11584,95.43697,15.724304,9.021095,0.18601862,4,-1,-1
572.9555,245.10973,20.50409,21.023941,0.18580678,6,-1,-1
640.0981,246.12215,16.721863,23.763412,0.18559861,5,-1,-1
572.35254,221.07895,7.956482,9.9921875,0.18496418,10,-1,-1
625.8706,115.37769,13.916748,6.826111,0.18419161,4,-1,-1
1055.0063,567.7282,14.6241455,15.700195,0.18328151,1,-1,-1
665.3496,144.73228,6.7495728,8.7425995,0.18326417,2,-1,-1
959.3625,185.38567,8.479675,16.324265,0.18308267,1,-1,-1
563.1463,258.06317,8.030334,14.000946,0.18301567,2,-1,-1
480.5847,357.52264,18.668732,14.416046,0.18230906,4,-1,-1
598.5927,229.80942,6.7578735,11.539505,0.18145126,1,-1,-1
544.50244,314.56464,8.749573,17.542236,0.18123162,1,-1,-1
657.2274,61.40708,18.703674,9.356964,0.18076783,4,-1,-1
668.2269,115.26368,7.8813477,7.4731827,0.18031386,4,-1,-1
563.53784,257.78116,7.30542,14.451416,0.18009686,3,-1,-1
603.3534,279.6519,28.816101,23.85971,0.17945215,4,-1,-1
647.3148,100.74937,9.97821,7.843704,0.17936161,4,-1,-1
596.0625,247.44873,26.136658,15.83963,0.17847529,6,-1,-1
712.8399,127.18691,10.939697,12.910194,0.17826277,10,-1,-1
585.5438,210.15424,10.328308,8.784744,0.17779961,10,-1,-1
545.0237,344.8898,47.924744,25.630524,0.17769322,8,-1,-1
604.5645,263.96164,39.683655,23.834717,0.17668408,6,-1,-1
15.648834,946.68945,53.858154,29.045227,0.17649958,3,-1,-1
679.22235,149.3128,5.303467,9.197998,0.17621627,1,-1,-1
654.5727,109.93129,10.21051,9.605591,0.17609301,5,-1,-1
489.2203,317.51187,39.86154,23.256104,0.17558154,5,-1,-1
639.7015,201.37447,15.530334,14.54277,0.17553863,4,-1,-1
1356.6077,457.95108,31.345581,41.16812,0.17523974,1,-1,-1
644.4872,246.36932,12.542908,18.58139,0.17502373,1,-1,-1
1360.308,468.64368,22.018677,27.335266,0.1748938,1,-1,-1
1149.8461,245.90297,9.519165,14.633682,0.17479414,1,-1,-1
662.47473,245.79654,11.496033,18.94571,0.17388484,2,-1,-1
664.2249,103.13108,9.476685,10.406471,0.17378715,5,-1,-1
682.0148,125.68108,21.70636,26.479225,0.17329207,5,-1,-1
620.23663,222.30766,6.643982,15.301956,0.17287606,10,-1,-1
601.32025,162.2861,16.349487,11.16687,0.17283595,4,-1,-1
582.3482,255.73312,29.990417,19.666199,0.1727297,4,-1,-1
661.21857,245.48888,12.697144,19.287827,0.17264184,6,-1,-1
644.52515,103.752106,9.366638,9.198013,0.17232981,5,-1,-1
649.0596,379.5173,27.112976,36.424194,0.17197168,5,-1,-1
662.9583,138.17212,12.417114,9.729675,0.17135966,4,-1,-1
486.43604,346.73093,18.415161,11.388947,0.171184,10,-1,-1
601.4825,230.1411,6.6329346,10.247437,0.17113987,2,-1,-1
394.98706,643.24286,101.175385,78.4693,0.17091185,8,-1,-1
552.2837,221.49854,8.13092,9.619568,0.17079958,2,-1,-1
558.2247,226.74875,18.121216,18.895645,0.17077452,5,-1,-1
586.5307,253.47829,53.47357,27.394638,0.17068112,4,-1,-1
531.784,302.2048,12.347961,15.204224,0.1701043,10,-1,-1
621.9887,104.170685,18.310974,9.0683365,0.16999176,5,-1,-1
769.5924,115.44824,7.4611206,17.226364,0.1696659,1,-1,-1
557.39746,221.92703,15.470825,11.514572,0.16941756,4,-1,-1
614.71515,206.13875,14.318115,11.129852,0.16820034,8,-1,-1
670.60956,120.38525,5.027527,8.495705,0.1678366,1,-1,-1
1053.2491,565.7334,12.049561,15.041077,0.16734654,1,-1,-1
712.8497,127.191765,11.069824,12.934166,0.16691047,8,-1,-1
552.21014,337.84204,17.812561,10.404114,0.16666472,10,-1,-1
698.95557,162.51549,10.749023,14.428574,0.16629452,10,-1,-1
649.0551,107.637856,13.480469,11.008057,0.16587907,4,-1,-1
550.2747,244.81657,17.746277,21.969376,0.16564974,8,-1,-1
650.2002,93.684944,6.869568,8.856804,0.16521499,4,-1,-1
712.8399,127.18691,10.939697,12.910194,0.16487825,7,-1,-1
615.4782,206.25337,15.167725,11.284668,0.16487378,10,-1,-1
627.14465,248.4972,26.223938,20.310822,0.16485259,4,-1,-1
650.3622,90.12081,14.889648,11.468903,0.16481799,4,-1,-1
680.17444,123.04292,4.6879883,9.138092,0.1638566,1,-1,-1
675.9595,120.29121,5.3585815,8.079979,0.16355121,1,-1,-1
696.75635,118.569046,9.04303,9.720459,0.16349629,5,-1,-1
852.46027,459.94864,19.01764,11.348633,0.162262,10,-1,-1
1053.2599,565.5092,11.656982,16.086426,0.1622251,2,-1,-1
657.14233,66.788795,14.988342,8.502922,0.16161057,4,-1,-1
1149.8754,246.08194,9.278076,14.482941,0.16088137,10,-1,-1
695.11633,106.22603,8.15625,7.554886,0.1607506,4,-1,-1
661.45056,133.0254,15.170593,13.980576,0.15985695,7,-1,-1
537.9205,325.58267,9.151978,18.190582,0.15975773,1,-1,-1
566.8693,340.0892,35.39868,22.154633,0.15963235,8,-1,-1
660.9727,66.733086,20.085754,10.461884,0.15950865,5,-1,-1
642.99426,253.11409,12.000244,18.738785,0.15900129,7,-1,-1
692.5556,182.21577,6.3828735,10.059433,0.15881819,10,-1,-1
696.3991,108.94827,8.667786,10.555519,0.1587551,6,-1,-1
705.996,222.76717,22.86145,38.045944,0.15834874,9,-1,-1
657.669,105.76085,8.953674,7.609619,0.15834281,4,-1,-1
950.4876,181.58269,7.519348,14.254578,0.1581229,1,-1,-1
663.3691,246.56529,9.772522,17.243057,0.15784216,1,-1,-1
668.8818,182.96185,14.325867,16.292786,0.15776512,5,-1,-1
663.9658,91.61154,12.400024,16.91275,0.15759599,6,-1,-1
684.4953,84.68228,7.204651,10.41526,0.15738562,4,-1,-1
575.7621,291.8403,36.50293,20.748108,0.15700868,8,-1,-1
658.3611,57.881107,12.591064,7.36417,0.1562916,4,-1,-1
664.4425,246.49164,8.093201,9.4214325,0.15618208,2,-1,-1
712.94867,127.258606,11.091248,12.72261,0.15617338,6,-1,-1
534.93884,301.1036,9.709717,14.608215,0.15586165,1,-1,-1
643.9314,113.664764,10.030518,8.371498,0.15571156,5,-1,-1
619.54297,114.28673,20.669556,9.492935,0.15565604,5,-1,-1
538.2806,308.02072,6.9500732,16.989563,0.15459087,1,-1,-1
664.36115,100.73854,8.296936,8.941559,0.15434787,5,-1,-1
548.9324,337.99884,14.283386,10.452362,0.15419123,3,-1,-1
480.8836,357.11612,18.103546,15.03244,0.1537509,2,-1,-1
568.63916,303.11337,45.809265,32.573334,0.15339068,8,-1,-1
554.5223,215.26315,31.062805,18.358307,0.15311265,4,-1,-1
664.92145,144.64084,7.833069,7.963791,0.15280396,3,-1,-1
798.5501,212.81015,27.258972,37.335403,0.15265417,4,-1,-1
558.6207,340.94977,42.895325,23.273499,0.15219998,6,-1,-1
525.98584,260.67474,24.305725,20.315033,0.15215117,4,-1,-1
636.7535,203.21701,18.967285,17.095963,0.15170887,5,-1,-1
679.07196,149.53676,5.3302,8.572037,0.1516009,2,-1,-1
552.87604,221.40651,6.9191895,10.176865,0.15159148,1,-1,-1
536.6233,302.4126,9.242737,16.416382,0.15143576,10,-1,-1
577.9675,220.63599,7.366394,10.221268,0.15104058,10,-1,-1
690.6692,178.52264,5.666931,10.568802,0.15089557,1,-1,-1
570.43134,285.67004,46.187134,39.80237,0.15070349,6,-1,-1
611.0111,347.9595,9.140198,16.392029,0.15019408,3,-1,-1
660.5291,65.96136,21.866943,11.998444,0.15019047,6,-1,-1
645.1509,101.44214,8.681335,8.25605,0.1497387,5,-1,-1
626.15466,183.97107,23.495483,16.115067,0.1493555,4,-1,-1
1127.7323,266.10056,35.55298,21.07013,0.14933243,7,-1,-1
1145.7085,267.78815,51.12915,23.888824,0.1490469,4,-1,-1
589.4281,307.07748,26.56836,17.081299,0.14859813,4,-1,-1
769.9001,121.54227,8.234558,16.100906,0.14831826,1,-1,-1
665.09894,108.9895,9.534973,9.511612,0.14808407,5,-1,-1
623.54285,91.540276,10.899048,7.0959396,0.14773113,4,-1,-1
1069.8119,257.76855,42.7688,17.941925,0.1472792,5,-1,-1
682.4271,130.15092,15.250549,18.844788,0.14693055,6,-1,-1
550.3334,245.05133,17.698608,21.410034,0.1468184,6,-1,-1
690.4775,126.90802,12.6848755,22.176376,0.14668858,6,-1,-1
969.2795,333.77512,32.93091,25.282623,0.14630425,8,-1,-1
661.27356,106.27143,11.6519165,11.748924,0.14620927,4,-1,-1
656.83264,158.50385,6.147949,9.972565,0.1461317,1,-1,-1
585.45624,285.9691,41.984497,23.524231,0.1460233,5,-1,-1
677.7917,47.05114,15.615356,12.169128,0.14557546,6,-1,-1
488.728,317.72946,40.85678,23.02243,0.1449852,8,-1,-1
610.20325,274.2336,6.7473145,12.114227,0.14449438,1,-1,-1
668.2364,89.951355,11.948914,18.13137,0.14411384,8,-1,-1
656.76886,46.67043,12.533203,8.5636215,0.14392337,4,-1,-1
552.53845,331.14972,8.305725,15.303955,0.14344698,1,-1,-1
1094.7775,235.86172,37.285034,16.768616,0.14319438,4,-1,-1
626.81696,223.88635,7.9415283,14.255356,0.14291167,8,-1,-1
614.5532,201.3574,10.8706665,9.936203,0.14174247,10,-1,-1
678.666,149.2703,5.850525,9.22261,0.14168704,10,-1,-1
549.4548,221.0277,7.254944,10.521332,0.14117676,1,-1,-1
578.4398,220.40533,6.4714355,10.770126,0.14097422,1,-1,-1
666.8881,96.469925,11.90332,12.316139,0.14082569,6,-1,-1
603.4536,172.13118,21.725952,11.30928,0.14074501,4,-1,-1
692.79675,149.36397,11.4646,12.579208,0.14065212,5,-1,-1
582.4436,256.4189,25.298523,19.042633,0.14047226,6,-1,-1
486.01212,354.7199,17.57425,13.983185,0.14043087,10,-1,-1
620.0847,222.66148,13.487427,14.257294,0.14017138,10,-1,-1
698.516,53.394913,14.013428,20.117432,0.1401073,6,-1,-1
664.39606,247.62277,7.786316,14.949738,0.14007652,7,-1,-1
1089.0118,234.83067,31.76416,14.06662,0.14006558,4,-1,-1
601.252,147.19237,15.637207,10.374329,0.13982138,4,-1,-1
697.3339,186.97859,15.121948,21.014893,0.139808,7,-1,-1
695.3665,148.93712,9.93573,9.871124,0.13956544,4,-1,-1
656.19855,148.19101,5.770447,8.197876,0.13936386,10,-1,-1
550.2747,244.81657,17.746277,21.969376,0.13930887,7,-1,-1
620.6383,222.7021,12.356323,14.630508,0.13920107,3,-1,-1
421.2814,599.86615,98.48685,67.25232,0.1390143,6,-1,-1
577.23834,220.71028,8.486328,9.808456,0.13886732,2,-1,-1
640.94385,107.129425,14.303284,11.06958,0.13825929,4,-1,-1
572.35254,221.07895,7.956482,9.9921875,0.13813454,2,-1,-1
852.28,459.703,18.773193,11.691925,0.13812888,3,-1,-1
580.5203,306.6837,35.705566,20.82782,0.13807094,6,-1,-1
1041.6693,240.51973,13.720093,7.6581573,0.1379357,3,-1,-1
620.6383,222.7021,12.356323,14.630508,0.1377272,7,-1,-1
607.79047,128.61047,15.528137,9.351318,0.13771966,4,-1,-1
650.75665,97.398575,13.031616,10.393646,0.13759467,5,-1,-1
810.51196,856.05963,16.749512,40.60797,0.13743347,10,-1,-1
545.04364,328.2711,11.2543335,17.411499,0.13685358,1,-1,-1
662.819,129.62314,12.789612,11.28331,0.13680416,4,-1,-1
685.4057,126.04057,15.498047,17.630157,0.13669714,6,-1,-1
960.24304,325.63266,13.8949585,14.545105,0.13662228,7,-1,-1
655.1925,100.89985,8.893982,8.96299,0.13647294,5,-1,-1
696.7454,114.05584,8.518799,10.619858,0.13631344,8,-1,-1
583.3312,285.50833,41.149902,21.645538,0.13629961,6,-1,-1
619.4474,221.08653,9.260864,10.68544,0.13621569,1,-1,-1
619.71826,90.806,12.49115,8.68222,0.13619179,4,-1,-1
663.8271,100.58783,9.315979,10.407333,0.13611934,6,-1,-1
1150.4492,245.36476,8.227661,13.733841,0.13596714,2,-1,-1
857.94977,472.52765,21.99115,11.487915,0.13576859,10,-1,-1
624.19794,110.449234,17.705261,8.634918,0.13560909,5,-1,-1
488.728,317.72946,40.85678,23.02243,0.13538545,7,-1,-1
644.9654,247.21268,9.838745,16.543518,0.13494676,2,-1,-1
647.09564,106.26865,10.36261,6.7774506,0.1342037,4,-1,-1
656.19855,148.19101,5.770447,8.197876,0.13411024,2,-1,-1
655.175,103.39216,8.099121,9.69574,0.13397431,5,-1,-1
685.9333,87.35318,15.157898,23.718124,0.13393092,5,-1,-1
625.3501,221.42853,8.934204,13.587418,0.13365752,1,-1,-1
684.0534,84.613976,8.302673,10.881615,0.13341579,6,-1,-1
627.6799,224.74554,6.80719,13.026901,0.13339284,2,-1,-1
697.2188,186.63675,15.129578,21.599258,0.13315588,9,-1,-1
619.81256,227.58337,8.288086,12.229706,0.13282862,10,-1,-1
587.00476,207.9297,7.6793823,9.770874,0.13280517,1,-1,-1
814.3611,74.027916,15.02887,14.720993,0.13269854,6,-1,-1
620.672,227.94492,6.4502563,11.517395,0.1326848,1,-1,-1
544.05286,308.2803,6.6609497,13.863098,0.13251919,1,-1,-1
737.90955,248.14641,5.8811035,11.493423,0.13181624,1,-1,-1
649.92017,124.86736,7.1204834,8.523827,0.13178292,4,-1,-1
543.82294,331.79858,6.0718994,16.149475,0.13175383,1,-1,-1
1091.9327,236.98358,24.175903,10.251816,0.13165686,7,-1,-1
707.6409,103.88286,9.130066,9.540611,0.13156295,5,-1,-1
610.72644,349.58633,8.552124,14.321381,0.1314297,2,-1,-1
583.71515,254.82317,41.66156,22.338821,0.13138837,5,-1,-1
658.1492,109.46473,8.341675,9.44178,0.1313422,4,-1,-1
1104.5554,228.19746,39.555664,16.515656,0.13125569,4,-1,-1
1366.0468,466.74908,33.34558,50.241516,0.1312396,1,-1,-1
571.5911,285.99753,47.70233,34.939575,0.13121787,5,-1,-1
655.85925,147.70993,6.286316,8.6996765,0.13097489,1,-1,-1
642.4965,124.55417,14.875916,9.922455,0.13089725,5,-1,-1
684.37286,83.9197,12.827209,16.128319,0.13073397,6,-1,-1
677.7764,47.725163,11.422546,7.7598915,0.13041174,4,-1,-1
644.4872,246.36932,12.542908,18.58139,0.13038802,10,-1,-1
1087.9227,269.30215,42.803955,19.768463,0.13033715,5,-1,-1
577.27356,275.86578,43.422363,22.204834,0.13017344,6,-1,-1
665.0326,144.51477,7.4470215,9.2739105,0.1299699,8,-1,-1
690.65393,178.4867,5.8776855,10.035477,0.12965533,10,-1,-1
567.61005,340.21768,34.46216,21.817902,0.12926507,7,-1,-1
622.6119,221.03,12.318848,10.971252,0.12911868,10,-1,-1
636.80383,185.17732,13.2925415,15.695511,0.12900689,4,-1,-1
670.05994,123.8263,4.965027,9.169731,0.12897593,10,-1,-1
598.0959,197.03206,4.8237305,10.262344,0.12860632,1,-1,-1
0.0,998.6184,105.27319,50.773926,0.12837556,5,-1,-1
768.6945,117.055916,5.704529,12.8847275,0.12834048,1,-1,-1
708.841,142.7351,10.90155,12.199387,0.12809151,5,-1,-1
500.07928,441.26718,67.45062,32.80847,0.12806645,5,-1,-1
666.5564,108.13658,10.327881,12.088745,0.12804943,4,-1,-1
690.0431,440.9371,58.440125,127.90225,0.12767506,8,-1,-1
675.29926,125.40014,5.8587646,8.187798,0.12757355,1,-1,-1
661.1632,61.87915,11.463684,7.258171,0.12741786,4,-1,-1
619.08704,220.75287,10.688599,11.40863,0.12727931,10,-1,-1
674.8022,129.18822,6.6728516,7.2489777,0.12691331,10,-1,-1
1305.0199,513.17523,46.398804,65.91095,0.12671682,1,-1,-1
663.37494,138.21338,11.165649,10.055771,0.12666222,8,-1,-1
304.09064,776.6752,12.112244,25.926147,0.12657014,1,-1,-1
708.6997,142.97826,10.578186,11.857544,0.12650391,10,-1,-1
536.9759,362.62622,58.648376,22.687592,0.12646148,6,-1,-1
650.4521,97.30664,13.069092,10.625916,0.12637314,6,-1,-1
659.3962,158.3145,5.534485,9.867477,0.12620524,10,-1,-1
400.87262,859.6814,27.309692,47.318054,0.12600964,10,-1,-1
690.9393,124.40932,11.768921,9.594818,0.12594002,4,-1,-1
489.2203,317.51187,39.86154,23.256104,0.12588567,6,-1,-1
544.61743,308.94473,7.7317505,17.462494,0.1258539,10,-1,-1
549.6476,221.26326,7.5253296,10.114563,0.12582213,10,-1,-1
582.89026,257.11978,17.21814,17.742401,0.12563264,8,-1,-1
596.44653,247.48608,25.685486,16.010132,0.1255283,8,-1,-1
664.908,129.26944,7.7217407,8.9652405,0.12551585,4,-1,-1
601.5262,165.75893,18.061646,12.077423,0.12542304,4,-1,-1
656.2152,160.61134,5.989319,9.851669,0.12527376,10,-1,-1
572.7248,245.58057,21.458374,20.62497,0.12517154,8,-1,-1
713.6873,125.84996,8.714783,9.238983,0.124927044,4,-1,-1
664.64923,144.20897,8.27478,9.783218,0.124905616,7,-1,-1
709.38574,133.99391,10.659241,15.853165,0.12490189,4,-1,-1
520.4253,258.05322,23.796692,20.150024,0.12459165,4,-1,-1
811.2017,855.3304,15.907166,41.53778,0.12457231,3,-1,-1
957.474,185.1345,7.3917236,14.856293,0.124486744,1,-1,-1
551.4634,220.23012,18.266724,11.290375,0.12442762,10,-1,-1
583.0217,17.777565,13.321411,8.303751,0.12405935,4,-1,-1
529.3896,301.54077,7.0614014,15.712372,0.124031395,1,-1,-1
1091.9327,236.98358,24.175903,10.251816,0.12368834,10,-1,-1
607.27655,248.98172,35.806946,18.588837,0.123484194,4,-1,-1
664.42,247.85379,7.8082275,14.174042,0.12339261,8,-1,-1
576.5539,217.19943,9.276794,10.997192,0.12317917,10,-1,-1
641.0523,96.55883,14.497559,10.887199,0.123104185,4,-1,-1
469.78412,368.86993,20.617584,17.142914,0.12271023,3,-1,-1
969.1508,333.13995,32.602417,26.052246,0.122653246,7,-1,-1
572.64014,221.1548,6.87677,9.756012,0.12264535,1,-1,-1
621.029,95.210724,18.807556,9.160271,0.12193215,5,-1,-1
573.12836,220.10725,13.606689,10.963089,0.12189254,1,-1,-1
645.2483,253.71696,8.105164,11.807663,0.12181327,2,-1,-1
629.3653,227.2291,7.3043213,12.991409,0.12166193,1,-1,-1
537.74835,313.7292,7.4158936,16.713654,0.12165114,1,-1,-1
640.47815,124.74404,16.984924,10.472649,0.12163597,6,-1,-1
1125.1128,267.9708,27.514282,17.661346,0.121620774,4,-1,-1
663.69196,143.86119,11.026367,8.177078,0.12160233,10,-1,-1
656.54504,157.99188,6.9591064,10.365814,0.121496886,8,-1,-1
952.1193,182.82962,10.920227,15.049606,0.12124115,1,-1,-1
489.37848,322.8657,37.914917,18.510437,0.121135384,10,-1,-1
1128.1244,265.6745,39.13159,21.754639,0.12090278,6,-1,-1
518.7939,422.3989,58.87268,32.09305,0.120761484,6,-1,-1
1041.6693,240.51973,13.720093,7.6581573,0.120533645,10,-1,-1
620.45355,221.48975,6.7799683,11.906418,0.12047911,3,-1,-1
1127.7506,265.72403,37.085815,21.614166,0.12039524,8,-1,-1
584.275,253.42345,60.227295,34.18834,0.120212615,9,-1,-1
1091.9327,236.98358,24.175903,10.251816,0.12017235,8,-1,-1
479.70422,362.22488,16.445435,15.147064,0.11998877,10,-1,-1
567.7638,295.53995,36.627808,21.24057,0.11985406,5,-1,-1
649.7473,49.098263,16.175537,9.289558,0.1197685,4,-1,-1
855.67096,469.35123,21.827148,11.552734,0.11976704,10,-1,-1
653.3023,48.030464,11.333008,7.55064,0.11972511,4,-1,-1
657.05273,158.37544,6.2751465,9.797562,0.119659364,7,-1,-1
638.02856,100.83912,14.504944,8.200058,0.11965859,4,-1,-1
626.3923,224.28957,8.680542,13.646988,0.11939126,7,-1,-1
675.50824,128.62135,5.198181,7.9839783,0.11915004,1,-1,-1
490.43927,326.80432,17.575836,12.442871,0.11906567,10,-1,-1
586.0242,248.98874,28.886597,19.257294,0.11898252,4,-1,-1
850.3309,453.09225,16.204529,11.443848,0.11892849,10,-1,-1
607.5005,281.99844,24.648254,22.93814,0.118909866,8,-1,-1
532.3081,334.9339,8.222595,20.187317,0.11863777,1,-1,-1
542.23737,326.59116,9.5425415,18.225922,0.11844328,3,-1,-1
1312.788,528.93933,49.277954,60.984253,0.118359,2,-1,-1
526.6816,326.2598,8.4021,17.460724,0.117697805,1,-1,-1
529.47736,306.69144,6.7803345,15.730164,0.11739758,1,-1,-1
693.2105,182.58621,5.8737183,9.269516,0.117290854,3,-1,-1
577.37964,265.6022,59.05066,38.015167,0.11718294,9,-1,-1
696.98145,118.9225,8.705811,9.25705,0.11706871,8,-1,-1
