69.21793,868.6569,124.74749,178.24994,0.9999969,6,-1,-1
701.22754,837.8933,48.2959,53.29779,0.9999895,4,-1,-1
648.5161,821.7024,58.565796,44.811462,0.99997365,4,-1,-1
207.38602,663.8206,37.178528,41.63434,0.9999546,4,-1,-1
794.8808,866.00543,37.59143,72.83429,0.9997787,4,-1,-1
745.09064,851.0396,42.228516,62.47455,0.9995239,4,-1,-1
744.9893,767.47546,35.58545,51.018738,0.99843305,4,-1,-1
918.4552,864.65295,43.247986,61.858093,0.9983932,4,-1,-1
894.2147,885.90045,34.006653,64.65039,0.9981737,5,-1,-1
841.3698,753.0735,34.099304,60.832336,0.99759877,4,-1,-1
1136.8145,997.4556,74.92798,49.1828,0.9961212,4,-1,-1
141.38748,820.8415,45.055344,56.656494,0.9948262,5,-1,-1
1155.0953,942.30524,244.02966,104.92523,0.9934801,6,-1,-1
874.9282,825.039,67.8064,35.637634,0.9931452,5,-1,-1
275.0819,591.02936,25.908356,39.364258,0.99273205,4,-1,-1
214.66335,741.3973,45.20125,67.31879,0.9911475,6,-1,-1
785.00726,768.42755,40.26233,56.069458,0.98495317,5,-1,-1
879.82135,754.84595,37.392944,50.62146,0.9790911,4,-1,-1
301.9062,608.2766,27.942535,40.890686,0.9760636,4,-1,-1
443.8802,662.7561,52.193085,23.839172,0.97180057,4,-1,-1
547.0609,243.52287,28.634521,41.250015,0.9675588,6,-1,-1
337.02695,518.1439,24.677551,61.75293,0.9674831,6,-1,-1
301.3975,488.0256,27.170563,48.389557,0.96412754,6,-1,-1
447.10904,626.77386,47.27231,21.815796,0.9555019,4,-1,-1
154.4534,259.04364,71.252014,23.978882,0.8762394,6,-1,-1
944.9444,762.8024,33.173645,45.31891,0.8517946,5,-1,-1
812.81146,760.3879,34.815125,57.472656,0.8460201,4,-1,-1
486.72125,523.9154,42.108765,24.62555,0.839219,5,-1,-1
547.27954,647.76514,53.95819,22.296936,0.8065537,4,-1,-1
157.29546,245.76927,68.19711,21.645157,0.78954446,6,-1,-1
84.036995,258.04974,66.832726,28.951233,0.77115655,6,-1,-1
466.55328,584.7485,45.452515,21.638916,0.7329657,4,-1,-1
519.0074,282.5079,35.93463,40.07727,0.70015824,6,-1,-1
397.02512,482.94028,34.730988,28.09497,0.6373683,4,-1,-1
811.62646,760.6356,35.21277,56.500305,0.61355126,5,-1,-1
915.7179,761.1473,33.098145,46.297302,0.6004364,4,-1,-1
404.50507,555.2345,33.549133,47.790344,0.55851126,6,-1,-1
0.21257517,928.5339,38.08636,95.076294,0.5580297,4,-1,-1
263.31985,547.1219,25.924683,35.822144,0.52791476,4,-1,-1
962.9008,715.6183,32.954773,30.023987,0.49950814,5,-1,-1
470.97696,569.67773,45.098907,18.846497,0.4919562,4,-1,-1
550.5482,580.3261,44.41577,21.534851,0.4903643,4,-1,-1
455.74017,603.2565,41.26346,21.180725,0.47752312,4,-1,-1
404.73346,555.0428,33.36679,48.081726,0.47573745,4,-1,-1
974.19116,767.97766,40.08728,47.080566,0.45770988,5,-1,-1
974.279,767.61725,40.597046,47.63269,0.4377931,9,-1,-1
148.11366,562.0528,25.195892,37.404846,0.4301455,5,-1,-1
917.8398,763.6835,31.885498,44.591675,0.40279546,5,-1,-1
192.96893,322.42758,34.81714,29.337708,0.37009913,5,-1,-1
518.7845,282.091,36.292297,40.517822,0.36444187,5,-1,-1
147.23532,562.8005,26.11589,36.66156,0.3631142,4,-1,-1
163.47456,320.1157,29.57306,32.573303,0.34360135,6,-1,-1
333.0872,442.87717,39.82599,35.35797,0.34210187,8,-1,-1
461.0084,592.19415,44.079926,21.815918,0.32794923,4,-1,-1
95.50537,246.7336,59.27365,21.496628,0.32718185,6,-1,-1
974.279,767.61725,40.597046,47.63269,0.32391107,6,-1,-1
944.6656,762.5776,33.558716,45.440613,0.312123,6,-1,-1
547.27954,647.76514,53.95819,22.296936,0.2977386,5,-1,-1
469.00092,551.86523,46.341858,20.318604,0.2906676,5,-1,-1
214.66335,741.3973,45.20125,67.31879,0.28721482,5,-1,-1
551.61383,632.2879,48.322876,20.650452,0.28198266,4,-1,-1
340.3027,924.7184,32.14273,31.195251,0.2651164,10,-1,-1
962.4614,715.2687,34.59906,30.485352,0.25457305,4,-1,-1
1248.8837,868.53046,33.487793,34.96924,0.2385768,10,-1,-1
547.27954,647.76514,53.95819,22.296936,0.2338222,6,-1,-1
333.0872,442.87717,39.82599,35.35797,0.22430992,6,-1,-1
80.063446,272.69913,63.55597,23.639496,0.22123149,6,-1,-1
470.28568,567.26483,45.48813,19.798706,0.22119924,5,-1,-1
553.5329,626.7351,44.746887,20.712646,0.20125794,5,-1,-1
263.31985,547.1219,25.924683,35.822144,0.19899696,6,-1,-1
550.5482,580.3261,44.41577,21.534851,0.19765678,5,-1,-1
66.9709,288.85294,65.84689,18.785309,0.19688746,6,-1,-1
915.3921,761.18335,33.432373,46.437927,0.18828982,6,-1,-1
812.81146,760.3879,34.815125,57.472656,0.18579596,1,-1,-1
944.6186,762.9425,33.71338,45.75409,0.18498248,9,-1,-1
214.29916,741.5913,45.082764,66.91791,0.17413658,4,-1,-1
192.37285,321.89893,34.695328,29.901703,0.15799403,6,-1,-1
110.57224,223.82233,45.0942,19.686813,0.15781486,6,-1,-1
333.0,442.80008,39.90741,35.057404,0.151007,7,-1,-1
179.27213,322.94803,34.66101,30.707397,0.14933324,5,-1,-1
263.31985,547.1219,25.924683,35.822144,0.14878136,5,-1,-1
47.340977,211.98224,42.88345,21.05278,0.14782971,5,-1,-1
944.8763,763.43744,33.7666,45.457947,0.14669362,4,-1,-1
784.923,768.85614,39.985657,55.821777,0.14145285,4,-1,-1
174.83084,279.1714,46.394455,20.582489,0.14000061,4,-1,-1
466.55328,584.7485,45.452515,21.638916,0.13755205,5,-1,-1
784.923,768.85614,39.985657,55.821777,0.13742206,1,-1,-1
613.8229,734.00586,27.796326,37.291687,0.13697565,4,-1,-1
1070.8872,1029.9766,83.5426,18.710938,0.13680425,6,-1,-1
163.89568,319.59103,29.450714,32.755524,0.13427195,5,-1,-1
290.19653,548.22925,23.566223,37.061157,0.13012895,4,-1,-1
547.1315,647.8975,53.96466,22.256775,0.12927875,8,-1,-1
68.74174,279.9182,61.98841,22.556244,0.12705994,6,-1,-1
174.83084,279.1714,46.394455,20.582489,0.12509227,6,-1,-1
179.27213,322.94803,34.66101,30.707397,0.12205118,6,-1,-1
454.99576,613.2688,42.318756,23.571472,0.12203428,4,-1,-1
192.37285,321.89893,34.695328,29.901703,0.12150934,4,-1,-1
966.0052,724.99396,36.226746,28.731567,0.11651111,5,-1,-1
154.66801,258.80612,71.012314,23.787994,0.114308,9,-1,-1
395.86523,483.2934,35.416534,28.393341,0.1142804,5,-1,-1
0.2000172,215.75526,45.700203,22.14952,0.11414942,5,-1,-1
1073.6598,1030.4048,76.76892,18.282715,0.11202544,5,-1,-1
455.74017,603.2565,41.26346,21.180725,0.11159834,5,-1,-1
163.89568,319.59103,29.450714,32.755524,0.110138565,9,-1,-1
102.463,239.46355,58.551086,21.918564,0.109582275,6,-1,-1
811.43286,759.6597,35.088867,56.949646,0.10912919,9,-1,-1
961.7339,715.55023,32.53174,31.90686,0.105710775,8,-1,-1
547.27954,647.76514,53.95819,22.296936,0.10444343,1,-1,-1
944.03076,762.4046,34.134277,45.1615,0.10319033,1,-1,-1
1148.5663,943.21375,250.55872,104.43262,0.102568865,9,-1,-1
551.7384,169.05045,23.720764,38.195618,0.102481484,9,-1,-1
552.47156,630.15125,46.16925,21.707092,0.10233423,8,-1,-1
110.57224,223.82233,45.0942,19.686813,0.10150558,5,-1,-1
47.340977,211.98224,42.88345,21.05278,0.10138109,4,-1,-1
340.32074,924.79425,32.02832,31.139038,0.10090616,2,-1,-1
163.47456,320.1157,29.57306,32.573303,0.09928182,4,-1,-1
763.89374,855.1338,47.347717,76.028625,0.09766582,4,-1,-1
962.4614,715.2687,34.59906,30.485352,0.096318245,6,-1,-1
915.3143,762.23926,34.368652,46.170837,0.094784945,1,-1,-1
551.1138,561.2253,43.608337,22.06427,0.093642384,4,-1,-1
550.5482,580.3261,44.41577,21.534851,0.09319165,6,-1,-1
134.81252,1009.5445,25.722641,39.143005,0.09062761,1,-1,-1
301.3975,488.0256,27.170563,48.389557,0.08996341,4,-1,-1
461.0084,592.19415,44.079926,21.815918,0.08953071,5,-1,-1
683.84314,778.3933,45.1333,20.091309,0.08813444,10,-1,-1
1248.8837,868.53046,33.487793,34.96924,0.086606205,3,-1,-1
0.2000172,215.75526,45.700203,22.14952,0.086582154,4,-1,-1
486.57227,524.01776,42.305847,24.537048,0.085719645,4,-1,-1
333.0872,442.87717,39.82599,35.35797,0.085606575,4,-1,-1
745.53925,767.5688,34.635925,51.187744,0.08470863,1,-1,-1
966.0052,724.99396,36.226746,28.731567,0.083595335,4,-1,-1
917.8398,763.6835,31.885498,44.591675,0.0831351,9,-1,-1
551.7384,169.05045,23.720764,38.195618,0.08244416,6,-1,-1
3.913088,240.31122,48.848118,21.248901,0.082316756,6,-1,-1
954.03784,680.4291,31.913696,27.61316,0.082298934,5,-1,-1
3.913088,240.31122,48.848118,21.248901,0.08214232,5,-1,-1
447.15198,626.3803,46.961395,22.071045,0.07989296,5,-1,-1
0.2000172,215.75526,45.700203,22.14952,0.07948908,6,-1,-1
157.87837,217.08728,39.1566,24.685852,0.0789893,5,-1,-1
1070.5403,1030.1268,82.26257,18.560669,0.07891336,4,-1,-1
682.5557,778.3461,45.579407,20.236084,0.078657836,4,-1,-1
3.913088,240.31122,48.848118,21.248901,0.078309745,4,-1,-1
954.03784,680.4291,31.913696,27.61316,0.07828918,4,-1,-1
61.59253,299.19345,68.692,18.061768,0.07728055,6,-1,-1
1243.6063,872.194,30.003662,38.623657,0.077058166,10,-1,-1
110.57224,223.82233,45.0942,19.686813,0.076087475,4,-1,-1
76.01014,277.92892,60.883797,21.518036,0.07521227,4,-1,-1
397.02512,482.94028,34.730988,28.09497,0.07490644,10,-1,-1
159.53104,216.26587,38.433792,25.211334,0.07470423,6,-1,-1
177.65176,279.6381,44.06198,20.889618,0.0735918,5,-1,-1
971.77356,735.2976,38.987915,25.169556,0.07303482,5,-1,-1
73.85643,287.40747,61.560867,19.543457,0.07275522,4,-1,-1
518.7845,282.091,36.292297,40.517822,0.072669625,9,-1,-1
500.22928,730.5403,23.777374,35.744446,0.07257876,1,-1,-1
553.5329,626.7351,44.746887,20.712646,0.072573304,6,-1,-1
556.36505,331.11816,43.641663,21.706818,0.07061708,6,-1,-1
253.27533,517.14594,23.869843,35.0307,0.07048762,4,-1,-1
973.5147,733.0401,36.50714,26.83789,0.07015821,4,-1,-1
395.86523,483.2934,35.416534,28.393341,0.069435626,6,-1,-1
397.02512,482.94028,34.730988,28.09497,0.06876248,8,-1,-1
613.8229,734.00586,27.796326,37.291687,0.06842837,5,-1,-1
132.21716,301.26648,62.65538,19.510773,0.06804034,6,-1,-1
156.70317,260.72794,69.15161,24.154541,0.06694576,4,-1,-1
486.72125,523.9154,42.108765,24.62555,0.06656498,6,-1,-1
192.37285,321.89893,34.695328,29.901703,0.06631559,9,-1,-1
61.653797,213.11328,45.696728,23.013153,0.06620988,5,-1,-1
985.9859,734.26434,34.64209,28.716248,0.065766126,4,-1,-1
73.85643,287.40747,61.560867,19.543457,0.06523293,5,-1,-1
784.923,768.85614,39.985657,55.821777,0.06521365,9,-1,-1
1249.0835,868.8178,34.4469,33.373962,0.06496632,2,-1,-1
470.28568,567.26483,45.48813,19.798706,0.06441593,6,-1,-1
49.23964,212.17741,41.826973,21.893951,0.06420234,6,-1,-1
454.99576,613.2688,42.318756,23.571472,0.06384385,5,-1,-1
1064.1138,1011.5665,105.002075,37.12097,0.0634982,5,-1,-1
70.968895,264.42892,64.523155,27.550323,0.06325671,6,-1,-1
903.2842,746.1298,33.999268,38.87195,0.062619984,5,-1,-1
468.44153,551.7342,47.714233,20.492737,0.0624561,6,-1,-1
906.72833,756.08026,36.565125,45.610718,0.061745077,5,-1,-1
547.515,647.30206,54.561523,22.93335,0.06154391,7,-1,-1
155.4505,246.2825,70.70526,23.755371,0.061344087,9,-1,-1
475.9637,519.53107,45.93747,23.223083,0.061216116,5,-1,-1
552.4976,743.1898,27.442749,31.9693,0.06032133,8,-1,-1
551.1138,561.2253,43.608337,22.06427,0.060082585,5,-1,-1
340.3027,924.7184,32.14273,31.195251,0.05986917,1,-1,-1
167.13382,311.54327,33.217392,33.595642,0.057946056,6,-1,-1
395.86523,483.2934,35.416534,28.393341,0.057690322,7,-1,-1
300.64594,487.54047,27.755219,48.48645,0.057668716,8,-1,-1
339.58453,925.03,32.349518,30.651733,0.05719754,8,-1,-1
547.0684,244.5233,28.840149,39.880325,0.056302726,9,-1,-1
468.44153,551.7342,47.714233,20.492737,0.055615008,4,-1,-1
784.7517,768.4667,40.651184,57.01819,0.055405647,2,-1,-1
148.04631,561.58734,25.1447,37.63629,0.054857314,6,-1,-1
1249.0835,868.8178,34.4469,33.373962,0.05485019,1,-1,-1
985.9859,734.26434,34.64209,28.716248,0.05483502,5,-1,-1
1136.0104,996.92706,76.45532,49.570618,0.05454853,5,-1,-1
443.51675,662.5204,52.845917,24.682129,0.054457992,5,-1,-1
68.74174,279.9182,61.98841,22.556244,0.054360807,5,-1,-1
340.3027,924.7184,32.14273,31.195251,0.054273725,7,-1,-1
974.8157,765.85004,39.43457,48.370605,0.053807974,4,-1,-1
903.5001,757.3005,41.100464,40.57837,0.05375293,4,-1,-1
1255.47,865.47034,43.03186,31.169312,0.053278655,10,-1,-1
547.0684,244.5233,28.840149,39.880325,0.05320272,4,-1,-1
969.3347,724.20447,34.65735,30.02826,0.053067565,8,-1,-1
167.89157,298.19882,50.031006,22.732666,0.052796394,6,-1,-1
256.52182,529.7049,25.051392,39.919678,0.052404195,4,-1,-1
173.6871,307.7522,38.507233,26.490875,0.052019894,6,-1,-1
256.52182,529.7049,25.051392,39.919678,0.05193284,5,-1,-1
465.89636,586.8201,46.453247,21.727173,0.05182439,6,-1,-1
455.74017,603.2565,41.26346,21.180725,0.051027685,6,-1,-1
300.64594,487.54047,27.755219,48.48645,0.05090779,7,-1,-1
320.67047,243.18684,43.37912,23.60994,0.05089867,7,-1,-1
915.23883,858.4258,46.255737,74.77289,0.050841153,5,-1,-1
879.62213,753.7739,37.766663,52.013245,0.050759554,6,-1,-1
447.15198,626.3803,46.961395,22.071045,0.05049032,6,-1,-1
