673.9657,271.4144,14.950439,25.967285,0.76974106,1,-1,-1
673.5708,283.89056,16.028076,29.284363,0.75510335,1,-1,-1
577.6356,309.042,14.64502,25.689484,0.68451256,1,-1,-1
579.1761,432.65833,15.373535,24.095825,0.67607504,1,-1,-1
554.76624,356.3655,16.16101,31.130035,0.6528641,1,-1,-1
641.8103,19.05171,14.61853,27.459913,0.64648974,1,-1,-1
653.53955,25.504103,15.539734,25.015207,0.5906882,1,-1,-1
565.8358,310.6347,13.7283325,25.670685,0.5869362,1,-1,-1
593.2271,384.06766,14.179199,18.579285,0.5489246,1,-1,-1
539.4672,371.8516,14.049377,28.412811,0.5383535,1,-1,-1
636.6255,377.35123,16.541443,25.775513,0.53725475,1,-1,-1
596.1716,440.56723,13.273376,24.402527,0.5199873,1,-1,-1
678.64,423.34042,14.034119,19.867126,0.49851406,1,-1,-1
660.22626,400.21268,14.069702,18.810394,0.48297074,1,-1,-1
382.49854,575.98486,24.469452,19.121948,0.48190075,1,-1,-1
677.16406,190.97421,28.941528,51.350403,0.4774879,4,-1,-1
419.07343,637.9601,39.28485,31.560364,0.44246134,3,-1,-1
631.40924,467.7194,17.62561,21.013031,0.42174125,1,-1,-1
531.49786,524.24115,18.003723,26.525452,0.38890994,1,-1,-1
612.62964,130.90794,40.738342,70.877686,0.35858804,4,-1,-1
1336.355,161.68625,29.618896,37.273758,0.3526091,1,-1,-1
665.5185,379.70996,32.23517,18.883514,0.34449437,10,-1,-1
548.55414,506.60046,30.308655,46.924683,0.34433126,10,-1,-1
655.3582,319.13965,16.453491,26.138092,0.33417714,1,-1,-1
647.19727,425.34424,14.115845,15.764069,0.30951142,2,-1,-1
381.48035,573.85077,17.343048,14.705139,0.3007173,1,-1,-1
665.5123,379.46808,32.147278,19.150146,0.28713897,3,-1,-1
644.6463,434.61444,15.727661,15.925354,0.28201938,2,-1,-1
636.73517,376.48535,17.667603,26.918732,0.2804048,2,-1,-1
660.2633,41.294575,15.712891,29.09467,0.2802801,1,-1,-1
606.2534,620.1734,40.106445,23.741882,0.2753343,10,-1,-1
527.5452,340.33362,17.724548,20.01471,0.26539743,2,-1,-1
653.54034,25.015614,15.590698,25.784004,0.26291835,2,-1,-1
641.6781,376.27063,11.462463,10.524139,0.26140368,2,-1,-1
544.34106,377.28165,10.455261,21.735107,0.2572261,1,-1,-1
606.88086,639.89,38.91443,27.908447,0.25261998,10,-1,-1
638.4832,269.2454,16.654663,28.565979,0.25012654,1,-1,-1
677.16406,190.97421,28.941528,51.350403,0.2458663,5,-1,-1
1249.4221,310.3796,31.470703,37.272125,0.24392834,4,-1,-1
657.30304,34.158516,14.794739,31.737007,0.23938596,1,-1,-1
606.979,643.5578,42.318604,30.272644,0.23878044,3,-1,-1
639.1511,376.3024,12.784729,17.947906,0.23493621,2,-1,-1
641.77496,18.94767,15.015076,28.269394,0.23381448,2,-1,-1
647.2855,424.98654,14.28064,16.362915,0.23270592,1,-1,-1
53.782402,464.06876,31.041664,21.951508,0.23250234,1,-1,-1
381.6603,574.3204,25.883362,21.158997,0.22813317,10,-1,-1
532.05365,284.47083,28.569153,48.365753,0.22740829,8,-1,-1
654.5105,318.5956,18.013428,26.420776,0.22540122,3,-1,-1
418.70667,638.11066,39.002563,31.344116,0.22173795,1,-1,-1
594.47455,552.2642,41.203857,22.134583,0.2184417,10,-1,-1
1041.4551,543.5469,25.597656,42.671143,0.21708155,1,-1,-1
552.6813,519.7525,22.008667,31.14032,0.21448472,10,-1,-1
650.07605,438.60272,11.873901,13.644348,0.21284306,2,-1,-1
521.2586,367.38855,17.078552,20.714264,0.21207032,2,-1,-1
407.73062,681.06976,46.02426,48.634705,0.21009725,10,-1,-1
1250.3497,310.24408,29.94519,37.800934,0.20993847,5,-1,-1
650.9421,491.6735,9.826904,12.155243,0.20849079,1,-1,-1
1281.9774,156.79338,23.034058,40.493805,0.20659015,1,-1,-1
652.63104,426.11447,9.916321,12.897064,0.20470095,2,-1,-1
537.086,367.35992,13.680786,21.723175,0.20332855,1,-1,-1
531.75116,524.1046,17.9823,26.976074,0.20219883,10,-1,-1
381.92816,574.6906,12.161652,10.042664,0.20189509,1,-1,-1
584.0675,438.90842,10.21106,16.949707,0.2012701,1,-1,-1
661.1168,384.00357,15.172607,15.7152405,0.2001841,2,-1,-1
616.0808,8.163125,13.459412,19.82729,0.19687748,2,-1,-1
531.4186,284.27307,29.470032,48.77533,0.1967136,7,-1,-1
548.46,506.25903,30.348999,47.50183,0.19660023,7,-1,-1
1043.2291,563.3887,23.231201,22.310059,0.19648173,1,-1,-1
519.3184,363.72803,23.128967,25.59668,0.19426712,1,-1,-1
642.882,436.8578,10.898071,14.108337,0.19399345,2,-1,-1
640.6531,462.2607,10.80249,13.2934265,0.19325906,2,-1,-1
606.66284,620.4746,39.028564,23.308167,0.1930936,3,-1,-1
665.4382,379.7131,32.55304,18.607666,0.19273055,1,-1,-1
639.1511,376.3024,12.784729,17.947906,0.19169536,1,-1,-1
630.6128,466.37695,18.989258,21.776825,0.18889302,2,-1,-1
926.89026,725.2653,36.997253,19.65033,0.18742475,6,-1,-1
680.2776,35.675095,14.73291,29.422585,0.18398604,1,-1,-1
697.9764,335.03955,17.397095,31.826752,0.18146071,3,-1,-1
1326.3203,328.8322,17.048218,26.634033,0.18111339,2,-1,-1
746.6855,63.04629,22.519287,34.023075,0.18110508,1,-1,-1
661.11194,401.95105,11.002686,16.050995,0.18078214,2,-1,-1
1010.45135,623.0419,36.93976,32.17804,0.18001515,1,-1,-1
295.03592,0.0,38.241608,32.973476,0.17927739,4,-1,-1
594.84216,552.61145,39.08191,21.36847,0.17853335,3,-1,-1
660.46783,383.7343,15.664673,20.04898,0.17796615,1,-1,-1
1337.9409,161.64853,27.599731,37.333405,0.176528,2,-1,-1
549.28265,507.12537,28.612793,46.34088,0.17650849,8,-1,-1
1002.9166,156.77147,11.354431,9.699463,0.17600223,2,-1,-1
527.7034,341.3606,17.326538,19.980896,0.17554632,10,-1,-1
524.59064,340.9811,19.214722,22.884613,0.17461285,1,-1,-1
638.6626,463.74026,12.048218,14.132263,0.17439133,1,-1,-1
531.49786,524.24115,18.003723,26.525452,0.1742293,2,-1,-1
652.673,491.64856,10.503906,11.947662,0.17404088,2,-1,-1
697.9764,335.03955,17.397095,31.826752,0.17202389,10,-1,-1
505.20175,434.4871,23.684967,20.98233,0.17190248,2,-1,-1
998.1507,559.94336,29.224548,25.105408,0.17170948,1,-1,-1
526.7151,367.09314,14.935303,19.05783,0.17153645,1,-1,-1
678.6263,423.41132,13.936462,19.847443,0.17146343,10,-1,-1
594.6572,558.4145,13.956177,11.895935,0.17135328,1,-1,-1
665.4382,379.7131,32.55304,18.607666,0.17054567,2,-1,-1
406.21753,679.70135,53.35446,56.41388,0.17015606,3,-1,-1
1330.9276,158.87407,38.35852,64.593506,0.16902506,1,-1,-1
655.0695,319.0283,16.980408,26.12677,0.16833717,10,-1,-1
638.30835,465.38654,11.527588,14.415741,0.1679149,2,-1,-1
1075.9618,177.09825,11.431274,13.166611,0.1675533,1,-1,-1
636.73517,376.48535,17.667603,26.918732,0.166998,10,-1,-1
578.8797,83.37604,13.748535,17.428978,0.16667774,2,-1,-1
591.7266,383.63382,11.62262,13.695587,0.16582721,1,-1,-1
655.3582,319.13965,16.453491,26.138092,0.1657157,2,-1,-1
645.72363,423.1824,10.268555,13.75293,0.16509354,2,-1,-1
677.8615,393.6123,21.774109,19.355286,0.16480714,1,-1,-1
678.6263,423.41132,13.936462,19.847443,0.16457564,2,-1,-1
784.5823,311.39346,14.3793335,21.265472,0.16388053,1,-1,-1
644.6463,434.61444,15.727661,15.925354,0.16309503,1,-1,-1
577.5644,308.96863,14.73822,25.942108,0.16263488,2,-1,-1
1002.9166,156.77147,11.354431,9.699463,0.16210338,1,-1,-1
634.30994,451.12088,11.420227,14.821838,0.16152188,2,-1,-1
611.19525,670.0768,45.336975,24.51416,0.16101453,3,-1,-1
339.73642,617.0906,11.401459,15.481079,0.16096509,2,-1,-1
658.642,138.13371,36.765076,58.479736,0.160011,4,-1,-1
619.3942,123.115685,53.171936,82.5317,0.1598567,4,-1,-1
657.8279,389.99203,17.80542,30.035583,0.15793616,1,-1,-1
1038.713,511.80573,31.358154,36.32794,0.15790501,10,-1,-1
419.07343,637.9601,39.28485,31.560364,0.15760592,10,-1,-1
726.8802,62.41511,16.0495,29.538273,0.15758151,1,-1,-1
716.6796,340.98935,17.878113,38.745758,0.15560636,1,-1,-1
1326.4585,290.06055,10.129883,14.049622,0.15522179,2,-1,-1
725.92596,64.49702,16.703796,27.679077,0.15521377,2,-1,-1
645.0815,491.9584,16.925293,14.3402405,0.15498698,1,-1,-1
539.7338,380.793,10.567749,18.599762,0.1548714,1,-1,-1
498.94342,447.48065,27.405884,24.49466,0.15345925,1,-1,-1
643.0024,494.87872,9.8741455,12.685455,0.15200195,1,-1,-1
746.7824,63.614197,21.749207,32.286285,0.15034321,2,-1,-1
561.87274,193.35387,30.576233,47.8313,0.15007651,1,-1,-1
515.4311,368.6794,16.69812,20.843964,0.14911133,1,-1,-1
668.8122,159.5248,40.53723,77.83478,0.14909327,4,-1,-1
565.8358,310.6347,13.7283325,25.670685,0.14892378,10,-1,-1
381.6603,574.3204,25.883362,21.158997,0.1483489,3,-1,-1
652.06683,431.8867,10.562378,13.87384,0.14734867,2,-1,-1
498.94342,447.48065,27.405884,24.49466,0.1471869,2,-1,-1
407.49576,681.183,47.479065,48.492676,0.14685374,1,-1,-1
505.20175,434.4871,23.684967,20.98233,0.14683822,1,-1,-1
565.5492,310.59985,14.108093,25.424164,0.14676148,2,-1,-1
1249.864,309.48633,31.18274,38.693268,0.14571857,10,-1,-1
528.82556,515.4743,31.257935,37.442444,0.144636,10,-1,-1
551.5946,512.7287,23.18573,38.548645,0.14379987,2,-1,-1
612.49536,129.97963,40.466614,72.11745,0.14331329,5,-1,-1
527.2405,367.40494,14.145752,18.183838,0.14315438,2,-1,-1
1075.9392,177.12177,11.277344,13.460312,0.14049822,2,-1,-1
552.6813,519.7525,22.008667,31.14032,0.14042872,1,-1,-1
515.5058,370.69247,16.68872,20.00644,0.14038298,2,-1,-1
53.71779,463.74933,31.343887,22.67627,0.13952765,2,-1,-1
340.10226,617.57654,10.611267,14.570557,0.13906017,1,-1,-1
677.812,391.221,22.620728,19.80429,0.1390276,10,-1,-1
680.34656,391.46512,20.41449,20.404572,0.13847372,3,-1,-1
639.4775,379.09735,8.904419,12.040955,0.13724604,2,-1,-1
1250.3497,310.24408,29.94519,37.800934,0.13719058,6,-1,-1
1342.1696,5.6068873,9.87561,20.854292,0.1370064,1,-1,-1
585.7715,8.150521,9.460144,16.387447,0.13697919,2,-1,-1
664.8155,44.6897,17.705444,30.72662,0.1368298,1,-1,-1
615.7373,8.116549,14.026062,19.983696,0.13644344,1,-1,-1
1290.3607,0.0,109.160034,102.3075,0.1362198,4,-1,-1
618.204,156.00597,30.99054,45.573166,0.13571554,4,-1,-1
660.3279,399.7569,13.926697,19.336548,0.13552561,10,-1,-1
1258.3613,76.484344,10.854736,11.392975,0.13549665,1,-1,-1
1326.3203,328.8322,17.048218,26.634033,0.13527316,1,-1,-1
523.5511,414.84198,12.812073,19.389679,0.13517025,2,-1,-1
595.9895,440.1779,13.303955,24.3685,0.13507617,10,-1,-1
549.70404,520.9714,22.659668,18.919556,0.13422012,2,-1,-1
645.5139,427.85052,10.579773,13.841583,0.13394603,2,-1,-1
1341.9586,259.1985,57.562134,36.373352,0.13340789,4,-1,-1
1043.571,562.33014,22.85437,23.454346,0.13312858,2,-1,-1
660.46936,41.239487,15.043579,28.26831,0.13266385,2,-1,-1
531.5113,344.51947,11.433716,16.668274,0.1324808,2,-1,-1
677.35657,192.80655,29.205261,49.485306,0.13246185,10,-1,-1
393.59924,585.39606,13.447449,8.498413,0.13195392,1,-1,-1
593.7541,555.45245,29.841553,17.254578,0.13160288,1,-1,-1
523.1885,412.82605,13.006897,20.642181,0.13148263,1,-1,-1
542.0329,367.5676,14.1427,25.557648,0.1314471,1,-1,-1
382.60812,579.2801,10.22464,10.824707,0.13106012,1,-1,-1
643.8132,472.31064,9.168579,14.233215,0.13050139,1,-1,-1
661.68353,123.4838,48.306824,84.41364,0.13043252,4,-1,-1
608.81085,639.76184,39.490234,29.75592,0.12961176,1,-1,-1
527.5452,340.33362,17.724548,20.01471,0.12878597,3,-1,-1
594.23126,556.4638,27.439148,15.573608,0.12877822,10,-1,-1
1326.4585,290.06055,10.129883,14.049622,0.12866053,1,-1,-1
1265.2737,77.57017,16.522339,11.820656,0.12858328,1,-1,-1
1303.3414,335.02615,20.866821,23.509888,0.12840864,2,-1,-1
63.331955,469.47327,23.671951,17.732513,0.1268925,1,-1,-1
573.5925,145.78366,21.002625,19.733551,0.12677237,2,-1,-1
587.85504,2.8351471,10.422607,15.64718,0.1263814,2,-1,-1
662.6108,383.6641,24.009521,14.387848,0.12601227,2,-1,-1
582.34973,195.5404,11.9244995,12.7621,0.1259883,2,-1,-1
605.26337,578.5176,58.569214,26.999023,0.12582344,10,-1,-1
1372.5597,263.3721,26.96106,32.59018,0.12575004,4,-1,-1
621.5894,115.798874,30.601074,47.66681,0.12574154,4,-1,-1
537.3049,367.5007,12.822144,19.537537,0.1256721,2,-1,-1
1249.9587,310.26163,30.19226,37.983337,0.1256384,8,-1,-1
382.49854,575.98486,24.469452,19.121948,0.124074966,2,-1,-1
381.69424,574.42255,15.737061,12.612061,0.12363377,2,-1,-1
295.03592,0.0,38.241608,32.973476,0.12313703,5,-1,-1
1322.1852,163.97517,37.04138,31.960846,0.122159004,1,-1,-1
639.1085,448.05334,19.7854,19.968384,0.12198976,2,-1,-1
610.9617,669.8937,45.571045,25.998535,0.12100297,10,-1,-1
1094.5765,180.38405,16.498169,15.068298,0.12049049,1,-1,-1
532.0455,284.75977,28.679443,47.63507,0.11999333,4,-1,-1
818.5667,751.33716,18.695496,9.9730835,0.11959919,10,-1,-1
647.446,422.43298,11.651306,13.054749,0.11843774,1,-1,-1
607.33673,141.68411,33.567444,55.600906,0.117803246,4,-1,-1
1295.6449,299.7857,20.830566,24.535614,0.117483735,2,-1,-1
521.5838,370.15134,13.783386,20.262726,0.117304236,1,-1,-1
645.88885,23.497854,12.875,26.104826,0.117093,1,-1,-1
639.05164,383.53818,9.792175,16.487518,0.1165483,2,-1,-1
574.7177,309.19034,16.807129,28.56955,0.11629924,10,-1,-1
716.51587,340.83984,18.288513,38.969727,0.11620444,10,-1,-1
663.62396,381.80573,19.628784,17.935852,0.11618829,1,-1,-1
389.89587,580.9075,15.330353,13.059509,0.116173536,1,-1,-1
169.59662,482.27725,14.140121,22.118011,0.11583319,3,-1,-1
1273.8862,78.45092,9.505005,9.656433,0.11575186,1,-1,-1
534.3928,286.46814,25.973083,44.26602,0.11535907,1,-1,-1
697.9221,334.2756,17.940002,29.806793,0.11495751,1,-1,-1
192.92928,410.9123,25.224289,36.230133,0.114834994,1,-1,-1
661.9817,40.723354,11.783997,19.274502,0.114127785,1,-1,-1
0.0,459.46362,28.147604,28.782776,0.11354828,10,-1,-1
653.0625,490.69482,9.960999,10.494049,0.11266458,1,-1,-1
643.8132,472.31064,9.168579,14.233215,0.112656236,2,-1,-1
578.3024,432.1077,15.349609,24.408356,0.112234265,2,-1,-1
592.06396,0.0,9.135376,12.781155,0.111670434,2,-1,-1
650.21375,422.8529,9.718872,14.046173,0.11119816,2,-1,-1
675.8584,272.15207,10.621033,16.478485,0.11108157,1,-1,-1
1346.2002,264.36325,17.544678,19.500244,0.11097807,1,-1,-1
609.494,621.16895,37.038757,22.57965,0.11092079,1,-1,-1
504.98755,487.75693,21.073242,26.412506,0.11014339,1,-1,-1
625.25696,332.27548,11.798828,28.343048,0.11011958,1,-1,-1
1329.6925,246.37999,17.306885,31.507095,0.10962638,1,-1,-1
638.61414,280.3923,18.440552,32.619537,0.109505564,1,-1,-1
553.9816,356.57214,11.637146,21.734314,0.10917452,1,-1,-1
1248.094,313.3131,9.53894,12.683594,0.10913473,1,-1,-1
636.73517,376.48535,17.667603,26.918732,0.10897371,3,-1,-1
386.2693,574.6638,18.388367,14.60321,0.10873613,1,-1,-1
644.4613,491.91614,17.983215,14.231537,0.10864964,10,-1,-1
666.74054,114.18103,45.230408,43.30075,0.108017266,4,-1,-1
590.6912,385.53125,11.833984,20.174713,0.10790527,1,-1,-1
1332.8423,160.45898,35.886963,57.74083,0.10789859,2,-1,-1
1024.1836,745.9302,17.009766,33.328735,0.10772705,1,-1,-1
562.6781,310.5044,22.73236,31.214691,0.10699573,1,-1,-1
584.5984,436.98703,16.240234,21.933441,0.106396735,1,-1,-1
677.92633,36.194828,12.226807,24.356712,0.106340945,1,-1,-1
417.92154,693.94257,47.56888,42.481995,0.10613397,1,-1,-1
632.7731,465.65112,18.566467,22.333374,0.10592744,10,-1,-1
1258.5292,76.28598,10.580322,11.788879,0.10571137,2,-1,-1
1038.713,511.80573,31.358154,36.32794,0.10564619,1,-1,-1
1038.713,511.80573,31.358154,36.32794,0.10541767,3,-1,-1
638.7129,455.62634,12.887268,16.396454,0.10519165,2,-1,-1
1349.0051,1.5308428,11.83252,21.814255,0.10508308,1,-1,-1
1287.6348,160.49774,15.351318,30.207352,0.10500535,1,-1,-1
636.5302,469.36884,14.718384,16.34259,0.105000526,2,-1,-1
638.534,469.57095,11.931641,15.706329,0.10491413,1,-1,-1
658.7206,390.84924,16.119995,26.585236,0.10459435,3,-1,-1
1254.7625,73.62983,11.785522,11.787079,0.10392779,1,-1,-1
538.47253,369.30225,14.448425,28.25711,0.10388017,2,-1,-1
533.54224,284.4561,26.986206,48.05789,0.10375136,5,-1,-1
525.2904,368.06262,11.975586,13.287415,0.10355079,2,-1,-1
593.444,384.46753,11.955322,16.469757,0.10329902,2,-1,-1
607.3235,6.985553,22.267944,26.270836,0.10307294,2,-1,-1
605.0295,578.6703,59.282227,27.357239,0.10231483,3,-1,-1
635.89856,465.60193,18.476685,20.868713,0.102007836,1,-1,-1
430.7496,48.867287,9.590179,14.371628,0.10157204,1,-1,-1
657.30304,34.158516,14.794739,31.737007,0.101264834,2,-1,-1
1281.3475,155.42743,23.480469,35.034286,0.10121581,2,-1,-1
225.70105,416.78598,12.865067,21.105713,0.10121244,1,-1,-1
595.9691,442.40198,15.196472,23.688965,0.10072601,2,-1,-1
1016.3787,315.13354,14.351868,15.92038,0.100459546,2,-1,-1
1354.2382,0.0,15.347656,22.262205,0.10041505,1,-1,-1
493.38663,0.0,41.925262,48.93594,0.10031414,4,-1,-1
609.494,621.16895,37.038757,22.57965,0.10019761,2,-1,-1
536.49274,289.6532,23.023926,39.744995,0.10009962,2,-1,-1
939.2016,630.60455,38.985657,30.445007,0.09997779,10,-1,-1
657.16974,320.43466,9.484558,18.035614,0.09989452,2,-1,-1
517.7418,363.27774,25.214722,26.388489,0.09985107,10,-1,-1
561.87274,193.35387,30.576233,47.8313,0.099728405,2,-1,-1
504.64374,488.56915,19.678467,23.789612,0.09957284,2,-1,-1
632.4788,449.21167,12.822754,15.4758,0.09953624,1,-1,-1
645.9584,372.30008,9.499329,13.027496,0.09938869,2,-1,-1
1041.4551,543.5469,25.597656,42.671143,0.09928569,10,-1,-1
658.88196,390.95605,15.438477,27.248657,0.09897953,2,-1,-1
1290.3607,0.0,109.160034,102.3075,0.09892586,5,-1,-1
628.8273,95.21679,94.69971,120.94424,0.09877935,4,-1,-1
1093.3958,182.94975,14.546875,10.407028,0.098481596,2,-1,-1
1364.7032,17.641262,10.464233,13.219307,0.098445356,1,-1,-1
533.54224,284.4561,26.986206,48.05789,0.098344326,10,-1,-1
641.6781,376.27063,11.462463,10.524139,0.098089606,1,-1,-1
418.6963,645.2405,10.838623,11.23114,0.09800759,1,-1,-1
578.3024,432.1077,15.349609,24.408356,0.097929806,10,-1,-1
608.2875,639.51996,40.423035,31.156494,0.097833335,2,-1,-1
676.94495,192.3425,29.111572,49.749405,0.09782231,8,-1,-1
593.24536,384.27307,14.326782,19.661804,0.097708136,3,-1,-1
716.51587,340.83984,18.288513,38.969727,0.09724894,3,-1,-1
29.488565,557.56573,24.320154,19.371094,0.096967876,3,-1,-1
513.19727,427.36948,16.976746,17.159607,0.096292704,2,-1,-1
454.18112,519.87604,56.394928,39.382385,0.09608045,10,-1,-1
931.4287,426.1884,18.327759,30.563202,0.09603086,1,-1,-1
1302.718,302.00922,13.260742,16.95755,0.09585917,2,-1,-1
665.0737,51.857372,57.238403,37.28165,0.09581724,4,-1,-1
674.32355,271.78223,14.4366455,24.746887,0.09574714,2,-1,-1
569.7917,141.6759,23.650574,25.871735,0.09552464,1,-1,-1
595.9895,440.1779,13.303955,24.3685,0.09551874,3,-1,-1
533.3987,342.09476,11.338684,13.769226,0.095486075,2,-1,-1
606.7907,0.0,14.844055,14.543403,0.095257044,1,-1,-1
1026.6652,259.6962,15.8828125,27.203217,0.095168054,1,-1,-1
657.16974,320.43466,9.484558,18.035614,0.095083505,1,-1,-1
530.2664,344.3211,13.332642,15.799896,0.09504062,1,-1,-1
639.1085,448.05334,19.7854,19.968384,0.09497285,1,-1,-1
550.3411,521.1783,20.947144,17.72467,0.09472531,1,-1,-1
611.5765,648.93506,37.162964,24.639526,0.094701886,10,-1,-1
554.39636,356.2292,17.046509,31.206787,0.09437731,2,-1,-1
560.38666,363.08502,9.116516,21.957031,0.09403992,1,-1,-1
641.45325,435.02866,13.085571,16.23468,0.0939309,1,-1,-1
11.04635,470.80826,12.927779,17.346252,0.093446076,2,-1,-1
1249.864,309.48633,31.18274,38.693268,0.093298495,1,-1,-1
592.21014,386.4945,19.269348,22.589996,0.09320852,1,-1,-1
957.4713,0.0,30.688477,11.584755,0.093057126,10,-1,-1
1249.1564,310.25436,32.24182,37.402313,0.0928497,7,-1,-1
1257.7728,76.68317,18.543945,13.054512,0.09256521,1,-1,-1
606.0025,0.0,17.630798,19.802795,0.09163517,2,-1,-1
598.88983,439.40836,9.029724,18.480804,0.09150541,1,-1,-1
1296.1512,299.62305,20.04004,24.862213,0.091155976,1,-1,-1
566.8204,382.50458,10.342773,18.865143,0.09115553,1,-1,-1
630.7453,113.45707,40.428955,40.62107,0.09074378,4,-1,-1
665.939,452.01663,18.693115,17.856934,0.0906336,1,-1,-1
655.65454,320.9688,11.15448,19.572968,0.090147346,3,-1,-1
509.6425,360.94226,27.992462,29.521606,0.090118885,1,-1,-1
586.5891,195.17128,12.4956665,12.716553,0.09011626,2,-1,-1
1261.4689,71.7375,10.770508,12.498306,0.08975199,1,-1,-1
1041.4551,543.5469,25.597656,42.671143,0.08968103,2,-1,-1
554.4631,356.555,16.807678,31.084076,0.08966905,10,-1,-1
520.7951,338.68524,25.9281,27.763062,0.089594245,10,-1,-1
528.82556,515.4743,31.257935,37.442444,0.08949411,1,-1,-1
1321.1659,164.98805,35.776123,62.914383,0.08946359,1,-1,-1
599.5452,449.0078,8.715637,18.518463,0.08945736,1,-1,-1
1264.5768,77.54546,17.291626,12.164459,0.08937392,2,-1,-1
608.2186,0.0,20.62201,25.4057,0.08926499,1,-1,-1
645.3492,364.7863,12.525513,21.530182,0.089238435,1,-1,-1
1111.9279,573.99414,31.009033,14.494019,0.088986754,10,-1,-1
532.0455,284.75977,28.679443,47.63507,0.088825405,6,-1,-1
669.315,40.726166,16.256958,28.343811,0.08875042,1,-1,-1
681.2618,42.34874,14.7908325,35.964256,0.088701576,1,-1,-1
1338.5547,257.44717,60.966064,39.084656,0.08824739,10,-1,-1
679.22125,391.85776,21.325684,19.572296,0.08809516,2,-1,-1
1250.9641,151.6782,95.7926,81.700165,0.08809158,8,-1,-1
295.02136,0.0,36.755005,34.564373,0.088029474,10,-1,-1
1259.3827,155.5684,34.449097,55.73802,0.08772835,1,-1,-1
607.7382,108.008415,46.507446,69.42564,0.08733067,4,-1,-1
1078.0776,180.97688,12.076538,11.229004,0.08711237,1,-1,-1
569.4218,167.0938,11.24408,14.516983,0.08708507,2,-1,-1
660.0728,399.93173,14.393555,19.480682,0.086898565,4,-1,-1
676.47174,489.61853,10.408569,21.006897,0.08673754,1,-1,-1
683.38184,185.84619,36.951233,54.111862,0.08668572,4,-1,-1
613.3119,131.49403,39.27423,70.12628,0.0866476,10,-1,-1
820.00073,752.5914,16.372253,8.488098,0.0865947,4,-1,-1
650.9332,490.77728,9.291138,10.354309,0.08619708,2,-1,-1
890.13,653.03265,10.560852,13.017578,0.08609223,2,-1,-1
1295.1434,153.81471,70.4281,80.03154,0.08592516,1,-1,-1
19.99139,554.33466,14.79258,18.494812,0.08583212,1,-1,-1
1302.3303,328.2173,24.911133,30.748901,0.08568478,1,-1,-1
1326.6477,328.25116,17.504272,24.833405,0.08557838,4,-1,-1
383.37534,583.9268,9.163086,9.254028,0.08550301,1,-1,-1
595.94073,386.71707,8.197327,15.586761,0.0853875,1,-1,-1
999.08075,560.4624,28.39325,23.56366,0.085369885,2,-1,-1
636.772,378.19733,16.562561,25.821136,0.08518562,4,-1,-1
1145.5189,542.2533,9.65918,11.06073,0.08502987,1,-1,-1
645.9047,452.12872,15.595215,19.12497,0.08497012,2,-1,-1
680.4956,51.42217,24.079773,31.66721,0.08465877,1,-1,-1
640.41864,433.04514,15.786316,19.932068,0.08465201,2,-1,-1
577.4749,308.96613,15.018799,25.836914,0.08454871,4,-1,-1
608.1737,592.0012,46.755737,23.482544,0.08445859,10,-1,-1
571.7472,313.52487,17.293335,28.145264,0.08437714,1,-1,-1
1365.9681,10.900509,9.041992,13.385086,0.084168434,1,-1,-1
649.6226,430.80215,15.664612,21.108398,0.08406827,2,-1,-1
567.5453,307.13593,16.768127,24.484772,0.083889574,1,-1,-1
57.835052,467.991,27.7062,18.41986,0.08375302,10,-1,-1
1361.6532,13.795134,14.585205,17.520157,0.083391994,2,-1,-1
640.4538,375.96603,7.703308,11.557861,0.083373606,2,-1,-1
548.46,506.25903,30.348999,47.50183,0.08336803,1,-1,-1
715.3978,340.40988,19.36792,39.95993,0.08314556,8,-1,-1
1257.4103,77.534225,18.838135,11.539909,0.08295569,2,-1,-1
653.66046,492.38403,8.857849,14.651581,0.08260879,1,-1,-1
656.98083,126.030136,44.699707,52.51152,0.08256832,4,-1,-1
1040.982,524.5209,28.999268,53.4093,0.082175404,10,-1,-1
1323.0387,167.91812,21.73413,18.984146,0.082175255,1,-1,-1
643.0024,494.87872,9.8741455,12.685455,0.081956446,2,-1,-1
643.0946,422.56024,16.453003,24.534851,0.081920594,1,-1,-1
1323.5458,286.5927,15.123047,18.937286,0.081879884,1,-1,-1
579.86554,184.5924,22.377075,24.528412,0.08187911,2,-1,-1
597.84607,558.6421,17.030273,13.205017,0.08179727,1,-1,-1
601.59235,581.4378,14.016235,10.913757,0.08166316,1,-1,-1
1281.3502,394.1345,114.1532,45.608887,0.081493616,6,-1,-1
675.2717,43.503014,15.378357,35.29744,0.081456065,1,-1,-1
657.0804,45.158295,16.022034,32.515648,0.081454396,1,-1,-1
645.14264,378.3806,9.672119,11.324646,0.08139372,2,-1,-1
618.20844,125.33856,33.6756,74.34123,0.08128309,1,-1,-1
1290.3607,0.0,109.160034,102.3075,0.081178814,9,-1,-1
1346.2002,264.36325,17.544678,19.500244,0.08106476,2,-1,-1
538.808,382.52747,15.850647,26.62622,0.08092114,1,-1,-1
1286.1921,159.5579,18.04126,31.27449,0.08090758,10,-1,-1
554.7937,356.7797,15.902649,30.71286,0.08080882,4,-1,-1
195.75409,82.59702,9.289398,17.78167,0.08075988,1,-1,-1
594.23126,556.4638,27.439148,15.573608,0.080629826,3,-1,-1
1296.1512,299.62305,20.04004,24.862213,0.0805535,10,-1,-1
566.24866,165.10046,20.19928,28.660172,0.08035755,1,-1,-1
587.3413,13.968929,8.444519,11.409115,0.080338895,2,-1,-1
593.13794,383.7529,14.782837,20.47409,0.08009982,10,-1,-1
566.3216,166.43118,14.863037,19.427689,0.08003485,1,-1,-1
598.4717,389.2404,9.272766,16.161621,0.08002716,1,-1,-1
1352.6598,265.72845,13.099121,16.842987,0.07998517,1,-1,-1
672.5727,284.36423,16.85321,29.504517,0.079931945,3,-1,-1
1105.8636,771.3011,50.20935,16.242859,0.079910845,4,-1,-1
641.629,18.806519,14.978149,28.229294,0.07984677,10,-1,-1
1038.8257,512.13446,30.466919,35.559265,0.07949197,2,-1,-1
634.7442,601.0648,11.80603,10.79303,0.07945871,1,-1,-1
676.94495,192.3425,29.111572,49.749405,0.07943082,1,-1,-1
665.1037,42.255447,15.576355,28.249023,0.07939333,2,-1,-1
661.55884,299.1819,13.124512,25.269165,0.07936257,1,-1,-1
666.00824,386.4315,28.733765,27.01709,0.07924566,3,-1,-1
696.5067,335.79855,18.189331,31.153381,0.0792419,7,-1,-1
607.94104,0.0,13.054016,12.269887,0.07911146,2,-1,-1
295.14523,0.0,37.28778,33.677567,0.07903856,9,-1,-1
665.73773,385.28806,12.9198,12.510345,0.078796655,2,-1,-1
1038.8175,558.60974,33.924316,31.92926,0.07864362,1,-1,-1
542.62616,375.87253,12.248291,23.533752,0.07863909,2,-1,-1
645.3492,364.7863,12.525513,21.530182,0.07862881,2,-1,-1
379.90494,740.81995,36.92758,46.724,0.07862362,6,-1,-1
649.63885,151.64275,36.517822,53.23796,0.078591526,4,-1,-1
618.98236,107.01534,37.925476,40.903023,0.078578025,4,-1,-1
642.4206,19.069244,14.93866,28.122353,0.07852617,4,-1,-1
647.0578,66.14248,25.196594,34.424606,0.078474164,1,-1,-1
1323.0673,163.56723,33.431274,33.37796,0.07833809,2,-1,-1
571.55383,192.19443,15.700562,20.017868,0.07828072,2,-1,-1
548.4688,506.89786,30.151367,46.423126,0.07826531,3,-1,-1
580.4421,81.69346,20.259033,23.062042,0.07817218,2,-1,-1
1132.0431,521.87976,10.495972,10.991333,0.077916354,1,-1,-1
10.348853,470.1249,14.212913,17.865479,0.07781482,1,-1,-1
1238.0684,363.8048,15.125,27.402252,0.07775667,1,-1,-1
522.38043,370.24158,10.52478,15.396912,0.0777466,2,-1,-1
7.2057524,468.58807,20.051655,19.2641,0.07773852,10,-1,-1
697.9221,334.2756,17.940002,29.806793,0.07761791,2,-1,-1
589.1902,0.0,10.518127,14.736865,0.077584,1,-1,-1
193.69028,411.63504,24.448486,34.983704,0.07726672,2,-1,-1
645.7962,425.5072,10.631348,13.67572,0.077159196,1,-1,-1
660.6743,383.72855,14.997742,21.231445,0.077123314,10,-1,-1
639.7906,367.06128,14.3526,20.203522,0.07710031,2,-1,-1
1248.4248,65.777084,9.984131,11.116913,0.077011734,1,-1,-1
1254.7625,73.62983,11.785522,11.787079,0.07700446,2,-1,-1
650.2621,492.64743,9.886047,14.289398,0.07694855,2,-1,-1
40.28527,558.9084,13.028423,20.65686,0.07691103,3,-1,-1
565.46454,310.637,14.306824,24.945953,0.07690394,3,-1,-1
585.7715,8.150521,9.460144,16.387447,0.0766862,1,-1,-1
519.1522,414.63626,20.300781,25.647125,0.07658243,1,-1,-1
565.8358,310.6347,13.7283325,25.670685,0.076497465,4,-1,-1
488.6977,488.247,34.84308,34.631836,0.076444834,1,-1,-1
383.21396,581.33185,16.450195,11.418335,0.076432884,1,-1,-1
1253.2737,150.04733,87.785645,83.319305,0.076428205,7,-1,-1
668.6341,486.49097,13.077148,12.605682,0.07628715,1,-1,-1
649.435,489.7362,17.9245,17.619171,0.076271236,1,-1,-1
494.58362,0.0,39.626343,48.035213,0.076256186,5,-1,-1
588.10504,7.6742196,7.906067,9.630497,0.07600823,2,-1,-1
1382.6907,267.94656,16.830078,21.97049,0.07575333,4,-1,-1
1351.0657,268.7545,9.631836,14.928497,0.07573679,1,-1,-1
1323.5458,286.5927,15.123047,18.937286,0.0756951,2,-1,-1
746.6323,77.12333,18.030579,23.809647,0.075683355,1,-1,-1
595.3621,550.6287,55.826477,33.54785,0.075633466,10,-1,-1
1271.5533,77.30955,13.581299,13.718887,0.075562805,1,-1,-1
1262.8256,154.47835,26.575562,34.365112,0.075540274,1,-1,-1
925.65826,723.77826,38.511047,22.217712,0.07550919,7,-1,-1
726.52856,61.488926,15.291626,27.464275,0.07543844,10,-1,-1
62.942562,469.22888,23.956264,18.041138,0.07533234,2,-1,-1
661.092,488.81647,10.445435,11.643799,0.07531747,1,-1,-1
530.7822,524.3468,18.310913,26.570068,0.075261414,4,-1,-1
1093.7836,179.71617,17.893677,16.53775,0.075220495,2,-1,-1
626.86694,144.07317,34.775146,61.26631,0.07518092,4,-1,-1
703.08875,724.5231,32.69995,17.468628,0.075131625,1,-1,-1
1362.0338,10.907993,14.825684,19.09862,0.07503921,1,-1,-1
664.2486,384.14084,31.987244,29.76773,0.074977905,10,-1,-1
0.5084754,299.35645,29.749908,17.60672,0.07495764,4,-1,-1
1045.6892,553.3398,17.97583,29.195984,0.07491708,1,-1,-1
499.3644,476.31042,27.661163,33.769135,0.07485446,1,-1,-1
584.0675,438.90842,10.21106,16.949707,0.07482344,2,-1,-1
652.8272,424.24893,9.676697,13.4895935,0.07480723,1,-1,-1
900.02045,773.50476,29.236145,14.039185,0.07476729,4,-1,-1
1002.5185,153.4442,14.658264,11.198532,0.07473996,2,-1,-1
957.4713,0.0,30.688477,11.584755,0.074633986,3,-1,-1
566.266,154.52231,24.754272,32.188934,0.07440516,1,-1,-1
656.59393,26.502998,9.409363,19.680763,0.074394256,1,-1,-1
988.13104,735.73956,55.279724,33.802612,0.074297994,6,-1,-1
1258.9326,70.13055,13.294678,13.095253,0.0742771,2,-1,-1
663.2369,397.51404,11.307678,13.829376,0.07422027,2,-1,-1
1259.1033,69.86257,11.453857,11.545959,0.073952526,1,-1,-1
1254.9093,69.43804,11.955566,11.472206,0.07393798,1,-1,-1
609.06354,594.16345,44.413635,20.670776,0.07393041,3,-1,-1
660.5502,41.660877,15.164734,31.43768,0.07388297,10,-1,-1
