129.00748,308.65,89.87138,50.07727,0.92861927,4,-1,-1
1145.6434,664.7218,106.43201,49.069458,0.92719823,4,-1,-1
697.8037,574.14465,72.16931,114.39856,0.90932876,4,-1,-1
746.2252,461.90027,84.641235,95.34912,0.90170133,4,-1,-1
1154.2659,598.7537,105.73877,52.407837,0.889389,4,-1,-1
1136.1117,723.2359,107.5011,53.893127,0.8883214,4,-1,-1
1284.7018,649.1973,107.68787,52.088867,0.8787807,4,-1,-1
1267.2844,714.50635,107.52991,50.71393,0.8663375,4,-1,-1
1218.1471,478.1619,106.60278,47.239105,0.86489975,4,-1,-1
1088.6825,491.10153,106.29602,47.958893,0.8090563,4,-1,-1
87.11318,369.9015,106.06507,50.056824,0.8012376,4,-1,-1
572.2058,705.489,56.35437,82.05493,0.7981132,4,-1,-1
1289.0112,565.4484,54.533203,28.411438,0.6474036,10,-1,-1
857.56,0.0,47.522705,58.364616,0.62727594,4,-1,-1
99.315575,432.34012,110.64919,45.407684,0.6170314,5,-1,-1
467.4793,7.3808513,45.393982,131.71141,0.58724785,4,-1,-1
888.165,326.98938,197.60492,119.94592,0.5798555,6,-1,-1
1166.7726,542.9189,106.2876,50.30536,0.54467225,5,-1,-1
628.3201,544.1281,75.18799,123.689514,0.53016806,4,-1,-1
1164.7903,542.9485,106.98059,50.887146,0.48795015,4,-1,-1
577.4191,84.39522,16.8609,30.976913,0.47837713,1,-1,-1
1367.4012,477.526,32.119507,48.8407,0.47484508,4,-1,-1
1292.5798,175.89093,28.47461,15.556641,0.45970377,1,-1,-1
792.61896,0.0,69.852295,51.66423,0.4303989,4,-1,-1
1142.5709,174.40036,24.401123,15.985291,0.42424065,1,-1,-1
1149.5007,145.5145,17.06482,16.62703,0.38760173,1,-1,-1
891.03107,137.09428,21.053406,17.53984,0.3835519,1,-1,-1
467.4793,7.3808513,45.393982,131.71141,0.38323775,5,-1,-1
370.5644,600.782,19.661682,18.907104,0.38244808,1,-1,-1
1199.8655,149.9887,23.324951,11.781906,0.37877962,2,-1,-1
887.9931,326.36972,198.3227,122.015686,0.36627227,9,-1,-1
1199.8285,160.07874,20.760498,12.634613,0.3481104,1,-1,-1
1285.547,134.47957,30.119507,18.220306,0.3466406,10,-1,-1
1220.3446,174.0005,27.634644,15.582886,0.32930183,1,-1,-1
1039.0292,410.562,34.67395,20.078583,0.3260087,1,-1,-1
1147.7827,155.09001,19.384766,16.428513,0.32171834,1,-1,-1
1199.1514,149.753,23.13916,12.110916,0.3178141,1,-1,-1
1363.0876,535.9234,36.433105,44.895386,0.31702745,4,-1,-1
222.90625,608.0495,16.989426,18.079773,0.30788213,1,-1,-1
1269.3495,158.71167,45.121338,21.715836,0.30330062,10,-1,-1
1095.4913,428.1656,124.9812,66.357025,0.28992456,5,-1,-1
1200.5419,159.71301,22.534424,12.473099,0.28138512,2,-1,-1
628.3201,544.1281,75.18799,123.689514,0.28061402,5,-1,-1
1262.0048,154.52881,30.842163,19.457855,0.2787134,1,-1,-1
628.4964,544.26935,72.5788,122.36859,0.27795085,6,-1,-1
368.58032,591.55975,28.971802,29.583008,0.27242634,1,-1,-1
1385.8009,415.24905,13.719849,39.211,0.2718959,4,-1,-1
1298.2938,173.54097,22.747803,11.666626,0.2691583,1,-1,-1
1261.4672,152.53714,31.686523,21.270065,0.26638958,10,-1,-1
1099.3856,394.87253,263.81104,109.022675,0.26584518,6,-1,-1
792.69617,0.0,70.944824,50.618286,0.25860792,5,-1,-1
1271.3015,160.93962,41.183105,18.419098,0.25304735,1,-1,-1
1204.481,144.66333,20.086304,14.662735,0.25253803,2,-1,-1
1222.5035,165.76738,20.843506,12.075287,0.25033653,2,-1,-1
1203.3502,144.52013,21.690308,15.813049,0.24993503,1,-1,-1
1220.3446,174.0005,27.634644,15.582886,0.2458219,2,-1,-1
173.21313,612.0519,27.360733,18.186829,0.24450836,1,-1,-1
1146.4594,163.70418,17.280884,14.05957,0.24408627,1,-1,-1
1292.9296,175.77046,27.65686,15.811584,0.23761341,2,-1,-1
890.4014,125.12397,20.261475,17.95829,0.2353043,1,-1,-1
1097.4723,398.3145,251.43799,103.51474,0.23136163,9,-1,-1
1285.7551,164.46205,33.516968,14.672028,0.2301228,10,-1,-1
1302.5277,166.39954,16.1698,9.819992,0.22981936,1,-1,-1
890.1539,135.70474,22.353516,17.666016,0.2279959,2,-1,-1
1288.5194,565.75385,55.04663,27.70166,0.22745654,3,-1,-1
1304.5027,163.95935,13.34021,9.966858,0.22732252,2,-1,-1
1267.0813,166.75937,28.728271,14.3103485,0.2244854,1,-1,-1
843.69476,0.0,59.807983,57.363316,0.22194782,5,-1,-1
374.5641,602.8162,13.064056,12.716736,0.21906391,1,-1,-1
1093.3008,100.67621,14.464844,35.8284,0.21803612,3,-1,-1
98.320206,431.61856,111.49245,46.95224,0.21803498,9,-1,-1
371.4805,600.917,18.135864,18.787292,0.21578887,2,-1,-1
1297.2518,173.41998,24.104858,12.381378,0.2152307,10,-1,-1
888.7709,126.78396,23.74115,27.851524,0.21299884,10,-1,-1
1058.0967,3.0074444,68.64685,113.5009,0.21166411,6,-1,-1
1133.5114,160.73846,13.481567,10.6931,0.20999488,1,-1,-1
1292.2389,178.77489,24.650146,13.649124,0.20415545,10,-1,-1
1295.7618,165.1468,23.908081,13.732956,0.20403093,1,-1,-1
1262.9731,153.41708,30.799927,16.824234,0.20395213,2,-1,-1
1093.3568,102.19987,14.74353,34.63111,0.20328638,10,-1,-1
1132.5934,159.34341,27.531128,16.101883,0.20126587,1,-1,-1
1385.8009,415.24905,13.719849,39.211,0.19973692,10,-1,-1
1200.4357,163.85367,15.105103,9.586777,0.19943112,1,-1,-1
1043.9285,412.42563,29.304688,17.38974,0.19867077,10,-1,-1
98.84436,432.19937,111.29114,45.666138,0.19373578,6,-1,-1
1286.9985,161.25505,31.0083,16.148682,0.1927093,1,-1,-1
499.0018,565.44214,61.8732,153.84943,0.19252816,9,-1,-1
1222.4105,165.7536,20.77649,12.12973,0.1903233,1,-1,-1
1302.7034,168.62431,14.82373,9.415237,0.19019601,2,-1,-1
1371.6799,578.57104,27.84082,28.4375,0.18921688,4,-1,-1
469.4141,7.508416,42.033142,131.64421,0.18884072,9,-1,-1
1055.5431,2.461334,71.140625,100.52939,0.18764755,9,-1,-1
1284.6675,131.3,36.394897,31.180222,0.18730226,10,-1,-1
1220.4672,173.25323,28.237793,15.297821,0.18667445,10,-1,-1
894.1955,125.975235,15.978638,8.722534,0.18490914,1,-1,-1
1300.9326,566.5469,34.739014,22.513,0.18427673,2,-1,-1
1089.8826,486.95105,102.80347,54.3396,0.1838564,5,-1,-1
248.54921,703.014,167.61107,84.52997,0.18339261,9,-1,-1
1133.747,160.48186,13.105469,11.262573,0.18189454,2,-1,-1
1305.6338,176.65492,13.270508,8.699448,0.17914218,2,-1,-1
1264.942,147.23508,52.60388,29.880981,0.17718065,10,-1,-1
1119.3793,165.65317,20.577515,15.10907,0.1769597,1,-1,-1
1287.5692,132.50366,30.966309,19.58818,0.17654589,1,-1,-1
1220.9352,156.63385,28.314697,22.83406,0.17645377,2,-1,-1
604.3747,110.151596,13.160828,26.091034,0.17487994,1,-1,-1
1149.5007,145.5145,17.06482,16.62703,0.17092803,2,-1,-1
1119.3557,164.78871,23.998413,15.794815,0.17033139,2,-1,-1
792.61896,0.0,69.852295,51.66423,0.17031515,9,-1,-1
1286.5985,134.9491,28.682373,16.639038,0.1699771,2,-1,-1
248.54921,703.014,167.61107,84.52997,0.16894922,6,-1,-1
1298.6844,173.67618,22.307007,11.336258,0.16799164,2,-1,-1
1222.6915,165.06989,22.937012,13.618607,0.16733545,10,-1,-1
1276.135,172.48521,37.815308,17.240768,0.16581336,1,-1,-1
1270.0378,159.80223,43.287354,20.0327,0.16424987,2,-1,-1
1221.4478,148.17284,31.423218,35.95105,0.16323948,10,-1,-1
1294.3269,180.46094,19.66565,11.408752,0.16316411,1,-1,-1
251.08087,699.99634,161.60184,87.54761,0.15978807,4,-1,-1
368.43802,592.3476,28.574585,28.477478,0.1595799,2,-1,-1
1304.4622,176.76071,15.376221,8.028442,0.15943754,1,-1,-1
1340.1514,30.423697,21.17102,29.001806,0.15755248,1,-1,-1
888.0235,325.70123,198.23737,122.96344,0.15667272,5,-1,-1
1152.6844,149.00066,16.424316,16.883453,0.15582085,1,-1,-1
129.00748,308.65,89.87138,50.07727,0.15558487,10,-1,-1
1140.0455,172.44972,22.586426,12.461151,0.1547283,1,-1,-1
572.2058,705.489,56.35437,82.05493,0.15452302,1,-1,-1
1266.7335,166.46437,29.736328,14.462631,0.15448606,10,-1,-1
1044.8951,412.8256,28.699951,16.814728,0.15436229,2,-1,-1
1305.197,162.92564,13.126099,9.125809,0.15373474,1,-1,-1
1210.158,146.43137,13.250122,11.041351,0.1523456,2,-1,-1
1300.2183,165.99817,19.160767,11.0793915,0.15123051,10,-1,-1
1294.4666,136.58295,17.290161,11.23671,0.14948693,2,-1,-1
1139.3662,172.85934,27.1427,14.566162,0.14924881,2,-1,-1
1208.2408,144.42624,14.423584,11.471664,0.14885649,1,-1,-1
1288.325,565.408,55.4635,28.548218,0.14645454,1,-1,-1
604.48114,110.02621,13.375305,26.368767,0.14540836,10,-1,-1
1093.3568,102.19987,14.74353,34.63111,0.14498147,1,-1,-1
1367.4012,477.526,32.119507,48.8407,0.14295802,5,-1,-1
1145.6068,664.5026,106.00159,48.965393,0.14215666,10,-1,-1
1208.8505,582.054,48.045044,22.296326,0.14146942,10,-1,-1
1288.2178,564.9585,55.5802,28.811462,0.14044431,7,-1,-1
1297.8162,165.65909,21.913818,11.975327,0.13976398,2,-1,-1
1201.7325,158.37596,16.521973,9.219025,0.139649,1,-1,-1
1108.6351,148.22469,22.12378,14.07077,0.13914007,1,-1,-1
98.784706,432.15588,111.90655,45.98575,0.13806182,4,-1,-1
572.2058,705.489,56.35437,82.05493,0.13792399,5,-1,-1
172.97887,77.77613,10.927734,11.920601,0.1376985,2,-1,-1
792.61896,0.0,69.852295,51.66423,0.13654152,6,-1,-1
1285.5916,161.15376,32.555786,15.964249,0.13593322,2,-1,-1
1195.2046,143.91356,26.439087,21.064667,0.13473481,1,-1,-1
1307.1415,568.6888,19.871826,22.5943,0.1332905,2,-1,-1
887.41003,126.163765,26.737305,28.525887,0.13284612,1,-1,-1
1267.0813,166.75937,28.728271,14.3103485,0.13271433,2,-1,-1
1303.106,75.621376,23.498413,19.647415,0.13266653,10,-1,-1
222.48048,612.9371,11.402512,13.166504,0.1307365,1,-1,-1
628.5829,543.9393,72.651184,123.29004,0.12848729,9,-1,-1
248.54921,703.014,167.61107,84.52997,0.12795934,5,-1,-1
375.0591,602.5164,12.330841,13.255005,0.12748623,2,-1,-1
890.95435,124.54479,19.438904,19.170235,0.1265176,10,-1,-1
1302.9519,76.01409,24.159058,18.809555,0.12614816,1,-1,-1
1076.0138,413.15314,14.063843,13.141602,0.12548813,1,-1,-1
1270.0378,159.80223,43.287354,20.0327,0.12542802,3,-1,-1
1127.8389,154.82417,37.731323,24.160675,0.12530583,1,-1,-1
572.6446,706.3803,55.512268,81.163635,0.12447709,10,-1,-1
1300.4446,179.88008,14.128052,9.252457,0.12367311,2,-1,-1
1286.1241,170.32245,38.670532,24.635956,0.123671055,1,-1,-1
1304.0358,171.87543,15.399414,9.807983,0.12364286,2,-1,-1
1055.5431,2.461334,71.140625,100.52939,0.12323722,4,-1,-1
1132.7003,159.47314,17.304077,17.393463,0.12316865,2,-1,-1
1209.2461,149.7174,13.876099,10.556656,0.12303442,1,-1,-1
1220.9352,156.63385,28.314697,22.83406,0.12295869,1,-1,-1
1133.7598,145.77713,14.12146,19.142624,0.122633606,1,-1,-1
745.7335,462.3219,85.12622,94.62341,0.122565985,5,-1,-1
1306.8126,162.98575,9.932129,8.006317,0.12237939,2,-1,-1
1288.7383,565.1158,54.69287,28.439941,0.1221036,8,-1,-1
697.731,573.8764,72.44879,115.64606,0.1212686,5,-1,-1
1261.4259,231.23802,55.523193,31.687088,0.120661736,4,-1,-1
1122.5842,171.18785,19.976074,12.084717,0.12049669,2,-1,-1
151.64227,51.739895,87.11235,107.72414,0.11995122,6,-1,-1
890.4014,125.12397,20.261475,17.95829,0.119807154,2,-1,-1
1147.2372,154.64284,20.2594,17.614044,0.11671975,2,-1,-1
1284.2548,141.28337,27.294312,14.355331,0.11662978,10,-1,-1
1293.5977,135.7529,18.787231,13.208954,0.11645731,1,-1,-1
1043.1759,412.5842,30.256592,17.047394,0.1163165,3,-1,-1
1295.7378,564.9089,24.60083,25.263977,0.11626652,2,-1,-1
1363.3073,535.9322,36.2135,46.298218,0.11617166,5,-1,-1
1201.6156,153.24986,16.973389,9.614944,0.11615741,1,-1,-1
1285.048,649.0875,107.64075,52.967407,0.11520761,1,-1,-1
1154.3795,598.95215,104.49109,52.647156,0.11422858,10,-1,-1
1219.8545,144.23729,35.66809,40.52127,0.114191234,1,-1,-1
1212.5015,149.38834,12.510742,10.639832,0.11391404,2,-1,-1
1277.0245,165.55913,18.20752,12.307922,0.11377573,1,-1,-1
577.4191,84.39522,16.8609,30.976913,0.11369863,4,-1,-1
1055.5431,2.461334,71.140625,100.52939,0.11348447,5,-1,-1
87.95159,370.00537,104.62888,49.805786,0.113464534,5,-1,-1
1199.7518,149.85031,23.713501,12.369919,0.11346236,10,-1,-1
1206.8091,147.23772,23.823975,15.773132,0.11342758,2,-1,-1
1129.3114,161.48659,22.703003,16.866135,0.112455696,1,-1,-1
1146.6497,664.92596,104.31421,48.817383,0.11103657,1,-1,-1
1301.7936,169.77528,14.427002,7.6279755,0.11102596,1,-1,-1
1288.325,565.408,55.4635,28.548218,0.11094713,2,-1,-1
1111.4663,145.07182,31.701538,16.883316,0.11091843,1,-1,-1
1201.6156,153.24986,16.973389,9.614944,0.110081375,2,-1,-1
1293.5977,135.7529,18.787231,13.208954,0.110072196,10,-1,-1
1304.4622,176.76071,15.376221,8.028442,0.110029995,10,-1,-1
1264.5885,152.53665,28.341797,13.448853,0.109865785,1,-1,-1
1365.528,477.80975,33.992798,46.51172,0.10966778,1,-1,-1
1025.1069,0.0,111.99304,145.65771,0.10941005,9,-1,-1
1299.1178,182.88786,15.34729,9.177933,0.109223604,2,-1,-1
1141.1935,172.43356,18.069946,11.495743,0.109115034,2,-1,-1
1118.6261,171.66231,26.755127,16.591599,0.10863876,1,-1,-1
1120.8018,168.15338,13.439453,11.288696,0.108095974,1,-1,-1
1140.0359,162.82603,21.116455,17.845184,0.107618004,1,-1,-1
1133.9183,156.7087,15.036011,19.845291,0.10743281,1,-1,-1
1297.5566,140.2354,13.973877,9.095428,0.10692334,2,-1,-1
1147.2563,165.18596,15.49585,12.351807,0.10682252,2,-1,-1
574.93994,0.0,45.172363,51.960094,0.10654518,9,-1,-1
1300.4446,179.88008,14.128052,9.252457,0.10610786,1,-1,-1
1300.9326,566.5469,34.739014,22.513,0.10532701,1,-1,-1
1372.193,578.7362,27.327759,27.622131,0.105178446,1,-1,-1
1305.2821,178.43352,10.941162,9.723877,0.10503289,2,-1,-1
1131.987,168.41415,35.495483,25.355804,0.104714245,1,-1,-1
1229.3088,172.13971,21.562866,14.092941,0.10470572,1,-1,-1
1304.0358,171.87543,15.399414,9.807983,0.103928775,1,-1,-1
1307.7762,569.80884,33.240967,18.388977,0.10392079,10,-1,-1
1047.9928,413.9057,24.379272,13.840759,0.10382676,1,-1,-1
605.3996,110.30369,9.758972,15.68972,0.10379514,1,-1,-1
1108.6351,148.22469,22.12378,14.07077,0.10328019,2,-1,-1
1261.4672,152.53714,31.686523,21.270065,0.10324946,3,-1,-1
1288.2178,564.9585,55.5802,28.811462,0.10316309,4,-1,-1
1125.3118,166.03127,15.582153,11.658768,0.10296291,2,-1,-1
1137.8383,722.1522,107.27075,55.20514,0.10245749,10,-1,-1
367.65427,605.36066,12.975403,9.435852,0.10212669,1,-1,-1
1385.6091,415.21042,13.911621,39.262665,0.101840764,5,-1,-1
1304.4403,163.66898,19.990356,15.807709,0.10175604,1,-1,-1
1222.7092,476.989,104.453,50.644775,0.10171598,5,-1,-1
1201.038,162.48062,19.232788,9.543274,0.101540685,10,-1,-1
1303.7986,164.50891,14.785767,8.990219,0.10122007,10,-1,-1
1143.27,149.94434,27.464844,27.047928,0.1011875,1,-1,-1
193.8855,417.4212,175.19907,123.519226,0.101160854,9,-1,-1
573.5463,0.0,48.09668,51.842762,0.10088211,5,-1,-1
1371.4147,579.4793,28.10608,26.398987,0.10068995,10,-1,-1
1120.7972,165.83551,14.1154785,13.360275,0.099915355,2,-1,-1
87.767624,369.4669,104.36978,51.081543,0.09916675,6,-1,-1
1302.9519,76.01409,24.159058,18.809555,0.09898436,2,-1,-1
1205.8885,137.43492,18.676392,15.986099,0.098593205,1,-1,-1
1275.2986,140.06363,37.622192,21.906754,0.0985744,10,-1,-1
1367.4012,477.526,32.119507,48.8407,0.09801993,10,-1,-1
1147.3429,171.76642,14.149048,9.233734,0.09771678,1,-1,-1
1136.1506,164.00784,13.346069,10.753342,0.09693012,1,-1,-1
1265.5194,151.8436,26.403809,13.5160675,0.09690049,10,-1,-1
1292.2555,175.37267,29.075806,16.271393,0.09684971,3,-1,-1
1266.9559,157.76308,23.745483,12.125763,0.0964787,1,-1,-1
1204.0918,162.05849,18.988281,8.596008,0.09631115,1,-1,-1
217.72523,609.3444,17.38005,15.814941,0.09515068,1,-1,-1
1129.2611,170.62474,12.338379,9.773468,0.09505996,2,-1,-1
1202.0663,141.59299,25.324219,25.034088,0.09499338,2,-1,-1
1267.892,151.2315,29.259888,14.179031,0.09478897,2,-1,-1
1162.1719,571.0657,96.94202,58.957092,0.09477374,4,-1,-1
1202.6923,161.81831,14.740601,9.218933,0.09423399,2,-1,-1
1139.3662,172.85934,27.1427,14.566162,0.094210595,10,-1,-1
87.74605,370.7574,104.754486,48.073364,0.09402534,10,-1,-1
1275.2676,171.27371,40.079224,18.914612,0.09329024,2,-1,-1
1268.33,171.63994,22.571655,10.6763,0.09208989,1,-1,-1
1209.5275,582.0362,47.01709,22.624084,0.09110522,3,-1,-1
1204.8973,151.3666,15.666016,8.37854,0.091062516,2,-1,-1
1371.8201,579.0292,27.700684,27.149292,0.09106046,5,-1,-1
1222.7092,476.989,104.453,50.644775,0.09085724,6,-1,-1
1305.2482,170.36946,10.986816,6.0678253,0.090616465,2,-1,-1
1203.3502,144.52013,21.690308,15.813049,0.090357125,10,-1,-1
1302.1792,135.64973,12.361206,8.10051,0.090201914,2,-1,-1
1201.8442,161.438,10.736328,10.195099,0.09017807,1,-1,-1
1147.6072,171.67668,13.564819,9.431732,0.08998844,2,-1,-1
587.46295,17.249386,6.0585327,7.1436577,0.089895755,1,-1,-1
1136.2635,163.65416,12.806274,11.383331,0.08921829,2,-1,-1
1346.6641,764.45026,52.85669,23.093689,0.08901447,4,-1,-1
1134.0472,144.73183,24.17981,17.356995,0.08883336,1,-1,-1
1123.9276,170.97427,18.17273,12.196823,0.08879399,1,-1,-1
1139.9875,163.11237,22.0719,16.621017,0.088630766,2,-1,-1
1385.5262,415.91763,13.994507,37.930115,0.08860302,1,-1,-1
1263.3643,172.0313,32.624634,17.06717,0.088371426,1,-1,-1
1170.0103,543.5196,101.171875,49.72168,0.088285804,8,-1,-1
1362.7931,536.8903,36.72766,44.785828,0.08807802,10,-1,-1
1298.2339,569.0293,27.482422,21.657104,0.088068485,10,-1,-1
1279.6646,165.6025,29.96045,12.094452,0.08766025,1,-1,-1
1153.5656,143.85455,14.876221,14.293198,0.08763611,1,-1,-1
572.5055,0.0,50.68811,53.150433,0.087572604,4,-1,-1
1141.1521,146.50543,23.76892,19.25531,0.08732408,1,-1,-1
1095.4913,428.1656,124.9812,66.357025,0.08725709,4,-1,-1
1203.7761,158.42279,17.00293,8.904434,0.087210834,2,-1,-1
1095.4913,428.1656,124.9812,66.357025,0.08692476,9,-1,-1
1198.1742,158.2274,30.576294,18.718628,0.08654797,2,-1,-1
1116.6755,158.88354,32.0979,24.555222,0.08627868,1,-1,-1
1125.3462,146.88821,20.48938,17.008759,0.086265534,1,-1,-1
1285.048,649.0875,107.64075,52.967407,0.08613461,10,-1,-1
1207.868,146.32162,12.991577,18.721512,0.08607048,2,-1,-1
1303.3175,172.06152,16.755615,9.082489,0.085739344,10,-1,-1
1284.2548,141.28337,27.294312,14.355331,0.085725665,2,-1,-1
1260.2533,230.376,52.618774,25.028,0.085103184,10,-1,-1
373.1249,606.4847,11.275391,13.005371,0.08417907,1,-1,-1
1303.0061,175.86981,11.737915,10.432617,0.084014,2,-1,-1
888.165,326.98938,197.60492,119.94592,0.083976835,4,-1,-1
1267.2844,714.50635,107.52991,50.71393,0.08381906,1,-1,-1
1154.2592,599.2008,105.06421,53.346985,0.08359647,5,-1,-1
1205.8885,137.43492,18.676392,15.986099,0.08338404,2,-1,-1
1195.047,156.47308,27.316284,20.305466,0.083366096,1,-1,-1
1032.9045,407.8512,13.794434,23.9617,0.08289024,3,-1,-1
1213.2893,146.32549,11.83374,11.299698,0.082437634,1,-1,-1
1263.8925,152.58664,23.099731,10.670334,0.08239487,2,-1,-1
1289.6294,172.94661,33.293457,20.499329,0.082371324,10,-1,-1
1138.2692,157.00293,25.471802,16.031311,0.08236349,2,-1,-1
129.00748,308.65,89.87138,50.07727,0.082262754,1,-1,-1
1299.984,161.14035,19.602905,13.182053,0.08219728,1,-1,-1
1096.6941,94.41688,14.634888,36.962273,0.08218983,3,-1,-1
172.2169,77.05349,9.9674225,11.020569,0.08206886,1,-1,-1
1284.8517,157.83295,33.15979,15.800613,0.08185205,10,-1,-1
581.64667,90.77772,10.576599,24.739426,0.08182663,1,-1,-1
222.8223,608.0109,17.01471,18.31134,0.08153406,2,-1,-1
1148.4973,161.49626,13.306641,11.654709,0.08140409,1,-1,-1
1126.5254,169.06413,13.780762,10.873093,0.081366956,1,-1,-1
1154.3086,156.21681,14.297241,12.479584,0.08131847,1,-1,-1
1271.8824,168.52458,48.0,23.767578,0.081112415,10,-1,-1
1251.3778,767.7674,51.13977,19.77655,0.08105233,4,-1,-1
1285.048,649.0875,107.64075,52.967407,0.08095065,5,-1,-1
1386.5083,616.43713,13.012451,31.600525,0.080892086,1,-1,-1
1217.6559,143.90698,38.56909,39.725494,0.08056575,2,-1,-1
573.5463,0.0,48.09668,51.842762,0.07995659,6,-1,-1
996.3671,67.15188,23.028381,19.620857,0.07992646,10,-1,-1
162.8405,78.35037,18.497421,15.415115,0.07977936,2,-1,-1
1299.5764,183.7261,14.584351,7.7434235,0.079702795,1,-1,-1
1305.3351,179.51091,11.011108,7.80101,0.07961807,1,-1,-1
1285.5785,164.04698,33.418213,15.412476,0.079496354,3,-1,-1
1075.8341,3.258511,45.736206,41.482395,0.07933059,4,-1,-1
1213.9304,144.29128,12.755493,12.790619,0.079128176,2,-1,-1
1308.334,173.99013,12.044922,6.900009,0.07896802,2,-1,-1
1109.401,148.45413,26.171143,14.459442,0.07878116,10,-1,-1
1208.014,152.63342,14.324829,9.963867,0.078679204,2,-1,-1
586.35876,144.97711,10.809326,10.79982,0.078538686,1,-1,-1
1108.1202,125.09862,17.791382,33.962784,0.07852125,1,-1,-1
0.0,331.69824,27.350899,22.365845,0.07849431,1,-1,-1
746.2252,461.90027,84.641235,95.34912,0.07845697,10,-1,-1
1229.5277,152.12791,24.094482,23.941193,0.07842946,10,-1,-1
224.66437,603.4106,20.156952,19.854492,0.07840115,1,-1,-1
1089.0387,491.3954,104.564575,47.999207,0.07833329,10,-1,-1
1227.4601,163.69234,13.869263,12.059372,0.07809672,2,-1,-1
1130.0178,163.98608,13.124634,10.124344,0.07805386,1,-1,-1
1130.4807,170.72485,24.597168,14.353409,0.07777202,1,-1,-1
85.55457,369.3376,106.732796,50.6398,0.07773581,1,-1,-1
378.1517,603.1312,10.861664,9.436523,0.077705264,1,-1,-1
843.69476,0.0,59.807983,57.363316,0.077640295,9,-1,-1
1097.9247,413.83728,13.663208,15.540802,0.07730922,1,-1,-1
577.524,85.018875,17.096497,30.557007,0.07726511,10,-1,-1
1260.2533,230.376,52.618774,25.028,0.07701713,1,-1,-1
1148.1226,161.87135,13.996094,11.144058,0.076967776,2,-1,-1
367.12085,606.5233,8.588776,7.4417114,0.07681978,1,-1,-1
1271.0945,750.222,114.51477,37.32196,0.07666552,4,-1,-1
1127.8646,158.41576,18.643188,15.33284,0.07649732,1,-1,-1
1300.2183,165.99817,19.160767,11.0793915,0.07642093,3,-1,-1
1134.0735,172.24539,17.200806,11.509872,0.07641235,2,-1,-1
1302.1792,135.64973,12.361206,8.10051,0.0763399,1,-1,-1
577.524,85.018875,17.096497,30.557007,0.07629323,2,-1,-1
1297.1206,160.39351,22.848145,15.092819,0.07577708,10,-1,-1
1204.2145,580.8579,54.51294,24.44519,0.07568991,7,-1,-1
1285.8414,132.28587,32.91394,21.714355,0.075571775,3,-1,-1
1227.4601,163.69234,13.869263,12.059372,0.075416595,1,-1,-1
155.48415,265.42407,19.931274,12.564606,0.075344056,1,-1,-1
1286.3174,156.02577,34.043457,29.463684,0.07519698,10,-1,-1
1268.5425,158.7441,21.94165,9.856583,0.07510662,2,-1,-1
1267.8856,146.80319,49.37561,31.501541,0.07510358,3,-1,-1
171.61247,614.5647,18.914948,16.91742,0.07506615,1,-1,-1
1295.7378,564.9089,24.60083,25.263977,0.074827105,1,-1,-1
1227.2416,153.60533,27.339844,21.480484,0.07480264,2,-1,-1
1297.2965,173.41821,23.800415,12.742371,0.07475218,3,-1,-1
1265.2086,712.60974,109.467285,54.55194,0.07464063,10,-1,-1
1143.878,177.11316,22.986328,14.359634,0.07448399,2,-1,-1
628.7543,543.33734,74.44122,124.687256,0.07443288,7,-1,-1
1136.9812,142.8887,9.401123,17.404297,0.07425445,1,-1,-1
1135.1707,101.95976,21.606812,22.010567,0.07416114,2,-1,-1
1364.5646,535.9216,34.956177,48.794617,0.07400805,8,-1,-1
1302.6788,75.27197,23.24353,19.837204,0.0739997,4,-1,-1
1136.562,101.422035,22.30481,22.333076,0.073710114,1,-1,-1
159.61172,65.59519,43.127106,34.86158,0.07367629,1,-1,-1
1279.1481,155.77199,43.142334,29.291504,0.07358515,1,-1,-1
697.9881,573.9413,72.581604,115.93567,0.073532045,6,-1,-1
1153.4943,155.19278,12.997192,13.241379,0.07341859,2,-1,-1
46.235516,242.62062,32.829556,42.69609,0.07341564,1,-1,-1
1220.9061,146.59804,33.264526,36.865784,0.07327986,8,-1,-1
1205.2784,148.72914,24.51587,14.176865,0.073138595,1,-1,-1
1133.5519,168.28328,12.94751,9.891144,0.07304987,1,-1,-1
1385.4954,415.7582,14.025391,38.44034,0.07304239,7,-1,-1
1280.4418,153.83661,15.018799,8.740128,0.07300115,1,-1,-1
1066.8772,412.2763,23.86145,15.527496,0.072815895,1,-1,-1
1286.2284,148.33762,30.183105,15.824936,0.07268736,10,-1,-1
1131.9908,171.40263,13.591309,9.477783,0.07259044,1,-1,-1
1267.4468,173.16745,15.970703,8.032242,0.072562575,1,-1,-1
1284.1061,139.11526,29.768433,16.698517,0.072551936,1,-1,-1
1225.5881,159.59062,21.712158,13.743729,0.07246873,2,-1,-1
1306.4058,165.9278,9.098145,13.298492,0.072393626,2,-1,-1
1112.0287,144.67786,31.38977,17.465408,0.072324485,2,-1,-1
1045.9143,408.12292,41.884277,20.468658,0.07230285,1,-1,-1
1220.2943,173.0927,28.1958,15.529129,0.07219365,3,-1,-1
1367.3911,477.69406,32.12964,47.001434,0.07205132,6,-1,-1
1277.0245,165.55913,18.20752,12.307922,0.07201028,2,-1,-1
1201.3063,147.781,18.465332,8.782349,0.07163495,1,-1,-1
1304.4403,163.66898,19.990356,15.807709,0.07163209,2,-1,-1
1280.1327,152.03558,15.786621,10.912338,0.07140902,2,-1,-1
129.20428,308.90753,89.313965,49.581635,0.07119122,5,-1,-1
1199.3456,140.29196,30.260742,29.62854,0.0711706,1,-1,-1
1118.5487,164.78241,26.124023,16.021133,0.07111049,10,-1,-1
1208.4473,158.14342,14.0876465,9.758713,0.07093969,1,-1,-1
629.4095,544.5939,70.59094,124.10339,0.07092619,8,-1,-1
1259.465,154.37929,44.88623,24.349182,0.0708707,2,-1,-1
1200.4357,163.85367,15.105103,9.586777,0.070580155,2,-1,-1
1182.1338,641.6362,124.26941,63.911255,0.07051346,4,-1,-1
1265.8738,151.8344,17.26709,11.410278,0.06985161,1,-1,-1
1265.3481,154.17053,14.185181,7.801178,0.069818854,2,-1,-1
1202.4467,150.93805,14.2734375,8.735657,0.06978071,1,-1,-1
1267.8856,146.80319,49.37561,31.501541,0.069744855,1,-1,-1
1362.5596,536.1352,36.96118,45.33319,0.06972185,1,-1,-1
1093.3568,102.19987,14.74353,34.63111,0.06972003,7,-1,-1
1299.2124,169.97215,14.229248,7.4585724,0.069428205,2,-1,-1
1150.689,175.65817,15.297119,9.354813,0.06941566,1,-1,-1
1275.414,136.23796,39.786987,27.338943,0.06941518,1,-1,-1
1209.8765,141.34724,20.157959,19.68126,0.06932101,1,-1,-1
1133.7598,145.77713,14.12146,19.142624,0.0692637,2,-1,-1
1075.9103,412.51816,27.625244,14.617157,0.0690324,1,-1,-1
1305.4226,166.75919,15.84314,8.616394,0.06894258,2,-1,-1
1130.4474,163.60083,12.470215,10.918945,0.068876624,2,-1,-1
1166.3495,542.71564,106.97986,50.776917,0.06883553,6,-1,-1
696.8794,575.1545,72.06952,113.31549,0.068781614,1,-1,-1
598.44385,212.6116,10.390015,17.154144,0.068472624,2,-1,-1
141.62987,617.6573,13.219177,28.833374,0.06843683,1,-1,-1
1206.5569,158.83517,22.803467,11.23407,0.0682708,2,-1,-1
1307.2277,178.35222,8.884766,5.516449,0.06807473,2,-1,-1
996.6323,66.59381,22.583496,21.0997,0.068051994,1,-1,-1
1133.5519,168.28328,12.94751,9.891144,0.06775564,2,-1,-1
572.6446,706.3803,55.512268,81.163635,0.06753415,9,-1,-1
1218.9828,479.18726,105.06494,46.73047,0.06751123,10,-1,-1
1304.4403,163.66898,19.990356,15.807709,0.06746653,10,-1,-1
1152.3889,146.22661,11.88147,11.651566,0.06734976,2,-1,-1
1136.5865,157.30058,11.399414,11.879593,0.067083746,1,-1,-1
1152.6844,149.00066,16.424316,16.883453,0.067043185,2,-1,-1
172.43481,82.64398,9.132553,11.025162,0.06694344,2,-1,-1
1303.105,169.55,14.31543,7.756195,0.06679216,10,-1,-1
1116.6902,150.81847,16.10022,10.509064,0.06673765,2,-1,-1
1307.7079,165.17809,8.008911,7.9838715,0.06671277,2,-1,-1
183.18466,611.5676,18.813278,15.323303,0.06654352,1,-1,-1
136.54079,369.71167,57.677216,42.55484,0.06652105,4,-1,-1
745.88776,462.0315,85.211426,95.43616,0.06640056,1,-1,-1
158.70007,82.23789,11.937164,14.392509,0.0660035,2,-1,-1
1265.2086,712.60974,109.467285,54.55194,0.06593791,5,-1,-1
1148.4912,177.77998,15.981445,14.355774,0.06588793,1,-1,-1
1060.3445,414.62823,13.355225,12.315552,0.06560895,1,-1,-1
1250.0582,125.70052,19.796753,16.292519,0.06545535,3,-1,-1
1227.2416,153.60533,27.339844,21.480484,0.06542426,1,-1,-1
1227.332,172.79236,23.842285,12.722885,0.06524566,2,-1,-1
893.2288,139.66988,16.661499,10.578506,0.065077335,1,-1,-1
1035.9897,407.1031,49.41858,27.375183,0.06496346,10,-1,-1
1279.9591,141.93893,27.652832,18.2975,0.0649358,1,-1,-1
169.82764,75.71728,16.672607,16.855392,0.06474322,2,-1,-1
1286.1241,170.32245,38.670532,24.635956,0.06471351,2,-1,-1
1189.5452,174.34746,27.163574,15.177261,0.06463662,1,-1,-1
1093.45,102.35645,14.884399,34.17402,0.06460488,8,-1,-1
159.0445,82.71672,11.253906,13.546814,0.06451017,1,-1,-1
1276.1814,158.58636,18.814941,11.453186,0.06448391,2,-1,-1
371.39624,600.40106,18.616608,19.947693,0.06447703,10,-1,-1
1278.0906,158.25453,14.497314,9.0896,0.06427577,1,-1,-1
891.1118,132.10318,15.968689,9.262421,0.064165026,1,-1,-1
1137.2645,722.5318,107.65234,55.60681,0.06413707,1,-1,-1
1159.7838,174.9757,28.141724,15.209686,0.06408918,1,-1,-1
1199.3456,140.29196,30.260742,29.62854,0.064088196,10,-1,-1
0.0,519.6598,31.537493,21.182129,0.06395495,1,-1,-1
1226.5955,164.35341,25.302246,14.781021,0.06393528,1,-1,-1
1209.9777,173.49184,28.318237,16.407074,0.06393072,1,-1,-1
1221.9633,168.45888,14.804565,8.565109,0.063661814,2,-1,-1
172.5504,612.9898,30.036423,17.640503,0.06358081,10,-1,-1
1221.3617,144.60416,27.90564,22.648468,0.06355283,2,-1,-1
1204.2145,580.8579,54.51294,24.44519,0.06343979,8,-1,-1
1229.8477,165.94035,20.924438,11.260956,0.06328139,2,-1,-1
154.25423,62.563995,75.96019,98.12271,0.06321919,7,-1,-1
1283.8838,167.11958,19.675415,9.130142,0.06317818,1,-1,-1
1307.0726,177.86351,9.283691,6.372452,0.06307146,1,-1,-1
1126.2712,157.0845,19.953247,19.060455,0.06300196,2,-1,-1
1362.7931,536.8903,36.72766,44.785828,0.06295255,7,-1,-1
1221.6664,167.85464,16.310913,9.578537,0.06290665,10,-1,-1
1115.155,142.61378,19.30371,17.170639,0.06289035,1,-1,-1
892.21326,139.02489,16.243225,11.679199,0.06278205,2,-1,-1
1300.3331,142.55829,14.063232,8.242538,0.06276244,2,-1,-1
1137.9026,172.33777,12.30188,10.614578,0.06270665,1,-1,-1
1385.5796,415.62244,13.941162,38.757812,0.06259626,2,-1,-1
161.73303,77.92826,20.372253,16.916573,0.06254196,1,-1,-1
1313.7251,570.3512,18.787842,17.65509,0.062490642,2,-1,-1
1064.8263,0.0,58.41809,70.50519,0.062384456,6,-1,-1
1143.4846,166.5662,15.255371,11.199661,0.062273413,1,-1,-1
1221.6344,158.51077,17.494507,17.240738,0.062251,2,-1,-1
172.70245,74.07344,9.380524,12.087173,0.06221816,2,-1,-1
1385.6091,415.21042,13.911621,39.262665,0.06220144,8,-1,-1
1223.149,164.40152,12.580811,11.906174,0.062113434,1,-1,-1
1226.5735,171.15248,29.869263,21.569824,0.06200564,1,-1,-1
1272.8304,166.40169,15.968384,11.386688,0.06182182,1,-1,-1
1309.7589,175.72357,12.993042,9.57608,0.061813414,2,-1,-1
