583.18256,492.59988,13.340515,11.547821,0.7096547,1,-1,-1
403.16724,614.8309,14.819733,11.098877,0.6994491,1,-1,-1
878.9468,311.93915,18.246826,10.29895,0.68368226,1,-1,-1
402.53726,646.59564,11.180115,12.659058,0.65927887,1,-1,-1
525.3084,510.0776,10.53186,13.258759,0.61826545,1,-1,-1
569.6476,305.40063,8.480957,9.793915,0.58008736,1,-1,-1
692.21893,535.1201,11.391785,11.077698,0.4935727,2,-1,-1
957.54645,617.036,22.005798,30.756775,0.45872626,4,-1,-1
853.031,3.3557017,83.69379,115.396835,0.45829448,6,-1,-1
563.4817,293.56857,7.8641357,11.214142,0.43124512,1,-1,-1
570.63275,293.11877,9.318481,10.985931,0.4287208,1,-1,-1
957.73004,617.6816,22.046387,30.482544,0.42264858,5,-1,-1
895.08844,271.41663,14.43158,14.893738,0.4170789,1,-1,-1
982.7463,622.6702,20.561218,26.911255,0.40313745,5,-1,-1
598.30927,508.45773,8.97406,9.6996765,0.3998596,1,-1,-1
982.0265,622.7743,20.812378,27.281311,0.39384586,4,-1,-1
692.13885,535.1927,11.807007,10.917358,0.39261436,1,-1,-1
930.22314,587.956,19.476013,24.476746,0.37528995,4,-1,-1
699.56067,522.09753,12.442078,11.580933,0.37488627,2,-1,-1
912.0947,612.92053,22.236633,35.691284,0.35158464,5,-1,-1
852.20734,165.8672,38.552002,46.898834,0.3397208,1,-1,-1
912.6071,614.25476,21.594849,34.109497,0.33243966,4,-1,-1
911.3747,603.62335,24.068115,44.777283,0.32736224,6,-1,-1
704.32916,522.6176,9.623169,10.3810425,0.30702844,2,-1,-1
565.23883,292.96985,11.567322,11.149567,0.30234295,1,-1,-1
524.0818,577.76013,8.781128,10.598022,0.29123628,1,-1,-1
852.4061,166.21556,38.818542,46.789505,0.28576446,2,-1,-1
767.9287,209.96658,19.197021,21.964676,0.27387688,1,-1,-1
1032.9478,609.31586,23.75293,40.953064,0.26904613,4,-1,-1
1007.54517,617.54,23.369019,32.571716,0.2686492,4,-1,-1
899.9964,270.68375,10.709106,12.39328,0.25841385,1,-1,-1
698.4374,522.4406,12.484619,13.055054,0.24715358,1,-1,-1
1002.2367,698.70233,6.5041504,7.53833,0.24160507,1,-1,-1
825.19775,600.14734,21.907043,44.38629,0.22816631,4,-1,-1
1056.8958,603.073,29.66626,47.99176,0.22641101,4,-1,-1
523.6841,506.96176,15.185608,20.979156,0.22558948,1,-1,-1
1056.8958,603.073,29.66626,47.99176,0.2238388,5,-1,-1
784.9831,208.54515,13.742493,15.85437,0.22035936,2,-1,-1
855.5829,177.13629,31.3172,64.782135,0.21789607,10,-1,-1
895.32855,273.72653,8.748169,13.729095,0.21562594,1,-1,-1
946.8487,698.632,6.006958,7.210327,0.21529156,1,-1,-1
852.2915,165.7013,38.43695,47.856537,0.2141178,10,-1,-1
784.9415,208.5928,13.888672,15.872833,0.21145952,1,-1,-1
698.6342,524.12866,9.799988,11.623962,0.20879185,2,-1,-1
1030.8617,694.9346,6.5946045,7.1082153,0.20744663,1,-1,-1
885.4734,311.74503,15.09021,8.703766,0.20243889,1,-1,-1
767.81805,209.67227,19.671326,22.295746,0.2010701,2,-1,-1
1007.5552,623.83844,22.144531,25.596313,0.19822615,5,-1,-1
958.5573,712.7444,6.45166,6.918457,0.19486132,1,-1,-1
587.73083,493.75287,8.2300415,8.751617,0.19448125,1,-1,-1
1033.182,611.11835,22.929077,38.523987,0.19258162,5,-1,-1
930.4373,587.7159,19.328857,25.15149,0.18384111,5,-1,-1
695.2788,533.5712,11.244629,10.843628,0.18382245,2,-1,-1
880.18774,313.523,10.38446,9.641541,0.18156683,1,-1,-1
1290.7379,345.3866,25.263672,52.91382,0.17828876,10,-1,-1
959.0776,684.59796,5.413147,6.7113037,0.17676386,1,-1,-1
875.69775,587.94794,20.05841,32.127686,0.17506292,4,-1,-1
582.78424,493.1618,13.071167,10.742859,0.17076573,10,-1,-1
703.60785,522.38776,10.536133,11.117004,0.16778228,1,-1,-1
703.0178,521.014,13.188843,15.181885,0.16573909,2,-1,-1
1047.0918,601.80365,30.337402,45.58795,0.16254106,4,-1,-1
565.11426,291.19812,17.344177,18.914612,0.1615606,1,-1,-1
1032.1742,605.6544,24.873535,45.073547,0.16110635,9,-1,-1
824.1622,612.19525,21.566406,32.383972,0.15609199,5,-1,-1
906.96094,598.5159,18.807495,23.401245,0.15329692,4,-1,-1
700.3369,528.68,9.999756,11.21759,0.15272844,2,-1,-1
1294.86,365.53873,16.970093,32.425537,0.14614221,10,-1,-1
852.4363,5.3149247,84.12775,111.92043,0.14599055,8,-1,-1
583.06433,492.87857,13.430603,11.113953,0.14526546,4,-1,-1
583.18256,492.59988,13.340515,11.547821,0.14525327,2,-1,-1
568.7447,305.37302,8.936096,9.360291,0.14497995,10,-1,-1
1058.3944,605.4563,29.313477,47.460022,0.14260685,9,-1,-1
972.526,713.3567,7.015991,6.47583,0.14062437,1,-1,-1
568.65466,294.205,9.067871,12.981262,0.14059457,1,-1,-1
403.11502,614.52026,14.821564,11.262024,0.14000052,4,-1,-1
811.1168,600.35345,30.135315,43.84668,0.13932517,4,-1,-1
1031.8096,603.5536,25.399048,45.91101,0.13784209,6,-1,-1
597.4863,509.5563,7.128174,6.8614807,0.13540864,1,-1,-1
695.2788,533.5712,11.244629,10.843628,0.13508895,1,-1,-1
689.65625,533.27924,16.296082,15.934814,0.13272992,1,-1,-1
993.51526,590.38055,17.665771,29.065186,0.12967816,4,-1,-1
887.85986,355.44125,16.28601,12.791565,0.12955436,1,-1,-1
1006.69135,634.3745,24.250183,16.321655,0.12899181,4,-1,-1
909.2363,597.4499,26.889465,51.0213,0.12841621,9,-1,-1
827.8475,591.92645,22.236877,39.62744,0.12808326,4,-1,-1
845.21136,164.38162,49.20038,85.16852,0.12799951,10,-1,-1
1047.7808,601.88086,28.028809,44.78174,0.12504032,5,-1,-1
903.175,597.3746,27.086792,48.194275,0.12368712,6,-1,-1
574.01526,294.84845,6.663574,9.755463,0.12251043,1,-1,-1
1011.08185,599.87604,29.705872,49.474915,0.12099078,4,-1,-1
763.66833,208.83229,33.141296,26.669113,0.11996704,1,-1,-1
857.84283,590.37946,24.59137,33.428772,0.11984661,4,-1,-1
936.12195,609.99677,18.784668,29.949646,0.11966619,4,-1,-1
566.7585,303.33765,12.861328,12.945099,0.11833829,1,-1,-1
1056.0581,601.7865,27.592041,48.79016,0.11796549,6,-1,-1
568.7447,305.37302,8.936096,9.360291,0.11760494,2,-1,-1
852.4363,5.3149247,84.12775,111.92043,0.11720672,7,-1,-1
982.81805,622.3865,20.359375,27.201233,0.11716679,6,-1,-1
692.2985,536.31335,6.4173584,9.979248,0.11716381,1,-1,-1
1018.50665,592.584,26.018127,28.399414,0.115979314,4,-1,-1
773.9764,207.42796,23.8974,19.674057,0.11555639,1,-1,-1
703.93115,527.7246,10.40918,12.343933,0.11526415,2,-1,-1
1009.3473,612.04364,27.596802,38.96277,0.11304763,5,-1,-1
1006.3494,636.0891,25.63092,14.776733,0.11301139,5,-1,-1
1045.1007,758.77936,6.564331,6.007141,0.11255446,1,-1,-1
958.7167,712.26263,11.730896,8.069885,0.11227369,1,-1,-1
878.9468,311.93915,18.246826,10.29895,0.112068325,2,-1,-1
911.9735,617.29193,22.940002,30.612,0.11176917,8,-1,-1
696.4908,520.6614,17.485352,15.763794,0.111412644,10,-1,-1
691.99585,528.9519,23.646912,16.904785,0.11051151,10,-1,-1
1051.1726,734.0788,46.748657,53.46515,0.10999864,6,-1,-1
1291.6201,347.922,24.147095,50.171997,0.10860583,7,-1,-1
696.3415,530.9334,14.566406,11.128174,0.107877076,2,-1,-1
906.96094,598.5159,18.807495,23.401245,0.10786915,5,-1,-1
900.5279,598.36066,19.076355,22.505371,0.10681754,4,-1,-1
908.05743,595.01996,29.482544,54.701782,0.106597185,5,-1,-1
707.0562,525.5028,11.147888,10.833496,0.1049802,2,-1,-1
873.4526,595.59753,23.778748,39.991455,0.10497907,4,-1,-1
854.2099,175.98517,34.318054,64.14696,0.10483417,1,-1,-1
570.69714,298.77493,7.6083984,13.084869,0.10459936,1,-1,-1
886.0745,313.46356,9.891785,9.99942,0.1037592,1,-1,-1
1131.0946,589.54956,33.62976,35.060303,0.1035192,2,-1,-1
698.35614,520.8876,19.774536,16.625061,0.10343614,1,-1,-1
1000.041,698.0014,8.801025,11.225708,0.10342848,1,-1,-1
1008.584,610.5608,29.492065,41.035583,0.10334653,9,-1,-1
1066.8213,612.87036,27.527344,39.75415,0.10308191,5,-1,-1
694.29565,522.4621,25.657288,17.914673,0.10293031,2,-1,-1
567.03986,294.33585,6.944214,10.857239,0.10277784,1,-1,-1
700.1711,529.1148,10.378052,10.696533,0.10261768,1,-1,-1
1007.54517,617.54,23.369019,32.571716,0.10227767,6,-1,-1
773.9764,207.42796,23.8974,19.674057,0.102209985,2,-1,-1
910.35974,624.5171,26.419495,22.365173,0.10191324,6,-1,-1
934.92255,601.60236,19.806091,28.076172,0.101186216,4,-1,-1
982.2114,618.8866,22.786194,31.66388,0.1004186,9,-1,-1
881.99976,310.24234,10.794312,13.910706,0.1002062,1,-1,-1
932.5241,593.5369,21.11267,24.487122,0.09994015,4,-1,-1
1023.2476,601.1871,26.018005,16.88385,0.09976396,4,-1,-1
696.2378,518.63324,17.195251,17.569946,0.099336356,2,-1,-1
831.8293,595.4965,20.548157,24.797546,0.09927088,4,-1,-1
598.29724,508.3604,8.934814,9.863892,0.09840998,2,-1,-1
957.1117,618.53723,22.256592,29.376892,0.09792733,6,-1,-1
969.2136,713.2244,11.351257,8.443726,0.09782186,1,-1,-1
566.93066,293.2351,12.143982,13.687622,0.09707439,10,-1,-1
1040.685,160.87592,7.588135,16.451935,0.09656227,1,-1,-1
893.5958,607.5043,15.940552,29.853394,0.09619886,4,-1,-1
585.50446,493.21924,7.0564575,9.648987,0.09529868,1,-1,-1
908.05743,595.01996,29.482544,54.701782,0.09509918,4,-1,-1
809.3577,541.41077,42.880676,104.33899,0.09492794,9,-1,-1
987.5868,664.05164,5.6445312,7.949524,0.09293157,1,-1,-1
911.01166,602.74927,19.935974,28.434998,0.09223688,4,-1,-1
690.9657,535.3866,13.508728,12.039185,0.09180194,10,-1,-1
1066.8213,612.87036,27.527344,39.75415,0.09084004,4,-1,-1
912.1548,619.20337,22.856018,28.81134,0.089776665,7,-1,-1
697.00885,520.22644,11.248047,10.278381,0.08963829,2,-1,-1
902.62915,271.8132,7.160095,8.962555,0.08918041,1,-1,-1
943.6206,595.7349,18.370483,25.934631,0.089042306,4,-1,-1
704.38495,532.75366,8.531006,8.966553,0.0887675,2,-1,-1
998.4312,587.3224,19.857666,28.542236,0.08859825,4,-1,-1
581.09174,491.62802,17.664062,18.01294,0.088344514,1,-1,-1
1290.7379,345.3866,25.263672,52.91382,0.08832565,8,-1,-1
785.29694,212.60036,10.744263,10.128983,0.088118136,1,-1,-1
709.746,527.6076,10.981384,12.03009,0.08778936,2,-1,-1
1292.5009,701.96063,7.2021484,17.43689,0.087741554,1,-1,-1
1291.6289,135.42029,33.72754,32.93245,0.087676495,4,-1,-1
583.36896,493.1396,6.381592,9.803497,0.08739197,1,-1,-1
949.98083,589.397,18.827026,27.565063,0.08738902,4,-1,-1
943.7512,697.7771,8.395935,9.072998,0.08720067,1,-1,-1
957.95703,617.0433,21.626709,31.259766,0.08702174,9,-1,-1
859.9787,198.29637,23.257751,47.464172,0.086811215,10,-1,-1
1046.5902,601.06165,30.350098,47.17975,0.086688906,9,-1,-1
806.1383,536.2987,48.412476,111.539734,0.086574465,6,-1,-1
689.72675,534.1178,17.545166,14.627686,0.086387336,2,-1,-1
1033.8784,635.5774,24.6156,14.673645,0.08602789,5,-1,-1
902.0711,591.6192,21.74701,37.314636,0.08596033,4,-1,-1
695.6493,529.9299,15.132507,13.357483,0.08547208,1,-1,-1
931.6302,587.8054,19.945496,25.779785,0.085433096,6,-1,-1
1042.9603,243.57652,11.469849,29.586899,0.08519429,1,-1,-1
1034.804,628.5091,22.56372,20.191956,0.08479342,4,-1,-1
1023.7486,599.72626,30.669617,48.407898,0.08368766,5,-1,-1
600.3342,510.48654,5.904602,8.892242,0.08240491,1,-1,-1
697.00885,520.22644,11.248047,10.278381,0.08235484,1,-1,-1
528.71094,510.61942,8.495789,10.608978,0.08234966,1,-1,-1
525.2302,510.24942,10.81366,12.830048,0.0822013,2,-1,-1
702.1715,522.3325,6.7036743,10.028015,0.08219054,2,-1,-1
1294.1152,361.5056,20.690918,37.525177,0.082012355,3,-1,-1
698.89404,522.5398,7.9628906,9.665161,0.08184254,1,-1,-1
946.2214,698.73505,9.50769,8.979004,0.08181381,1,-1,-1
808.6384,601.2606,21.475403,29.83258,0.081784666,4,-1,-1
1027.7678,590.0071,25.416138,40.001343,0.081774235,4,-1,-1
879.1915,312.18716,17.636475,9.858917,0.081097245,4,-1,-1
885.1132,602.05634,22.218689,35.58734,0.08093843,4,-1,-1
699.40894,522.3636,6.6515503,10.401001,0.08089307,2,-1,-1
598.05005,508.5629,9.071655,10.110443,0.08022764,10,-1,-1
1359.4089,362.38824,15.871582,31.302307,0.07999915,1,-1,-1
811.7385,598.87854,28.479126,45.90973,0.07987031,5,-1,-1
1056.4011,753.32214,5.761841,6.1553345,0.07972625,1,-1,-1
876.0307,584.49445,19.642334,29.99768,0.07966247,5,-1,-1
927.88525,576.9281,28.412048,34.520203,0.07910082,4,-1,-1
878.9468,311.93915,18.246826,10.29895,0.07896122,10,-1,-1
572.3501,295.21445,5.2042236,9.421722,0.07881984,1,-1,-1
595.9513,507.04364,12.997925,13.552063,0.07877898,1,-1,-1
911.1621,602.2305,19.653992,31.98639,0.07828042,5,-1,-1
787.8376,212.04459,8.99469,10.669876,0.07815418,2,-1,-1
1009.9963,600.55536,32.16449,48.27472,0.07813588,6,-1,-1
1294.4524,365.92188,17.569214,31.492767,0.077926695,1,-1,-1
1052.9198,603.4162,22.90918,28.012207,0.07766619,4,-1,-1
1002.0813,627.9107,25.498657,20.657715,0.077646285,4,-1,-1
782.45734,203.53261,20.432983,22.629715,0.07757115,1,-1,-1
1023.46173,597.6763,29.990906,50.446594,0.07744089,4,-1,-1
1003.35004,697.9336,7.953125,9.2803955,0.07719517,1,-1,-1
963.65283,747.47723,15.417664,9.197632,0.07685903,1,-1,-1
570.6536,293.4826,9.228149,10.826874,0.076529115,2,-1,-1
697.5231,535.624,7.3519897,10.888489,0.07619724,2,-1,-1
1005.18243,604.32135,22.723206,40.613586,0.07597318,4,-1,-1
914.9135,625.1261,23.707275,22.474731,0.07553536,5,-1,-1
782.45734,203.53261,20.432983,22.629715,0.07520148,2,-1,-1
581.3713,490.00607,11.188477,12.554199,0.07481524,1,-1,-1
693.76965,526.3393,18.88031,19.511902,0.07477921,2,-1,-1
852.4363,5.3149247,84.12775,111.92043,0.074753046,5,-1,-1
697.12994,526.79944,24.550598,15.935913,0.074424684,10,-1,-1
897.5004,266.6744,16.487122,19.338654,0.074394435,1,-1,-1
700.8369,526.25586,9.200378,8.238037,0.07388258,2,-1,-1
963.7157,746.9089,15.439636,9.03302,0.07367882,4,-1,-1
701.12946,533.10645,9.437439,8.0841675,0.07358655,2,-1,-1
816.70337,562.4856,32.52826,79.842224,0.07320139,4,-1,-1
959.29236,606.07806,28.50763,42.027954,0.0728859,4,-1,-1
1003.4805,589.0443,22.350891,35.89032,0.07264817,4,-1,-1
1021.76733,594.6484,32.463013,54.1687,0.07264382,9,-1,-1
564.5797,297.06424,5.6175537,11.063904,0.072547704,1,-1,-1
402.9961,649.6217,8.3090515,13.225098,0.07243183,1,-1,-1
929.8621,610.0977,18.291077,29.062805,0.07218051,4,-1,-1
956.7081,588.33777,19.460938,27.154968,0.07195526,4,-1,-1
695.1552,537.0308,6.687805,8.380554,0.071576804,2,-1,-1
885.3778,351.49643,21.892456,19.95343,0.071171194,1,-1,-1
897.573,602.5275,18.462952,25.65387,0.071127445,4,-1,-1
942.5898,608.2438,17.380249,31.571167,0.07093987,4,-1,-1
700.62177,528.48376,20.018738,12.621094,0.07058415,2,-1,-1
691.9458,521.7017,28.908325,21.110535,0.0704855,1,-1,-1
955.5521,713.23865,10.762878,8.482117,0.07038784,1,-1,-1
827.614,590.09283,21.65503,51.551453,0.070225954,5,-1,-1
701.664,532.7676,8.574402,8.601318,0.07015729,1,-1,-1
691.1037,536.95374,9.0876465,8.159363,0.070023865,2,-1,-1
700.7307,519.6679,10.205322,11.875061,0.06965566,1,-1,-1
903.27655,597.8681,24.880493,45.32782,0.06964889,5,-1,-1
990.1263,595.04736,15.432556,24.648315,0.06941107,4,-1,-1
695.1428,521.15906,10.374939,11.862366,0.06926575,2,-1,-1
695.1428,521.15906,10.374939,11.862366,0.0690673,1,-1,-1
697.5231,535.624,7.3519897,10.888489,0.06859034,1,-1,-1
969.37054,712.80664,10.863464,8.877441,0.06805831,10,-1,-1
816.70337,562.4856,32.52826,79.842224,0.06798327,6,-1,-1
1054.6261,603.1356,22.895142,29.216125,0.06796539,5,-1,-1
1295.1304,363.97464,19.20996,34.947235,0.06783363,2,-1,-1
706.65924,524.96625,6.213318,9.587158,0.06752941,2,-1,-1
903.27655,597.8681,24.880493,45.32782,0.06750488,4,-1,-1
694.992,536.2861,13.21167,11.9328,0.067145735,1,-1,-1
959.4091,683.7755,8.782593,7.9849854,0.0667257,1,-1,-1
1146.3613,598.177,24.01233,39.54895,0.0663268,1,-1,-1
735.5642,153.67557,99.17255,227.25961,0.066296756,9,-1,-1
1031.2344,628.623,24.21643,19.811829,0.066247016,5,-1,-1
845.5215,161.955,47.79138,76.43146,0.066075,2,-1,-1
1008.6252,613.56946,18.181335,24.4917,0.0660741,4,-1,-1
698.8356,525.77075,8.544617,9.038818,0.06595233,1,-1,-1
1131.7407,590.03827,27.403809,33.666687,0.06570965,1,-1,-1
1129.9592,588.01105,41.17566,39.02545,0.065633535,10,-1,-1
894.4747,596.598,16.27002,27.336609,0.06555337,4,-1,-1
931.576,584.4697,20.45514,26.064941,0.06512463,9,-1,-1
566.52356,298.17633,8.955505,12.484375,0.06486973,1,-1,-1
403.7386,617.2513,8.397339,8.679932,0.06467822,1,-1,-1
1144.5112,591.09216,26.328247,36.48169,0.0645183,2,-1,-1
707.6339,522.01697,8.475586,11.787476,0.064438164,2,-1,-1
1053.4374,780.0575,5.6071777,7.48645,0.06441486,1,-1,-1
1045.2732,250.35321,7.925415,20.626282,0.06437996,1,-1,-1
880.89197,308.93408,19.599243,16.370056,0.06408325,1,-1,-1
802.9323,566.34033,50.166565,121.66791,0.06372219,9,-1,-1
705.3332,528.65155,13.303772,11.4505005,0.0634906,1,-1,-1
366.44138,751.6579,32.18643,35.886047,0.06347224,4,-1,-1
561.90656,290.9988,11.622559,11.988434,0.063263595,1,-1,-1
887.4937,313.01492,8.686218,5.8349915,0.063034415,1,-1,-1
1033.2535,636.7501,26.118896,13.608154,0.06287122,4,-1,-1
1045.6714,599.5088,29.84253,50.01477,0.06253514,6,-1,-1
690.77673,536.4911,9.927002,13.090332,0.06248647,1,-1,-1
1146.5073,618.7882,135.43945,168.75574,0.062464535,9,-1,-1
814.9451,591.5141,33.900635,57.81482,0.062461197,9,-1,-1
763.66833,208.83229,33.141296,26.669113,0.062010348,2,-1,-1
990.1313,624.62115,20.608765,25.617188,0.06151873,4,-1,-1
1005.4799,602.86664,23.663269,44.651794,0.061514795,5,-1,-1
698.7221,534.67584,6.0078735,7.9259033,0.06141293,2,-1,-1
707.2506,524.9861,10.805298,11.391968,0.061335772,1,-1,-1
932.03784,592.5883,13.589783,17.023254,0.061275512,4,-1,-1
852.3837,165.33627,37.788452,50.06772,0.061138332,3,-1,-1
568.76874,304.3511,6.5879517,9.360077,0.061118245,1,-1,-1
872.6715,593.734,25.347717,43.19159,0.06109363,5,-1,-1
984.5416,571.1674,23.784058,37.829895,0.060937136,4,-1,-1
854.6753,0.7238674,81.37891,115.896515,0.060538024,4,-1,-1
903.7742,593.2775,16.850098,31.161621,0.060465246,5,-1,-1
403.16724,614.8309,14.819733,11.098877,0.060391247,2,-1,-1
930.5791,598.6853,17.070557,31.875488,0.060260624,4,-1,-1
404.22345,610.3668,18.50418,17.89215,0.060195386,1,-1,-1
311.26068,645.11945,27.265198,55.76117,0.05997148,4,-1,-1
1028.128,693.28046,9.637695,9.82135,0.059753865,1,-1,-1
1013.9541,31.281626,8.834045,16.779978,0.059554517,1,-1,-1
596.7236,505.71356,8.871094,11.219299,0.059543252,1,-1,-1
343.4963,760.433,17.552704,27.110962,0.059539765,4,-1,-1
1316.5302,649.684,4.9710693,10.115601,0.059338897,1,-1,-1
889.29395,271.56906,16.743286,17.025726,0.05926314,1,-1,-1
691.6602,534.79474,13.030273,10.499207,0.05917555,3,-1,-1
977.3899,684.60443,5.135254,7.1452026,0.05877468,1,-1,-1
966.17883,698.7969,4.5300293,7.448242,0.058480233,1,-1,-1
865.1171,193.49644,28.379028,54.263855,0.058419615,10,-1,-1
1137.5404,592.4838,19.372925,23.674377,0.05835569,2,-1,-1
963.8825,587.6266,18.0802,28.528503,0.058074206,4,-1,-1
568.7447,305.37302,8.936096,9.360291,0.058024973,4,-1,-1
865.85645,212.18791,15.231873,31.967987,0.058009684,1,-1,-1
935.3454,600.92816,19.009155,29.737183,0.05796042,5,-1,-1
769.4343,211.64832,13.257324,12.887085,0.057725012,1,-1,-1
1054.4526,442.1201,4.1098633,9.150665,0.057534784,1,-1,-1
1048.7383,274.7256,13.738892,39.70697,0.05750689,10,-1,-1
882.6879,312.83243,11.41095,6.5289307,0.057492822,1,-1,-1
963.65283,747.47723,15.417664,9.197632,0.057445586,10,-1,-1
1042.3826,758.2375,9.268433,8.640869,0.05740708,1,-1,-1
852.3837,165.33627,37.788452,50.06772,0.057374477,4,-1,-1
704.2748,531.4886,8.818481,10.96521,0.057366103,1,-1,-1
774.912,361.2208,7.524109,11.97525,0.057047635,1,-1,-1
696.3415,530.9334,14.566406,11.128174,0.057014883,10,-1,-1
931.9604,586.0163,18.55481,28.08075,0.056808174,10,-1,-1
598.26807,510.62827,4.994934,8.825104,0.056690782,1,-1,-1
1012.47375,20.868074,11.475708,26.558462,0.0564681,1,-1,-1
932.5241,593.5369,21.11267,24.487122,0.05643946,5,-1,-1
878.9468,311.93915,18.246826,10.29895,0.056260258,3,-1,-1
1097.7216,213.04399,202.68457,195.07356,0.056166112,9,-1,-1
946.68335,698.37836,8.623291,9.312073,0.056097507,10,-1,-1
692.1204,534.60254,6.6920166,9.0408325,0.05609402,2,-1,-1
743.4231,0.0,106.84015,99.560875,0.05577451,6,-1,-1
816.70337,562.4856,32.52826,79.842224,0.055687547,5,-1,-1
696.1599,517.6617,17.36676,16.273132,0.055584043,1,-1,-1
845.21136,164.38162,49.20038,85.16852,0.055568665,8,-1,-1
877.57635,601.50275,17.470642,26.874695,0.05549726,4,-1,-1
806.1383,536.2987,48.412476,111.539734,0.05545044,4,-1,-1
1146.5073,618.7882,135.43945,168.75574,0.0554204,6,-1,-1
691.4611,529.7437,25.46875,16.278625,0.05536601,1,-1,-1
913.1943,615.8325,21.124084,32.225037,0.055318236,9,-1,-1
710.277,526.2248,10.318298,11.871643,0.055245668,1,-1,-1
1059.3545,355.70352,8.370972,16.475525,0.05513987,1,-1,-1
932.04956,229.71428,17.967346,23.911102,0.055030048,1,-1,-1
1228.6393,380.55603,22.592651,17.455933,0.055019468,1,-1,-1
1039.7422,154.81738,11.828613,22.067795,0.05487448,1,-1,-1
950.1842,601.6621,16.986511,30.719543,0.05473745,4,-1,-1
830.52783,534.0063,54.329163,105.936584,0.05472234,9,-1,-1
798.10803,601.3437,25.154907,43.331726,0.054580808,4,-1,-1
919.29736,609.2577,18.094543,32.23358,0.054555535,4,-1,-1
906.8214,598.74384,18.996033,22.360352,0.054409474,6,-1,-1
852.3607,0.093206294,86.45502,117.34024,0.05438888,3,-1,-1
988.4031,410.30002,4.723938,7.3456116,0.05414638,1,-1,-1
832.17883,594.86646,19.777649,27.115662,0.05407417,5,-1,-1
1049.3993,733.4831,49.801758,54.060852,0.053778082,9,-1,-1
961.45557,628.0424,17.079773,27.615051,0.053755254,5,-1,-1
694.5747,537.0723,8.047607,7.2178345,0.05373594,1,-1,-1
582.01904,494.64737,9.448181,11.007904,0.053732783,1,-1,-1
907.52527,589.5599,33.270386,48.27118,0.05361256,6,-1,-1
890.0309,312.25687,8.903137,7.2318726,0.05359724,1,-1,-1
583.06433,492.87857,13.430603,11.113953,0.053524405,3,-1,-1
1102.086,641.32367,8.696289,20.776184,0.053521574,1,-1,-1
561.3167,294.92953,7.548767,10.594574,0.053294152,1,-1,-1
985.62006,603.8737,24.188171,44.21582,0.05318442,4,-1,-1
600.87915,508.51483,9.234131,8.60376,0.05303085,1,-1,-1
527.44934,579.5406,5.251709,9.74054,0.052933633,1,-1,-1
854.2099,175.98517,34.318054,64.14696,0.05282095,3,-1,-1
697.3411,522.6254,16.923767,12.371826,0.052812427,3,-1,-1
959.3862,713.2838,12.251587,8.530701,0.0528,10,-1,-1
698.50464,534.8822,6.524353,7.4716797,0.052591354,1,-1,-1
855.68396,180.70801,30.437622,57.83278,0.05257812,2,-1,-1
832.41754,582.4189,18.2677,31.819458,0.05256349,4,-1,-1
1330.3495,298.77988,12.189941,10.1684265,0.052501112,1,-1,-1
881.4769,590.1032,25.501526,34.318542,0.052255213,4,-1,-1
1064.6047,149.72588,4.8740234,9.212936,0.051905572,1,-1,-1
773.2063,512.55615,20.77295,18.883118,0.051865757,1,-1,-1
1017.87683,591.2142,27.975952,31.859009,0.05183947,5,-1,-1
911.01166,602.74927,19.935974,28.434998,0.051663578,6,-1,-1
781.55835,209.4979,22.721924,26.651245,0.051662475,1,-1,-1
939.08295,248.27788,8.671143,8.766464,0.051654786,1,-1,-1
929.13477,454.53217,5.768921,8.144897,0.051524907,1,-1,-1
937.57947,231.0001,10.008911,13.972641,0.05147451,1,-1,-1
706.32825,523.4442,6.7651978,8.397034,0.051383317,1,-1,-1
402.70056,646.6712,10.867493,12.416748,0.051324904,4,-1,-1
880.9165,312.45282,8.146484,7.5515747,0.051113784,1,-1,-1
698.8243,527.0,8.055908,6.9730225,0.050967693,2,-1,-1
802.9323,566.34033,50.166565,121.66791,0.050945044,6,-1,-1
955.5521,713.23865,10.762878,8.482117,0.05094242,10,-1,-1
993.9823,589.6908,17.18219,30.17511,0.05073437,5,-1,-1
957.2277,262.30487,6.887146,9.448212,0.050655663,1,-1,-1
859.9787,198.29637,23.257751,47.464172,0.05060762,1,-1,-1
1149.3475,601.2384,19.637695,33.85138,0.050516874,2,-1,-1
1048.7294,732.8416,56.377686,54.70233,0.050459534,5,-1,-1
701.4911,520.18054,13.964722,9.604797,0.050421,2,-1,-1
857.7688,588.0282,24.636902,38.81195,0.05025798,5,-1,-1
973.03015,617.71484,16.356323,28.217468,0.050209075,4,-1,-1
700.6486,524.12415,10.408997,6.8530884,0.05018401,2,-1,-1
1137.9948,589.58185,33.726685,40.016174,0.05008799,1,-1,-1
906.98926,594.36383,15.534119,20.23407,0.05008021,4,-1,-1
