19.931566,881.4186,107.994064,69.1889,0.99989414,4,-1,-1
356.12564,700.87274,34.05002,55.726074,0.9998833,4,-1,-1
362.67764,798.1398,45.08423,70.585754,0.9998677,4,-1,-1
23.057343,808.0222,97.71552,72.35925,0.99836326,4,-1,-1
673.8417,292.62686,75.78912,40.417297,0.9962655,6,-1,-1
343.52536,570.803,32.066803,51.78357,0.9937652,5,-1,-1
1230.5399,233.32054,40.57495,24.552689,0.9887794,6,-1,-1
543.3338,293.12827,71.707275,32.32724,0.98851836,6,-1,-1
359.0672,518.4037,28.027252,37.781494,0.9420958,4,-1,-1
11.615353,934.4253,104.38675,82.95325,0.8657752,6,-1,-1
389.3751,436.93344,48.066803,61.91336,0.8192955,9,-1,-1
280.17813,466.80743,39.832306,24.33493,0.80262816,4,-1,-1
350.1737,358.8416,24.26654,40.08139,0.80237156,6,-1,-1
11.457502,934.4222,102.43367,84.25879,0.7324712,4,-1,-1
343.69388,306.22076,28.116028,51.862732,0.56967056,6,-1,-1
577.21936,332.38684,43.36975,21.848206,0.56454325,4,-1,-1
125.27476,301.28107,41.426765,23.967926,0.51660156,5,-1,-1
108.39608,320.54706,41.94729,22.164185,0.4864409,4,-1,-1
389.4071,436.32285,48.29489,61.558044,0.4289906,6,-1,-1
592.1612,338.3992,38.89746,22.695679,0.40514028,4,-1,-1
386.23508,397.62433,28.490295,39.779938,0.367803,6,-1,-1
417.58868,684.2073,44.848022,43.674927,0.32630038,4,-1,-1
759.87646,282.07996,38.65558,26.612732,0.30967093,6,-1,-1
385.65097,397.10446,29.245178,40.04251,0.30739096,5,-1,-1
158.39938,503.13297,38.983078,25.67978,0.30463773,10,-1,-1
402.31897,545.1147,44.96234,97.09302,0.2961373,6,-1,-1
174.6075,980.8692,35.058563,66.74518,0.28779644,10,-1,-1
634.32117,322.47906,41.8692,21.919556,0.27152497,4,-1,-1
752.877,275.47397,43.16089,24.014557,0.26077378,6,-1,-1
22.733526,808.4942,97.4766,72.42377,0.25779134,5,-1,-1
0.34584716,358.4298,45.212852,24.977264,0.256235,7,-1,-1
403.01297,542.9994,44.84485,101.23932,0.21766734,4,-1,-1
158.40533,503.76645,40.383896,25.088531,0.2156272,7,-1,-1
115.69429,326.22552,41.350967,21.30951,0.2134929,4,-1,-1
416.97717,684.47034,46.91684,42.574463,0.21224895,5,-1,-1
113.06263,308.28845,46.497368,23.426697,0.20839658,5,-1,-1
385.65097,397.10446,29.245178,40.04251,0.19326413,9,-1,-1
113.06263,308.28845,46.497368,23.426697,0.19307452,4,-1,-1
765.9184,277.6889,41.402527,24.738678,0.19269526,6,-1,-1
157.82516,502.6746,39.689713,25.38565,0.18843952,8,-1,-1
10.348918,774.6803,106.45593,82.17212,0.17284912,4,-1,-1
385.65097,397.10446,29.245178,40.04251,0.16755706,4,-1,-1
649.1914,421.26163,28.792236,29.255463,0.16524279,5,-1,-1
101.777374,311.5649,47.1976,23.249023,0.16524127,4,-1,-1
794.8875,275.02264,33.06079,26.704529,0.15667844,6,-1,-1
389.4071,436.32285,48.29489,61.558044,0.15631816,5,-1,-1
179.45164,387.823,27.40976,35.320404,0.15612686,8,-1,-1
694.25275,421.92325,36.430115,32.408356,0.15583074,6,-1,-1
108.39608,320.54706,41.94729,22.164185,0.13846466,5,-1,-1
279.99127,466.53247,40.334717,24.428314,0.13780004,8,-1,-1
416.62158,684.94147,47.422455,42.62494,0.13431871,1,-1,-1
101.777374,311.5649,47.1976,23.249023,0.12170914,5,-1,-1
124.17039,301.14404,41.643044,25.171936,0.11970198,4,-1,-1
279.88657,466.5838,40.159332,24.580872,0.11949062,5,-1,-1
12.416922,934.1901,106.564026,82.31384,0.117723435,1,-1,-1
634.32117,322.47906,41.8692,21.919556,0.11648345,5,-1,-1
0.5678426,358.31497,44.874783,25.404541,0.113490224,4,-1,-1
742.87994,272.27216,44.974182,21.109955,0.11162692,6,-1,-1
279.99127,466.53247,40.334717,24.428314,0.11064458,7,-1,-1
576.55457,331.59482,43.00769,22.710571,0.10854399,5,-1,-1
759.87646,282.07996,38.65558,26.612732,0.10849297,9,-1,-1
12.416922,934.1901,106.564026,82.31384,0.10772231,5,-1,-1
648.41327,296.25693,42.71167,23.629333,0.10494691,4,-1,-1
592.1612,338.3992,38.89746,22.695679,0.10305479,5,-1,-1
165.24138,397.8024,42.430023,31.574524,0.102461606,8,-1,-1
0.34584716,358.4298,45.212852,24.977264,0.101834804,10,-1,-1
131.83713,401.95587,76.29559,28.20105,0.10182619,8,-1,-1
280.17813,466.80743,39.832306,24.33493,0.10154495,1,-1,-1
753.4646,275.28366,40.524902,25.351654,0.10102883,9,-1,-1
343.69095,306.5036,28.237305,51.77713,0.09683344,9,-1,-1
343.69388,306.22076,28.116028,51.862732,0.096396655,4,-1,-1
0.5678426,358.31497,44.874783,25.404541,0.09379116,8,-1,-1
753.4646,275.28366,40.524902,25.351654,0.090485364,4,-1,-1
158.40533,503.76645,40.383896,25.088531,0.0903019,3,-1,-1
280.17813,466.80743,39.832306,24.33493,0.08688575,10,-1,-1
759.87646,282.07996,38.65558,26.612732,0.08601746,5,-1,-1
759.87646,282.07996,38.65558,26.612732,0.085137576,4,-1,-1
2.391069,748.8087,105.87154,84.73425,0.08354032,6,-1,-1
403.01297,542.9994,44.84485,101.23932,0.08276442,9,-1,-1
121.51241,322.1979,37.932884,23.37085,0.08180019,5,-1,-1
639.3031,308.37015,36.579285,24.430695,0.081008464,4,-1,-1
107.59475,299.30508,48.60221,25.330994,0.077180654,5,-1,-1
753.4646,275.28366,40.524902,25.351654,0.074579686,5,-1,-1
0.5678426,358.31497,44.874783,25.404541,0.07417393,6,-1,-1
158.39938,503.13297,38.983078,25.67978,0.07266238,4,-1,-1
12.416922,934.1901,106.564026,82.31384,0.0707078,7,-1,-1
789.7517,269.33087,43.73407,25.946472,0.068528056,6,-1,-1
419.8612,718.8484,46.313934,99.09369,0.068332285,4,-1,-1
125.61734,301.02625,41.480118,24.062439,0.06652138,6,-1,-1
95.68613,318.0006,40.739044,25.319763,0.066360205,4,-1,-1
358.92175,518.78406,28.067474,38.177734,0.06462136,5,-1,-1
350.1737,358.8416,24.26654,40.08139,0.060927898,4,-1,-1
11.615353,934.4253,104.38675,82.95325,0.059774935,2,-1,-1
761.7597,269.9496,55.599976,23.3721,0.058756024,6,-1,-1
157.82516,502.6746,39.689713,25.38565,0.05865106,1,-1,-1
619.1515,260.0309,47.83319,19.155579,0.057609916,5,-1,-1
742.87994,272.27216,44.974182,21.109955,0.05708304,9,-1,-1
648.41327,296.25693,42.71167,23.629333,0.05639565,6,-1,-1
639.3031,308.37015,36.579285,24.430695,0.055749506,5,-1,-1
107.59475,299.30508,48.60221,25.330994,0.055597425,4,-1,-1
358.9359,518.2926,28.018433,37.875916,0.054269105,1,-1,-1
619.1515,260.0309,47.83319,19.155579,0.053530663,4,-1,-1
141.56204,400.4153,64.49245,30.38794,0.052868485,5,-1,-1
735.20306,257.34192,47.95929,19.53122,0.052791387,6,-1,-1
402.80756,543.1218,45.05719,101.295044,0.05133286,5,-1,-1
576.55457,331.59482,43.00769,22.710571,0.051190674,8,-1,-1
