463.84277,18.874216,16.894958,26.433836,0.7492733,1,-1,-1
1090.9438,377.87808,18.792603,23.353668,0.65602934,1,-1,-1
782.745,188.91801,14.305481,22.67752,0.5799488,1,-1,-1
1247.7062,157.15404,32.304688,36.896606,0.52294916,3,-1,-1
385.10648,346.4369,17.422699,15.766388,0.4272372,1,-1,-1
1293.2892,508.25888,25.512207,25.15268,0.4216395,1,-1,-1
442.96494,56.35145,17.617676,31.172756,0.40814155,1,-1,-1
379.36453,201.48949,31.537262,56.26805,0.4036022,1,-1,-1
422.15976,402.58728,11.339813,14.456726,0.39751956,1,-1,-1
163.82039,594.3135,24.6716,62.09131,0.38383538,4,-1,-1
417.92947,628.64154,13.450806,20.032349,0.37203687,1,-1,-1
1242.9014,140.03102,25.892212,34.9075,0.36844933,3,-1,-1
430.527,408.74982,9.151611,14.237122,0.36510986,1,-1,-1
431.09616,635.97766,15.716187,20.777588,0.3343347,1,-1,-1
378.79153,348.09988,21.585114,22.373749,0.31910545,1,-1,-1
1241.3389,140.40897,26.515747,33.82698,0.31772286,1,-1,-1
485.127,41.467613,14.979218,25.976929,0.31324965,1,-1,-1
374.91196,356.22513,25.884186,27.617615,0.30763716,1,-1,-1
386.80472,366.46036,16.226135,23.508575,0.27936172,1,-1,-1
1293.9034,508.3134,24.107788,24.349579,0.27877104,2,-1,-1
408.78506,738.35803,16.667816,22.022644,0.27510297,2,-1,-1
405.09937,718.7218,19.625305,22.684143,0.27368513,2,-1,-1
897.2519,645.94574,17.483765,24.943604,0.26934353,1,-1,-1
423.34805,531.8944,10.165253,12.429016,0.2597203,1,-1,-1
439.41013,546.62604,8.850403,11.693481,0.252281,1,-1,-1
799.223,432.49573,9.578369,15.71582,0.24836722,1,-1,-1
811.27264,347.59775,19.355713,28.411224,0.24548888,1,-1,-1
1157.5626,428.76056,38.857178,27.908813,0.23668548,1,-1,-1
430.32117,546.1242,9.830078,13.532532,0.23612052,1,-1,-1
384.70016,345.70566,18.092133,17.410614,0.23142701,2,-1,-1
436.22888,554.64777,8.396881,10.505493,0.21537611,1,-1,-1
1143.0933,625.5371,28.104492,27.35962,0.20432776,1,-1,-1
405.16907,715.26465,21.42984,35.278748,0.20401818,10,-1,-1
437.3156,549.7899,9.371613,16.410645,0.2018953,1,-1,-1
425.79797,571.99414,11.065063,12.888184,0.1989153,1,-1,-1
171.34283,766.3271,21.9124,21.216858,0.19544706,4,-1,-1
426.44495,404.50433,12.504059,17.920471,0.19072121,1,-1,-1
405.64688,717.7653,20.086243,27.700134,0.18918821,1,-1,-1
783.1379,188.91101,13.716309,22.553894,0.18846002,2,-1,-1
223.51295,685.939,47.54933,101.60492,0.18792734,9,-1,-1
1338.414,375.31097,26.620483,25.892761,0.18779764,1,-1,-1
1263.4135,152.55612,17.297974,28.984787,0.18459105,3,-1,-1
794.7252,431.79108,16.371094,18.879456,0.17800543,1,-1,-1
1244.4941,142.3225,22.454346,31.542511,0.17199504,2,-1,-1
417.92947,628.64154,13.450806,20.032349,0.16874883,2,-1,-1
192.09166,683.30945,47.16539,104.2345,0.16826919,9,-1,-1
1290.3518,617.0703,32.98755,16.26007,0.16745862,10,-1,-1
407.61435,740.6869,19.272064,20.060608,0.16711336,1,-1,-1
431.4243,636.00885,15.207581,20.902344,0.1667932,2,-1,-1
1246.7456,179.80254,36.222412,35.30342,0.16029558,3,-1,-1
1248.9358,161.15584,31.37976,33.448486,0.15917534,1,-1,-1
421.6159,405.32037,8.230804,13.181854,0.15830716,1,-1,-1
370.9759,353.3259,27.077667,19.831787,0.15644887,1,-1,-1
385.36234,503.87616,42.665466,34.242004,0.15621865,1,-1,-1
376.764,373.62396,24.82669,29.223969,0.15587133,1,-1,-1
1248.9358,161.15584,31.37976,33.448486,0.1557231,10,-1,-1
418.23444,628.35706,13.433319,20.704163,0.14967117,10,-1,-1
1242.9014,140.03102,25.892212,34.9075,0.1452662,10,-1,-1
169.95964,458.85556,18.801147,31.012909,0.14482367,4,-1,-1
371.4403,344.88007,33.03253,34.68387,0.14405832,1,-1,-1
379.65994,348.27747,20.53247,21.538666,0.14376524,2,-1,-1
162.00914,594.47974,25.357773,62.374207,0.14237788,5,-1,-1
0.0,736.5126,19.747072,51.031372,0.14187756,4,-1,-1
171.46968,767.0707,18.928482,20.473267,0.1403015,5,-1,-1
104.723274,654.89825,54.08155,132.64569,0.13939261,6,-1,-1
1158.3673,425.43173,49.378296,31.87146,0.1355572,10,-1,-1
407.88437,730.2807,18.697815,24.145325,0.13269216,2,-1,-1
1250.081,191.1085,28.207153,19.823532,0.13138488,1,-1,-1
431.5121,634.8243,15.5954895,23.120361,0.13132674,10,-1,-1
416.09702,769.69653,18.90387,17.847412,0.12917319,2,-1,-1
378.3502,425.527,17.114136,33.76059,0.12909108,1,-1,-1
386.80472,366.46036,16.226135,23.508575,0.12851512,2,-1,-1
409.87933,764.3463,21.27185,23.197632,0.12508926,2,-1,-1
435.5392,545.2799,12.7387085,16.410706,0.123152584,1,-1,-1
1091.7473,378.73282,17.837158,21.920227,0.122356266,2,-1,-1
901.9465,651.01154,9.883545,14.409851,0.12210277,1,-1,-1
376.97208,409.16086,21.42627,39.053986,0.12173313,1,-1,-1
1293.2892,508.25888,25.512207,25.15268,0.12080604,10,-1,-1
1330.418,374.81192,33.226685,41.298645,0.1206409,1,-1,-1
1321.9087,380.80566,32.15454,39.915833,0.11952683,1,-1,-1
1252.2788,154.48366,21.036255,32.22264,0.11894071,3,-1,-1
1300.7972,379.66827,33.604736,35.484924,0.11837807,1,-1,-1
1313.2705,140.51044,86.250244,66.44411,0.11798707,4,-1,-1
328.74866,404.23178,25.37149,35.281372,0.117512435,1,-1,-1
791.4727,429.6127,26.659119,26.407349,0.11639783,1,-1,-1
410.81503,501.5281,15.251709,15.460419,0.11633712,1,-1,-1
1300.8873,379.20697,33.46643,36.643463,0.11463344,2,-1,-1
1312.5676,139.94252,86.953125,67.98711,0.11342546,6,-1,-1
223.42603,691.32227,49.2995,96.22168,0.113301516,6,-1,-1
420.42685,627.71466,9.767517,15.100403,0.112850726,1,-1,-1
426.89676,773.09204,8.93396,14.451904,0.11220726,2,-1,-1
1295.3746,512.7542,15.953613,17.981201,0.11171806,1,-1,-1
328.74866,404.23178,25.37149,35.281372,0.11119741,2,-1,-1
1256.9109,152.53932,28.473145,36.834946,0.11100376,3,-1,-1
193.3903,680.2148,42.26555,107.32916,0.109840035,4,-1,-1
417.3186,771.6828,17.878113,15.861145,0.10907853,1,-1,-1
1289.8383,617.07214,22.936401,14.295288,0.10807967,3,-1,-1
426.89676,773.09204,8.93396,14.451904,0.107182264,1,-1,-1
888.52106,645.44366,29.216187,30.420837,0.106995225,1,-1,-1
223.42603,691.32227,49.2995,96.22168,0.10512763,4,-1,-1
1091.1417,378.7492,17.932251,21.817322,0.104593486,10,-1,-1
1396.3083,599.38306,3.2124023,8.8098755,0.10396123,1,-1,-1
429.1132,544.7956,8.832825,11.004456,0.10378027,1,-1,-1
1300.1276,507.99176,17.722412,18.158081,0.10286665,1,-1,-1
374.91196,356.22513,25.884186,27.617615,0.102216005,2,-1,-1
398.14075,452.96924,15.315308,21.967743,0.10148358,1,-1,-1
793.8979,441.80994,7.8153687,9.15744,0.1011734,1,-1,-1
1091.2312,378.58466,17.79712,22.169067,0.100803405,4,-1,-1
797.2756,435.56918,8.352539,13.788269,0.10068205,1,-1,-1
1295.3746,512.7542,15.953613,17.981201,0.100612104,2,-1,-1
374.65057,380.08752,25.115295,35.003143,0.10027495,1,-1,-1
410.85992,746.8854,13.964355,13.111084,0.09983805,2,-1,-1
1338.2698,375.5238,26.51062,25.277222,0.09916973,2,-1,-1
385.3293,504.56528,42.71866,33.39908,0.09898093,2,-1,-1
378.7922,359.1521,19.200012,17.819641,0.09891245,1,-1,-1
897.348,645.7587,17.449158,25.204834,0.098118275,10,-1,-1
378.7693,201.59584,32.441315,55.69905,0.09785068,2,-1,-1
482.44916,47.61287,16.620392,26.648422,0.09765726,1,-1,-1
423.41995,566.61945,8.277649,15.38208,0.097456515,1,-1,-1
1297.872,185.83897,101.6488,186.5772,0.09657788,6,-1,-1
785.7905,188.99585,8.614136,18.62201,0.095829725,1,-1,-1
1370.0183,446.95465,29.502441,48.05371,0.09536576,5,-1,-1
231.98834,485.05838,41.310852,39.19864,0.095243156,2,-1,-1
452.7758,22.967047,18.771454,24.014208,0.0949139,1,-1,-1
163.7801,594.30707,25.505142,64.63098,0.09423268,9,-1,-1
901.9465,651.01154,9.883545,14.409851,0.09387502,2,-1,-1
407.61545,769.53973,22.876373,18.004211,0.092299104,1,-1,-1
1247.9119,187.75809,32.79431,23.947693,0.09215227,2,-1,-1
403.5464,720.47144,25.048767,52.21112,0.09187794,10,-1,-1
1301.238,507.68326,15.886108,18.174469,0.09156489,2,-1,-1
410.9267,501.4376,15.294403,15.874847,0.090964735,2,-1,-1
421.4114,587.633,8.101166,17.05481,0.09042817,1,-1,-1
428.6949,545.3058,13.889923,19.80011,0.09037793,1,-1,-1
414.30933,585.23865,10.028015,19.533203,0.08978334,1,-1,-1
370.9759,353.3259,27.077667,19.831787,0.089683115,2,-1,-1
1290.7646,617.4033,19.667236,12.609375,0.0895915,10,-1,-1
444.35577,56.91538,17.230774,30.098186,0.08938363,2,-1,-1
384.27573,343.85828,23.300629,24.007477,0.089371026,1,-1,-1
1336.0455,499.19046,28.818848,18.51944,0.08865893,10,-1,-1
410.41406,761.5051,17.205048,17.793274,0.08864233,2,-1,-1
406.88358,737.5102,20.059052,24.462097,0.08847174,10,-1,-1
1289.8259,614.505,32.038086,18.632263,0.087827146,1,-1,-1
1249.2538,143.17734,15.759644,27.393738,0.08761343,1,-1,-1
428.06845,403.63144,8.188599,13.942322,0.087501705,1,-1,-1
193.3903,680.2148,42.26555,107.32916,0.08731943,6,-1,-1
1323.0315,392.85236,25.735107,34.3143,0.087216735,1,-1,-1
416.35,772.68304,19.49823,14.860901,0.08716825,10,-1,-1
897.348,645.7587,17.449158,25.204834,0.087037474,4,-1,-1
1157.7716,430.41852,36.017944,26.144043,0.08664745,2,-1,-1
1246.7456,179.80254,36.222412,35.30342,0.0863252,10,-1,-1
1250.874,163.5922,26.517578,27.776886,0.08615297,2,-1,-1
905.5989,652.4578,7.7977295,12.765381,0.0861257,1,-1,-1
1305.698,510.11496,12.293823,10.843048,0.085749835,2,-1,-1
1317.9829,623.73486,7.4067383,9.834534,0.08524215,1,-1,-1
331.90598,770.8749,47.127686,16.669067,0.08476281,4,-1,-1
1321.9087,380.80566,32.15454,39.915833,0.0845187,2,-1,-1
1312.9454,335.61786,23.715088,35.405365,0.084275305,1,-1,-1
137.9065,309.11996,12.110886,12.225342,0.08388841,1,-1,-1
398.28888,454.26398,14.673798,20.477844,0.083771765,2,-1,-1
1177.4502,91.83769,18.372559,32.335068,0.08367473,1,-1,-1
778.91284,184.51964,24.518616,29.618835,0.08363673,1,-1,-1
1153.488,434.0119,28.319214,22.331268,0.08356783,1,-1,-1
393.5606,444.00937,21.78833,32.281067,0.08330336,1,-1,-1
1235.4431,109.8753,18.94873,29.30465,0.0828661,3,-1,-1
382.27106,381.00717,17.774902,19.962738,0.08271113,1,-1,-1
406.88657,767.97485,24.8555,19.569092,0.08250493,10,-1,-1
427.40936,573.077,10.627808,12.37616,0.082199186,2,-1,-1
898.4494,646.28516,8.166016,12.144043,0.08214581,1,-1,-1
410.98593,719.0483,13.693024,14.761169,0.08208722,2,-1,-1
375.02707,400.41043,25.075317,33.99771,0.08193502,1,-1,-1
379.21008,200.41972,33.690582,58.62114,0.08152199,10,-1,-1
447.53027,59.842533,18.14862,29.730274,0.081198305,1,-1,-1
30.759087,575.86017,36.153305,80.78088,0.080759466,9,-1,-1
230.89247,484.51242,42.56746,40.26175,0.08073977,1,-1,-1
265.06732,0.0,32.77484,22.965357,0.08064571,1,-1,-1
331.4862,361.1378,29.425201,49.31418,0.08042377,1,-1,-1
440.41495,547.9762,6.727051,7.193115,0.07992777,1,-1,-1
398.69412,459.93353,11.144165,14.715759,0.07940185,1,-1,-1
1248.9512,172.3592,30.865356,43.575287,0.07860944,1,-1,-1
1313.8396,139.86444,85.68115,67.711716,0.07825434,5,-1,-1
405.0196,728.3053,23.090424,39.133728,0.07824528,2,-1,-1
1320.7338,378.0829,36.247437,43.691223,0.07789722,10,-1,-1
1244.0002,143.59027,35.032715,41.71216,0.077812225,3,-1,-1
279.2908,0.0,15.997833,14.852157,0.07742533,1,-1,-1
423.63986,531.55115,9.557404,12.902344,0.077270985,2,-1,-1
795.1132,439.1601,9.550354,12.361694,0.07653603,1,-1,-1
1146.9686,631.5605,7.923218,17.917664,0.07535571,1,-1,-1
272.48242,1.743202,17.020355,22.119936,0.07518092,2,-1,-1
1203.9229,191.27235,47.46472,51.276123,0.074303,2,-1,-1
429.623,635.03217,15.872833,22.056213,0.074193805,3,-1,-1
1262.9004,200.65244,36.89807,49.036865,0.07407549,1,-1,-1
1297.872,185.83897,101.6488,186.5772,0.07384947,4,-1,-1
1370.338,446.18823,29.18274,48.51245,0.07383624,4,-1,-1
1293.3351,517.2511,8.930786,13.317078,0.07380679,1,-1,-1
408.8748,718.3731,16.227997,17.012512,0.07307544,1,-1,-1
1245.1206,148.85405,17.70459,26.249252,0.07303491,1,-1,-1
382.5167,419.4132,15.149231,27.3378,0.07285452,1,-1,-1
386.26935,502.2178,44.44864,36.585358,0.072502166,10,-1,-1
1302.4401,382.42236,22.337769,25.938568,0.07244226,2,-1,-1
1304.2927,621.78314,23.400879,16.443176,0.07243195,10,-1,-1
0.0,736.5126,19.747072,51.031372,0.072396904,5,-1,-1
405.16907,715.26465,21.42984,35.278748,0.07231727,3,-1,-1
1250.3741,155.72408,19.392822,33.350403,0.072267175,1,-1,-1
384.6347,346.10767,18.188568,16.39975,0.07217252,10,-1,-1
1277.4263,351.21844,122.09448,173.71198,0.07168418,6,-1,-1
428.89322,409.22467,8.201111,10.795105,0.07151595,1,-1,-1
422.58334,567.54913,12.219299,19.726746,0.07145214,1,-1,-1
408.33783,729.8495,18.024841,25.667603,0.07120597,1,-1,-1
488.67676,42.777973,9.734375,19.250637,0.07103717,1,-1,-1
271.93076,2.799312,17.858032,19.3738,0.07094595,1,-1,-1
1158.604,419.69254,56.34485,38.173706,0.07093564,1,-1,-1
1300.1411,378.8631,35.061157,37.702454,0.070806265,10,-1,-1
486.4516,41.918297,12.66571,23.27504,0.07078016,2,-1,-1
1144.1022,628.7091,16.296875,21.421875,0.07063565,1,-1,-1
1376.2427,317.3206,23.278076,48.86508,0.070617914,10,-1,-1
783.40045,189.04582,13.179138,22.165268,0.070429474,4,-1,-1
1248.9158,160.83348,31.284424,33.711243,0.07037711,8,-1,-1
410.17804,746.11084,13.427643,13.250977,0.07032147,1,-1,-1
1249.5936,167.28705,22.171143,23.023193,0.07027334,3,-1,-1
436.22977,51.08768,30.07013,36.77428,0.07027182,1,-1,-1
466.86536,20.538248,9.441162,21.193007,0.07001743,1,-1,-1
223.42603,691.32227,49.2995,96.22168,0.06998041,5,-1,-1
407.65375,718.0526,11.594818,17.850586,0.06974214,2,-1,-1
433.37097,551.1746,12.264465,11.694824,0.06971568,1,-1,-1
1300.2527,513.4545,10.095215,12.810791,0.0693762,2,-1,-1
432.45605,635.738,11.644653,11.713989,0.06930965,1,-1,-1
383.88297,346.37646,19.655273,15.6996765,0.06893176,3,-1,-1
1261.3563,187.57341,23.003296,25.040268,0.068769604,1,-1,-1
171.46968,767.0707,18.928482,20.473267,0.06871766,9,-1,-1
1235.24,108.46801,18.773071,29.67556,0.068672955,1,-1,-1
423.33597,770.479,11.033173,12.874207,0.06853792,2,-1,-1
432.66455,641.4355,12.60434,12.491333,0.06852049,1,-1,-1
441.75015,545.42584,7.705597,10.241699,0.06845516,1,-1,-1
1277.4263,351.21844,122.09448,173.71198,0.068398595,4,-1,-1
369.07297,352.71204,16.590454,19.178284,0.06839034,1,-1,-1
442.90012,56.699596,17.62616,30.657497,0.06832114,4,-1,-1
379.65994,348.27747,20.53247,21.538666,0.06823978,10,-1,-1
104.723274,654.89825,54.08155,132.64569,0.0674071,9,-1,-1
26.90883,574.8999,42.765564,80.78967,0.067385584,5,-1,-1
1255.6066,142.23706,17.748901,31.146011,0.067335814,3,-1,-1
377.7699,374.84827,24.418488,24.468689,0.067233026,2,-1,-1
262.5389,0.0,36.32544,22.626234,0.06722811,10,-1,-1
1293.4767,508.29648,24.796387,24.866913,0.06690106,4,-1,-1
104.723274,654.89825,54.08155,132.64569,0.06689417,4,-1,-1
384.21533,352.98856,12.711426,14.670197,0.06688446,1,-1,-1
1296.8229,373.4514,30.187988,34.248077,0.06650141,1,-1,-1
405.57092,754.18787,23.826965,26.64801,0.06648496,2,-1,-1
1244.4941,142.3225,22.454346,31.542511,0.06605688,4,-1,-1
273.83066,7.568857,13.082367,17.558043,0.06582683,1,-1,-1
401.77972,715.0568,26.67096,20.82434,0.065763,1,-1,-1
799.3239,432.33542,9.357971,16.09491,0.06552476,2,-1,-1
1370.338,446.18823,29.18274,48.51245,0.065261185,9,-1,-1
113.01879,310.60995,14.726967,13.054535,0.06498864,1,-1,-1
0.0,667.96387,115.034996,119.58008,0.06439978,6,-1,-1
388.90646,372.41138,11.809631,15.76651,0.064163774,1,-1,-1
421.94046,773.4459,11.720642,14.098022,0.0641363,2,-1,-1
266.99533,0.0,25.854675,15.128121,0.06386948,2,-1,-1
376.97366,349.05893,23.294312,21.159912,0.063818514,3,-1,-1
1370.338,446.18823,29.18274,48.51245,0.06372389,6,-1,-1
899.27936,648.3722,8.569336,16.942932,0.06367856,1,-1,-1
1333.1365,373.2594,33.27185,35.253326,0.06345698,10,-1,-1
897.0479,646.467,7.1224365,9.818237,0.06339434,1,-1,-1
1295.7201,370.62668,66.212524,60.80246,0.0632669,10,-1,-1
171.46968,767.0707,18.928482,20.473267,0.06312284,6,-1,-1
454.89832,0.0,16.867004,14.840765,0.0630686,1,-1,-1
485.19693,41.213364,14.7881775,26.718063,0.06298348,3,-1,-1
280.3073,0.0,14.074432,14.074065,0.062918395,2,-1,-1
411.87158,734.7531,12.759918,14.112122,0.06283364,2,-1,-1
1396.2133,590.0665,3.307495,13.29718,0.06268993,1,-1,-1
1326.1797,390.33575,22.073364,28.297272,0.06261203,2,-1,-1
376.97208,409.16086,21.42627,39.053986,0.06256753,2,-1,-1
1143.4822,625.4109,27.757202,28.132751,0.062490344,2,-1,-1
1203.9229,191.27235,47.46472,51.276123,0.062366456,1,-1,-1
424.2034,405.625,14.352539,10.106903,0.0622485,1,-1,-1
410.46436,776.239,22.961212,11.304932,0.062167943,2,-1,-1
1248.8606,143.98904,16.814941,26.105515,0.062051326,3,-1,-1
331.62396,360.27893,30.07309,50.59723,0.06184092,10,-1,-1
410.11905,742.83844,15.876373,11.883423,0.06180343,2,-1,-1
1171.8385,91.66101,25.058105,36.739532,0.061620384,2,-1,-1
513.5942,597.123,6.397888,12.425964,0.06155044,1,-1,-1
1336.2175,150.30745,63.303223,81.84738,0.061373323,6,-1,-1
437.5266,549.2265,9.135193,17.290283,0.06118378,2,-1,-1
401.2892,710.60254,37.62851,76.94141,0.061056256,10,-1,-1
137.9065,309.11996,12.110886,12.225342,0.060955763,2,-1,-1
429.21704,406.1626,11.347717,11.550262,0.060840607,1,-1,-1
1250.8934,193.04692,16.022827,14.5186,0.06080255,1,-1,-1
1306.6779,622.5392,23.679077,21.113525,0.06076169,1,-1,-1
105.07234,654.2124,52.580994,133.33154,0.060676336,1,-1,-1
163.82039,594.3135,24.6716,62.09131,0.060518324,10,-1,-1
1293.3091,508.43045,25.177979,24.774994,0.060316235,3,-1,-1
1262.6934,200.99,37.521973,48.517746,0.06016761,2,-1,-1
410.6391,754.2145,16.036438,19.441101,0.060160905,2,-1,-1
404.26932,740.1157,26.153015,47.428223,0.060094446,10,-1,-1
432.1308,547.239,14.38858,9.912476,0.060094,1,-1,-1
463.86838,19.059635,16.660614,26.328999,0.06007573,4,-1,-1
377.64685,423.00677,18.480469,37.275208,0.059844047,2,-1,-1
786.6129,187.77672,9.017456,17.763748,0.059782594,2,-1,-1
430.32117,546.1242,9.830078,13.532532,0.059696853,2,-1,-1
438.62152,551.67664,8.824738,9.593689,0.05933413,1,-1,-1
814.7336,351.05844,9.581787,19.956757,0.059102297,1,-1,-1
1235.0249,160.55658,40.334595,39.610733,0.059076786,3,-1,-1
163.82039,594.3135,24.6716,62.09131,0.059022337,6,-1,-1
1132.4784,626.04364,37.121826,40.315247,0.058661103,1,-1,-1
897.2163,645.0196,17.903137,25.236877,0.05864334,2,-1,-1
167.4577,594.8527,18.06128,37.40857,0.058532268,4,-1,-1
432.11243,550.5373,8.585632,15.089844,0.05853051,1,-1,-1
192.09166,683.30945,47.16539,104.2345,0.05838698,5,-1,-1
422.50397,408.52924,5.135437,9.157959,0.058148503,1,-1,-1
1291.0845,614.71063,28.62561,17.987732,0.058012575,2,-1,-1
1343.4578,560.6242,7.1124268,15.292969,0.057935536,1,-1,-1
391.11237,676.0174,9.821686,15.329285,0.057843924,1,-1,-1
402.7651,714.6177,25.502686,40.760864,0.05783993,2,-1,-1
1262.7805,154.71263,17.98645,28.74002,0.057708055,1,-1,-1
410.1304,761.34576,17.796356,19.268433,0.057647675,1,-1,-1
1289.2421,614.1191,34.23523,19.916199,0.05753839,3,-1,-1
1234.892,109.08887,19.201904,28.946594,0.057498455,2,-1,-1
426.26675,779.3778,11.047424,8.166138,0.057490706,2,-1,-1
418.31595,628.52515,13.151642,20.214844,0.05738926,4,-1,-1
1277.4263,351.21844,122.09448,173.71198,0.05737725,5,-1,-1
391.15533,348.5975,12.441589,12.470367,0.057290435,1,-1,-1
404.35046,733.1651,25.178894,32.36902,0.057288915,1,-1,-1
478.205,36.889877,27.086487,30.133934,0.057098687,1,-1,-1
1097.142,380.6545,10.77124,14.468536,0.056952924,1,-1,-1
1301.3417,373.0364,56.412354,46.36502,0.056907475,1,-1,-1
423.9201,769.9928,10.172974,13.6502075,0.056834042,1,-1,-1
331.4862,361.1378,29.425201,49.31418,0.056716383,2,-1,-1
270.4549,0.0,20.730621,13.970458,0.05653453,1,-1,-1
414.39462,584.9926,9.671082,19.815247,0.056453377,10,-1,-1
1308.3562,510.39575,10.8984375,11.143982,0.05629751,1,-1,-1
377.24457,356.69147,22.153656,24.591248,0.056275576,3,-1,-1
331.3255,771.36584,48.40332,16.1781,0.056148082,10,-1,-1
377.85675,201.06384,33.062195,56.48758,0.056112856,4,-1,-1
1300.4243,187.22707,99.096436,184.73857,0.05604157,7,-1,-1
107.048096,127.45657,14.852325,18.809067,0.05602026,1,-1,-1
1248.5914,160.6553,31.582886,34.02159,0.055993944,7,-1,-1
1318.6746,372.2523,44.68933,37.852814,0.055981696,2,-1,-1
386.4907,365.95474,16.673462,24.339874,0.055925786,10,-1,-1
1313.3184,622.5317,11.248535,9.576965,0.055925697,1,-1,-1
432.2292,411.75107,10.85202,10.607422,0.05576852,1,-1,-1
812.5965,358.44775,7.4368896,15.927887,0.055727422,1,-1,-1
432.66455,641.4355,12.60434,12.491333,0.055629253,2,-1,-1
1156.9956,434.8418,29.575928,21.51477,0.05558905,10,-1,-1
170.4228,458.30615,19.503876,32.223022,0.055524617,1,-1,-1
1328.3569,385.72467,20.846191,29.929169,0.05547422,1,-1,-1
803.07776,343.4704,35.889526,32.961334,0.05537653,1,-1,-1
463.593,18.58884,17.487274,27.40166,0.055324137,2,-1,-1
1078.0145,373.93393,32.281128,28.77069,0.055078506,1,-1,-1
438.5988,556.41315,7.477173,7.541931,0.054772764,1,-1,-1
1312.5676,139.94252,86.953125,67.98711,0.054457277,9,-1,-1
391.96204,517.0229,38.31659,25.13501,0.054365337,1,-1,-1
1158.3673,425.43173,49.378296,31.87146,0.05415705,4,-1,-1
375.60718,404.63412,22.622986,26.020477,0.053979218,2,-1,-1
1145.0891,627.6849,24.478516,24.089172,0.05396694,10,-1,-1
1294.4338,516.67755,11.029175,13.699768,0.05387488,2,-1,-1
1322.6615,399.44647,22.863892,22.403137,0.053670555,2,-1,-1
344.49564,370.43027,54.35797,37.28842,0.05354449,1,-1,-1
406.9399,721.58167,13.693146,19.926575,0.05336094,1,-1,-1
1171.4219,89.65312,28.184326,43.440857,0.05328235,1,-1,-1
369.07297,352.71204,16.590454,19.178284,0.053257912,2,-1,-1
1242.9014,140.03102,25.892212,34.9075,0.053191215,8,-1,-1
1234.0052,114.14242,28.252686,45.388588,0.05302897,3,-1,-1
262.64282,0.0,32.812256,14.352959,0.05300033,4,-1,-1
264.14667,0.0,34.363556,24.315737,0.05298227,2,-1,-1
425.9353,629.9204,18.04953,23.997375,0.052971393,1,-1,-1
404.98053,732.6326,17.878265,16.403015,0.052945614,2,-1,-1
321.0744,240.58792,21.0224,51.25058,0.052927762,1,-1,-1
171.34283,766.3271,21.9124,21.216858,0.052922368,10,-1,-1
381.03503,357.76465,26.942902,33.16635,0.05290416,1,-1,-1
1250.2872,192.05656,18.220581,26.103012,0.052833915,1,-1,-1
436.9606,26.464533,19.437714,21.682894,0.05280167,1,-1,-1
812.0023,350.0325,15.527649,25.665771,0.052780867,4,-1,-1
1336.1421,497.91794,26.795898,20.841583,0.05274746,1,-1,-1
430.059,571.3442,8.78363,14.59082,0.052729905,1,-1,-1
385.5046,375.3125,20.526886,19.799072,0.05267307,1,-1,-1
413.77972,761.29114,13.416473,12.671082,0.052622557,1,-1,-1
1375.9297,318.61267,23.591064,46.44693,0.052448273,4,-1,-1
393.94482,444.5532,21.733368,30.503143,0.052429855,2,-1,-1
423.60718,569.88983,9.887756,15.578186,0.052361906,2,-1,-1
783.09973,189.22112,13.947693,21.757553,0.052348554,3,-1,-1
448.73096,0.0,20.546143,20.902836,0.05233693,1,-1,-1
783.09973,189.22112,13.947693,21.757553,0.0523085,10,-1,-1
1317.9431,623.1474,7.668213,10.940796,0.052000493,2,-1,-1
166.61711,679.8381,87.6936,107.70587,0.051999897,6,-1,-1
400.5255,714.0871,28.651978,22.19159,0.051733166,2,-1,-1
0.0,736.9623,20.763138,50.581665,0.051584214,9,-1,-1
1346.3353,375.33554,16.777222,19.734222,0.051528007,1,-1,-1
89.2299,312.5621,18.150124,16.25467,0.051457614,10,-1,-1
274.30045,8.013037,12.156799,16.820154,0.051431626,2,-1,-1
442.73306,57.381523,17.376343,30.25801,0.05137995,10,-1,-1
64.54912,444.6762,58.05835,33.82959,0.051329434,4,-1,-1
1235.0536,110.15339,19.532959,28.795555,0.051315576,10,-1,-1
420.9111,634.0279,25.914795,25.600403,0.051101208,1,-1,-1
138.71675,308.78375,17.561203,16.209412,0.05106041,1,-1,-1
422.00488,775.3662,16.773987,12.177734,0.05101055,1,-1,-1
411.2825,723.86743,12.961487,16.452515,0.050978124,2,-1,-1
1276.3329,347.95782,123.18787,179.51947,0.050970852,9,-1,-1
266.99533,0.0,25.854675,15.128121,0.050835967,10,-1,-1
1312.4073,335.0975,24.564575,36.478516,0.050720334,2,-1,-1
412.0244,776.49255,17.627808,11.051392,0.050718993,1,-1,-1
426.26675,779.3778,11.047424,8.166138,0.05044496,1,-1,-1
106.970955,12.069855,14.138611,16.805082,0.050384283,1,-1,-1
461.3198,0.0,16.071411,13.52453,0.050334126,1,-1,-1
419.4231,528.2926,14.840271,18.259888,0.050324142,1,-1,-1
368.7792,0.0,101.73926,33.99202,0.050260097,4,-1,-1
1203.9229,191.27235,47.46472,51.276123,0.050240576,10,-1,-1
1335.6846,499.07578,28.914062,18.738373,0.050156206,4,-1,-1
1243.3204,153.05524,18.61621,19.055801,0.05009222,2,-1,-1
