582.44,542.5358,31.14264,32.43347,0.8071235,10,-1,-1
558.6703,594.37195,42.16156,29.11737,0.6935384,10,-1,-1
1189.4846,690.5816,207.52527,95.60559,0.56594193,9,-1,-1
1161.7526,2.010948,236.55884,66.262085,0.5438739,9,-1,-1
584.44257,573.83716,37.253235,25.505676,0.41357464,10,-1,-1
568.0223,617.895,58.474487,27.310974,0.41253814,10,-1,-1
561.4954,602.3801,44.02722,29.940674,0.3816688,10,-1,-1
584.0725,529.6243,28.166687,33.638123,0.32239693,10,-1,-1
592.1043,488.66583,20.993164,34.293884,0.3129837,1,-1,-1
609.8911,201.44435,18.74231,37.931854,0.3097672,1,-1,-1
592.05707,615.85565,42.78064,27.855042,0.30785275,10,-1,-1
580.0919,559.25336,39.783325,26.468323,0.29670376,10,-1,-1
603.7274,526.8177,29.811157,24.486023,0.28960407,10,-1,-1
554.6556,429.41898,18.515747,46.02359,0.2543208,1,-1,-1
563.11707,585.7477,47.60266,29.93097,0.25170362,10,-1,-1
540.1369,310.5413,18.45404,34.767883,0.24623019,3,-1,-1
573.44226,272.4325,19.93335,30.156311,0.24573684,1,-1,-1
677.79346,204.2201,15.998474,36.533142,0.23623669,1,-1,-1
1185.8134,684.71063,212.99426,101.936035,0.23254153,6,-1,-1
572.6458,577.50916,44.87732,27.29126,0.23187447,10,-1,-1
541.0566,485.10825,21.88153,32.77542,0.2275584,10,-1,-1
601.34015,309.11676,18.125488,35.601044,0.22045797,1,-1,-1
554.169,428.9411,18.413696,44.70453,0.21970761,10,-1,-1
608.6121,375.81677,17.52362,38.469635,0.21582061,1,-1,-1
657.6562,185.38396,15.780151,37.442642,0.21281725,1,-1,-1
591.709,527.8497,31.406006,25.313843,0.21065918,10,-1,-1
633.29736,256.81033,17.27069,34.503357,0.20772612,1,-1,-1
610.0279,234.41106,22.794922,30.941238,0.20669803,10,-1,-1
532.70435,318.95328,20.845459,30.489136,0.20463592,3,-1,-1
523.5922,590.54065,20.642517,46.200134,0.20078444,10,-1,-1
649.98926,263.22998,15.595642,39.068787,0.19589573,1,-1,-1
557.59216,279.4314,18.963623,38.095306,0.19408876,1,-1,-1
523.2762,555.71375,16.915955,31.93274,0.19318238,1,-1,-1
610.0279,234.41106,22.794922,30.941238,0.18790531,1,-1,-1
576.46106,270.99713,25.522827,24.732056,0.18227124,1,-1,-1
642.55634,250.51192,18.324097,37.10878,0.17978212,1,-1,-1
542.19806,294.3956,19.423523,40.831757,0.17490816,3,-1,-1
691.274,187.82303,18.151672,32.540665,0.17213565,1,-1,-1
523.38635,590.36725,20.727905,46.349182,0.17140841,7,-1,-1
564.3157,609.70123,51.715088,29.734802,0.16928458,10,-1,-1
635.00464,248.55283,18.247986,32.94867,0.15805507,1,-1,-1
606.437,274.75937,17.603638,33.751343,0.1559797,1,-1,-1
689.66,144.40884,16.312561,37.906357,0.15528741,1,-1,-1
684.5462,200.02686,17.74347,35.23503,0.15500411,1,-1,-1
1258.9337,1.873303,134.94849,44.589954,0.15372503,9,-1,-1
686.7113,190.73131,17.745178,35.30272,0.14480194,1,-1,-1
610.0279,234.41106,22.794922,30.941238,0.14438692,3,-1,-1
569.16833,483.2714,17.343689,34.69748,0.14414155,1,-1,-1
567.78455,271.81943,19.821045,34.852844,0.14334124,1,-1,-1
606.1921,297.11362,17.466919,37.649567,0.1427905,1,-1,-1
573.0623,528.8955,36.306396,25.125,0.1419824,10,-1,-1
508.11942,476.73026,23.68753,29.876434,0.14048836,1,-1,-1
541.4027,484.9556,21.842346,33.08139,0.14003319,3,-1,-1
609.3904,523.9149,25.307373,27.57367,0.13997802,3,-1,-1
574.188,551.53424,42.151062,28.200867,0.13750276,10,-1,-1
543.4193,282.42657,21.701965,41.62552,0.13687089,1,-1,-1
652.4563,178.10092,17.657349,42.114487,0.13679513,1,-1,-1
587.96375,566.67706,35.738403,22.676636,0.13550508,10,-1,-1
580.1876,649.34985,38.87323,18.776733,0.13543871,3,-1,-1
505.85147,561.5201,16.348358,35.763977,0.13532278,1,-1,-1
571.9131,642.3346,47.82135,21.071411,0.13459617,3,-1,-1
603.1114,202.88391,18.772339,38.327194,0.13120481,1,-1,-1
582.21246,429.67026,18.506226,56.56317,0.13050762,1,-1,-1
574.5882,270.22525,21.867432,27.76056,0.12730137,2,-1,-1
589.71106,534.01886,28.522278,37.122864,0.12614816,10,-1,-1
653.46094,194.48535,17.868958,34.093643,0.12497303,1,-1,-1
585.1003,491.058,20.722229,34.620453,0.12365818,1,-1,-1
557.5778,637.2693,56.630493,23.318054,0.12334859,3,-1,-1
661.7311,102.867676,26.622437,24.425644,0.12245044,10,-1,-1
578.2082,282.01254,28.438965,25.550354,0.12231213,3,-1,-1
626.3767,185.87447,17.354187,35.40831,0.121912,1,-1,-1
590.6028,272.73962,20.100037,31.85141,0.12150937,1,-1,-1
614.9979,303.06262,16.881287,38.54596,0.12147328,1,-1,-1
602.1571,289.17523,18.397522,38.17099,0.12112233,1,-1,-1
554.31146,632.7205,53.185364,25.332214,0.11798808,10,-1,-1
543.65564,285.64954,20.32074,42.80713,0.117614895,2,-1,-1
528.7605,331.1547,28.986511,21.225708,0.11688754,3,-1,-1
582.6089,518.62646,20.885925,32.81842,0.11524689,10,-1,-1
558.3946,266.91458,19.711609,33.134857,0.114557266,1,-1,-1
613.4633,208.54822,18.909058,38.13733,0.114029855,1,-1,-1
635.3219,120.92833,33.0885,20.080536,0.1138255,3,-1,-1
508.01962,476.31906,23.301666,30.24942,0.11370319,2,-1,-1
633.72284,187.33704,18.838806,35.580597,0.11301604,1,-1,-1
658.0753,86.860054,22.260498,29.600975,0.11293149,1,-1,-1
639.78394,185.76889,19.884949,37.294098,0.11282113,1,-1,-1
565.21606,613.6557,57.04706,30.378235,0.112787545,3,-1,-1
642.7064,264.81647,18.846252,32.724945,0.10930902,1,-1,-1
540.74677,484.0899,22.05603,33.174377,0.108056575,1,-1,-1
641.7178,122.05701,33.869385,19.55037,0.10612413,7,-1,-1
582.43866,620.4323,51.75775,24.95166,0.10546899,3,-1,-1
665.27563,208.74724,19.382019,29.619553,0.10487455,1,-1,-1
658.0176,205.24632,17.98523,32.632187,0.10249618,1,-1,-1
544.33344,354.52408,22.405518,25.732056,0.10159138,10,-1,-1
583.161,649.4921,35.556946,19.130554,0.100815564,10,-1,-1
583.1189,535.65094,27.377625,36.94458,0.10014251,1,-1,-1
523.6824,589.6911,20.865356,45.711426,0.09968513,1,-1,-1
703.5583,146.43457,16.435425,37.306107,0.09921205,1,-1,-1
558.9636,594.8236,42.24463,29.080933,0.09868026,3,-1,-1
538.708,331.61172,21.460327,29.44873,0.09714055,3,-1,-1
574.37366,350.88617,18.141235,30.959534,0.09684324,1,-1,-1
571.9131,642.3346,47.82135,21.071411,0.09633857,10,-1,-1
635.3219,120.92833,33.0885,20.080536,0.09598419,10,-1,-1
577.17365,276.46762,26.391846,27.017212,0.09552401,10,-1,-1
1218.8467,653.9943,22.699463,34.558838,0.09516433,1,-1,-1
637.7734,245.47446,23.065369,28.456055,0.09411639,3,-1,-1
573.1146,488.45148,18.067566,35.151367,0.09405482,1,-1,-1
579.40326,274.22784,23.49878,29.941895,0.09370157,2,-1,-1
517.1786,560.6657,16.37793,36.308655,0.09265819,1,-1,-1
609.8911,201.44435,18.74231,37.931854,0.09233084,2,-1,-1
633.0337,319.92862,17.515137,39.09796,0.092059284,1,-1,-1
570.06696,288.75113,26.367188,29.403625,0.09138572,3,-1,-1
612.702,521.5384,29.884338,25.11322,0.0912666,10,-1,-1
557.59216,279.4314,18.963623,38.095306,0.08958435,2,-1,-1
628.4723,263.09857,18.686157,36.351135,0.089419484,1,-1,-1
590.3691,489.2351,21.345093,35.416687,0.088970125,2,-1,-1
508.01962,476.31906,23.301666,30.24942,0.08868328,10,-1,-1
607.7673,611.24005,33.057983,31.66803,0.08862603,10,-1,-1
557.9044,592.73364,44.323547,30.917114,0.08821002,4,-1,-1
564.4773,612.54144,54.273315,29.74524,0.08787623,7,-1,-1
670.7057,261.85962,21.294434,33.90677,0.08666012,1,-1,-1
583.4886,523.06165,28.526733,28.920227,0.08630788,3,-1,-1
689.66,144.40884,16.312561,37.906357,0.08481479,10,-1,-1
522.5966,587.33514,22.965637,42.5531,0.08373636,2,-1,-1
558.74164,442.84567,18.466553,44.245026,0.083149225,1,-1,-1
593.8437,300.047,19.877258,36.474823,0.0825412,1,-1,-1
590.83,412.95093,17.645935,38.231567,0.081934094,1,-1,-1
545.3023,306.45535,22.183777,38.03781,0.08140701,3,-1,-1
582.69617,509.03793,20.215149,31.840424,0.08106795,1,-1,-1
525.6003,524.6628,17.356018,31.97992,0.08088058,1,-1,-1
627.55475,117.558495,30.522217,21.025703,0.080847114,10,-1,-1
570.5278,628.9209,47.616394,24.020264,0.08061087,10,-1,-1
605.8577,313.2464,20.19574,33.607666,0.08057144,1,-1,-1
641.85443,483.33,23.17273,32.138153,0.079989105,10,-1,-1
637.7734,245.47446,23.065369,28.456055,0.07997063,1,-1,-1
602.57587,228.12271,18.597778,36.998962,0.07785541,1,-1,-1
544.33344,354.52408,22.405518,25.732056,0.07721427,1,-1,-1
565.66174,261.59726,20.405273,32.250732,0.07719612,1,-1,-1
658.32135,263.06796,18.900818,39.279877,0.076924294,1,-1,-1
658.0753,86.860054,22.260498,29.600975,0.0769217,2,-1,-1
645.044,481.20172,22.635254,33.62616,0.0768705,4,-1,-1
609.168,204.90967,19.47699,36.84436,0.07659891,10,-1,-1
592.1043,488.66583,20.993164,34.293884,0.07648492,10,-1,-1
587.7563,574.37164,35.164062,24.32544,0.07638106,3,-1,-1
640.4982,549.9597,20.76831,31.117188,0.076083094,1,-1,-1
657.6562,185.38396,15.780151,37.442642,0.07605758,2,-1,-1
592.25385,286.96628,19.958496,34.917572,0.075808346,1,-1,-1
591.709,527.8497,31.406006,25.313843,0.0755907,3,-1,-1
658.51263,111.79713,31.174866,19.374687,0.07557392,10,-1,-1
661.7311,102.867676,26.622437,24.425644,0.07512879,3,-1,-1
542.19806,294.3956,19.423523,40.831757,0.074839205,1,-1,-1
604.6205,619.65247,35.588013,27.651978,0.0746524,3,-1,-1
626.18463,119.55621,29.754333,20.455048,0.074246824,3,-1,-1
596.3393,627.759,38.72174,25.212097,0.07419455,10,-1,-1
554.169,428.9411,18.413696,44.70453,0.07357022,3,-1,-1
592.4343,311.2797,20.268555,36.671356,0.07334763,1,-1,-1
590.6082,555.0108,36.013184,25.119446,0.07301986,10,-1,-1
658.51263,111.79713,31.174866,19.374687,0.07287341,7,-1,-1
575.48285,292.07162,33.278748,23.504517,0.07286781,3,-1,-1
579.7184,277.24084,24.249695,29.69986,0.0724161,1,-1,-1
677.79346,204.2201,15.998474,36.533142,0.07189283,10,-1,-1
573.8207,274.13522,23.784973,29.083588,0.07171032,3,-1,-1
613.4633,208.54822,18.909058,38.13733,0.071330756,2,-1,-1
610.0279,234.41106,22.794922,30.941238,0.07108724,2,-1,-1
584.5784,543.7423,29.209595,32.061707,0.07056612,2,-1,-1
541.1994,485.0863,21.737305,32.429382,0.07051027,2,-1,-1
638.2098,247.42717,22.314026,32.214005,0.07050565,10,-1,-1
708.4888,129.17586,16.618958,33.291916,0.06996429,10,-1,-1
575.37744,316.45496,23.047974,32.450043,0.06986606,3,-1,-1
610.66345,273.97937,20.858948,30.424011,0.069574445,1,-1,-1
523.6824,589.6911,20.865356,45.711426,0.06938356,3,-1,-1
575.0406,594.4199,41.32422,28.429382,0.06924054,10,-1,-1
628.8005,119.62423,32.437073,20.088219,0.06882241,7,-1,-1
909.73035,594.4066,17.664917,36.43744,0.0686917,1,-1,-1
564.4773,612.54144,54.273315,29.74524,0.068614244,8,-1,-1
702.9472,139.30019,17.32721,35.49199,0.06861329,10,-1,-1
661.7311,102.867676,26.622437,24.425644,0.06777698,7,-1,-1
542.19806,294.3956,19.423523,40.831757,0.06750199,10,-1,-1
643.5713,126.04599,32.598022,20.45752,0.06736663,3,-1,-1
570.5278,628.9209,47.616394,24.020264,0.06702578,3,-1,-1
677.79346,204.2201,15.998474,36.533142,0.067008436,2,-1,-1
497.29608,369.3013,20.395569,29.456604,0.065902114,1,-1,-1
524.4855,321.11246,22.46051,32.001373,0.06581935,3,-1,-1
610.117,530.8292,26.534546,28.094727,0.06581786,10,-1,-1
595.9459,271.1184,25.938843,26.779846,0.065532,1,-1,-1
595.1839,577.5164,25.72345,31.167847,0.06546301,10,-1,-1
643.92175,124.82818,32.10901,22.67414,0.06539592,10,-1,-1
665.6459,189.00984,17.282959,36.513443,0.06538007,1,-1,-1
538.6007,319.978,31.975708,23.96048,0.065366656,3,-1,-1
555.098,623.31476,45.36212,23.229248,0.06508389,10,-1,-1
588.63556,505.38275,21.35321,35.141235,0.064439,1,-1,-1
606.437,274.75937,17.603638,33.751343,0.06387037,2,-1,-1
565.60693,306.52478,24.604553,33.24417,0.063756526,3,-1,-1
640.4982,549.9597,20.76831,31.117188,0.06355989,10,-1,-1
568.4767,268.08624,20.46997,30.246796,0.06347644,2,-1,-1
77.328896,54.63256,26.896965,26.150513,0.06339991,5,-1,-1
577.01556,522.5522,39.82141,26.409302,0.062981814,10,-1,-1
582.84753,528.73505,22.836609,35.336365,0.062179685,3,-1,-1
609.168,204.90967,19.47699,36.84436,0.061900914,3,-1,-1
585.0304,270.89496,27.101257,24.065857,0.061797768,2,-1,-1
579.1335,270.99628,32.209656,22.335175,0.061701804,10,-1,-1
562.6342,433.16626,17.090881,45.805634,0.06157309,1,-1,-1
633.29736,256.81033,17.27069,34.503357,0.061073303,2,-1,-1
13.246257,156.24252,96.41041,43.602936,0.060962796,6,-1,-1
657.6555,87.646965,23.175964,28.121422,0.06089866,10,-1,-1
608.20465,515.7956,30.414917,22.699585,0.06076002,10,-1,-1
575.4515,270.71768,29.013367,23.492035,0.06045887,3,-1,-1
586.91595,530.7743,24.984924,37.877563,0.060145378,2,-1,-1
656.2258,208.36353,20.319397,29.15593,0.060043275,3,-1,-1
578.04834,287.9492,27.65741,26.47403,0.05991286,10,-1,-1
558.9636,594.8236,42.24463,29.080933,0.05991131,7,-1,-1
565.7764,285.71426,20.71521,36.322937,0.059353948,1,-1,-1
540.67395,300.9459,21.695007,36.273132,0.059277415,2,-1,-1
621.14795,571.3831,27.152039,64.55206,0.05926311,10,-1,-1
532.70435,318.95328,20.845459,30.489136,0.05912459,10,-1,-1
576.661,528.72754,30.682556,30.2453,0.059021324,1,-1,-1
77.328896,54.63256,26.896965,26.150513,0.058933735,4,-1,-1
554.42474,632.20056,59.372437,25.457336,0.05872488,7,-1,-1
635.00464,248.55283,18.247986,32.94867,0.058606952,2,-1,-1
608.65955,345.58594,18.340576,32.159576,0.058321387,1,-1,-1
576.661,528.72754,30.682556,30.2453,0.05827859,2,-1,-1
606.86615,260.31006,20.455688,31.768555,0.058095872,1,-1,-1
604.77026,230.34993,19.922241,34.17784,0.058075547,3,-1,-1
573.44226,272.4325,19.93335,30.156311,0.057979405,10,-1,-1
582.6089,518.62646,20.885925,32.81842,0.057964057,2,-1,-1
645.3841,464.72668,23.845703,48.959595,0.057854116,10,-1,-1
651.41077,123.77885,28.342651,26.609886,0.057629257,7,-1,-1
571.9145,528.85583,36.4328,24.848328,0.057460308,3,-1,-1
654.4972,201.84937,22.45111,26.829361,0.056960434,2,-1,-1
641.995,135.60089,33.355957,22.377686,0.056906074,10,-1,-1
488.20877,362.1167,29.111542,26.657654,0.056880713,1,-1,-1
636.032,137.96867,35.982666,20.09726,0.056761265,3,-1,-1
633.649,188.984,18.524902,32.99916,0.056738198,2,-1,-1
597.21655,641.2023,41.050232,20.774231,0.056706965,3,-1,-1
523.4014,333.29297,25.997803,24.324219,0.056690365,3,-1,-1
544.33344,354.52408,22.405518,25.732056,0.056604415,2,-1,-1
608.13904,373.21036,18.720642,34.74655,0.056479782,10,-1,-1
614.2371,191.13882,20.931702,33.14688,0.056356817,1,-1,-1
603.70886,384.99225,18.482239,41.37564,0.056180775,1,-1,-1
543.65564,285.64954,20.32074,42.80713,0.05590442,8,-1,-1
665.27563,208.74724,19.382019,29.619553,0.055822104,3,-1,-1
560.9693,603.1266,47.238342,29.653381,0.05559963,3,-1,-1
584.44257,573.83716,37.253235,25.505676,0.055535078,1,-1,-1
628.16907,115.41911,36.825928,18.80075,0.055255502,3,-1,-1
544.0169,283.6325,21.01123,40.699158,0.05521229,10,-1,-1
540.1369,310.5413,18.45404,34.767883,0.05511841,10,-1,-1
658.51263,111.79713,31.174866,19.374687,0.055015057,3,-1,-1
680.46356,214.10254,22.308228,30.14476,0.054885447,1,-1,-1
608.30896,358.3297,18.566345,32.69934,0.05486214,1,-1,-1
508.11942,476.73026,23.68753,29.876434,0.054843992,3,-1,-1
640.26263,247.01306,20.144287,34.787567,0.054643482,2,-1,-1
540.84393,350.50183,22.899841,27.844025,0.054379582,3,-1,-1
650.2834,120.318886,31.011536,22.842995,0.054359525,10,-1,-1
558.28143,645.65656,53.96112,21.60199,0.054324448,3,-1,-1
582.1677,318.12094,17.468567,36.904602,0.054148614,1,-1,-1
640.1678,137.03918,34.916016,19.57132,0.05403295,7,-1,-1
558.9636,594.8236,42.24463,29.080933,0.05395958,1,-1,-1
650.2834,120.318886,31.011536,22.842995,0.053946316,3,-1,-1
535.4417,293.71503,19.820557,38.296936,0.053897858,1,-1,-1
566.8554,463.2991,16.891724,41.320282,0.053893715,1,-1,-1
579.5385,606.88043,46.07007,25.857178,0.05376193,10,-1,-1
594.0898,212.6395,17.332031,37.18071,0.053743035,1,-1,-1
595.043,408.34372,22.535278,31.08908,0.053594798,1,-1,-1
615.0112,290.20944,17.403503,38.171112,0.053468376,1,-1,-1
557.59216,279.4314,18.963623,38.095306,0.05341029,10,-1,-1
566.4489,281.5346,22.888123,31.104279,0.05284089,3,-1,-1
676.22205,217.45059,18.023743,35.41118,0.052755177,1,-1,-1
565.21606,613.6557,57.04706,30.378235,0.052503526,1,-1,-1
586.1984,275.2082,24.727844,27.88327,0.052490443,10,-1,-1
540.1369,310.5413,18.45404,34.767883,0.05246389,1,-1,-1
596.3393,627.759,38.72174,25.212097,0.05245027,3,-1,-1
688.2506,145.41318,17.995789,35.558105,0.052414626,3,-1,-1
586.1984,275.2082,24.727844,27.88327,0.052398473,3,-1,-1
668.9262,107.73812,25.787415,24.063194,0.05236712,10,-1,-1
633.29736,256.81033,17.27069,34.503357,0.052299827,10,-1,-1
565.25165,449.28757,16.784851,44.489227,0.052152246,1,-1,-1
589.6581,290.729,23.679749,28.770233,0.05187741,3,-1,-1
569.455,296.13455,24.355713,32.982666,0.051733732,3,-1,-1
618.9987,510.35593,25.244934,30.933624,0.051508516,10,-1,-1
677.10266,208.24928,16.942871,35.274445,0.0514853,3,-1,-1
582.8828,657.5799,35.854126,16.47351,0.051404774,3,-1,-1
565.68066,615.31165,58.66339,29.034546,0.05123052,4,-1,-1
533.9455,308.43234,19.296082,33.036102,0.051036835,1,-1,-1
658.0176,205.24632,17.98523,32.632187,0.050994396,10,-1,-1
583.4886,523.06165,28.526733,28.920227,0.050993145,1,-1,-1
582.96655,562.124,35.58252,23.874512,0.05079329,3,-1,-1
535.8471,328.8647,32.94922,22.55841,0.050771654,3,-1,-1
608.30896,358.3297,18.566345,32.69934,0.050669968,3,-1,-1
561.60046,592.26483,34.484497,30.570984,0.05052358,2,-1,-1
569.45514,312.26422,30.409058,25.239563,0.050501496,3,-1,-1
646.031,475.7604,22.552002,38.51523,0.050438374,5,-1,-1
684.5462,200.02686,17.74347,35.23503,0.050316602,2,-1,-1
588.63556,505.38275,21.35321,35.141235,0.050316513,10,-1,-1
