785.4951,245.91689,143.9798,62.967728,0.99994624,4,-1,-1
743.1945,505.70724,225.15924,91.72269,0.99832684,4,-1,-1
860.5646,787.7812,83.78015,72.84216,0.99726486,10,-1,-1
1213.0703,351.27142,42.60547,73.90747,0.99373066,7,-1,-1
1324.3038,143.31476,172.4292,97.5121,0.9913498,6,-1,-1
1222.5598,850.95087,81.64465,179.81744,0.99109,5,-1,-1
626.0674,700.3461,76.26727,47.53839,0.9817333,10,-1,-1
998.99176,489.98825,61.42206,68.39145,0.9812869,7,-1,-1
659.19617,581.83966,77.36493,48.592773,0.9809332,10,-1,-1
631.29193,652.83795,86.24249,56.639465,0.9796673,10,-1,-1
747.23975,618.7581,70.4754,40.361084,0.97315633,10,-1,-1
1177.0306,551.8965,67.39282,124.102844,0.96873415,7,-1,-1
1336.3091,835.7828,38.9032,63.623596,0.9540025,1,-1,-1
997.76965,659.1005,89.785034,81.24939,0.95374465,7,-1,-1
829.80945,599.59485,65.947205,58.28302,0.9278813,10,-1,-1
990.94556,350.59366,89.84827,80.482666,0.9030235,5,-1,-1
735.93915,659.61865,99.20398,56.878113,0.880057,10,-1,-1
961.83655,92.76599,61.2041,35.865814,0.8793393,7,-1,-1
997.6404,472.57123,62.41028,59.224426,0.87465334,7,-1,-1
1279.0333,726.5901,29.967896,79.42566,0.86976326,1,-1,-1
760.99976,870.08124,162.57062,94.06366,0.8545612,7,-1,-1
1318.1232,90.32651,61.741577,48.78607,0.84537375,8,-1,-1
1295.3112,458.8978,105.73682,78.83261,0.84116495,7,-1,-1
1172.0566,484.80655,42.69519,51.414032,0.8387108,10,-1,-1
1547.634,433.12683,52.629272,44.338043,0.8285111,10,-1,-1
1154.2161,40.701782,49.03723,48.282066,0.79403317,8,-1,-1
872.13275,388.5322,118.241516,77.65036,0.7890285,8,-1,-1
718.5192,404.53284,71.47656,42.52597,0.78769433,10,-1,-1
996.53156,847.72864,81.70294,54.98419,0.77265215,7,-1,-1
1001.851,129.74419,36.697815,66.19075,0.7593207,8,-1,-1
1350.7598,915.5596,80.91138,147.92834,0.7518321,8,-1,-1
1331.0111,323.57266,97.704346,52.437866,0.74703,7,-1,-1
1175.9017,551.61975,68.725586,125.440735,0.7430449,8,-1,-1
994.8294,447.4969,63.931335,51.62851,0.7354671,7,-1,-1
1417.0645,383.49747,62.827026,37.31067,0.73262125,7,-1,-1
1249.2172,230.24745,53.909058,100.316574,0.7161565,8,-1,-1
823.7298,588.1123,57.999207,50.439636,0.71232283,10,-1,-1
1286.0259,5.0316815,55.099487,47.78739,0.706338,8,-1,-1
791.5387,176.21806,52.5094,33.17578,0.7041615,10,-1,-1
1298.3954,84.028595,70.18567,48.500977,0.70120084,8,-1,-1
631.8433,660.4217,50.77307,51.021484,0.6871449,10,-1,-1
831.2741,152.18153,63.79608,43.381424,0.67910635,8,-1,-1
210.22835,774.1444,113.23024,61.38379,0.6692332,7,-1,-1
1332.0435,102.79597,53.334717,43.48597,0.6664669,8,-1,-1
398.66672,768.9797,184.8732,120.40674,0.66362464,8,-1,-1
994.8294,447.4969,63.931335,51.62851,0.64173806,10,-1,-1
1820.7864,698.9849,93.776245,33.71039,0.63927025,10,-1,-1
718.9366,404.78708,71.08319,42.273956,0.63733274,7,-1,-1
995.31213,291.4651,23.496643,58.197235,0.6334871,1,-1,-1
1184.9672,469.9665,30.306152,54.950317,0.62189,2,-1,-1
1100.8643,592.6579,25.104858,55.298462,0.6214312,2,-1,-1
906.9391,1.1711279,62.66736,48.09237,0.6113061,5,-1,-1
746.4581,604.9706,68.03308,40.071472,0.60782343,10,-1,-1
956.30066,825.4918,39.049988,48.05945,0.6075747,10,-1,-1
1458.7528,412.51062,54.463745,35.435486,0.6058709,10,-1,-1
859.1821,603.7291,37.24829,62.591797,0.6040958,10,-1,-1
983.6696,289.45377,23.06427,57.847565,0.5911158,1,-1,-1
868.6464,393.94177,122.212036,72.13788,0.58744293,7,-1,-1
1002.3188,130.83263,36.867737,65.67755,0.5764111,7,-1,-1
945.0947,0.0,67.63684,58.206535,0.5700788,5,-1,-1
838.0642,138.80792,56.22534,29.96901,0.5649028,8,-1,-1
1385.7886,683.5925,24.721924,57.39026,0.56405485,1,-1,-1
143.023,952.08563,448.21954,124.49542,0.56170017,6,-1,-1
1018.0267,295.33612,26.197205,56.5459,0.5608944,1,-1,-1
810.8145,553.0851,31.07251,58.322815,0.5501967,1,-1,-1
1312.2433,364.7106,70.63196,84.58948,0.5428744,7,-1,-1
830.07465,150.10454,65.87097,46.61351,0.54095536,7,-1,-1
1350.7648,921.82825,76.00867,137.2107,0.5365216,7,-1,-1
771.70245,804.443,116.35895,60.3656,0.52583444,7,-1,-1
1298.8052,454.74606,102.524414,79.62253,0.52066565,8,-1,-1
846.62103,605.91754,37.18048,62.057007,0.505649,10,-1,-1
824.3885,586.96356,53.398987,46.222473,0.5003716,3,-1,-1
1046.2579,808.1574,34.47351,50.358704,0.4999317,2,-1,-1
879.97516,1029.7512,100.15784,46.830933,0.49595258,3,-1,-1
1373.1233,619.60077,31.066406,57.88733,0.4855854,3,-1,-1
1250.7311,229.48062,51.054077,89.24054,0.47866103,7,-1,-1
1429.6732,570.3175,56.420044,44.808777,0.4702555,10,-1,-1
1416.7217,383.1797,58.53601,36.810852,0.4689177,10,-1,-1
1437.6667,550.7018,31.503296,50.067017,0.46807277,2,-1,-1
1480.8958,426.31854,55.35742,35.216217,0.46791843,10,-1,-1
878.8982,112.817024,53.887207,31.398521,0.46771365,7,-1,-1
1438.3541,278.74347,36.479004,32.262207,0.46385702,8,-1,-1
838.3463,138.5351,56.777466,29.474747,0.46000993,7,-1,-1
830.74835,585.4979,45.435425,50.442932,0.4560821,2,-1,-1
1199.5309,92.96543,64.03638,40.7714,0.45398572,7,-1,-1
884.44183,1022.5381,95.42053,52.367676,0.44966602,10,-1,-1
1339.2876,421.96335,24.620483,44.39862,0.4451518,1,-1,-1
1126.9087,415.6632,38.935913,45.817566,0.44473127,10,-1,-1
737.67017,660.77106,94.64496,53.34723,0.44370365,7,-1,-1
1150.6816,9.908707,55.833374,34.65068,0.4429152,7,-1,-1
1100.8643,592.6579,25.104858,55.298462,0.43618482,1,-1,-1
891.8957,322.26834,48.15857,33.57135,0.4345425,10,-1,-1
1404.6486,658.352,30.807129,50.328857,0.4341197,1,-1,-1
1311.7952,363.1243,66.553345,85.96881,0.4293094,8,-1,-1
399.67078,769.9312,184.15112,119.57715,0.42930716,6,-1,-1
1128.6973,393.5438,32.07788,46.711487,0.4287987,2,-1,-1
1170.0972,9.661615,52.05188,36.149277,0.4279879,8,-1,-1
1538.2533,306.4511,56.73047,34.89621,0.42539436,10,-1,-1
1323.1085,146.56946,172.25488,99.36813,0.4232571,5,-1,-1
1469.7998,316.47574,48.82141,38.377228,0.42217356,10,-1,-1
1414.625,702.4448,28.125977,61.615723,0.42094442,1,-1,-1
195.75209,770.71796,42.29294,52.801636,0.41860315,10,-1,-1
838.0642,138.80792,56.22534,29.96901,0.41596606,4,-1,-1
1345.7683,518.9653,106.5448,93.42963,0.41309884,8,-1,-1
1017.8077,271.1343,27.58844,54.230133,0.40488,1,-1,-1
1332.2875,420.25073,29.008057,45.09561,0.40239614,10,-1,-1
1434.9863,555.1977,34.893677,62.82257,0.39462158,1,-1,-1
1345.3607,118.00397,49.18213,32.148697,0.38843122,8,-1,-1
1552.1189,277.44382,25.36792,47.823334,0.38209912,2,-1,-1
1170.7776,483.93396,46.127197,52.692993,0.3791394,2,-1,-1
742.26935,593.0389,64.50409,37.796204,0.37913838,10,-1,-1
1002.17035,831.3686,78.307434,49.833374,0.37634072,7,-1,-1
832.647,89.035645,31.4469,44.505157,0.37458825,7,-1,-1
1331.706,322.7273,95.912476,53.24774,0.37254867,8,-1,-1
870.8806,63.80177,50.07599,38.94498,0.37093076,7,-1,-1
1010.23895,828.50604,72.433044,53.358032,0.37056512,8,-1,-1
1405.6334,657.63416,30.31665,52.10486,0.37019563,2,-1,-1
829.32745,582.65076,50.150757,67.11389,0.36958325,1,-1,-1
821.68896,575.46375,47.6792,52.91913,0.36863905,1,-1,-1
950.50464,0.08901318,65.763916,58.804733,0.3664052,8,-1,-1
951.0602,0.35799852,65.667114,59.462696,0.36543941,4,-1,-1
1429.701,558.49835,34.384766,53.45984,0.36128026,2,-1,-1
997.6404,472.57123,62.41028,59.224426,0.35944274,8,-1,-1
870.8806,63.80177,50.07599,38.94498,0.35810018,8,-1,-1
1524.9001,921.2982,36.972656,62.24121,0.35352218,1,-1,-1
1181.3295,474.9421,35.956543,48.77243,0.35141367,10,-1,-1
988.8991,660.711,100.00519,82.16101,0.34795126,8,-1,-1
1516.8094,267.06485,44.552246,31.69278,0.34629923,10,-1,-1
133.03162,964.32465,279.60617,110.17499,0.34595877,5,-1,-1
428.26242,809.0986,35.799835,54.490295,0.33920985,2,-1,-1
1100.1066,607.15564,25.505981,52.692932,0.3372466,10,-1,-1
1313.8733,418.4525,32.031372,44.491425,0.33531237,10,-1,-1
981.7551,717.8561,29.279663,41.152405,0.33437032,1,-1,-1
1148.85,8.736288,56.79834,36.198883,0.3325767,8,-1,-1
930.68024,250.2496,91.38141,69.81137,0.33006117,4,-1,-1
1338.1125,421.2378,25.528809,44.182068,0.3288809,2,-1,-1
983.12103,735.1205,32.495483,33.325317,0.32686764,1,-1,-1
1441.0139,267.8936,35.42981,35.69055,0.32386523,7,-1,-1
1689.4923,678.4835,58.99536,37.201782,0.32193428,10,-1,-1
750.84924,874.95746,52.975037,68.371216,0.3195791,10,-1,-1
1059.7046,292.42508,33.19922,39.728607,0.31908995,7,-1,-1
194.58589,769.92377,41.428284,54.14325,0.31834695,3,-1,-1
1492.4564,319.09158,36.396606,35.710297,0.31811124,10,-1,-1
1814.0105,712.6461,90.16211,30.473572,0.31800595,10,-1,-1
970.2013,273.34235,42.82025,71.60626,0.30964357,1,-1,-1
984.3361,84.18877,53.477966,41.863083,0.30879998,7,-1,-1
1185.3495,471.59628,30.173706,51.368073,0.30761877,1,-1,-1
1370.008,608.6627,36.583008,48.269165,0.30670556,3,-1,-1
1404.5853,229.39043,37.34668,33.433945,0.305738,7,-1,-1
1454.8457,569.56573,44.170044,43.292603,0.3055352,10,-1,-1
1523.4042,339.88638,39.48535,32.053284,0.3045053,7,-1,-1
1046.6443,793.8705,35.306396,43.060913,0.30406243,2,-1,-1
1416.7899,383.24225,59.23816,37.543427,0.29865646,3,-1,-1
1430.6292,561.0233,36.214355,46.964294,0.29850826,10,-1,-1
937.25323,902.0862,85.28363,50.35852,0.29831594,10,-1,-1
994.2242,759.366,23.084106,61.010864,0.29811794,1,-1,-1
1364.8184,487.05222,36.34436,43.71414,0.298074,10,-1,-1
1200.7739,92.23572,62.245728,41.406113,0.29762048,8,-1,-1
1100.1066,607.15564,25.505981,52.692932,0.29741806,3,-1,-1
1468.8318,221.84962,48.453125,29.02858,0.29359716,10,-1,-1
1524.996,344.35406,38.697754,32.58896,0.29304415,10,-1,-1
1014.3808,818.91144,67.13641,45.030823,0.29278415,7,-1,-1
997.6404,472.57123,62.41028,59.224426,0.29129738,10,-1,-1
1329.7788,403.37042,39.189575,61.208954,0.28986773,1,-1,-1
824.903,594.5609,65.75769,56.87152,0.2895671,3,-1,-1
1321.8738,144.68541,168.87537,101.39427,0.28742018,8,-1,-1
811.2222,552.2734,31.113342,59.17798,0.28700155,2,-1,-1
1479.0582,415.55823,52.031616,36.15854,0.28641057,10,-1,-1
1548.0917,432.94638,53.009033,44.766754,0.2861597,3,-1,-1
1429.8159,570.4937,55.774048,42.726685,0.2844513,3,-1,-1
795.53033,176.9801,56.24341,33.946854,0.28324372,7,-1,-1
1170.0972,9.661615,52.05188,36.149277,0.28040087,7,-1,-1
1395.884,237.8804,44.57556,35.46704,0.27996585,7,-1,-1
1521.1198,262.35132,41.05664,32.907104,0.27988935,7,-1,-1
997.23047,846.31464,82.23462,57.738953,0.27962756,8,-1,-1
1043.5533,781.9908,40.696045,31.767273,0.27910566,10,-1,-1
831.2741,152.18153,63.79608,43.381424,0.2760319,4,-1,-1
848.68463,624.35535,28.655396,58.672485,0.273682,1,-1,-1
750.41626,873.4046,64.10492,70.15686,0.27299386,7,-1,-1
1327.4819,371.34583,52.485962,54.026154,0.27166,7,-1,-1
1552.1189,277.44382,25.36792,47.823334,0.27114785,1,-1,-1
742.8054,595.17395,69.10925,39.797363,0.269076,3,-1,-1
797.13763,551.192,29.63446,54.063354,0.2689699,1,-1,-1
1053.1179,274.32202,44.59424,30.011963,0.26763144,7,-1,-1
1126.8196,411.8761,38.67517,49.28656,0.2671563,7,-1,-1
428.26242,809.0986,35.799835,54.490295,0.26443583,1,-1,-1
995.31213,291.4651,23.496643,58.197235,0.26435906,2,-1,-1
1100.1066,607.15564,25.505981,52.692932,0.26346484,7,-1,-1
1017.6184,759.75977,30.650513,50.39215,0.26276475,1,-1,-1
1548.0917,432.94638,53.009033,44.766754,0.2625505,7,-1,-1
1458.7528,412.51062,54.463745,35.435486,0.2616123,3,-1,-1
632.23596,663.39185,42.6817,54.290527,0.2612776,2,-1,-1
635.1732,664.6074,42.548096,55.116455,0.25709525,1,-1,-1
1051.0548,272.72952,45.793945,31.563232,0.25402325,10,-1,-1
629.7494,684.567,53.20099,46.863953,0.25384402,10,-1,-1
1396.0475,671.746,31.525146,46.8136,0.2510233,1,-1,-1
848.68463,624.35535,28.655396,58.672485,0.25072694,10,-1,-1
763.7679,870.9442,158.4455,94.12274,0.25064886,8,-1,-1
1403.5146,672.297,32.90515,56.809387,0.2481089,1,-1,-1
1375.4869,640.4531,38.870117,37.44873,0.24713549,3,-1,-1
1509.3171,386.12704,53.32007,38.410553,0.24549222,3,-1,-1
1025.7478,817.0106,55.90625,46.611084,0.24546388,2,-1,-1
1016.4357,738.1428,38.775085,33.3584,0.24504933,1,-1,-1
891.35297,358.1643,45.335083,40.67392,0.24386615,10,-1,-1
1017.4181,268.0179,29.25476,50.047882,0.24300122,2,-1,-1
1476.8445,405.68927,48.606445,35.789185,0.24111727,10,-1,-1
1413.3049,244.06244,37.567017,34.252228,0.24065566,7,-1,-1
1327.4819,371.34583,52.485962,54.026154,0.24023002,8,-1,-1
1058.3091,297.76138,33.965454,40.191162,0.23899198,10,-1,-1
1687.4775,669.91516,52.3031,33.406616,0.23724034,10,-1,-1
415.01184,809.5012,36.265472,47.93286,0.23639092,2,-1,-1
1394.0358,690.1494,26.398315,57.490295,0.23637834,1,-1,-1
905.7875,358.20825,136.29932,88.60898,0.2363388,8,-1,-1
1323.349,378.06464,51.3396,74.04254,0.23597056,1,-1,-1
843.7057,622.00085,40.32495,55.667603,0.23381752,2,-1,-1
939.8834,897.74664,81.6333,53.87744,0.23264456,7,-1,-1
826.9067,573.6207,37.55768,52.937195,0.23229182,2,-1,-1
954.76465,251.06946,71.708374,81.52463,0.23058644,7,-1,-1
983.1671,291.1598,26.928223,53.391235,0.2291775,2,-1,-1
989.9891,272.98447,29.946655,47.41693,0.22917539,1,-1,-1
1379.4517,898.40137,44.173462,31.820496,0.228883,10,-1,-1
399.67078,769.9312,184.15112,119.57715,0.22338217,4,-1,-1
1320.4132,405.77182,44.59265,54.34839,0.22275478,10,-1,-1
778.2785,107.24315,33.050293,36.513153,0.22185335,7,-1,-1
1301.7072,212.30324,27.042603,44.349747,0.2217237,1,-1,-1
1427.4407,291.59433,39.179688,29.63211,0.22152063,8,-1,-1
1298.3145,83.33982,72.29382,48.269157,0.21925017,1,-1,-1
1451.563,974.5913,29.97229,61.833984,0.21856561,1,-1,-1
1323.1085,146.56946,172.25488,99.36813,0.21591496,4,-1,-1
840.574,612.9869,51.88385,59.48694,0.21572983,1,-1,-1
1177.1395,471.14816,36.830566,43.12625,0.21505058,7,-1,-1
964.97406,911.0237,164.49835,149.61536,0.21501678,1,-1,-1
1697.7079,655.3906,38.161133,24.936523,0.21486169,10,-1,-1
1019.14215,817.1139,63.218445,46.12726,0.21484339,8,-1,-1
1128.2568,397.90994,34.495483,48.770966,0.21419811,10,-1,-1
1443.9542,265.44772,35.585938,35.86435,0.2134321,8,-1,-1
1338.1226,379.25943,39.497192,48.81015,0.21068504,1,-1,-1
1016.4357,738.1428,38.775085,33.3584,0.21005183,2,-1,-1
1810.6074,722.65857,80.70386,26.698425,0.20880386,10,-1,-1
1326.7306,426.14755,30.54895,43.200897,0.20770413,1,-1,-1
1538.6482,307.85062,55.14209,32.69821,0.20752785,7,-1,-1
776.06323,555.75665,28.847046,53.30725,0.207364,1,-1,-1
1285.6859,5.1050105,55.421875,47.54243,0.20687902,6,-1,-1
1046.6443,793.8705,35.306396,43.060913,0.20616609,1,-1,-1
241.26227,775.65985,79.50177,58.795654,0.20408559,8,-1,-1
1540.552,524.961,56.636353,29.545715,0.20358479,10,-1,-1
997.3085,774.9676,21.222046,68.806885,0.20352226,1,-1,-1
415.01184,809.5012,36.265472,47.93286,0.20345756,1,-1,-1
1128.6973,393.5438,32.07788,46.711487,0.2032854,1,-1,-1
1191.5587,483.19803,29.724487,52.9039,0.20322171,10,-1,-1
1430.6292,561.0233,36.214355,46.964294,0.20259053,3,-1,-1
843.9929,592.43787,40.53601,66.359436,0.2022672,2,-1,-1
1297.8759,83.99557,76.19153,48.463997,0.2000517,4,-1,-1
746.7595,607.69885,69.43457,39.023376,0.20000985,3,-1,-1
930.1424,251.81737,90.827515,72.42351,0.19924048,8,-1,-1
1433.2698,250.91411,36.09558,37.468124,0.19786382,7,-1,-1
1333.4631,372.82278,42.097412,49.769714,0.19751537,2,-1,-1
1360.2417,589.85345,31.375977,59.069824,0.19701645,3,-1,-1
1404.5853,229.39043,37.34668,33.433945,0.19701609,10,-1,-1
1345.8926,568.6458,30.972656,64.0907,0.19687456,10,-1,-1
138.14421,779.37054,36.05452,40.87683,0.19682756,3,-1,-1
832.647,89.035645,31.4469,44.505157,0.19558543,8,-1,-1
982.21674,793.0656,22.455566,51.8432,0.19520986,1,-1,-1
1318.1232,90.32651,61.741577,48.78607,0.19485477,1,-1,-1
884.44183,1022.5381,95.42053,52.367676,0.19419107,7,-1,-1
1668.014,733.9348,29.253662,59.42926,0.19314784,1,-1,-1
1529.2955,302.33392,48.210327,32.446808,0.19286904,10,-1,-1
935.28894,302.26657,30.318237,42.645172,0.1921013,1,-1,-1
1538.9851,525.35425,56.70398,28.434998,0.19065017,3,-1,-1
841.4372,16.405172,50.657288,35.577194,0.19062519,8,-1,-1
1518.9076,333.82568,41.46814,31.889832,0.19012937,10,-1,-1
984.8237,768.4134,24.300537,56.310364,0.189755,1,-1,-1
988.5953,741.1548,28.972473,41.90918,0.18844172,1,-1,-1
1000.8927,107.63273,34.17212,49.91712,0.18840086,7,-1,-1
1003.1219,280.08127,24.722717,56.19467,0.1881485,1,-1,-1
1383.7104,239.78043,42.243286,37.616516,0.18676168,7,-1,-1
935.28894,302.26657,30.318237,42.645172,0.18648475,2,-1,-1
1350.5326,915.2844,81.16577,148.43835,0.18648404,1,-1,-1
1253.2797,232.7676,47.91638,78.8011,0.18640319,1,-1,-1
860.294,58.910057,45.25708,38.628677,0.186214,7,-1,-1
1100.0594,613.21893,26.296997,47.588074,0.18560785,2,-1,-1
998.94086,489.80133,61.717346,68.97162,0.18544802,3,-1,-1
1460.4354,501.79636,32.849487,34.967377,0.18464246,3,-1,-1
747.8018,612.1462,35.63098,51.018677,0.18377253,10,-1,-1
1448.9098,391.61243,49.908203,34.57544,0.18375677,10,-1,-1
920.2392,309.0906,36.24237,35.35547,0.18344638,10,-1,-1
901.114,22.629255,42.992676,36.856377,0.18318957,8,-1,-1
1045.881,791.4975,36.349487,37.380615,0.18304038,10,-1,-1
998.385,761.96277,34.407837,48.844055,0.18296826,1,-1,-1
1326.6794,417.26385,32.6062,41.332153,0.18288124,2,-1,-1
1045.2723,783.07666,36.770752,37.753357,0.18277216,2,-1,-1
1154.4856,41.79967,48.943726,47.925915,0.18269256,5,-1,-1
1405.6334,657.63416,30.31665,52.10486,0.1824528,10,-1,-1
783.55743,547.80597,28.338562,56.802002,0.18201685,1,-1,-1
1004.38,268.00482,27.419678,49.02408,0.1817874,1,-1,-1
1306.428,404.71573,42.171997,44.363922,0.18156672,10,-1,-1
839.3402,138.5439,56.608032,30.432526,0.18151906,5,-1,-1
1364.8184,487.05222,36.34436,43.71414,0.18120542,3,-1,-1
974.4559,259.93225,50.52533,68.45593,0.18099263,1,-1,-1
817.75,564.17737,35.933716,59.69763,0.17864731,1,-1,-1
