323.7157,612.06635,73.89038,83.85034,0.9334276,4,-1,-1
401.6738,583.2477,80.64752,74.2027,0.91083175,4,-1,-1
490.2251,685.50073,150.92657,94.66547,0.9099208,4,-1,-1
474.60428,556.9375,86.72641,68.12616,0.90499717,4,-1,-1
380.40475,483.6496,52.251465,52.743347,0.9032475,4,-1,-1
396.8721,365.22174,43.490997,36.41263,0.8725843,4,-1,-1
285.87253,461.15533,53.58838,49.499695,0.8649366,4,-1,-1
983.87,660.64825,36.306152,57.73358,0.86336255,1,-1,-1
644.6244,499.0975,71.76648,58.509247,0.86086106,4,-1,-1
326.85718,527.6782,64.2272,64.83649,0.85566735,4,-1,-1
228.8121,585.0922,67.379,76.29999,0.85293925,4,-1,-1
176.71034,432.86707,65.99019,52.17398,0.85068285,4,-1,-1
250.46527,510.22678,65.178986,65.337555,0.84158015,4,-1,-1
1036.1852,586.3594,108.43652,86.415955,0.8390224,4,-1,-1
1210.5276,688.4563,119.1488,104.14917,0.8328138,4,-1,-1
136.04901,382.95346,48.092667,41.291748,0.83200383,4,-1,-1
450.38608,349.91208,35.512756,31.74588,0.8295612,4,-1,-1
709.00745,445.04068,18.04718,35.605682,0.8201479,1,-1,-1
612.568,456.7032,53.675354,47.154358,0.81713235,4,-1,-1
377.23276,436.0116,47.995514,44.141846,0.8108281,4,-1,-1
953.9066,555.84033,106.38562,75.94751,0.78975487,4,-1,-1
1011.77563,664.79456,25.723145,51.819458,0.7864108,1,-1,-1
680.1982,548.174,78.28363,74.12854,0.7809986,4,-1,-1
642.1589,605.4522,128.20898,87.16925,0.7679186,4,-1,-1
0.8766516,379.42224,87.38543,46.579132,0.76074195,4,-1,-1
103.73089,672.7387,114.01733,129.82367,0.75980973,5,-1,-1
369.50986,397.94992,45.12451,40.658813,0.7530571,4,-1,-1
84.86572,352.53033,40.16426,39.071167,0.7441685,4,-1,-1
150.45892,347.58914,42.563873,36.79831,0.7405722,4,-1,-1
89.87401,297.52734,40.814774,28.488525,0.736274,4,-1,-1
133.352,313.14417,36.95366,30.861511,0.7238209,4,-1,-1
597.77924,644.37634,139.30505,102.484375,0.7222875,4,-1,-1
122.39455,331.8775,36.047318,34.940765,0.7187386,4,-1,-1
201.35541,323.00247,32.342697,29.562195,0.7179585,4,-1,-1
1320.7505,728.62146,78.641846,125.77075,0.7133734,4,-1,-1
438.41925,400.41434,45.942352,38.143616,0.70903254,4,-1,-1
290.68484,351.37982,42.631226,29.955933,0.70682836,4,-1,-1
190.61057,220.46861,23.321701,17.259003,0.7045169,4,-1,-1
566.1532,362.3238,33.223145,28.535583,0.6957405,4,-1,-1
320.19702,413.81522,45.644745,43.611633,0.6930359,4,-1,-1
156.69809,289.15784,34.533844,27.820526,0.6916025,4,-1,-1
312.59766,331.54095,41.54904,29.9104,0.68036616,4,-1,-1
296.76413,372.48975,44.434204,34.098633,0.6729752,4,-1,-1
584.09106,321.02518,29.66626,30.168915,0.6681981,5,-1,-1
754.0177,450.7445,17.27478,33.712433,0.66806114,1,-1,-1
0.0,562.12384,60.670746,87.12952,0.6663449,4,-1,-1
132.25027,239.46107,49.042526,44.72548,0.66605294,9,-1,-1
773.0115,445.30258,16.168884,33.305084,0.6608127,1,-1,-1
734.12823,413.2463,14.673157,34.91867,0.6519514,1,-1,-1
587.10614,402.57373,41.359314,41.84201,0.6519422,4,-1,-1
355.48203,350.05334,32.64453,32.499847,0.6267303,4,-1,-1
568.65314,311.95633,28.962402,24.806396,0.62581503,4,-1,-1
0.0,257.40417,41.107788,18.048767,0.62577426,4,-1,-1
578.111,618.84436,23.225159,49.048645,0.616547,1,-1,-1
358.95322,290.90964,40.039,53.01361,0.6123251,9,-1,-1
177.9215,266.63583,27.392014,23.690369,0.60575813,4,-1,-1
760.1311,462.9282,16.439575,35.963135,0.60405123,1,-1,-1
547.339,344.2092,31.37561,26.61856,0.6014459,4,-1,-1
0.0,347.47034,43.531727,39.301544,0.58829,4,-1,-1
743.3827,413.05322,13.585083,34.1073,0.5870252,1,-1,-1
1155.0453,612.30994,29.684448,40.67566,0.5866336,3,-1,-1
361.30048,332.03607,33.412018,28.741669,0.5838145,4,-1,-1
364.9331,249.74496,39.106262,51.67816,0.57646084,9,-1,-1
730.7072,403.13275,26.656067,19.68216,0.5760222,10,-1,-1
568.087,619.9074,21.638,45.922424,0.57567024,1,-1,-1
338.69843,373.6267,40.896606,34.78299,0.5684867,4,-1,-1
570.93756,384.11694,30.809143,32.1362,0.56148803,4,-1,-1
624.2248,587.9926,23.772217,49.95343,0.55498695,1,-1,-1
0.0,267.082,24.111422,19.196716,0.5467866,4,-1,-1
294.98624,228.62256,30.463104,38.877716,0.54023194,9,-1,-1
0.0,375.30286,40.184776,39.337616,0.5329067,4,-1,-1
14.455674,599.1011,194.92891,88.82715,0.53103375,5,-1,-1
767.0254,426.36368,32.49121,26.091675,0.51342297,10,-1,-1
9.420613,245.9563,45.546215,18.76712,0.5076966,4,-1,-1
420.19556,301.78387,40.03647,43.967255,0.48151883,9,-1,-1
42.598026,277.37207,30.091244,18.28183,0.47198966,4,-1,-1
585.67395,287.73563,8.397827,19.527924,0.4719198,1,-1,-1
1259.3849,955.9828,140.00745,93.409546,0.45650193,4,-1,-1
212.46696,231.2343,22.685165,17.475998,0.45054257,4,-1,-1
220.5967,239.76364,22.217926,18.547943,0.4451577,4,-1,-1
345.45438,253.3645,17.69632,15.516113,0.44233724,4,-1,-1
10.794861,287.35236,29.781204,19.500061,0.43593693,4,-1,-1
419.9316,301.12796,40.012207,44.47104,0.43401182,6,-1,-1
13.829121,599.6416,195.52129,88.3739,0.42598543,4,-1,-1
1010.6907,433.81403,38.48938,20.88089,0.4248708,4,-1,-1
425.5618,399.47943,39.867798,37.452515,0.42243728,4,-1,-1
650.7486,343.6875,10.723694,22.283722,0.42090014,1,-1,-1
40.052227,294.35114,26.338383,22.500824,0.4170702,4,-1,-1
296.86658,187.3914,13.124817,10.737946,0.41441706,4,-1,-1
662.6745,343.62265,9.823547,24.036743,0.41313642,1,-1,-1
967.73193,419.8479,37.42383,19.299866,0.40525106,4,-1,-1
640.1961,341.27353,10.81897,20.544464,0.40361267,1,-1,-1
233.93324,212.09236,21.6445,15.426331,0.40021163,4,-1,-1
373.724,415.79837,46.46457,46.44345,0.3971262,4,-1,-1
662.465,343.47778,11.047852,24.477173,0.39320436,10,-1,-1
580.6765,289.127,9.372192,19.05426,0.3897466,1,-1,-1
39.820065,286.75372,29.133442,22.282867,0.38882855,4,-1,-1
292.37335,275.1709,34.93744,38.915924,0.3833669,6,-1,-1
767.0254,426.36368,32.49121,26.091675,0.37800428,3,-1,-1
552.1217,286.57065,9.505554,12.965363,0.37710208,2,-1,-1
291.7814,275.1443,35.50528,38.286255,0.37316182,9,-1,-1
976.6771,423.20114,36.163086,18.901917,0.36854607,4,-1,-1
683.68365,344.14984,23.432312,17.987335,0.35702527,10,-1,-1
350.9015,232.90701,13.340637,13.536179,0.35607362,4,-1,-1
652.1311,341.58823,10.827332,21.699524,0.3558473,10,-1,-1
417.89935,278.92145,40.978912,47.100098,0.35338268,9,-1,-1
1358.7625,684.2585,40.629883,48.991272,0.3465935,10,-1,-1
347.32288,245.17578,12.166229,11.39917,0.34142083,4,-1,-1
551.06525,287.41138,13.150513,17.169586,0.34050643,10,-1,-1
201.31999,184.71797,18.182938,13.476395,0.340377,4,-1,-1
271.82745,284.3419,7.6299133,16.692322,0.338301,1,-1,-1
498.00284,284.43112,17.07022,16.767853,0.33819687,4,-1,-1
986.0672,426.5535,36.47992,20.486328,0.3368259,4,-1,-1
1317.3092,884.05316,82.08313,83.60663,0.33504933,4,-1,-1
649.3354,345.58875,11.030579,24.205017,0.33390087,10,-1,-1
365.2535,215.52919,12.397247,11.16774,0.3329882,4,-1,-1
601.632,582.1647,19.799927,47.06128,0.32827115,1,-1,-1
16.46812,327.52673,49.07667,25.952179,0.32563323,4,-1,-1
37.449306,226.39209,38.383175,17.514374,0.32516533,4,-1,-1
417.89935,278.92145,40.978912,47.100098,0.3215122,6,-1,-1
365.86017,204.41965,12.950378,12.901291,0.31873366,4,-1,-1
226.9407,332.87537,54.039307,42.760468,0.31640399,6,-1,-1
103.68213,201.01892,23.876343,14.52002,0.3153153,4,-1,-1
580.80115,289.94626,8.461792,17.353912,0.31110597,10,-1,-1
226.98769,335.28683,50.67073,40.17737,0.3093983,4,-1,-1
61.4414,317.39304,11.078659,23.523804,0.30881265,1,-1,-1
680.1982,548.174,78.28363,74.12854,0.3054035,5,-1,-1
339.43137,373.2172,39.86978,35.832794,0.30503383,5,-1,-1
569.56146,311.90686,28.488098,25.15039,0.30283964,5,-1,-1
339.44513,244.6338,14.518036,11.782394,0.3021047,4,-1,-1
570.62726,384.18793,30.675842,32.034485,0.29959613,5,-1,-1
550.60516,286.62875,14.349182,18.770142,0.29952508,4,-1,-1
364.61014,220.97348,12.618561,9.876678,0.29586035,4,-1,-1
276.00836,208.8454,13.836456,11.834961,0.29540175,4,-1,-1
47.225773,321.34525,12.7929,24.785736,0.29020166,1,-1,-1
0.0,345.9902,43.44175,41.270813,0.28994885,5,-1,-1
178.5118,266.53036,27.346573,23.66156,0.28944826,5,-1,-1
346.18475,248.76776,14.342102,13.32251,0.28758478,4,-1,-1
17.331764,287.02032,18.604534,15.957184,0.2875264,4,-1,-1
673.83984,345.5246,10.920227,22.952728,0.2866009,1,-1,-1
374.67075,240.34805,16.85788,14.409378,0.28588694,4,-1,-1
366.06467,210.56953,12.895325,12.849518,0.28337103,4,-1,-1
586.4467,402.3952,41.55365,42.233765,0.2822767,5,-1,-1
220.84258,180.48485,18.583862,14.266327,0.2788478,4,-1,-1
36.78741,301.4272,31.501446,21.73468,0.27832463,4,-1,-1
673.83984,345.5246,10.920227,22.952728,0.2782445,10,-1,-1
730.7072,403.13275,26.656067,19.68216,0.2778992,3,-1,-1
28.13577,298.1262,33.881653,21.30838,0.2774789,4,-1,-1
1155.1045,612.78754,28.578125,40.089905,0.27449062,10,-1,-1
72.78334,266.12106,8.26577,15.499298,0.27102363,1,-1,-1
337.00568,224.35474,13.042694,12.711044,0.2707285,4,-1,-1
281.6689,233.39539,43.286835,50.261353,0.26772165,9,-1,-1
0.0,289.93637,37.32473,46.273346,0.26733527,6,-1,-1
371.59866,230.57903,11.765869,9.132462,0.26530197,4,-1,-1
492.7607,277.72083,23.959442,22.88321,0.26494595,4,-1,-1
298.3427,199.9437,13.574036,11.723236,0.2645002,4,-1,-1
257.45117,204.52356,16.384308,11.217728,0.26383147,4,-1,-1
369.54562,226.11179,11.585144,9.840866,0.26357257,4,-1,-1
418.79547,322.87625,11.598694,25.078339,0.26302177,1,-1,-1
255.85744,175.70195,20.511368,12.865158,0.26256064,4,-1,-1
552.05023,292.35733,9.920776,13.538269,0.26208884,2,-1,-1
585.926,321.58524,29.624756,29.358032,0.26205412,4,-1,-1
297.05026,372.2518,44.49109,33.63611,0.26169407,5,-1,-1
336.8241,245.31627,11.64743,11.060379,0.2614947,4,-1,-1
0.0,259.28067,27.471437,21.912994,0.26141912,4,-1,-1
592.2482,258.08777,6.222351,15.210846,0.26139027,1,-1,-1
641.284,341.20715,10.902039,20.383575,0.26030338,10,-1,-1
181.5949,323.5359,15.832535,22.575714,0.25938523,10,-1,-1
136.57582,408.7053,14.338486,28.115631,0.2580583,1,-1,-1
506.91403,237.04765,25.177643,16.707764,0.25802183,4,-1,-1
348.3589,219.48335,10.85083,11.457779,0.2577206,4,-1,-1
675.8802,343.46368,22.535889,21.04834,0.25762448,10,-1,-1
586.6078,288.65982,7.3101196,18.099823,0.25732583,10,-1,-1
1002.0985,430.98453,33.795288,19.46936,0.25673634,4,-1,-1
543.25214,223.83856,36.547363,38.83853,0.2566458,9,-1,-1
0.0,249.70166,43.790157,19.032959,0.25627884,4,-1,-1
369.26633,270.9548,33.581238,33.039795,0.25346828,9,-1,-1
290.59973,262.54593,30.026123,29.341492,0.25343728,9,-1,-1
325.42334,528.3304,65.3371,62.901794,0.25341937,5,-1,-1
294.98624,228.62256,30.463104,38.877716,0.2533605,6,-1,-1
1156.6177,613.46564,27.261719,38.958557,0.2521991,1,-1,-1
580.8596,286.80722,8.25293,16.667084,0.24953872,2,-1,-1
420.28308,301.72534,40.32794,44.451874,0.2478745,5,-1,-1
340.86118,239.7935,11.482849,10.657639,0.24757987,4,-1,-1
586.5598,287.23648,7.125244,16.78009,0.24602914,2,-1,-1
420.12415,270.05023,34.665253,25.657257,0.24571964,4,-1,-1
159.6133,219.86789,28.521759,17.851974,0.24514568,4,-1,-1
772.762,445.25537,16.043701,33.960266,0.24385089,2,-1,-1
419.16583,270.16025,36.222626,27.258545,0.24278185,6,-1,-1
731.4712,408.79935,21.469421,30.506317,0.24269429,1,-1,-1
64.98339,218.87045,36.072556,16.93866,0.24204513,4,-1,-1
732.0661,408.12204,20.734863,33.97061,0.24192017,10,-1,-1
581.4603,287.33673,7.234436,14.812378,0.24121499,1,-1,-1
261.4623,284.32715,8.073425,19.113037,0.24070135,1,-1,-1
766.8352,426.68384,32.395508,25.48172,0.23749489,7,-1,-1
293.52557,166.14693,10.732513,9.185669,0.23704562,4,-1,-1
423.80725,284.68628,32.227234,27.538208,0.23535314,6,-1,-1
219.59935,238.83203,22.813538,20.64853,0.23393792,5,-1,-1
262.6032,218.63672,15.88446,12.491196,0.23385257,4,-1,-1
180.97807,317.57843,13.376511,21.570374,0.23290825,10,-1,-1
120.76558,227.70934,22.040207,17.727356,0.23281705,4,-1,-1
641.6834,374.6905,25.363403,20.40686,0.23240891,3,-1,-1
181.25945,317.03912,12.692856,22.178772,0.23199883,1,-1,-1
167.83337,242.57317,17.991547,16.676254,0.23152286,4,-1,-1
336.39053,238.97621,13.320496,12.288849,0.23067614,4,-1,-1
304.12375,158.6421,10.674622,8.809097,0.23051769,4,-1,-1
551.4207,225.94902,27.358765,30.788925,0.23033056,5,-1,-1
295.14478,177.12317,10.8125,9.70462,0.22957948,4,-1,-1
363.20514,234.68774,11.269623,11.774017,0.22900927,4,-1,-1
485.36118,278.90686,13.467804,18.405548,0.22888723,4,-1,-1
321.82986,224.50775,11.434143,10.939026,0.22825658,4,-1,-1
485.2747,284.87827,15.601349,18.938477,0.22730738,4,-1,-1
229.9149,227.57094,19.505493,13.760391,0.22646976,4,-1,-1
600.10223,636.5804,139.89862,100.90039,0.22522753,5,-1,-1
1358.0604,684.98645,41.33191,47.421448,0.22465602,3,-1,-1
600.04474,616.0542,20.110596,46.417114,0.22459984,1,-1,-1
423.9418,283.8651,31.729645,28.882507,0.22322685,9,-1,-1
640.7364,605.254,131.3924,89.98053,0.22246554,5,-1,-1
19.488655,296.12646,28.893543,22.249847,0.21865714,4,-1,-1
365.727,201.6899,11.661957,11.296921,0.2184523,4,-1,-1
255.52986,285.3724,8.173691,18.774597,0.21835658,1,-1,-1
412.5263,282.9219,9.309845,19.847137,0.21827412,1,-1,-1
421.61298,284.17783,34.272858,28.749481,0.21774584,4,-1,-1
236.46436,171.55121,16.40091,13.547836,0.2176246,4,-1,-1
178.30363,315.3173,18.906342,26.029388,0.2174026,4,-1,-1
377.34845,280.98608,27.084137,25.06369,0.21688658,4,-1,-1
366.3489,244.49677,32.540833,35.756714,0.21579799,9,-1,-1
487.25452,281.5501,10.563782,14.222809,0.21541852,2,-1,-1
556.44147,596.3755,19.480896,45.61725,0.21313179,1,-1,-1
418.62714,269.15396,37.958557,28.292236,0.21177521,9,-1,-1
364.48206,230.93561,13.220062,10.452164,0.21126747,4,-1,-1
178.38113,192.90823,24.922684,16.129242,0.21122295,4,-1,-1
367.74777,271.35242,35.354034,32.534912,0.2108671,4,-1,-1
362.2066,237.81914,11.867371,13.515244,0.21084389,4,-1,-1
258.6368,212.48462,16.628693,13.338135,0.21028182,4,-1,-1
159.7144,203.17363,21.188934,15.68071,0.2092784,4,-1,-1
551.2435,287.2877,13.046265,17.47586,0.20884222,7,-1,-1
365.66168,223.63643,13.523834,11.802887,0.20762882,4,-1,-1
63.528847,321.94437,14.168709,23.445038,0.20752323,1,-1,-1
351.20477,237.57054,12.182037,12.681,0.20722702,4,-1,-1
341.28122,215.0006,10.818695,10.459,0.20616758,4,-1,-1
694.1962,345.0941,17.245056,16.82489,0.2061573,10,-1,-1
58.323917,260.33548,8.194973,14.962006,0.20605797,1,-1,-1
552.14197,293.06863,9.378723,12.208618,0.20578715,10,-1,-1
365.1739,253.84935,38.138214,47.919174,0.20535871,6,-1,-1
358.22403,292.12634,41.136475,50.23065,0.20522481,6,-1,-1
185.10068,329.63815,12.601456,21.287079,0.2037412,10,-1,-1
180.75517,318.40674,13.664917,20.482758,0.2034482,2,-1,-1
496.92197,232.0698,37.78647,21.092361,0.20317858,4,-1,-1
976.6771,423.20114,36.163086,18.901917,0.20317546,5,-1,-1
658.85803,342.73245,11.3914795,23.111267,0.20291263,10,-1,-1
212.46696,231.2343,22.685165,17.475998,0.20283613,5,-1,-1
325.27347,247.32365,13.671753,14.962418,0.20247775,4,-1,-1
49.972702,330.5177,12.08329,20.554688,0.20181474,1,-1,-1
295.10904,279.52615,33.17325,34.219055,0.20148447,4,-1,-1
548.2017,224.74757,32.54657,38.013565,0.20124361,6,-1,-1
259.5432,241.43262,43.239563,35.42108,0.2010724,9,-1,-1
306.35587,264.75055,13.008972,12.26358,0.20030138,4,-1,-1
361.58762,243.89368,11.149292,11.038284,0.20003986,4,-1,-1
341.52194,210.76514,10.548523,10.947189,0.19997904,4,-1,-1
733.91754,401.61646,23.439941,27.73059,0.1979805,1,-1,-1
39.820065,286.75372,29.133442,22.282867,0.19770148,5,-1,-1
989.3067,426.037,34.86676,20.14264,0.19721338,5,-1,-1
337.8047,228.81433,12.186523,12.0905,0.19689682,4,-1,-1
7.235454,292.02597,34.980904,23.401672,0.19634956,4,-1,-1
310.8151,201.37317,26.048279,33.302246,0.1961225,9,-1,-1
293.08853,200.91382,14.371674,11.275177,0.19489545,4,-1,-1
487.8177,286.48053,12.0789795,16.334473,0.19488868,2,-1,-1
368.75458,214.80511,12.757355,12.606079,0.19471085,4,-1,-1
552.90985,284.99048,7.159851,10.782349,0.19376966,2,-1,-1
226.89168,334.8792,52.63881,40.329132,0.19362932,5,-1,-1
0.0,288.80988,26.029383,18.810425,0.19347322,4,-1,-1
358.59988,311.59763,39.083588,54.867584,0.1931169,9,-1,-1
753.3058,450.6829,17.908813,32.368195,0.19302797,2,-1,-1
190.5218,220.39505,22.932327,17.253235,0.19266912,5,-1,-1
551.7667,227.10747,27.124146,32.20485,0.19259897,4,-1,-1
732.7154,402.7933,23.140137,21.369568,0.19196895,2,-1,-1
582.393,258.8994,6.791809,13.2751465,0.19189996,1,-1,-1
967.73193,419.8479,37.42383,19.299866,0.19143596,5,-1,-1
369.5561,221.31398,11.195343,9.3246765,0.19068456,4,-1,-1
341.46487,207.50833,10.023071,9.468079,0.19050619,4,-1,-1
0.0,266.53482,23.411093,19.980469,0.19046214,5,-1,-1
355.50388,345.2791,35.924713,35.96176,0.19034266,5,-1,-1
185.46115,331.3913,12.4505005,20.881256,0.18961418,1,-1,-1
182.66917,324.35577,13.787216,21.597595,0.18948975,2,-1,-1
158.41443,209.18398,18.578735,14.73999,0.18940398,4,-1,-1
309.9519,172.83887,11.094025,9.8628235,0.18880746,4,-1,-1
84.86572,352.53033,40.16426,39.071167,0.18811953,5,-1,-1
287.4431,176.37115,10.727936,9.487579,0.1880785,4,-1,-1
229.94402,314.57806,37.57335,27.274933,0.18750668,4,-1,-1
247.71263,227.51724,17.410446,14.259872,0.18728843,4,-1,-1
552.1217,286.57065,9.505554,12.965363,0.18553415,10,-1,-1
253.58763,191.62384,10.629929,10.189041,0.18447325,4,-1,-1
424.79144,310.56213,35.824493,34.941376,0.18424731,4,-1,-1
487.06857,278.73038,11.081787,11.46521,0.18367171,2,-1,-1
223.32721,317.10458,49.286102,48.39554,0.18344733,6,-1,-1
346.17453,241.26964,12.106415,12.411865,0.18321183,4,-1,-1
953.4194,556.71436,106.09906,74.989624,0.1829795,5,-1,-1
42.419888,287.57068,18.225258,14.9618225,0.18289438,4,-1,-1
273.74207,281.36,8.628723,18.312988,0.18273166,1,-1,-1
370.971,236.07555,13.61026,15.515228,0.1826469,4,-1,-1
0.0,273.27744,20.168009,19.640472,0.18130386,4,-1,-1
317.06403,222.93054,14.108185,12.134689,0.1810202,4,-1,-1
46.49095,315.67593,9.936497,21.84021,0.1803306,1,-1,-1
47.330322,322.39114,12.234894,23.481903,0.17936325,2,-1,-1
181.43678,321.66666,15.808456,24.534973,0.17867061,1,-1,-1
524.2958,347.95282,9.821472,20.89685,0.17812136,1,-1,-1
545.6262,345.18607,33.140015,28.272186,0.17786464,5,-1,-1
131.96149,240.26707,48.393967,44.147293,0.17755416,5,-1,-1
585.24194,321.90732,28.011047,29.225922,0.17734867,6,-1,-1
156.933,288.85715,33.637344,27.457275,0.17728445,5,-1,-1
485.99796,284.56876,14.256866,18.573608,0.17726281,1,-1,-1
76.46468,260.86282,12.975395,16.785828,0.17687091,1,-1,-1
19.21891,329.1574,43.87518,24.307892,0.17656168,7,-1,-1
221.99834,245.63133,18.625427,16.608414,0.1762343,4,-1,-1
578.9644,248.67534,18.779602,22.744034,0.17606613,4,-1,-1
355.51886,244.41043,13.422241,12.516876,0.17593595,4,-1,-1
493.7797,277.45596,22.114532,23.649963,0.17583859,5,-1,-1
85.83017,315.5645,10.460709,22.811432,0.17540649,1,-1,-1
578.3276,286.35223,8.93988,17.882172,0.17533183,1,-1,-1
7.929175,247.39554,43.23728,17.783081,0.17532817,5,-1,-1
550.8886,287.0605,13.559387,17.842712,0.17407173,2,-1,-1
641.59454,374.66898,25.929443,20.628113,0.17405248,10,-1,-1
76.048416,211.46234,33.205887,15.603226,0.17390245,4,-1,-1
43.222054,277.3863,29.889442,17.892029,0.17347437,5,-1,-1
99.40496,670.24884,119.91897,129.68951,0.17322797,4,-1,-1
231.20126,319.31372,8.824493,18.490875,0.17313853,1,-1,-1
290.59973,262.54593,30.026123,29.341492,0.17273924,6,-1,-1
147.97417,210.1121,26.44423,16.862183,0.17271903,4,-1,-1
293.9679,228.303,31.071472,36.343277,0.172468,5,-1,-1
488.34665,290.07452,11.9314575,15.465637,0.17230096,10,-1,-1
579.90356,296.3548,11.369019,12.384644,0.17218018,10,-1,-1
581.69995,292.66614,6.700012,12.955536,0.17213538,1,-1,-1
683.0122,344.5692,12.545776,17.65039,0.17202067,10,-1,-1
650.8301,343.64783,10.586853,22.554047,0.17085907,3,-1,-1
321.19153,414.01987,44.680847,43.409973,0.1702542,5,-1,-1
760.1311,462.9282,16.439575,35.963135,0.17010805,2,-1,-1
170.61024,164.96646,21.461868,13.462906,0.16938752,4,-1,-1
43.293533,283.0667,36.876526,29.126953,0.1690231,4,-1,-1
230.02568,210.4964,29.41771,25.523956,0.1685335,4,-1,-1
652.1311,341.58823,10.827332,21.699524,0.16817877,2,-1,-1
863.7108,526.67676,15.507568,31.082397,0.16776893,1,-1,-1
361.30048,332.03607,33.412018,28.741669,0.1675536,5,-1,-1
291.67093,264.29068,28.20633,24.548126,0.1675351,4,-1,-1
0.0,380.85254,88.309746,45.071808,0.16719282,5,-1,-1
237.58975,218.9393,22.391846,17.002121,0.16687918,4,-1,-1
568.087,619.9074,21.638,45.922424,0.166549,2,-1,-1
650.07904,348.84433,8.941711,21.487885,0.16654626,1,-1,-1
435.9622,399.90134,48.956757,39.298553,0.16567594,5,-1,-1
176.64754,199.70271,22.760437,13.153717,0.16567373,4,-1,-1
1358.9038,683.9477,40.488525,48.907654,0.16556305,2,-1,-1
485.90015,278.7002,12.401733,17.625366,0.16551384,1,-1,-1
39.01258,295.72934,28.162025,21.75296,0.16541621,5,-1,-1
247.21458,223.46178,17.633224,13.006714,0.16450971,4,-1,-1
665.7286,341.8764,11.107788,22.403076,0.16423604,10,-1,-1
390.64682,286.32468,12.746155,18.449219,0.16402388,4,-1,-1
908.2984,400.94305,36.147034,21.496368,0.16336364,4,-1,-1
33.324406,230.61908,35.37443,18.346863,0.16249585,4,-1,-1
0.0,288.72662,35.29641,34.551086,0.16230765,4,-1,-1
380.3602,243.69865,11.457245,11.252808,0.16164276,4,-1,-1
551.5067,286.98746,12.605835,17.98941,0.160801,1,-1,-1
368.7623,398.58118,46.543457,39.350525,0.16047752,5,-1,-1
347.5091,229.75114,14.494934,12.747681,0.15992093,4,-1,-1
58.774994,323.30005,12.295937,21.719757,0.15989032,1,-1,-1
490.42117,290.80814,11.4627075,15.279266,0.15935898,2,-1,-1
223.32721,317.10458,49.286102,48.39554,0.1591323,4,-1,-1
582.8902,286.6962,9.315552,19.96103,0.15903223,2,-1,-1
362.53903,225.27289,11.381958,10.286163,0.15895441,4,-1,-1
347.16452,254.85162,12.222595,10.451508,0.15874153,4,-1,-1
88.592804,297.34122,41.794632,30.317078,0.15870443,5,-1,-1
131.75177,239.26176,50.49028,45.25197,0.15861923,6,-1,-1
358.26755,291.79147,41.65634,51.638245,0.15857953,5,-1,-1
291.29694,258.03543,26.851074,21.862122,0.1577999,4,-1,-1
1211.0437,688.4339,116.30493,105.92352,0.15654814,5,-1,-1
345.9704,216.28937,12.549652,12.204742,0.15624845,4,-1,-1
577.079,618.7957,23.933472,49.689087,0.15619305,2,-1,-1
230.41147,325.0774,52.50934,50.94815,0.15559387,9,-1,-1
551.2435,287.2877,13.046265,17.47586,0.15498286,8,-1,-1
863.7108,526.67676,15.507568,31.082397,0.15480873,2,-1,-1
579.25555,286.97665,15.962158,19.57367,0.15474644,1,-1,-1
290.68484,351.37982,42.631226,29.955933,0.15445998,5,-1,-1
8.2853365,242.42477,39.286068,16.388397,0.15442163,4,-1,-1
63.676178,320.95102,11.984512,22.071198,0.15435338,2,-1,-1
15.758075,330.8766,42.804398,22.789673,0.15412971,8,-1,-1
612.94275,455.62955,54.434692,49.118256,0.15399832,5,-1,-1
79.62536,281.5598,9.902512,18.119568,0.15361682,1,-1,-1
1156.6177,613.46564,27.261719,38.958557,0.15306118,2,-1,-1
0.0,346.19824,43.33721,40.933777,0.15269017,6,-1,-1
577.9989,257.4848,6.925354,15.057251,0.15265119,1,-1,-1
121.71092,328.04147,39.7502,36.334198,0.15251383,5,-1,-1
336.91318,236.03023,11.530945,10.15094,0.15247175,4,-1,-1
421.61298,284.17783,34.272858,28.749481,0.15226457,5,-1,-1
167.00499,202.52478,23.123047,14.63707,0.15221232,4,-1,-1
490.5361,284.0521,21.105774,19.760742,0.15194014,4,-1,-1
582.5885,286.7709,9.724976,19.843079,0.15191144,10,-1,-1
340.1818,220.46072,13.309937,11.656509,0.15189263,4,-1,-1
49.891533,328.55258,12.015205,20.534485,0.15138,2,-1,-1
565.548,361.97842,33.034607,29.713501,0.15125036,5,-1,-1
85.16024,281.29175,9.196968,18.815277,0.15113774,1,-1,-1
662.7075,342.8775,11.04187,25.419891,0.15054768,3,-1,-1
378.00488,435.76346,48.2872,44.54129,0.15049002,5,-1,-1
207.98174,272.11493,8.625549,18.601929,0.15042266,1,-1,-1
363.87097,257.58432,7.535553,12.689606,0.15041119,1,-1,-1
72.52655,187.45833,17.971977,11.78566,0.15022457,4,-1,-1
0.0,375.30286,40.184776,39.337616,0.15020424,5,-1,-1
269.82144,220.20183,15.500549,11.011108,0.15006384,4,-1,-1
293.9339,184.15262,13.857574,10.884079,0.1500578,4,-1,-1
1358.0604,684.98645,41.33191,47.421448,0.14965847,7,-1,-1
483.70544,273.9334,27.510529,24.315918,0.14950755,4,-1,-1
350.3196,258.14902,13.509918,11.364166,0.14933038,4,-1,-1
490.74496,290.57657,11.285217,16.5961,0.14873806,1,-1,-1
304.58807,160.96504,11.263306,10.322861,0.14862868,4,-1,-1
261.48535,244.42465,38.748962,30.905151,0.14860827,4,-1,-1
154.32579,171.01697,27.02324,14.963196,0.14794308,4,-1,-1
653.176,340.3115,9.62561,20.935638,0.14764446,1,-1,-1
12.015132,287.46243,27.733356,18.73523,0.14748031,5,-1,-1
384.08337,399.5289,56.89319,37.29187,0.14745304,4,-1,-1
0.0,254.57408,37.808346,21.61876,0.14743438,5,-1,-1
49.66763,293.3106,22.327236,22.236267,0.14736092,4,-1,-1
318.55554,404.79587,18.66681,29.322388,0.1473212,1,-1,-1
340.93423,201.11234,9.476349,9.33316,0.14704809,4,-1,-1
766.8352,426.68384,32.395508,25.48172,0.1470291,8,-1,-1
639.6969,340.5852,11.196899,21.184326,0.1469985,2,-1,-1
337.17438,221.74521,11.924622,10.774277,0.14696628,4,-1,-1
353.15967,230.24002,12.3377075,12.15123,0.14685094,4,-1,-1
420.04306,270.14963,34.56555,24.286987,0.14681327,5,-1,-1
38.5089,227.84207,25.58649,12.487473,0.1466966,4,-1,-1
73.99564,260.38464,19.600029,18.563416,0.14626342,4,-1,-1
205.31389,183.2982,20.59906,13.150101,0.14615086,4,-1,-1
323.00162,246.00432,20.547546,21.240738,0.14604998,4,-1,-1
27.196123,300.591,17.927313,15.724762,0.1456554,4,-1,-1
217.90771,236.66858,19.634796,16.557755,0.14552015,4,-1,-1
116.689186,237.94818,25.500862,17.91063,0.14508176,4,-1,-1
354.7479,239.06561,13.290558,12.482529,0.14507061,4,-1,-1
372.0698,273.8605,32.36673,30.15982,0.14464465,6,-1,-1
340.10617,235.44781,11.943726,12.12883,0.14453,4,-1,-1
318.195,235.04434,10.178253,9.791351,0.14442596,4,-1,-1
124.845695,225.03645,17.13984,15.354111,0.14424902,4,-1,-1
44.648373,290.6516,18.51184,16.692963,0.14408916,4,-1,-1
278.09772,206.79126,10.607819,10.597046,0.14395234,4,-1,-1
43.293533,283.0667,36.876526,29.126953,0.14382425,5,-1,-1
767.7882,426.2906,31.534302,27.284912,0.1437101,2,-1,-1
334.05695,226.46779,10.158142,9.96846,0.14360622,4,-1,-1
492.34167,295.4488,9.253479,16.733948,0.14326337,10,-1,-1
263.27075,217.21819,12.651184,9.200119,0.1432586,4,-1,-1
893.4298,392.97574,33.51947,18.74826,0.14315817,4,-1,-1
367.74777,271.35242,35.354034,32.534912,0.14275646,5,-1,-1
355.50388,345.2791,35.924713,35.96176,0.14253145,6,-1,-1
367.86234,231.14137,13.57486,12.941803,0.14249083,4,-1,-1
0.0,562.12384,60.670746,87.12952,0.14217806,5,-1,-1
200.75723,322.45877,34.032776,30.571167,0.14183736,5,-1,-1
72.48764,266.55692,8.333611,14.52359,0.14172825,2,-1,-1
924.9267,406.08847,41.278137,21.299072,0.14144397,4,-1,-1
185.10068,329.63815,12.601456,21.287079,0.14141592,2,-1,-1
579.34344,316.4431,30.675476,28.777527,0.1413854,4,-1,-1
38.95242,324.44092,24.846088,24.954254,0.14094448,1,-1,-1
700.56274,343.00778,13.575989,18.119507,0.140926,10,-1,-1
19.255775,329.3531,43.458797,24.286987,0.14078549,10,-1,-1
555.4474,286.69656,8.963745,13.797119,0.14027223,2,-1,-1
740.9583,416.5168,10.586182,28.90329,0.14024052,1,-1,-1
318.00974,403.85217,19.975372,31.261627,0.13977784,4,-1,-1
730.40546,407.31934,23.859863,32.491974,0.13951775,3,-1,-1
61.18916,317.75095,11.054043,22.943054,0.13949397,2,-1,-1
582.45483,256.58862,11.594055,17.091125,0.13895068,1,-1,-1
0.0,288.9073,37.23954,42.437683,0.13879171,5,-1,-1
263.4653,206.28842,11.642181,9.212875,0.13832057,4,-1,-1
662.7075,342.8775,11.04187,25.419891,0.13796902,2,-1,-1
180.05713,220.7404,27.687134,16.158081,0.1378808,4,-1,-1
292.37335,275.1709,34.93744,38.915924,0.13777912,5,-1,-1
79.05682,263.17914,11.666641,14.277893,0.1376712,4,-1,-1
286.6486,460.44547,50.92572,49.861847,0.13728294,5,-1,-1
317.35413,193.32753,15.391876,12.424484,0.136987,4,-1,-1
359.65662,323.69247,37.420746,40.896088,0.1367206,6,-1,-1
330.21207,248.36789,14.9626465,13.614136,0.13665435,4,-1,-1
450.2552,349.60312,35.388275,31.99176,0.13622141,1,-1,-1
1316.3378,883.33887,83.054565,92.31262,0.13621587,5,-1,-1
729.3178,409.73022,15.673218,35.645813,0.1358786,1,-1,-1
14.731495,328.7585,44.416565,24.445251,0.13564593,5,-1,-1
682.14996,338.5848,11.647339,19.77179,0.1356436,10,-1,-1
300.2521,288.01062,28.542053,26.933167,0.13553882,6,-1,-1
581.7275,291.94113,6.5164185,13.9539795,0.13537371,2,-1,-1
590.084,260.902,9.709534,15.316681,0.13504654,1,-1,-1
673.83984,345.5246,10.920227,22.952728,0.13478014,3,-1,-1
59.571648,314.07486,19.713196,27.9263,0.13477346,1,-1,-1
328.33093,240.73584,15.9534,13.677124,0.13402852,4,-1,-1
429.8473,402.84204,24.843323,33.650024,0.13392657,1,-1,-1
68.94392,261.58682,10.01712,16.986359,0.13390702,1,-1,-1
186.73738,181.51208,22.048706,14.345734,0.13359204,4,-1,-1
658.654,343.0172,11.644348,22.100586,0.13341582,1,-1,-1
760.0762,463.0703,16.989807,36.52289,0.13321128,10,-1,-1
357.39276,318.1883,40.618774,47.9198,0.13280013,4,-1,-1
341.25043,248.21155,15.0911255,12.352875,0.13272312,4,-1,-1
678.86365,344.30728,11.873962,21.003113,0.13271469,10,-1,-1
264.73,284.6115,7.854492,18.300934,0.13268423,1,-1,-1
170.06519,311.14383,31.1333,33.959198,0.13226372,4,-1,-1
201.31999,184.71797,18.182938,13.476395,0.1322084,5,-1,-1
350.91483,205.26178,9.697174,10.483078,0.13220379,4,-1,-1
284.74188,237.79361,10.246857,7.844742,0.13213739,4,-1,-1
342.16403,231.14934,8.43515,9.114365,0.13204706,4,-1,-1
328.18863,221.08363,8.68988,9.567078,0.13191536,4,-1,-1
