1340.7848,442.8858,68.32666,215.09473,0.9942132,1,-1,-1
798.92035,372.8806,57.571228,158.83624,0.993768,1,-1,-1
385.0033,388.35138,89.93631,170.90704,0.993466,1,-1,-1
66.72859,90.122635,49.333603,88.240845,0.98947155,1,-1,-1
1250.7343,457.96237,54.48706,183.93393,0.98392713,1,-1,-1
753.8425,343.70734,49.92621,147.78735,0.9839076,1,-1,-1
240.1934,498.94855,103.24013,199.04321,0.9823034,1,-1,-1
647.03265,203.74718,58.406677,145.17833,0.96859694,1,-1,-1
406.0001,115.8824,273.68338,149.90471,0.9598012,5,-1,-1
745.02295,102.1479,257.20972,112.0428,0.9409673,5,-1,-1
515.50195,365.416,68.523254,145.40948,0.924195,1,-1,-1
808.8039,305.03818,56.92224,139.53055,0.8212554,1,-1,-1
231.41751,484.00528,39.118347,57.746063,0.7396673,1,-1,-1
97.80003,521.40186,76.81673,154.87885,0.72213715,1,-1,-1
251.72395,98.27114,55.830887,42.130486,0.7146756,10,-1,-1
968.0543,63.91412,110.51196,76.59383,0.62795496,5,-1,-1
741.6913,98.81255,252.81146,112.28135,0.51477325,4,-1,-1
147.70396,554.60114,119.57176,229.50812,0.47935194,1,-1,-1
57.6607,83.92012,29.945873,50.972183,0.4197597,1,-1,-1
258.40375,69.956055,44.12851,59.692825,0.37036195,10,-1,-1
381.70953,387.32196,60.719788,118.829285,0.350828,1,-1,-1
259.901,61.447746,40.677765,66.058105,0.3452627,1,-1,-1
257.88434,61.514088,39.120514,64.354355,0.31832954,2,-1,-1
156.20041,569.3337,68.16029,133.80005,0.31750894,1,-1,-1
275.09058,668.12805,67.19183,33.055725,0.30016148,1,-1,-1
0.2624543,98.27944,41.55517,92.81333,0.28853542,1,-1,-1
504.7086,112.60746,122.698395,53.38633,0.2829537,5,-1,-1
515.84924,369.12082,62.973267,141.44354,0.2598782,2,-1,-1
885.6358,332.03647,42.427734,149.2409,0.2258226,1,-1,-1
233.28676,486.29846,120.19527,204.40167,0.19771495,2,-1,-1
253.62343,97.524895,55.47621,43.196114,0.18651208,3,-1,-1
259.01865,90.26224,41.806183,49.383774,0.18262419,2,-1,-1
249.82352,68.525314,28.954865,55.848038,0.1813747,1,-1,-1
172.18759,593.62915,70.68652,115.3642,0.17183852,1,-1,-1
964.598,62.842667,115.355835,76.84184,0.15272939,6,-1,-1
169.29857,607.9203,72.7408,97.168884,0.1513358,3,-1,-1
253.41801,87.527435,50.78105,50.494858,0.13953865,1,-1,-1
136.79015,550.41437,67.349594,162.29022,0.13175449,1,-1,-1
232.83191,72.163895,30.919434,50.93017,0.12240794,1,-1,-1
307.26065,48.69233,24.440948,54.900978,0.12002477,1,-1,-1
56.521584,87.524956,43.59778,68.9287,0.11672291,1,-1,-1
224.08629,490.90884,32.71248,56.169952,0.11356664,1,-1,-1
480.41467,113.32554,173.56653,85.19253,0.11027387,5,-1,-1
369.96216,390.41708,100.525085,182.61972,0.11021015,2,-1,-1
247.38411,88.1632,44.451614,44.608604,0.106658876,10,-1,-1
385.52756,21.714264,55.18045,30.942108,0.101668954,4,-1,-1
403.3536,116.935585,280.85257,148.48648,0.10100266,6,-1,-1
246.8011,89.77892,49.58705,42.81759,0.10058674,3,-1,-1
964.7697,62.55707,115.96124,76.642075,0.09868717,1,-1,-1
891.40533,335.54123,36.863953,71.0217,0.09866229,1,-1,-1
660.18567,187.67053,27.756287,63.542313,0.097266346,1,-1,-1
258.07913,67.69885,40.584106,61.130997,0.097076684,3,-1,-1
635.10645,205.0808,26.61554,63.187912,0.09519908,1,-1,-1
388.13785,33.17182,50.05072,31.735985,0.09408209,4,-1,-1
403.3536,116.935585,280.85257,148.48648,0.09243417,4,-1,-1
653.93207,190.297,35.064697,95.25134,0.091029376,1,-1,-1
227.74655,87.41273,45.532654,43.23356,0.0902116,3,-1,-1
888.5114,332.2715,41.97516,120.56378,0.08795491,3,-1,-1
388.13785,33.17182,50.05072,31.735985,0.084700435,5,-1,-1
227.74655,87.41273,45.532654,43.23356,0.077662855,1,-1,-1
312.45343,474.0248,99.46509,95.43161,0.076289564,1,-1,-1
933.745,20.934082,102.79248,59.07627,0.07579464,4,-1,-1
963.13293,62.60905,117.603516,78.09024,0.07461837,4,-1,-1
363.032,47.060547,45.976105,27.155067,0.07387096,4,-1,-1
283.121,6.907251,35.189026,35.67995,0.072143376,4,-1,-1
249.82352,68.525314,28.954865,55.848038,0.07196972,2,-1,-1
385.52756,21.714264,55.18045,30.942108,0.07091299,5,-1,-1
275.09058,668.12805,67.19183,33.055725,0.06794229,3,-1,-1
249.82352,68.525314,28.954865,55.848038,0.06711599,10,-1,-1
889.9415,337.36996,36.66284,58.401947,0.066122204,2,-1,-1
660.18567,187.67053,27.756287,63.542313,0.066019475,2,-1,-1
323.26282,17.239218,38.986115,29.216005,0.06483939,4,-1,-1
98.2752,527.81085,55.831673,106.05664,0.0639154,1,-1,-1
363.032,47.060547,45.976105,27.155067,0.0638642,5,-1,-1
808.536,307.4141,53.5354,127.1774,0.062618524,2,-1,-1
653.93207,190.297,35.064697,95.25134,0.062147766,2,-1,-1
286.36398,5.606841,31.896454,39.59462,0.06193933,5,-1,-1
363.032,47.060547,45.976105,27.155067,0.06145975,7,-1,-1
249.82352,68.525314,28.954865,55.848038,0.059508473,3,-1,-1
232.83191,72.163895,30.919434,50.93017,0.059339166,2,-1,-1
803.59265,364.67905,55.214172,147.41098,0.0582518,2,-1,-1
347.55118,424.71033,83.3378,140.54218,0.057844877,1,-1,-1
0.76032084,95.51845,33.32484,80.647095,0.05738741,2,-1,-1
964.598,62.842667,115.355835,76.84184,0.05728385,9,-1,-1
648.1204,202.02652,50.60486,139.97961,0.05721727,2,-1,-1
353.88547,77.329994,41.919342,40.782043,0.05720496,4,-1,-1
381.70953,387.32196,60.719788,118.829285,0.056822717,2,-1,-1
226.66406,94.81308,45.85034,42.7135,0.05435443,10,-1,-1
745.95526,102.49068,255.24304,112.18179,0.053910375,9,-1,-1
660.0374,187.02357,27.859009,58.528595,0.053205103,10,-1,-1
390.15622,27.832832,58.19107,36.057373,0.053179502,6,-1,-1
965.445,54.892445,60.242737,32.90794,0.052843064,10,-1,-1
1732.3778,12.578848,24.684448,48.027344,0.05223143,1,-1,-1
272.16885,54.224464,33.94226,61.358574,0.051297605,1,-1,-1
255.8313,51.684303,31.734253,49.877296,0.051021814,2,-1,-1
229.0784,59.49994,47.57373,59.030952,0.050961286,1,-1,-1
170.75748,545.43744,119.70334,174.09119,0.050691485,1,-1,-1
190.4219,593.3444,82.55725,180.75464,0.05028665,1,-1,-1
