768.62024,549.72064,34.69043,37.92462,0.49886537,10,-1,-1
109.0222,79.24166,30.99295,31.42974,0.43647534,1,-1,-1
158.8773,131.01721,18.407242,32.617615,0.35906824,2,-1,-1
309.08163,268.9223,25.342499,23.66629,0.3175044,4,-1,-1
444.02625,388.92236,24.429535,28.435822,0.3020528,1,-1,-1
129.78079,55.7195,18.370987,33.35265,0.29479074,1,-1,-1
109.0222,79.24166,30.99295,31.42974,0.27480525,2,-1,-1
94.84432,648.3352,29.93724,25.195862,0.2659285,1,-1,-1
450.43115,396.03915,23.40567,28.248016,0.2639023,1,-1,-1
101.85423,78.31132,26.74054,33.287254,0.2452921,1,-1,-1
768.56586,550.2693,34.87079,36.526062,0.21926278,1,-1,-1
165.05843,132.30846,21.321533,30.61856,0.2175602,2,-1,-1
930.86035,708.78357,23.73468,23.526367,0.20906904,1,-1,-1
440.4863,393.22513,21.823639,29.44519,0.20126289,1,-1,-1
113.02117,635.55756,17.795418,37.46814,0.19512212,1,-1,-1
437.4355,377.2368,25.439423,26.388336,0.18729189,1,-1,-1
96.597496,75.14618,22.19497,30.355621,0.17641783,1,-1,-1
160.47275,130.80898,19.676315,33.096344,0.16907549,1,-1,-1
116.756256,66.81123,23.44542,30.390228,0.1647712,1,-1,-1
154.22469,131.21901,19.511246,33.654785,0.15641001,1,-1,-1
60.70865,665.6098,25.156067,29.223938,0.15500945,10,-1,-1
309.15924,269.52994,26.56781,23.494904,0.15405023,5,-1,-1
694.5139,276.73093,26.172485,24.112274,0.14768192,1,-1,-1
432.05386,389.05292,22.475739,28.07312,0.13945404,1,-1,-1
114.59349,628.8968,20.513199,33.796936,0.13614407,1,-1,-1
744.1234,487.3633,42.983643,17.818054,0.13553631,1,-1,-1
744.1234,487.3633,42.983643,17.818054,0.13233584,10,-1,-1
919.16956,74.58651,42.83264,36.211113,0.12828904,6,-1,-1
108.05007,71.39309,27.186378,29.967384,0.12702852,1,-1,-1
93.14282,649.716,30.51603,23.6073,0.1207543,2,-1,-1
887.9127,721.634,28.765442,25.118103,0.11150628,1,-1,-1
115.45601,89.009735,25.916595,32.87832,0.11001688,1,-1,-1
230.15785,103.44692,20.346603,27.836845,0.10259706,1,-1,-1
60.675983,665.582,26.278606,28.31372,0.10083538,8,-1,-1
337.3124,488.2364,26.184998,26.624634,0.10016629,1,-1,-1
101.85423,78.31132,26.74054,33.287254,0.0938279,2,-1,-1
863.1322,69.11095,27.10083,29.825706,0.08933258,3,-1,-1
164.11803,205.90535,24.103317,28.674118,0.089033574,1,-1,-1
342.68726,477.20752,26.052826,27.294159,0.08708939,1,-1,-1
129.78079,55.7195,18.370987,33.35265,0.086853355,2,-1,-1
450.92282,379.62363,24.932281,34.85898,0.085607976,1,-1,-1
863.0879,69.146805,27.234924,29.695473,0.08380076,1,-1,-1
100.84346,89.49444,27.393692,33.32402,0.08173701,1,-1,-1
641.0555,310.60385,20.310242,28.234375,0.08162111,1,-1,-1
192.47124,37.30098,21.933472,28.683578,0.08127883,1,-1,-1
126.11107,63.078617,21.588943,37.50062,0.079481274,1,-1,-1
230.61052,91.62518,19.723694,27.366417,0.079470545,1,-1,-1
456.65778,398.14243,23.857513,31.015533,0.078754514,1,-1,-1
863.1322,69.11095,27.10083,29.825706,0.07718867,10,-1,-1
919.1439,74.59118,42.72644,36.283447,0.076483876,4,-1,-1
461.36514,405.00177,23.277863,36.91693,0.07404417,1,-1,-1
167.66588,133.68237,20.961838,33.963074,0.0729523,1,-1,-1
721.9252,252.65552,22.933777,23.857208,0.072098434,1,-1,-1
115.45601,89.009735,25.916595,32.87832,0.0717054,2,-1,-1
841.3285,577.131,19.373108,29.954102,0.07079056,1,-1,-1
60.70865,665.6098,25.156067,29.223938,0.070748836,2,-1,-1
60.675983,665.582,26.278606,28.31372,0.07049945,7,-1,-1
731.8349,234.71283,22.08728,33.24124,0.06949654,1,-1,-1
904.1434,757.823,28.470886,23.48169,0.0692617,4,-1,-1
60.70865,665.6098,25.156067,29.223938,0.06861395,1,-1,-1
147.70386,128.3285,24.004105,30.498184,0.067338705,2,-1,-1
111.17918,76.1471,29.036263,33.786133,0.06715843,10,-1,-1
185.96024,67.915695,27.967545,23.052711,0.06554139,10,-1,-1
118.02247,66.74493,23.368034,32.774933,0.06547183,2,-1,-1
160.26578,131.04504,17.374313,34.553772,0.06489912,10,-1,-1
155.0436,127.53142,29.37442,27.669891,0.06452379,2,-1,-1
200.16055,38.920586,23.106384,28.91069,0.064501375,1,-1,-1
194.85115,70.3158,25.371872,25.693787,0.06398705,10,-1,-1
89.3183,73.80891,18.549194,34.494667,0.06395504,1,-1,-1
701.76556,271.9075,24.685364,25.250732,0.062764734,1,-1,-1
522.58435,314.81317,23.049927,28.574158,0.062378347,1,-1,-1
906.5173,739.5325,22.717163,32.10852,0.061769456,10,-1,-1
346.90567,472.30524,27.289429,23.299469,0.06156054,1,-1,-1
192.47124,37.30098,21.933472,28.683578,0.061202615,5,-1,-1
891.8473,730.88196,27.219788,23.129456,0.05950418,10,-1,-1
863.1322,69.11095,27.10083,29.825706,0.059359044,7,-1,-1
520.6112,314.89334,27.68866,23.93747,0.05933574,10,-1,-1
904.1705,733.5491,24.594421,26.5318,0.05887249,1,-1,-1
425.485,386.38852,21.645813,33.661896,0.058428794,1,-1,-1
904.1434,757.823,28.470886,23.48169,0.058241516,5,-1,-1
155.27066,183.14717,19.02716,35.648697,0.057326198,1,-1,-1
768.56586,550.2693,34.87079,36.526062,0.056610763,2,-1,-1
229.3517,80.85974,20.369293,29.150269,0.056402057,1,-1,-1
342.08694,476.84525,26.067871,24.740967,0.0561406,10,-1,-1
907.50275,750.73596,22.76178,29.191711,0.055802524,10,-1,-1
738.0034,232.43254,22.866394,32.518753,0.05571556,1,-1,-1
96.38411,77.34818,21.05368,32.963737,0.054730028,2,-1,-1
165.93669,215.39386,25.521393,25.798172,0.054163903,1,-1,-1
109.17882,61.553436,26.126205,27.516327,0.053679764,1,-1,-1
462.82727,419.39966,22.62497,34.252167,0.053552628,1,-1,-1
87.2826,652.8112,31.856659,24.97522,0.052860945,1,-1,-1
129.78079,55.7195,18.370987,33.35265,0.052369207,10,-1,-1
109.13533,76.11083,29.423553,32.5795,0.05223286,3,-1,-1
160.84503,192.17117,21.073761,35.30699,0.05189973,1,-1,-1
725.4334,243.3579,24.502258,27.559372,0.0518547,1,-1,-1
101.85423,78.31132,26.74054,33.287254,0.051624745,3,-1,-1
769.10803,550.94977,34.150208,37.440857,0.051591784,4,-1,-1
308.7211,269.329,25.932587,23.41037,0.051262707,1,-1,-1
112.71538,176.91225,26.342209,24.219696,0.05122447,1,-1,-1
337.69138,486.4645,26.206177,27.55539,0.051184773,10,-1,-1
887.9127,721.634,28.765442,25.118103,0.050564647,10,-1,-1
197.08015,72.06791,23.887497,25.285942,0.050532132,7,-1,-1
309.15924,269.52994,26.56781,23.494904,0.050433934,6,-1,-1
866.0843,67.95736,26.001648,29.34655,0.050310105,2,-1,-1
231.15465,101.076035,20.057816,28.946365,0.050254196,10,-1,-1
893.9882,724.46356,28.908508,24.564331,0.050170124,2,-1,-1
165.05843,132.30846,21.321533,30.61856,0.05009207,10,-1,-1
