615.06165,47.20051,17.745422,25.846046,0.8305299,1,-1,-1
605.85736,48.93555,17.623535,27.972378,0.81696975,1,-1,-1
668.685,16.227615,16.709595,26.794876,0.7909366,1,-1,-1
767.6289,634.8717,15.5668335,23.624878,0.7803214,1,-1,-1
716.8417,186.50504,16.202332,17.452988,0.77842504,1,-1,-1
758.17615,536.0844,18.321838,22.949585,0.74979067,1,-1,-1
754.1596,698.66406,17.163269,27.858765,0.72374576,1,-1,-1
655.34796,180.21738,12.907532,22.629395,0.68621624,1,-1,-1
781.536,631.8054,15.8302,21.718994,0.68609405,1,-1,-1
1023.89856,205.97179,24.255005,17.718536,0.6805155,1,-1,-1
637.26215,128.2033,15.981628,21.22055,0.6698073,1,-1,-1
674.209,21.089943,17.716797,26.804886,0.64622223,1,-1,-1
655.19635,118.13506,17.542847,18.30149,0.6429375,1,-1,-1
616.99023,10.2416,16.081482,22.537712,0.6197093,1,-1,-1
686.90967,151.60074,14.720825,19.243317,0.614742,1,-1,-1
677.23175,188.40411,14.010925,19.502075,0.58572793,1,-1,-1
706.5957,213.4737,12.837402,18.371536,0.5797141,1,-1,-1
700.7063,155.30963,14.854187,20.738998,0.5726669,1,-1,-1
622.6866,303.02097,35.95874,26.343597,0.55309147,10,-1,-1
694.1754,185.18964,14.994141,20.965073,0.55297387,1,-1,-1
829.8875,552.6537,16.088196,28.663025,0.5286982,10,-1,-1
802.9437,326.38626,19.79834,16.135986,0.5257142,1,-1,-1
830.65326,374.52805,36.78595,29.468628,0.52136385,3,-1,-1
654.1755,0.0,15.646851,12.350154,0.51484674,1,-1,-1
689.98456,226.51851,11.852966,19.54953,0.48849642,1,-1,-1
666.27637,179.65462,13.786072,15.283707,0.48639897,1,-1,-1
784.03296,532.6731,17.198364,30.649658,0.4788619,1,-1,-1
652.6553,97.241745,16.633118,18.206161,0.45558354,1,-1,-1
682.98584,228.68951,11.665344,18.346817,0.45430383,1,-1,-1
834.4788,381.58475,38.272034,30.051147,0.45422792,3,-1,-1
634.3849,316.08084,32.663147,22.718658,0.45105767,10,-1,-1
716.367,561.3238,13.346802,19.355652,0.4489506,1,-1,-1
1355.9762,142.09766,27.45166,16.547607,0.4464014,1,-1,-1
805.1094,375.1581,17.708923,28.226044,0.4452498,10,-1,-1
889.1302,252.37186,15.56073,15.402679,0.4401863,1,-1,-1
568.0887,124.232834,52.79834,30.82228,0.44004777,10,-1,-1
611.85345,149.16135,19.70398,36.65207,0.4372362,10,-1,-1
1161.3451,178.71611,23.022095,16.399948,0.43101096,1,-1,-1
857.7518,294.37338,18.149109,18.693573,0.4300493,1,-1,-1
683.7583,763.211,42.421936,24.332947,0.42301723,10,-1,-1
644.73694,225.82834,15.636353,16.97351,0.42181718,1,-1,-1
570.9278,110.93916,50.52069,30.536469,0.41758132,10,-1,-1
1108.5148,192.47917,18.748169,12.494232,0.40540794,1,-1,-1
856.2901,281.28857,19.606628,17.86438,0.40297604,1,-1,-1
639.1393,85.91618,22.962158,23.437553,0.40259832,1,-1,-1
644.36896,325.65375,38.257324,25.447662,0.40003446,10,-1,-1
944.21936,312.0121,15.695374,14.082764,0.39286467,1,-1,-1
846.84717,748.6894,18.614502,20.548645,0.38081214,1,-1,-1
784.62177,438.9851,26.493958,51.86325,0.3779112,10,-1,-1
829.5326,552.29236,16.138428,28.152832,0.37736064,1,-1,-1
611.8587,149.09688,19.926208,36.986877,0.3711285,3,-1,-1
1144.2493,183.231,18.831177,16.756363,0.37014192,1,-1,-1
666.2501,179.63652,13.827454,15.256592,0.36863518,2,-1,-1
784.62177,438.9851,26.493958,51.86325,0.3674354,7,-1,-1
539.1335,155.92491,57.218506,30.916855,0.36466554,3,-1,-1
898.2297,289.4613,18.932495,19.382355,0.35167092,1,-1,-1
798.4359,532.99286,15.789368,21.6958,0.34664547,1,-1,-1
697.7007,771.1295,47.035828,16.414429,0.34220332,10,-1,-1
1374.5979,209.32733,16.137817,11.116089,0.33645746,2,-1,-1
668.4187,748.59393,50.666748,31.548645,0.3362376,10,-1,-1
1349.7493,179.55072,19.552368,11.955887,0.33377975,1,-1,-1
659.43677,748.84326,34.64923,33.28882,0.33109593,10,-1,-1
786.6148,440.51862,20.82782,38.52893,0.33086383,2,-1,-1
854.4535,285.22812,22.987,26.237549,0.32880667,1,-1,-1
584.96716,217.43536,44.768738,23.154327,0.32863295,10,-1,-1
1123.4923,186.06416,16.300537,13.022415,0.32598978,1,-1,-1
1143.2653,162.93446,22.40564,18.532776,0.32340413,1,-1,-1
1197.5164,177.42896,23.515015,16.868546,0.31842884,1,-1,-1
639.713,319.63928,38.550232,23.871338,0.3135179,10,-1,-1
945.0096,272.42032,35.207947,17.133148,0.3074153,10,-1,-1
820.89355,648.7336,14.128723,19.76123,0.30565733,1,-1,-1
568.3504,125.87107,51.88672,29.113792,0.3018111,3,-1,-1
803.98615,374.6039,19.543152,29.268188,0.3012247,1,-1,-1
647.4588,379.751,33.68927,19.642517,0.3000874,10,-1,-1
1357.5862,124.521484,28.816284,17.829102,0.296017,1,-1,-1
679.08496,226.46048,12.5672,18.695694,0.29451668,1,-1,-1
1355.9762,142.09766,27.45166,16.547607,0.28931051,2,-1,-1
791.2948,461.41522,16.621948,27.23059,0.28822452,2,-1,-1
859.2186,729.111,15.973267,26.8031,0.28562456,1,-1,-1
691.2436,226.44908,9.284546,15.611801,0.28286266,2,-1,-1
945.0096,272.42032,35.207947,17.133148,0.27720731,2,-1,-1
820.88354,648.70184,14.127319,19.792969,0.27414924,10,-1,-1
695.0541,697.5638,35.83142,21.90039,0.27137738,10,-1,-1
795.9157,505.8378,15.770264,17.633575,0.27027625,1,-1,-1
679.3671,742.19415,55.215088,26.115906,0.27005628,10,-1,-1
757.85785,536.0499,18.962646,23.131714,0.26957572,2,-1,-1
551.8184,162.94713,55.353027,31.419037,0.26922482,3,-1,-1
890.25854,252.75925,14.889282,14.617859,0.26843417,2,-1,-1
1124.1277,185.86664,16.054443,12.958054,0.26842892,2,-1,-1
694.114,189.8985,9.883972,17.348999,0.266923,1,-1,-1
829.5945,551.8342,16.327087,28.992065,0.2665863,3,-1,-1
1108.5148,192.47917,18.748169,12.494232,0.2661782,2,-1,-1
781.536,631.8054,15.8302,21.718994,0.26428723,2,-1,-1
585.8364,128.0152,35.272095,23.122528,0.2628123,10,-1,-1
540.1119,220.14384,34.58905,60.08525,0.25972256,6,-1,-1
683.0458,670.2221,51.648865,24.467773,0.2596419,10,-1,-1
1116.0537,173.34155,22.323975,17.943268,0.259315,1,-1,-1
784.67834,438.5059,26.32019,52.6409,0.25658968,8,-1,-1
1160.9872,178.71803,23.927002,16.294235,0.25399584,2,-1,-1
862.50824,725.82385,20.265442,27.565125,0.2534869,1,-1,-1
647.02026,348.67322,41.691956,25.869904,0.25299668,10,-1,-1
721.8467,583.93146,14.602295,18.845886,0.25181055,1,-1,-1
691.08264,225.90137,9.086792,13.055252,0.25027624,1,-1,-1
1169.3448,192.85268,21.377197,14.902832,0.2484163,1,-1,-1
540.1119,220.14384,34.58905,60.08525,0.24505398,8,-1,-1
659.3933,327.1256,36.33014,25.265686,0.24425837,10,-1,-1
1248.6807,154.41745,48.99536,32.933685,0.24411446,10,-1,-1
650.8609,418.5185,36.486145,24.025024,0.2434617,3,-1,-1
1260.7617,206.65767,26.521973,17.11679,0.24212575,1,-1,-1
952.7731,273.86505,16.47876,13.885803,0.24206981,2,-1,-1
691.1085,233.90776,10.598694,15.342117,0.24086845,1,-1,-1
590.06287,321.10516,33.428284,25.276886,0.24002934,10,-1,-1
930.76276,219.92249,21.029907,16.412048,0.23863885,1,-1,-1
786.17267,546.0667,14.379822,19.713623,0.2358512,1,-1,-1
930.8278,290.09415,32.003662,16.809631,0.23458531,1,-1,-1
1127.3422,216.24231,17.66211,15.578705,0.2315852,1,-1,-1
650.9563,418.78915,35.60498,23.448761,0.23154098,10,-1,-1
584.29047,188.29549,46.28235,25.702621,0.22966468,3,-1,-1
1141.8445,178.93925,18.538574,17.039352,0.22861195,1,-1,-1
679.93317,23.39149,17.143494,25.511703,0.22753266,1,-1,-1
1119.3702,172.54395,17.702637,14.857056,0.22663313,2,-1,-1
1114.0308,171.97884,25.64746,16.825546,0.2254962,10,-1,-1
813.47723,416.26392,83.453125,110.26428,0.2247496,6,-1,-1
1374.6863,209.3184,16.066528,10.446487,0.22412542,1,-1,-1
1150.0406,194.19699,17.33435,14.138687,0.22173825,1,-1,-1
554.55743,330.86298,19.00293,22.2052,0.22090015,1,-1,-1
1145.2389,184.27847,18.71582,15.533997,0.21992162,2,-1,-1
650.47687,358.26025,37.088318,21.43509,0.21978554,10,-1,-1
944.0579,292.31787,19.965088,16.457336,0.21949935,1,-1,-1
569.16815,181.95189,51.787292,30.318954,0.2179322,3,-1,-1
655.29517,117.586655,17.689453,19.925095,0.21684608,2,-1,-1
1108.6328,188.03116,24.789673,15.086639,0.21391737,1,-1,-1
640.0569,87.85718,14.878113,16.122116,0.2121388,1,-1,-1
860.5725,724.767,22.06134,29.157043,0.2115216,2,-1,-1
539.40106,262.29666,18.235168,30.874908,0.21061602,1,-1,-1
1023.8741,206.06381,24.111633,17.459717,0.21040225,2,-1,-1
584.29047,188.29549,46.28235,25.702621,0.20966846,10,-1,-1
549.75903,298.23413,18.77655,27.556824,0.20788106,1,-1,-1
628.6096,375.95575,50.529907,25.325958,0.20734611,10,-1,-1
616.11584,11.022689,17.46643,21.89,0.20627707,2,-1,-1
803.80646,325.7249,18.149109,16.111603,0.2047733,2,-1,-1
1142.9446,163.09648,22.404297,18.16858,0.2027682,2,-1,-1
731.7608,253.99315,8.992493,16.608627,0.2024365,1,-1,-1
942.9528,272.59457,36.527466,17.696777,0.20157272,1,-1,-1
540.2749,219.84024,34.378235,59.91275,0.20134747,5,-1,-1
945.176,311.90128,14.713318,13.505981,0.19943166,2,-1,-1
1357.5862,124.521484,28.816284,17.829102,0.19919601,2,-1,-1
1247.6713,154.22697,49.625,32.998672,0.1982055,1,-1,-1
635.7924,128.00397,18.107422,21.639801,0.19730982,2,-1,-1
644.50104,324.49643,37.210083,26.060028,0.19571039,3,-1,-1
812.59894,258.0678,14.449219,14.608398,0.1957005,2,-1,-1
928.4498,287.83353,15.812073,14.793762,0.19553983,1,-1,-1
1124.0706,177.36217,19.393433,17.17688,0.19518751,1,-1,-1
691.455,231.78581,9.006653,16.322784,0.19280705,2,-1,-1
611.22394,377.9112,36.709534,21.089966,0.19225591,10,-1,-1
700.6044,697.8737,31.63617,21.29358,0.19151309,2,-1,-1
1169.1163,193.19347,21.65918,14.394836,0.19130653,2,-1,-1
701.5334,698.316,30.494995,20.251404,0.19118455,1,-1,-1
784.6732,531.8334,15.786255,30.829468,0.19116578,10,-1,-1
721.3113,151.10136,13.8289795,23.550674,0.18956438,1,-1,-1
851.6808,292.76486,18.88031,20.733917,0.18860388,1,-1,-1
539.1027,156.13,58.392395,31.082184,0.1878311,10,-1,-1
1247.6713,154.22697,49.625,32.998672,0.18593985,4,-1,-1
765.91864,262.44406,10.27655,16.989563,0.1858725,1,-1,-1
752.59705,241.72328,10.456543,22.187637,0.18577576,1,-1,-1
567.4894,168.56061,43.569336,26.044235,0.18533748,10,-1,-1
846.84717,748.6894,18.614502,20.548645,0.1849297,2,-1,-1
940.9886,292.31546,23.867493,16.744263,0.18434775,2,-1,-1
1123.425,172.14192,17.227173,15.401779,0.18412969,1,-1,-1
677.95264,224.98773,11.205261,14.467285,0.18286511,1,-1,-1
1207.1967,174.35046,15.415039,16.2677,0.18274891,1,-1,-1
674.0402,753.7345,62.81781,33.80945,0.18248826,10,-1,-1
664.67957,760.0439,27.625183,27.500061,0.18206686,10,-1,-1
812.41016,257.4325,14.624817,15.354065,0.18155381,1,-1,-1
584.96716,217.43536,44.768738,23.154327,0.1799382,3,-1,-1
792.04016,463.28406,16.154724,25.800629,0.17976302,3,-1,-1
803.1546,375.205,20.511292,27.943115,0.17908704,2,-1,-1
1209.3916,215.77104,23.594482,13.703934,0.17900845,1,-1,-1
540.2749,219.84024,34.378235,59.91275,0.17812312,4,-1,-1
648.2938,429.87888,35.90973,29.923279,0.17753717,3,-1,-1
847.81165,592.72473,34.874634,25.700684,0.17751813,10,-1,-1
830.4608,374.03223,36.14795,28.508118,0.17691523,10,-1,-1
1380.9775,211.65813,11.836426,10.701904,0.17543662,2,-1,-1
1331.8248,140.35635,43.589478,20.764465,0.17527449,1,-1,-1
1124.0706,177.36217,19.393433,17.17688,0.1751121,2,-1,-1
929.0327,220.93459,21.749146,14.8971405,0.17481184,10,-1,-1
645.6441,396.6415,31.273132,15.372162,0.17449445,10,-1,-1
767.93134,635.0164,15.178467,23.250366,0.1740433,2,-1,-1
540.4083,220.0282,34.608154,59.57721,0.17384845,7,-1,-1
661.4106,178.3615,16.293396,20.15329,0.17278838,1,-1,-1
648.4109,379.91553,32.22882,18.892853,0.17258713,1,-1,-1
626.62335,272.52762,27.86847,13.387299,0.17227378,10,-1,-1
1145.9025,186.6099,26.036377,16.871597,0.17108992,1,-1,-1
1118.6353,177.74751,16.631592,13.538727,0.17095068,2,-1,-1
785.6298,439.52798,24.346558,51.601715,0.17073631,3,-1,-1
651.838,749.60706,29.670654,36.098022,0.17072085,10,-1,-1
705.80756,211.78627,9.266907,14.457855,0.17052576,1,-1,-1
1378.8246,214.42827,11.857666,10.683746,0.17044804,2,-1,-1
672.2995,184.58865,15.827209,23.442703,0.16979963,1,-1,-1
659.43677,748.84326,34.64923,33.28882,0.16941413,3,-1,-1
673.9321,21.163723,17.973022,27.019974,0.16890553,10,-1,-1
810.9171,257.79944,16.881897,15.132294,0.16828492,10,-1,-1
928.29626,287.53113,16.57251,15.450958,0.16764307,2,-1,-1
567.1325,112.64554,52.500732,34.92154,0.16732594,3,-1,-1
620.94226,309.5779,41.28711,29.858154,0.1670759,10,-1,-1
856.43884,281.5415,19.302795,17.288605,0.16631985,2,-1,-1
1348.8038,179.43932,20.717041,12.430084,0.16602868,2,-1,-1
681.9869,227.6698,10.244507,16.248627,0.1658077,2,-1,-1
660.56586,327.39633,34.908203,24.82367,0.16382623,1,-1,-1
687.3591,751.32605,37.32245,25.260925,0.16360664,10,-1,-1
716.9455,186.49036,15.919678,17.47763,0.16289121,2,-1,-1
996.7269,288.3951,39.885498,24.783142,0.1624392,4,-1,-1
647.2407,379.96994,34.317444,19.26178,0.16238764,3,-1,-1
853.5558,741.4877,18.260925,25.743835,0.16171223,1,-1,-1
1343.4869,122.454636,44.5614,25.678482,0.16156733,1,-1,-1
641.1598,320.40015,37.60797,24.199554,0.16131929,1,-1,-1
703.8451,771.2587,39.997925,16.285217,0.15997654,1,-1,-1
601.94305,262.09546,39.36798,17.59616,0.15875778,10,-1,-1
641.21063,386.3696,41.817566,28.060425,0.15850756,10,-1,-1
658.4596,740.9969,45.9115,33.20569,0.15806368,10,-1,-1
1202.052,176.8683,19.533936,16.719864,0.1576277,2,-1,-1
646.1225,326.93253,35.023743,24.501831,0.15760624,1,-1,-1
996.34467,288.18872,42.03119,25.160797,0.15752238,1,-1,-1
653.9004,0.0,16.346558,12.231327,0.15685996,10,-1,-1
1141.7854,179.47705,18.999512,18.302368,0.15667957,2,-1,-1
1113.5493,191.07333,15.129639,9.839478,0.1560458,1,-1,-1
672.4425,748.94586,42.746765,31.685059,0.15589151,3,-1,-1
901.1522,277.1402,14.558533,17.208069,0.15577212,1,-1,-1
683.7583,763.211,42.421936,24.332947,0.15537855,1,-1,-1
803.7805,374.47092,19.539368,29.295319,0.15422663,3,-1,-1
1162.0027,210.13383,18.564575,12.405533,0.15405026,1,-1,-1
1119.306,186.30797,20.916016,13.347504,0.15387315,10,-1,-1
642.9054,127.89938,9.769714,10.897751,0.15338191,2,-1,-1
566.6204,132.6852,33.483337,20.143936,0.15319735,3,-1,-1
1360.1254,115.89702,35.469482,24.052933,0.15291283,1,-1,-1
1155.6307,197.5925,11.990723,9.779755,0.15274093,1,-1,-1
706.793,771.6296,36.50531,15.914368,0.15201178,2,-1,-1
1116.7413,186.77014,23.088623,17.141373,0.15127978,1,-1,-1
1161.6498,209.98734,20.93518,12.863144,0.15126011,2,-1,-1
765.3181,260.2249,19.564514,17.523773,0.15114453,10,-1,-1
807.4065,324.98633,11.60498,15.376892,0.15091342,1,-1,-1
660.19824,325.784,35.612,26.554535,0.15088621,3,-1,-1
923.88824,306.44006,12.062317,17.526306,0.15080875,1,-1,-1
606.77435,49.187016,10.96051,14.942997,0.15073839,1,-1,-1
1167.0195,186.93507,21.838623,16.114822,0.14907408,1,-1,-1
652.7878,759.55444,23.347778,27.989502,0.14856002,1,-1,-1
1026.0577,281.75943,16.993042,16.095032,0.14774328,2,-1,-1
1007.8204,286.98328,33.45868,23.113647,0.14757499,2,-1,-1
634.3849,316.08084,32.663147,22.718658,0.14719659,3,-1,-1
677.07135,187.48763,13.359253,18.744858,0.14701891,2,-1,-1
649.8866,356.87643,37.679993,23.127228,0.14680752,3,-1,-1
1154.868,195.25468,14.277466,12.430283,0.14678773,2,-1,-1
597.36194,222.92827,31.34082,16.21878,0.1467247,10,-1,-1
658.9645,180.91049,11.177612,14.590012,0.14643255,1,-1,-1
697.6033,151.34135,14.646973,22.03479,0.14619246,1,-1,-1
1141.1667,168.64644,22.01001,16.659637,0.1460033,1,-1,-1
755.66815,241.27042,10.351746,19.717743,0.14589486,1,-1,-1
767.10004,261.23837,9.206238,15.696228,0.14542702,2,-1,-1
687.17053,186.82791,15.205078,21.900604,0.14526305,1,-1,-1
723.1739,582.2478,9.203735,17.342102,0.14519691,1,-1,-1
802.23926,537.6471,10.68396,15.584534,0.14405784,1,-1,-1
540.57324,219.08058,34.53827,59.806686,0.14396709,10,-1,-1
1330.3884,135.36894,32.611816,17.804428,0.14392793,1,-1,-1
1376.612,106.24089,22.908691,17.403969,0.14390597,1,-1,-1
577.8025,172.2504,45.04706,23.43393,0.14380038,3,-1,-1
802.7134,327.4033,20.340576,15.338593,0.14352036,10,-1,-1
897.9945,289.24884,19.176758,19.194458,0.14331529,2,-1,-1
588.6598,127.773964,31.552185,23.519035,0.1425476,3,-1,-1
785.6298,439.52798,24.346558,51.601715,0.14192623,1,-1,-1
834.63116,381.482,37.664062,30.034729,0.14158711,10,-1,-1
580.87427,260.94547,48.413147,22.851807,0.14102402,10,-1,-1
864.86566,240.14203,15.339355,20.028015,0.14099821,1,-1,-1
996.1616,342.9225,17.066528,20.246307,0.14099392,1,-1,-1
657.32104,181.01671,10.36499,17.553604,0.1408734,2,-1,-1
895.91473,288.54276,14.831848,16.86728,0.14049378,1,-1,-1
945.0289,313.59824,18.179932,20.728302,0.14009157,1,-1,-1
683.7583,763.211,42.421936,24.332947,0.14008012,3,-1,-1
1108.6328,188.03116,24.789673,15.086639,0.13998634,2,-1,-1
716.88525,561.5093,13.006165,19.087463,0.13989317,2,-1,-1
647.91736,227.49219,11.774048,14.914856,0.13981742,2,-1,-1
769.03406,261.1771,11.336975,12.684143,0.13974336,1,-1,-1
765.91864,262.44406,10.27655,16.989563,0.13941914,10,-1,-1
1336.4653,177.00049,31.600952,16.846802,0.13939783,1,-1,-1
1112.77,178.22015,20.10022,12.987259,0.1390531,1,-1,-1
829.3086,554.1365,14.774231,24.037292,0.13886285,2,-1,-1
858.7722,723.4618,27.311523,32.43341,0.13847545,10,-1,-1
933.7817,221.88396,17.131348,13.36528,0.13790002,2,-1,-1
1153.124,198.74059,17.262573,12.827835,0.13780811,1,-1,-1
571.19727,169.99774,36.644043,23.453903,0.13717756,3,-1,-1
957.9165,275.2651,15.611633,11.4470215,0.13653746,2,-1,-1
701.4392,748.2508,34.184937,17.125366,0.13604042,10,-1,-1
573.387,143.56256,47.28888,33.192215,0.1359776,3,-1,-1
1380.3594,209.31468,12.195557,9.177338,0.13569123,2,-1,-1
952.1635,291.22687,12.419128,14.626373,0.13559905,1,-1,-1
606.9449,48.861355,21.962769,28.125195,0.13558394,2,-1,-1
638.6109,129.66808,10.875977,16.369385,0.13535371,2,-1,-1
1125.5377,173.07733,15.160156,12.671448,0.13534361,2,-1,-1
1117.75,190.80316,15.571411,8.504181,0.13523814,1,-1,-1
887.6932,256.097,18.787537,20.006195,0.13502538,1,-1,-1
1214.1627,234.4877,18.900146,20.099426,0.13498268,1,-1,-1
791.39453,461.2354,16.329468,27.265778,0.1348741,1,-1,-1
641.7224,128.80838,10.219482,15.91655,0.13474965,1,-1,-1
635.7924,128.00397,18.107422,21.639801,0.13446558,10,-1,-1
952.7731,273.86505,16.47876,13.885803,0.13433522,1,-1,-1
1133.4541,234.10588,20.01892,15.3497925,0.13419372,1,-1,-1
864.7706,262.05463,14.17865,21.846619,0.1329881,1,-1,-1
798.70074,532.83716,15.505432,21.787048,0.13242951,10,-1,-1
619.592,10.731615,11.109131,15.850096,0.1321063,1,-1,-1
1159.4978,187.62857,31.734741,23.339188,0.13187927,1,-1,-1
645.01135,336.54172,33.661987,18.501678,0.13152194,10,-1,-1
784.0486,542.2269,21.917969,26.782349,0.13127774,1,-1,-1
950.8892,291.18857,14.060974,15.447235,0.13095057,2,-1,-1
1260.555,206.91084,27.020142,16.888702,0.13092604,2,-1,-1
1028.1681,283.63614,17.417358,22.668854,0.1307882,2,-1,-1
636.125,738.41516,26.188232,30.226318,0.13053817,1,-1,-1
1127.2108,216.1496,18.024414,15.835709,0.13036525,2,-1,-1
685.91144,762.2687,37.721436,25.275269,0.12987745,2,-1,-1
700.7506,155.04866,14.789673,21.227722,0.12977052,2,-1,-1
569.16815,181.95189,51.787292,30.318954,0.12941128,10,-1,-1
645.17,90.92721,22.712708,24.328796,0.12920886,1,-1,-1
928.8617,288.3582,28.457153,17.231018,0.12916961,2,-1,-1
854.4304,729.5862,25.978516,33.473267,0.12913084,1,-1,-1
636.5782,738.4621,25.510864,29.79242,0.12846413,2,-1,-1
721.8467,583.93146,14.602295,18.845886,0.12823248,2,-1,-1
539.37463,155.75552,57.61206,31.337723,0.12805814,7,-1,-1
1140.8698,234.32812,12.043335,12.323685,0.12802944,2,-1,-1
1035.7477,185.3059,17.82019,16.373383,0.1278531,1,-1,-1
904.637,329.71277,16.151184,22.489075,0.12776312,1,-1,-1
744.60547,369.11633,14.455933,15.551147,0.1277619,1,-1,-1
667.6909,180.08266,9.495728,10.970856,0.12775007,2,-1,-1
692.26166,154.24757,10.821167,14.87059,0.12774536,1,-1,-1
1143.4749,163.6616,21.56726,17.111786,0.12758332,10,-1,-1
697.251,183.91422,9.829834,17.095245,0.1271204,1,-1,-1
586.4351,198.17653,41.434265,22.187271,0.12671518,10,-1,-1
653.8113,761.13403,20.99469,26.409912,0.12631586,10,-1,-1
1205.782,180.601,13.681274,12.195099,0.12626901,1,-1,-1
999.6815,334.2793,24.13153,21.884796,0.12605685,1,-1,-1
616.78186,10.414601,16.459839,22.6292,0.12602976,10,-1,-1
654.92456,0.0,14.544617,12.052175,0.12542433,2,-1,-1
664.1056,754.40247,60.786438,33.14148,0.12526804,3,-1,-1
558.82117,155.3542,52.18274,34.85411,0.124996185,10,-1,-1
686.0333,228.41464,10.45752,14.295837,0.124949574,1,-1,-1
1130.1403,177.83672,20.097656,15.242538,0.12482327,1,-1,-1
1108.6328,188.03116,24.789673,15.086639,0.12479389,10,-1,-1
791.39453,461.2354,16.329468,27.265778,0.12463522,10,-1,-1
763.7062,266.39227,10.306213,14.783325,0.1241439,1,-1,-1
659.6429,349.64474,31.76001,21.513245,0.123833925,1,-1,-1
929.6027,289.17905,34.88678,19.449799,0.123593956,10,-1,-1
644.864,225.28696,12.1922,14.079117,0.12324509,2,-1,-1
790.5977,531.55096,18.172607,24.147339,0.12321186,1,-1,-1
677.961,752.6418,28.593567,26.496155,0.12316677,10,-1,-1
806.24347,330.882,13.658203,13.147339,0.122983456,1,-1,-1
588.31604,197.9442,37.674683,22.458557,0.12288195,3,-1,-1
1023.8741,206.06381,24.111633,17.459717,0.12229797,10,-1,-1
1260.555,206.91084,27.020142,16.888702,0.122238874,10,-1,-1
1366.5923,207.88239,23.117554,16.383896,0.12201917,2,-1,-1
624.11005,302.79272,35.836792,26.377106,0.121896,3,-1,-1
657.28973,349.4632,34.99237,25.488647,0.121847,3,-1,-1
611.5666,261.25064,27.52832,13.288208,0.12184152,10,-1,-1
665.8521,179.27708,14.989807,17.469833,0.12161845,10,-1,-1
1267.1907,207.57391,15.535645,14.386353,0.12120879,1,-1,-1
681.93945,228.99637,20.332947,20.697647,0.12105733,1,-1,-1
1368.4026,208.41225,20.391235,14.135559,0.12105438,1,-1,-1
1355.9762,142.09766,27.45166,16.547607,0.120913744,10,-1,-1
786.24567,546.9758,14.723694,18.561707,0.12084839,2,-1,-1
636.58386,328.70493,34.7041,24.492706,0.120755404,10,-1,-1
647.49133,381.61435,31.737,16.404053,0.1207315,2,-1,-1
1130.9464,185.43092,21.651978,13.82695,0.12062493,1,-1,-1
1363.4568,212.571,11.64917,9.263077,0.12045598,2,-1,-1
644.3854,0.0,22.38739,11.776416,0.12031111,1,-1,-1
1343.341,179.32417,25.836548,13.665604,0.11916289,10,-1,-1
1011.1948,178.00545,15.43335,18.273666,0.118837714,1,-1,-1
1166.7876,170.09314,20.921875,18.32399,0.11870435,1,-1,-1
611.8587,149.09688,19.926208,36.986877,0.11837584,1,-1,-1
749.83636,180.07997,13.71637,21.219284,0.118147194,1,-1,-1
639.05316,86.049644,24.405457,24.581612,0.117981434,10,-1,-1
657.82666,0.0,9.362793,9.996711,0.11778182,1,-1,-1
682.8082,669.6716,50.147522,27.073975,0.11761287,3,-1,-1
1389.2021,162.62842,10.3186035,17.339905,0.11740798,1,-1,-1
679.7363,225.876,10.094116,13.667862,0.117407024,2,-1,-1
572.65814,110.969696,49.03894,28.18483,0.11735794,1,-1,-1
695.69257,186.04555,13.846558,16.918304,0.11719614,2,-1,-1
1144.4067,182.6311,13.255127,11.421371,0.117037565,1,-1,-1
655.3587,764.2055,50.542908,23.33844,0.11666176,10,-1,-1
712.38336,559.0828,20.77417,25.366028,0.11663246,1,-1,-1
587.4308,150.36797,42.938416,35.593323,0.11655295,3,-1,-1
1162.8871,183.5763,18.188843,14.582565,0.11629552,1,-1,-1
858.26825,285.78592,14.051025,15.439636,0.11616221,1,-1,-1
692.9139,746.44794,46.51654,31.726685,0.11600509,10,-1,-1
634.68195,316.47473,32.317444,21.989899,0.11588779,1,-1,-1
758.17615,536.0844,18.321838,22.949585,0.1158447,4,-1,-1
637.87427,318.94498,40.602417,24.748932,0.11559641,3,-1,-1
891.1551,286.8455,23.968323,26.651123,0.11552459,1,-1,-1
643.26013,388.57156,38.627014,25.90915,0.11548945,3,-1,-1
1137.5709,186.68985,24.169067,16.469406,0.115278125,1,-1,-1
679.26404,330.30658,17.815796,20.208557,0.11527258,1,-1,-1
580.51465,240.61292,42.79181,24.076477,0.11522502,10,-1,-1
799.0187,329.21536,25.490723,18.840637,0.11521882,1,-1,-1
847.38605,593.99835,30.319702,19.561035,0.11488959,3,-1,-1
789.87555,549.8483,11.58136,13.858215,0.11408767,1,-1,-1
674.209,21.089943,17.716797,26.804886,0.11401871,3,-1,-1
786.8482,532.4335,10.50177,21.845276,0.11394191,1,-1,-1
687.19574,151.9092,14.461731,19.125305,0.11393872,2,-1,-1
634.87134,742.1767,31.989258,40.57831,0.11365247,10,-1,-1
1013.30804,285.8178,26.819519,25.226807,0.113598466,1,-1,-1
590.0707,320.66956,32.84973,25.130371,0.11359522,1,-1,-1
682.5598,764.4005,45.053406,23.143433,0.11338729,4,-1,-1
769.497,258.205,10.676819,12.783234,0.11304715,2,-1,-1
851.6946,593.5502,33.289795,43.169067,0.11304256,10,-1,-1
567.60474,113.16224,53.013977,34.01615,0.112988025,7,-1,-1
911.0336,287.62363,53.55548,32.51779,0.112680614,10,-1,-1
1023.3005,284.42487,20.908508,22.034851,0.11248404,1,-1,-1
813.47723,416.26392,83.453125,110.26428,0.11222795,8,-1,-1
562.52795,174.98055,37.494263,40.475662,0.1121639,3,-1,-1
695.8087,764.5024,21.753906,23.041565,0.11206603,1,-1,-1
636.125,738.41516,26.188232,30.226318,0.11199957,3,-1,-1
695.0541,697.5638,35.83142,21.90039,0.11171606,3,-1,-1
726.5466,167.9356,14.056885,21.377686,0.11141434,1,-1,-1
651.5129,417.94315,38.3136,24.75711,0.111387074,1,-1,-1
937.9793,314.18082,18.646301,16.796509,0.11117315,1,-1,-1
652.58234,443.08505,29.340271,21.233551,0.11105034,3,-1,-1
679.3671,742.19415,55.215088,26.115906,0.11101413,3,-1,-1
1126.5657,188.01904,11.169922,9.139786,0.11095306,1,-1,-1
944.69775,275.34308,20.183716,11.756012,0.11094257,2,-1,-1
886.4479,247.37097,21.513733,22.598328,0.110667735,1,-1,-1
676.72095,187.98409,14.592468,20.015533,0.11050227,10,-1,-1
856.5141,281.73566,19.115417,19.421722,0.11045027,10,-1,-1
608.62213,377.16837,41.89502,22.674164,0.110397965,3,-1,-1
741.7249,599.62885,9.586548,13.401733,0.11032155,1,-1,-1
614.1544,378.47644,32.19696,19.260773,0.11027759,1,-1,-1
643.42035,224.77417,10.862976,14.200897,0.110256314,1,-1,-1
930.36255,219.55428,21.46643,16.309738,0.11014074,3,-1,-1
1343.642,136.68822,40.798706,27.626297,0.109689,1,-1,-1
1126.42,183.42278,12.784058,11.310059,0.10954499,1,-1,-1
941.52,271.55975,38.452026,18.92389,0.109353006,3,-1,-1
654.5197,356.2245,37.008545,23.381958,0.109051645,1,-1,-1
789.00824,504.52158,21.908936,24.356842,0.1089375,1,-1,-1
887.71533,663.0713,17.243225,26.090515,0.1087327,1,-1,-1
685.9788,228.1107,10.259399,15.531647,0.1087316,2,-1,-1
654.3918,180.67128,15.457764,22.469147,0.10844681,10,-1,-1
1162.634,194.68875,22.906128,11.913132,0.10843155,1,-1,-1
1158.1544,202.27757,64.51514,37.687714,0.108367264,10,-1,-1
636.125,738.41516,26.188232,30.226318,0.10832,10,-1,-1
606.77435,49.187016,10.96051,14.942997,0.10830575,2,-1,-1
892.0929,300.01877,16.93451,24.712952,0.10830203,1,-1,-1
857.31433,294.13882,18.47113,19.406342,0.10800195,10,-1,-1
1349.2413,146.15608,26.460693,15.853043,0.107886165,1,-1,-1
707.5221,213.43816,10.677063,16.350128,0.10787958,2,-1,-1
898.2297,289.4613,18.932495,19.382355,0.10749906,10,-1,-1
1133.5614,234.34071,19.912354,15.298706,0.10748881,2,-1,-1
683.0458,670.2221,51.648865,24.467773,0.10723731,4,-1,-1
1373.1815,208.99371,11.388062,9.61734,0.107106686,2,-1,-1
570.2163,155.56938,37.19818,31.183136,0.107004076,3,-1,-1
788.2105,455.5619,19.381104,31.914764,0.10674882,7,-1,-1
666.60815,762.28265,25.027832,25.261292,0.106601685,1,-1,-1
1393.1385,176.01903,6.382202,8.406265,0.10640755,1,-1,-1
1332.9946,117.79138,60.69751,33.34668,0.1061773,10,-1,-1
784.01526,532.7689,17.504944,29.95819,0.10601872,2,-1,-1
996.34467,288.18872,42.03119,25.160797,0.10579601,10,-1,-1
813.47723,416.26392,83.453125,110.26428,0.10579538,5,-1,-1
1349.1232,141.40256,34.365356,19.745895,0.105724484,3,-1,-1
623.1999,302.5773,37.09015,27.12088,0.105710775,1,-1,-1
648.5169,0.0,26.264893,15.190927,0.10517955,1,-1,-1
682.98584,228.68951,11.665344,18.346817,0.10506073,10,-1,-1
952.7227,274.92975,11.635742,8.784973,0.10498226,2,-1,-1
1001.21246,334.69003,22.014221,20.207886,0.1049723,2,-1,-1
699.1029,187.61922,10.529663,14.681244,0.1048978,1,-1,-1
1153.5963,187.10542,15.694336,13.394348,0.1048941,1,-1,-1
653.32666,752.66254,26.067932,29.750366,0.104834825,2,-1,-1
651.838,749.60706,29.670654,36.098022,0.104819804,3,-1,-1
652.88074,98.0243,16.272766,17.450516,0.104662836,2,-1,-1
811.734,258.18814,9.350952,12.760895,0.10462645,2,-1,-1
597.3965,318.541,55.705994,29.019073,0.104573876,10,-1,-1
655.20056,180.14868,13.016235,22.825058,0.10451722,3,-1,-1
649.12756,228.528,9.970947,13.080582,0.10444492,1,-1,-1
846.37787,748.1991,19.662964,20.929932,0.10430542,10,-1,-1
691.2013,226.96848,10.093201,17.945389,0.104076385,10,-1,-1
605.85736,48.93555,17.623535,27.972378,0.104013056,3,-1,-1
596.2046,194.2851,34.47827,16.624084,0.10398206,10,-1,-1
705.4763,75.73119,77.38873,112.14658,0.10393244,8,-1,-1
719.93085,256.41364,8.32074,16.582611,0.103833854,1,-1,-1
1378.8959,211.79611,12.148926,9.693359,0.10382676,1,-1,-1
631.0241,350.4198,60.81653,31.983032,0.10372728,10,-1,-1
605.85736,48.93555,17.623535,27.972378,0.10358843,10,-1,-1
598.5819,261.65616,43.971375,19.168488,0.103482336,3,-1,-1
758.8084,709.7646,10.097168,15.585876,0.1031093,1,-1,-1
1145.9025,186.6099,26.036377,16.871597,0.103108436,2,-1,-1
781.4655,636.76373,10.308655,15.622131,0.10304955,2,-1,-1
822.6356,649.22174,8.528809,15.289673,0.102998346,1,-1,-1
1156.9033,222.97981,16.559692,17.237976,0.102990955,1,-1,-1
643.26013,388.57156,38.627014,25.90915,0.10282907,1,-1,-1
681.72705,224.45763,16.04712,16.059235,0.10275766,1,-1,-1
850.05414,285.08755,19.667908,23.114807,0.102544785,1,-1,-1
781.8701,635.8609,9.843628,16.46405,0.10252759,1,-1,-1
859.41406,730.2615,14.768494,24.97998,0.102309644,2,-1,-1
1141.1667,168.64644,22.01001,16.659637,0.10223189,2,-1,-1
921.96045,281.56177,18.80304,17.183014,0.1020436,1,-1,-1
813.9179,256.01657,9.690796,13.652405,0.102017194,2,-1,-1
1113.3335,172.83972,19.303833,13.827072,0.10197383,1,-1,-1
654.36475,0.0,10.368469,8.665871,0.10165116,1,-1,-1
