1069.5917,402.0306,19.458496,35.80374,0.6554647,1,-1,-1
1119.9614,638.0789,17.59021,32.216797,0.49661595,1,-1,-1
1072.6592,762.21686,30.270996,24.42981,0.44942814,10,-1,-1
1062.9199,409.87024,18.567993,34.887177,0.3468644,1,-1,-1
911.86066,214.72699,30.15155,25.541428,0.28325588,4,-1,-1
1015.3531,394.81494,15.568054,36.430023,0.28167146,1,-1,-1
911.86066,214.72699,30.15155,25.541428,0.21056569,7,-1,-1
911.573,215.30449,30.776672,25.30194,0.16971782,8,-1,-1
1072.6592,762.21686,30.270996,24.42981,0.1421183,2,-1,-1
911.86066,214.72699,30.15155,25.541428,0.14011005,6,-1,-1
1072.6592,762.21686,30.270996,24.42981,0.12568367,1,-1,-1
915.89966,175.10773,19.993225,29.564713,0.102425665,7,-1,-1
976.3894,281.84036,18.293396,36.858673,0.09175894,8,-1,-1
911.9221,215.298,30.44403,25.357574,0.08457428,10,-1,-1
939.3504,377.1862,17.982178,32.51416,0.08188608,1,-1,-1
935.98724,251.08327,18.867676,29.41716,0.078688085,7,-1,-1
1122.2363,401.80063,21.062378,38.722137,0.07267213,1,-1,-1
935.6937,247.62448,19.329163,30.078796,0.07166913,1,-1,-1
911.96014,215.58292,30.856995,25.573029,0.07006559,5,-1,-1
935.70496,233.30826,21.253967,30.493073,0.069155306,2,-1,-1
911.96014,215.58292,30.856995,25.573029,0.06908363,1,-1,-1
955.16113,366.07492,16.996948,32.313995,0.06660783,1,-1,-1
936.00116,230.33075,21.747925,29.513947,0.06600347,1,-1,-1
935.6937,247.62448,19.329163,30.078796,0.064501524,8,-1,-1
976.4301,281.31155,19.339539,36.750732,0.06079653,5,-1,-1
870.38995,219.37675,16.402405,34.21306,0.06009218,1,-1,-1
1114.9569,630.8601,18.395508,31.516846,0.057070047,1,-1,-1
935.6937,247.62448,19.329163,30.078796,0.056257755,2,-1,-1
946.0388,289.3171,17.058105,30.858826,0.054944754,1,-1,-1
1072.7275,762.5828,31.183838,24.063843,0.052262098,3,-1,-1
