529.9488,232.96756,67.09021,50.77957,0.9999944,4,-1,-1
506.45477,172.44296,58.14624,43.16649,0.99997354,4,-1,-1
171.07182,323.49344,98.5132,65.32938,0.9999685,4,-1,-1
365.2769,326.19705,85.20099,63.6192,0.99988955,4,-1,-1
452.64648,198.57399,63.176025,45.28421,0.9998683,4,-1,-1
448.6672,274.33627,78.70004,59.8013,0.9996134,4,-1,-1
689.94855,127.20238,59.43347,49.547943,0.99913216,5,-1,-1
648.18567,168.24805,56.32196,42.19565,0.9990531,4,-1,-1
740.7301,113.127144,44.34198,33.782036,0.9986559,4,-1,-1
767.0779,93.325554,40.02124,32.195717,0.9973856,4,-1,-1
0.0,448.8612,141.8375,99.69995,0.99541795,4,-1,-1
127.63811,493.28912,52.57292,45.937256,0.99222153,10,-1,-1
829.3807,58.307415,38.89038,26.206753,0.98979366,4,-1,-1
584.22156,128.97794,49.046204,42.50731,0.985722,4,-1,-1
806.20197,76.20203,38.49408,26.96605,0.9835177,4,-1,-1
728.0078,63.86514,40.15851,29.352375,0.9831488,4,-1,-1
842.9478,25.12677,31.595154,24.088055,0.97737765,4,-1,-1
373.12323,216.33328,86.95035,66.6597,0.9669783,5,-1,-1
775.9924,13.148218,38.163635,24.923605,0.94473493,4,-1,-1
165.66356,477.59143,45.21872,50.66211,0.9291992,10,-1,-1
827.4378,6.8321385,36.572815,22.89983,0.9241644,4,-1,-1
856.6269,43.17344,32.910583,25.694626,0.83105135,4,-1,-1
597.7695,492.3875,40.550476,45.796997,0.8181299,6,-1,-1
763.44885,436.08997,15.967102,39.77997,0.7478256,1,-1,-1
282.1425,395.66434,62.066376,36.52426,0.7222384,10,-1,-1
727.19556,21.228325,46.06543,19.107944,0.67428434,4,-1,-1
495.91638,107.981094,35.75049,42.53163,0.6537115,5,-1,-1
434.3547,156.47772,38.815247,26.430496,0.6315125,4,-1,-1
151.88667,486.61856,50.027267,47.692963,0.5891308,10,-1,-1
587.0525,188.1671,70.760925,56.305237,0.5512876,4,-1,-1
169.14067,471.1664,59.61606,45.23886,0.5505156,10,-1,-1
587.8028,187.37486,70.996216,57.06572,0.51674026,5,-1,-1
405.7302,110.89272,89.79605,49.514854,0.49752608,6,-1,-1
880.50305,20.883081,32.423218,27.749224,0.4839185,5,-1,-1
880.50305,20.883081,32.423218,27.749224,0.48042107,4,-1,-1
494.94244,108.675674,35.324768,42.368835,0.47498053,4,-1,-1
220.4394,432.35208,62.26323,44.623657,0.3791915,2,-1,-1
601.23114,476.23383,46.65625,55.190308,0.35071337,6,-1,-1
267.02124,403.92535,69.66522,40.616974,0.34011462,10,-1,-1
574.7964,307.17984,22.520752,41.9404,0.33057177,10,-1,-1
724.459,14.851683,44.869507,19.005022,0.31173497,4,-1,-1
264.56973,419.36792,48.160522,43.55844,0.31015086,2,-1,-1
0.0,447.56345,140.75452,102.8602,0.3074719,5,-1,-1
888.5105,32.051384,68.7699,50.255844,0.2839337,6,-1,-1
335.99725,225.36667,31.940186,31.530945,0.28387666,10,-1,-1
246.74083,247.95844,18.053726,32.51944,0.25215304,10,-1,-1
600.9592,508.23276,32.687683,38.43747,0.24612266,6,-1,-1
464.46567,89.12387,52.436127,34.150703,0.23733431,5,-1,-1
758.3135,327.13724,17.587708,34.8291,0.2289331,1,-1,-1
597.7133,464.85352,44.033264,50.812866,0.22683701,6,-1,-1
245.11308,241.91365,18.486923,33.48677,0.22578788,1,-1,-1
175.35863,459.7126,58.139664,43.872498,0.22055158,10,-1,-1
703.1688,14.484795,43.3797,19.496902,0.21996045,4,-1,-1
269.36014,418.01288,42.467987,44.796936,0.21497491,1,-1,-1
219.40854,424.13544,79.23944,46.119354,0.21477312,10,-1,-1
434.3547,156.47772,38.815247,26.430496,0.21354204,5,-1,-1
573.8097,306.8405,23.45697,42.473724,0.21238455,1,-1,-1
495.91638,107.981094,35.75049,42.53163,0.20753321,6,-1,-1
574.7029,307.24664,22.35205,38.872833,0.2060487,2,-1,-1
731.9067,0.9820794,41.701843,18.860235,0.20248169,5,-1,-1
456.20767,99.82419,39.83908,27.440384,0.20229918,5,-1,-1
252.1332,250.02612,19.9348,32.79904,0.19314525,10,-1,-1
231.10684,420.2438,78.98468,46.282562,0.1866692,1,-1,-1
729.5831,16.535343,42.51062,20.34188,0.18651867,5,-1,-1
852.00494,0.0,37.20984,15.099025,0.18635315,4,-1,-1
743.1514,17.870966,39.853455,21.284876,0.18377846,4,-1,-1
280.64227,395.21698,62.769287,36.362732,0.18368655,1,-1,-1
283.23746,396.7954,59.124176,35.319855,0.17857093,2,-1,-1
243.26877,241.07146,20.344788,31.449509,0.17834964,2,-1,-1
583.99866,128.30305,49.309937,42.759293,0.17784831,5,-1,-1
227.37576,421.1888,77.60837,45.59305,0.17728475,2,-1,-1
129.26306,493.57654,52.204666,44.479614,0.1744476,2,-1,-1
280.78644,396.1637,66.14255,39.62198,0.16685644,4,-1,-1
464.90573,88.7214,53.15988,35.995796,0.16212264,6,-1,-1
712.6862,17.57498,47.82959,21.463781,0.15831563,4,-1,-1
465.95605,91.06564,58.871704,41.845795,0.15775615,4,-1,-1
214.3452,428.22876,75.960495,45.285217,0.15647128,1,-1,-1
484.9253,100.70344,44.016235,40.398903,0.15515026,5,-1,-1
230.86256,443.1367,42.407455,39.174927,0.15333432,2,-1,-1
921.66785,27.101732,39.866028,23.927015,0.15270013,5,-1,-1
243.15497,443.5009,40.157227,27.701721,0.15146446,2,-1,-1
731.9067,0.9820794,41.701843,18.860235,0.14979556,4,-1,-1
530.5956,337.35184,20.877441,40.907227,0.1492784,1,-1,-1
907.5043,35.899952,38.114746,26.380783,0.1454756,4,-1,-1
291.18042,416.21463,26.832153,35.441803,0.14466208,1,-1,-1
246.74083,247.95844,18.053726,32.51944,0.1438463,3,-1,-1
571.7454,298.0585,23.090454,33.332275,0.1419431,2,-1,-1
251.51999,414.37418,68.59329,46.348053,0.14093441,10,-1,-1
252.1332,250.02612,19.9348,32.79904,0.14086565,3,-1,-1
244.2028,253.02995,25.025955,27.813004,0.13684586,2,-1,-1
456.20767,99.82419,39.83908,27.440384,0.13670045,6,-1,-1
731.9067,0.9820794,41.701843,18.860235,0.13635543,6,-1,-1
244.2028,253.02995,25.025955,27.813004,0.13595843,1,-1,-1
388.53625,382.90002,35.434753,22.434479,0.13551491,3,-1,-1
693.4774,259.44196,29.275452,23.266418,0.13498732,3,-1,-1
702.887,15.518691,42.958313,20.016495,0.13459268,5,-1,-1
247.72292,707.43195,16.244919,39.441467,0.13427114,1,-1,-1
879.42596,21.052416,34.281433,27.71227,0.1342105,6,-1,-1
449.46988,77.17832,26.727966,23.607704,0.13363513,5,-1,-1
274.25626,408.1407,48.657166,39.011017,0.13326088,1,-1,-1
454.946,104.464355,38.385834,25.376999,0.13299322,4,-1,-1
598.2471,182.79364,63.77124,38.908417,0.1329253,4,-1,-1
855.7031,23.113756,35.61737,27.985716,0.13283905,4,-1,-1
641.3045,204.85716,19.500244,33.68457,0.13141245,1,-1,-1
242.4609,652.47595,17.326141,42.14496,0.13085064,1,-1,-1
751.1209,100.515274,48.003906,38.192947,0.12914327,4,-1,-1
840.92584,1.5045755,34.166077,19.818577,0.12836471,4,-1,-1
907.5043,35.899952,38.114746,26.380783,0.12688982,5,-1,-1
328.4579,227.10847,27.501068,33.029068,0.12346718,10,-1,-1
737.55347,40.957073,26.59784,24.976536,0.123050004,4,-1,-1
295.52655,407.4905,45.122375,28.298187,0.12138453,2,-1,-1
302.56842,417.2099,24.25824,31.825989,0.120437235,1,-1,-1
406.6373,111.727806,89.70654,48.66346,0.11972046,5,-1,-1
246.989,451.67215,30.12416,26.214539,0.119164556,2,-1,-1
286.45303,417.98956,33.28479,32.26581,0.11905795,2,-1,-1
449.1014,76.217384,25.396301,25.056961,0.11881757,4,-1,-1
571.7454,298.0585,23.090454,33.332275,0.1179153,1,-1,-1
715.6073,18.87932,48.868652,20.249815,0.11782977,6,-1,-1
715.03754,1.7739364,43.986084,20.328653,0.113714606,6,-1,-1
700.4513,12.524904,74.84827,30.565207,0.113165766,6,-1,-1
247.95042,241.55473,21.95729,31.326706,0.1130684,3,-1,-1
434.3547,156.47772,38.815247,26.430496,0.11273867,8,-1,-1
737.55347,40.957073,26.59784,24.976536,0.112210244,5,-1,-1
899.1517,34.93515,47.821655,33.130814,0.112193316,6,-1,-1
572.4297,304.9615,24.0625,38.999115,0.111423135,8,-1,-1
247.95042,241.55473,21.95729,31.326706,0.11132169,10,-1,-1
336.03104,224.97018,32.81595,31.78183,0.10919678,3,-1,-1
252.03731,242.14853,19.600906,34.806335,0.10890946,2,-1,-1
183.42824,163.16309,23.393784,27.648376,0.1084553,5,-1,-1
280.78644,396.1637,66.14255,39.62198,0.10804957,8,-1,-1
762.5459,15.76607,37.148438,22.911346,0.10743299,4,-1,-1
298.21057,418.90637,32.69211,27.744202,0.106484264,2,-1,-1
735.90137,52.250042,29.840393,23.424587,0.10537648,4,-1,-1
571.7454,298.0585,23.090454,33.332275,0.10526326,10,-1,-1
121.6325,465.30655,18.16816,37.589355,0.10482025,1,-1,-1
286.48386,405.11224,46.50113,30.975891,0.10435709,1,-1,-1
388.92398,382.75735,34.37378,22.904114,0.103820175,10,-1,-1
488.5293,100.994606,36.94684,35.243675,0.10342574,4,-1,-1
700.4894,1.7463623,44.86194,21.777155,0.10315606,6,-1,-1
230.86256,443.1367,42.407455,39.174927,0.102285445,1,-1,-1
702.5402,16.311455,44.60553,20.415047,0.10163137,6,-1,-1
234.29855,428.73297,46.158417,34.32831,0.10130942,2,-1,-1
922.03076,2.9071634,32.423584,17.945826,0.101053745,4,-1,-1
241.38315,240.034,19.9104,32.484894,0.1003699,10,-1,-1
495.7055,108.28352,35.47821,42.335007,0.10020518,1,-1,-1
434.3547,156.47772,38.815247,26.430496,0.09990737,7,-1,-1
252.03731,242.14853,19.600906,34.806335,0.099791825,1,-1,-1
598.2471,182.79364,63.77124,38.908417,0.0995149,5,-1,-1
282.49005,396.59714,64.3396,39.177765,0.09920949,7,-1,-1
906.44666,4.426144,33.822937,17.6092,0.09890196,4,-1,-1
847.7632,47.749,32.571594,26.708252,0.09731737,4,-1,-1
856.076,43.05846,31.911377,26.783764,0.09703916,5,-1,-1
737.55347,40.957073,26.59784,24.976536,0.096668184,7,-1,-1
712.6862,17.57498,47.82959,21.463781,0.096168846,5,-1,-1
672.7638,16.617502,43.927063,26.09934,0.09511399,9,-1,-1
896.72076,9.059284,29.529541,21.257153,0.09491685,4,-1,-1
389.2058,383.1019,33.938995,24.327606,0.09478417,1,-1,-1
278.23206,410.4687,47.470337,29.62912,0.09385443,2,-1,-1
842.35175,25.290234,32.327026,24.37199,0.09327671,5,-1,-1
184.46146,162.32002,22.50676,27.784027,0.093094975,4,-1,-1
879.937,21.457294,33.107666,27.087017,0.09290096,1,-1,-1
462.04337,97.18354,59.34207,40.658775,0.092482895,5,-1,-1
587.7105,187.314,70.97357,56.86316,0.09221977,6,-1,-1
842.9478,25.12677,31.595154,24.088055,0.09196064,1,-1,-1
886.9748,39.425255,34.332703,29.894722,0.09083614,4,-1,-1
372.4819,218.99754,89.42572,64.48421,0.09071079,4,-1,-1
208.47629,306.4829,27.104965,28.554504,0.089942575,1,-1,-1
206.34886,307.96182,31.462814,25.09494,0.089303285,10,-1,-1
442.46457,101.5969,34.75717,23.760529,0.08822128,5,-1,-1
913.5361,28.680618,38.44458,26.79607,0.08790487,4,-1,-1
212.1808,433.9888,70.18144,47.55832,0.087415844,10,-1,-1
458.12314,92.22091,42.548126,30.94506,0.087397665,4,-1,-1
373.27045,198.33224,17.641174,34.854553,0.08714056,1,-1,-1
631.0321,205.03857,23.500061,34.886993,0.0869562,1,-1,-1
413.81424,144.93607,39.32431,23.359497,0.08665261,4,-1,-1
685.3215,230.94826,17.723816,33.464005,0.086517245,1,-1,-1
196.33615,236.15465,19.508392,34.864975,0.08646345,1,-1,-1
691.5393,228.77608,21.115295,34.707596,0.0860472,1,-1,-1
765.6847,0.0,41.729736,14.307629,0.0860188,5,-1,-1
451.2022,113.8543,40.33191,28.36721,0.085285485,4,-1,-1
369.20834,209.1295,19.749878,29.315521,0.08495858,1,-1,-1
905.1757,26.483662,33.15454,25.829006,0.08477011,4,-1,-1
442.46457,101.5969,34.75717,23.760529,0.084560394,6,-1,-1
775.9924,13.148218,38.163635,24.923605,0.08435622,5,-1,-1
433.43958,416.80264,22.945923,42.76425,0.08432704,1,-1,-1
432.60284,156.15288,40.33725,27.299728,0.083738774,1,-1,-1
170.42288,471.55405,52.647217,44.73642,0.083176404,1,-1,-1
279.56036,410.60727,38.80075,33.667847,0.08304012,10,-1,-1
239.93028,419.63962,72.16994,45.01361,0.082862705,7,-1,-1
715.03754,1.7739364,43.986084,20.328653,0.082791835,5,-1,-1
651.7093,204.20053,18.518188,36.56845,0.082755595,1,-1,-1
134.76172,492.9902,44.57863,45.62216,0.08233848,1,-1,-1
124.7229,494.15308,57.518723,50.56842,0.08230165,3,-1,-1
347.6099,222.66246,27.956116,31.977066,0.08216247,10,-1,-1
168.74529,480.3176,41.235275,48.883636,0.081255436,1,-1,-1
616.3796,471.29813,48.6474,62.178192,0.081195265,6,-1,-1
774.82916,4.6063724,35.915955,22.814938,0.08100602,4,-1,-1
432.6264,95.13983,32.27295,22.856232,0.08085033,5,-1,-1
203.49968,236.00401,18.500626,34.817947,0.080636114,1,-1,-1
306.37473,409.92578,36.835052,26.938965,0.08063218,1,-1,-1
435.37643,95.7492,29.569519,23.824913,0.079931855,4,-1,-1
232.71468,434.17978,32.111435,35.739746,0.0798797,2,-1,-1
494.94244,108.675674,35.324768,42.368835,0.07963717,7,-1,-1
446.0951,106.76033,44.069733,23.245605,0.07942036,6,-1,-1
706.7595,22.980322,40.294983,26.403185,0.07906857,4,-1,-1
572.4297,304.9615,24.0625,38.999115,0.07899764,7,-1,-1
743.1514,17.870966,39.853455,21.284876,0.07870874,5,-1,-1
406.6373,111.727806,89.70654,48.66346,0.078403175,4,-1,-1
570.9454,307.14517,25.580017,36.12561,0.07797745,3,-1,-1
464.46567,89.12387,52.436127,34.150703,0.07774806,9,-1,-1
724.459,14.851683,44.869507,19.005022,0.077423155,6,-1,-1
495.91638,107.981094,35.75049,42.53163,0.07725075,9,-1,-1
650.4592,206.37645,22.191101,32.820343,0.07708612,10,-1,-1
766.6418,1.3987488,39.64087,18.776104,0.07626158,4,-1,-1
166.2546,479.7538,46.349472,46.037018,0.0761517,2,-1,-1
531.1266,338.2712,20.157837,40.566956,0.07564023,10,-1,-1
484.9253,100.70344,44.016235,40.398903,0.07529962,6,-1,-1
577.5486,292.94577,26.481995,28.200775,0.07518676,2,-1,-1
239.93028,419.63962,72.16994,45.01361,0.0748288,8,-1,-1
246.81235,710.46124,18.868103,31.980408,0.074807554,2,-1,-1
239.82271,434.08972,41.357437,43.510468,0.07480547,1,-1,-1
577.5486,292.94577,26.481995,28.200775,0.074547976,1,-1,-1
715.1673,33.085075,36.630615,24.861336,0.07442272,4,-1,-1
473.96497,100.19873,61.674744,44.2323,0.07416409,4,-1,-1
316.38974,405.4684,25.03653,32.987152,0.07387146,2,-1,-1
611.9594,503.97607,36.44153,36.722534,0.07381526,6,-1,-1
434.3547,156.47772,38.815247,26.430496,0.073736966,10,-1,-1
637.47,189.64624,25.10553,33.685623,0.073485285,1,-1,-1
446.0951,106.76033,44.069733,23.245605,0.07340258,5,-1,-1
577.5486,292.94577,26.481995,28.200775,0.07307765,10,-1,-1
427.9513,146.6727,42.516235,26.147507,0.072336495,4,-1,-1
424.07037,68.45765,31.84793,22.13285,0.07194105,5,-1,-1
423.45667,94.5017,28.525543,23.544785,0.071566105,5,-1,-1
184.46146,162.32002,22.50676,27.784027,0.07146686,1,-1,-1
184.46146,162.32002,22.50676,27.784027,0.071226895,8,-1,-1
406.30612,111.953674,89.56308,48.55336,0.07109606,9,-1,-1
880.50305,20.883081,32.423218,27.749224,0.07085693,9,-1,-1
241.38315,240.034,19.9104,32.484894,0.07014838,3,-1,-1
912.34735,26.674269,47.184692,28.451483,0.07005718,6,-1,-1
614.62744,515.8906,28.432617,30.95459,0.06986162,6,-1,-1
0.0,448.18646,142.23016,101.095215,0.06974596,6,-1,-1
717.09424,212.10742,19.694885,27.98494,0.06930044,1,-1,-1
206.34886,307.96182,31.462814,25.09494,0.06886345,3,-1,-1
765.6847,0.0,41.729736,14.307629,0.0688445,6,-1,-1
903.313,26.822252,38.18628,24.050642,0.0687471,5,-1,-1
442.46457,101.5969,34.75717,23.760529,0.06873348,4,-1,-1
902.692,15.330927,28.678589,25.839281,0.06859854,4,-1,-1
154.29533,489.70654,33.248642,40.98755,0.06821519,1,-1,-1
214.39323,429.15903,74.71709,49.368225,0.06820509,3,-1,-1
591.69476,520.1806,37.351807,27.446716,0.06801587,6,-1,-1
369.20834,209.1295,19.749878,29.315521,0.06757063,10,-1,-1
840.37274,8.167452,33.888855,24.716799,0.067230254,4,-1,-1
657.07477,206.68393,18.922668,37.717117,0.0669809,1,-1,-1
922.03076,2.9071634,32.423584,17.945826,0.06624088,5,-1,-1
467.9144,103.17707,42.753784,28.543266,0.066135705,4,-1,-1
827.54956,9.136909,35.19348,23.23816,0.06609076,5,-1,-1
372.99106,216.5891,86.54294,66.51637,0.06605941,1,-1,-1
511.91653,79.839676,34.80307,25.563332,0.06600237,4,-1,-1
842.7621,0.0,38.374207,15.334497,0.065830976,5,-1,-1
700.4894,1.7463623,44.86194,21.777155,0.065541804,4,-1,-1
691.5393,228.77608,21.115295,34.707596,0.065255195,2,-1,-1
641.3045,204.85716,19.500244,33.68457,0.06518912,2,-1,-1
192.85918,472.2676,58.481018,44.782013,0.06509507,10,-1,-1
693.1823,252.2994,23.232971,29.325516,0.06507921,1,-1,-1
413.81424,144.93607,39.32431,23.359497,0.06469968,5,-1,-1
470.61264,102.65142,39.02948,29.30523,0.064674556,5,-1,-1
685.6429,17.322891,43.29608,23.224705,0.06449449,6,-1,-1
890.23676,17.854446,31.775635,24.701778,0.06446132,5,-1,-1
244.75294,426.61276,52.10234,31.918823,0.0640378,2,-1,-1
207.12384,584.8967,36.465103,27.604797,0.06370452,1,-1,-1
531.1266,338.2712,20.157837,40.566956,0.06343374,2,-1,-1
184.46146,162.32002,22.50676,27.784027,0.06336799,10,-1,-1
150.94191,500.867,31.111969,42.2995,0.06304771,1,-1,-1
685.6429,17.322891,43.29608,23.224705,0.062853366,4,-1,-1
855.7031,23.113756,35.61737,27.985716,0.06271419,5,-1,-1
672.1867,16.615955,44.28528,26.041885,0.062618494,6,-1,-1
799.1572,9.789471,34.43158,21.83206,0.06261799,4,-1,-1
685.6429,17.322891,43.29608,23.224705,0.062300086,5,-1,-1
707.85376,25.526978,37.210266,23.959442,0.06208554,5,-1,-1
585.18884,186.97755,71.69891,56.73503,0.062020153,1,-1,-1
247.72292,707.43195,16.244919,39.441467,0.06199172,3,-1,-1
888.3556,4.2297225,36.952576,18.830168,0.061907977,4,-1,-1
212.58832,451.191,59.200043,43.535706,0.061836988,1,-1,-1
212.58832,451.191,59.200043,43.535706,0.06181103,2,-1,-1
452.63196,97.649414,62.6156,37.432007,0.06151235,6,-1,-1
435.37643,95.7492,29.569519,23.824913,0.061488092,6,-1,-1
640.0656,207.99991,20.818176,33.853256,0.061405182,10,-1,-1
850.9283,35.10141,35.598145,27.940655,0.06120938,4,-1,-1
586.57446,291.4239,25.692688,31.08133,0.06071779,1,-1,-1
758.1506,1.3895943,41.12433,19.361143,0.060705245,5,-1,-1
150.94191,500.867,31.111969,42.2995,0.060641408,2,-1,-1
183.4742,161.72943,23.133652,26.245712,0.060632944,7,-1,-1
449.46988,77.17832,26.727966,23.607704,0.06061977,6,-1,-1
894.1877,35.874325,52.9942,38.507442,0.060524017,4,-1,-1
538.33215,334.96515,21.771667,39.44211,0.060447007,1,-1,-1
700.4513,12.524904,74.84827,30.565207,0.06031066,9,-1,-1
715.03754,1.7739364,43.986084,20.328653,0.060290307,4,-1,-1
731.9067,0.9820794,41.701843,18.860235,0.05996722,7,-1,-1
317.6763,506.60822,24.181763,23.867493,0.05996695,1,-1,-1
211.01878,292.2412,21.990204,33.675385,0.05979073,1,-1,-1
