391.34174,23.210474,18.596954,33.238533,0.9423423,4,-1,-1
779.4597,768.3651,20.749878,38.094482,0.9217274,4,-1,-1
781.69666,979.488,20.807312,35.977722,0.9100252,4,-1,-1
885.6573,554.31854,32.26819,22.402832,0.90382946,4,-1,-1
749.46765,641.09796,21.927612,33.54596,0.89846647,4,-1,-1
263.14703,159.50035,35.1084,22.111206,0.89284134,4,-1,-1
1137.5471,35.15161,30.401001,17.03312,0.88918066,4,-1,-1
297.13312,44.17178,20.666077,31.601276,0.87991196,4,-1,-1
973.58405,565.89417,30.67987,21.772217,0.87494826,4,-1,-1
1198.6373,54.674435,33.220703,18.147083,0.8555232,4,-1,-1
633.0959,443.6832,18.96466,38.85858,0.8483273,4,-1,-1
428.2115,432.26843,32.10553,18.565979,0.84574765,4,-1,-1
1165.5972,992.4551,33.858276,25.314087,0.8351399,4,-1,-1
1099.7305,959.54083,36.795532,27.69397,0.83233035,4,-1,-1
872.73566,732.09283,31.171265,23.548767,0.82573843,4,-1,-1
908.7328,49.03066,32.090332,20.274677,0.8245534,4,-1,-1
312.33807,235.16199,35.388214,23.647705,0.82305837,4,-1,-1
734.3678,0.0,17.112488,29.64177,0.818233,4,-1,-1
1137.363,19.30812,29.575073,17.148468,0.81101906,4,-1,-1
941.54877,607.542,32.468994,23.866455,0.8050407,4,-1,-1
239.00777,25.075304,20.577805,34.718346,0.8041774,4,-1,-1
229.7913,123.18736,71.19838,36.05803,0.8031729,6,-1,-1
539.9396,42.839767,29.927673,88.30591,0.79973865,9,-1,-1
803.897,21.061146,16.689514,32.89581,0.7990998,4,-1,-1
814.56146,926.6965,21.053345,38.963318,0.7966267,4,-1,-1
1197.7916,37.835026,34.248047,17.842918,0.79212,4,-1,-1
1136.3865,1.5986236,31.961182,17.725563,0.790144,4,-1,-1
887.287,594.6848,32.64093,24.536804,0.7882326,4,-1,-1
1201.0579,3.9298594,35.67456,18.50375,0.7867414,4,-1,-1
877.95105,748.877,27.81482,20.882324,0.78180754,4,-1,-1
838.02655,71.06034,31.59436,18.395584,0.77809227,4,-1,-1
258.5585,22.570833,19.328003,32.372993,0.7747489,4,-1,-1
1059.2212,89.626656,22.569946,31.302292,0.7733867,4,-1,-1
940.82587,720.1465,32.222168,22.993042,0.7724794,4,-1,-1
371.70474,363.621,22.35315,37.718628,0.76540744,4,-1,-1
1237.496,22.926945,30.407349,17.119717,0.7620759,4,-1,-1
905.7596,66.83235,33.13617,19.329529,0.7583314,4,-1,-1
1229.4219,72.62507,34.91028,18.141182,0.7566808,4,-1,-1
838.4598,50.27282,32.887207,20.526665,0.7558143,4,-1,-1
1230.4514,56.703163,33.264038,17.186638,0.7528671,4,-1,-1
321.08835,36.446373,18.807068,35.60183,0.7399688,4,-1,-1
1311.079,900.8459,36.80127,21.815063,0.7396683,4,-1,-1
785.6236,17.882906,18.754578,38.30813,0.73870736,4,-1,-1
945.0866,578.1194,29.765503,21.6568,0.7368194,4,-1,-1
1186.3279,953.2415,32.93274,22.444153,0.7361331,4,-1,-1
925.0312,671.9509,29.663513,22.373657,0.7266561,4,-1,-1
205.46547,274.85355,81.52586,50.322876,0.725286,6,-1,-1
54.81254,38.54868,27.439384,44.67277,0.7244045,6,-1,-1
335.96375,579.0813,21.77539,31.81543,0.7211971,4,-1,-1
1195.6296,75.15587,32.664673,16.962646,0.7184288,4,-1,-1
1236.5044,3.1166816,36.81787,19.399185,0.715107,4,-1,-1
844.53143,22.0723,31.882874,19.615433,0.7133806,4,-1,-1
462.44614,57.649956,15.30481,27.60154,0.71023405,4,-1,-1
912.8858,639.4045,30.494446,23.36322,0.698913,4,-1,-1
1235.949,39.020782,30.25476,18.182014,0.693478,4,-1,-1
1133.6692,48.02289,32.779907,15.653511,0.69010454,4,-1,-1
775.2326,420.7695,12.021606,20.000275,0.6900331,4,-1,-1
411.83148,355.07922,23.474274,36.623596,0.68387324,4,-1,-1
860.1463,673.529,32.939392,20.439026,0.68107736,4,-1,-1
757.331,703.64636,31.900635,49.616028,0.677713,6,-1,-1
1133.8375,53.39675,32.31775,16.150673,0.67454875,4,-1,-1
75.98057,37.811455,30.662605,47.905136,0.67202127,6,-1,-1
1200.6772,21.574154,33.83362,17.621578,0.6706388,4,-1,-1
1176.0001,841.14545,22.140625,31.608643,0.6705849,4,-1,-1
256.7444,189.18466,77.239685,44.130463,0.6696556,6,-1,-1
885.20087,763.0418,32.049377,25.14148,0.66788137,4,-1,-1
959.84906,815.2913,19.070007,35.030396,0.6653234,4,-1,-1
151.5835,150.68756,90.86911,59.55507,0.6637912,6,-1,-1
1304.193,27.722115,31.668213,14.159416,0.65813184,4,-1,-1
277.31305,528.38104,25.779541,36.58618,0.6574087,4,-1,-1
921.9701,654.5268,29.667053,23.370483,0.65589756,4,-1,-1
171.0508,203.40909,75.83594,45.786346,0.65026677,6,-1,-1
1070.5718,1001.7152,31.881958,25.23169,0.64811945,4,-1,-1
349.17166,25.332418,26.426514,47.462578,0.6418607,5,-1,-1
855.4871,639.7003,30.755981,23.636719,0.640066,4,-1,-1
5.6809063,296.9386,105.05387,49.310394,0.6394131,6,-1,-1
190.66664,231.80708,67.73143,39.873245,0.6350285,6,-1,-1
838.5844,89.056076,29.560425,18.314285,0.633972,4,-1,-1
838.80457,1008.6842,24.423767,32.333374,0.6306485,4,-1,-1
845.08563,6.3751354,29.078735,20.081059,0.6264936,4,-1,-1
907.09125,623.89984,28.622742,24.097656,0.62313825,4,-1,-1
767.132,500.0489,20.691956,41.47766,0.6228938,5,-1,-1
671.5247,828.66296,19.646484,34.738586,0.6106107,4,-1,-1
1008.06476,552.2239,31.80194,22.226807,0.60806954,4,-1,-1
995.3991,976.96027,51.059143,36.523987,0.60199827,6,-1,-1
426.11093,348.44846,27.235718,41.737305,0.59711015,5,-1,-1
1135.618,63.73329,30.681274,15.507156,0.5953114,4,-1,-1
337.91174,38.933083,17.556213,30.580238,0.5930583,4,-1,-1
822.0652,16.192629,16.310608,33.25685,0.5925406,4,-1,-1
245.19707,174.54205,76.30473,38.786835,0.5920152,6,-1,-1
27.38417,362.46295,89.48821,51.1008,0.5772296,6,-1,-1
282.62775,587.37836,28.07605,32.061157,0.57556355,4,-1,-1
890.271,998.5769,10.611938,20.102783,0.5716301,10,-1,-1
744.4956,395.30157,23.16632,55.706512,0.5639174,6,-1,-1
1065.8992,525.5591,34.73938,23.840881,0.5614741,4,-1,-1
596.7052,82.96114,20.925232,56.4918,0.55793834,6,-1,-1
1021.5362,1020.2254,36.24005,27.2984,0.5576355,4,-1,-1
837.6939,103.94349,31.657715,17.511887,0.55539036,4,-1,-1
313.97534,587.54095,22.082306,34.01776,0.555266,4,-1,-1
849.7938,360.60754,5.7802124,12.032074,0.5486311,1,-1,-1
948.23816,708.93713,17.537048,12.651855,0.5440194,10,-1,-1
461.37982,94.63498,15.768494,35.05049,0.5436069,4,-1,-1
943.6448,736.67163,33.662415,21.898315,0.54358894,4,-1,-1
1067.461,849.6998,21.402344,31.32013,0.53886104,4,-1,-1
162.94232,176.56091,75.57771,42.024384,0.5362088,6,-1,-1
976.6575,597.214,29.648132,20.813599,0.5289513,4,-1,-1
902.5395,86.21782,35.099182,20.045792,0.5287629,4,-1,-1
1301.0565,46.51261,30.591553,14.526756,0.5233899,4,-1,-1
419.80563,59.961857,44.898926,33.179226,0.5192062,6,-1,-1
1119.0447,1034.4993,10.26416,14.893066,0.515761,2,-1,-1
1232.3722,909.371,89.5094,53.514282,0.5147263,6,-1,-1
868.9407,709.2447,29.644592,25.445007,0.5121639,4,-1,-1
416.0772,89.984924,44.0744,26.65738,0.5030883,6,-1,-1
869.5789,710.237,28.317017,25.400146,0.49673647,5,-1,-1
1097.0079,66.75498,31.043213,17.776268,0.49660712,4,-1,-1
840.17267,119.39675,25.885681,27.78994,0.49347234,4,-1,-1
280.672,47.391308,20.04892,31.458454,0.4918008,4,-1,-1
1115.7406,1036.3579,16.716797,13.034424,0.49126357,10,-1,-1
410.79288,14.103071,17.263672,32.916855,0.48844162,4,-1,-1
792.6291,831.176,22.438354,36.37677,0.48700792,4,-1,-1
0.0,233.86371,70.550476,46.047485,0.48547056,6,-1,-1
597.74835,82.9416,20.241943,55.749977,0.4838949,5,-1,-1
1307.8612,15.804245,32.419556,13.6702,0.47982407,4,-1,-1
944.4307,813.43896,10.524292,19.078247,0.47919342,10,-1,-1
389.7366,357.42236,29.172394,45.633514,0.47658512,5,-1,-1
968.4451,766.2931,17.041443,23.624268,0.47346666,7,-1,-1
673.5238,901.4718,22.580688,60.227356,0.46923867,6,-1,-1
1307.3945,10.026597,34.670776,14.569428,0.4658656,4,-1,-1
1013.12494,995.46423,45.424133,38.56787,0.4637714,6,-1,-1
321.15244,222.59456,15.654419,14.16008,0.46363267,10,-1,-1
502.22607,495.28812,31.570496,63.475067,0.46130186,6,-1,-1
0.0,341.58554,44.64928,29.72934,0.46021688,6,-1,-1
1307.4828,0.0,34.716064,11.324704,0.4597328,4,-1,-1
1108.4237,959.9573,84.17163,60.48004,0.4584838,9,-1,-1
15.547639,610.5559,31.934433,37.3584,0.45198727,6,-1,-1
907.744,57.28519,31.770813,20.450077,0.4479937,4,-1,-1
0.0,215.20413,67.885956,46.35901,0.44560516,6,-1,-1
426.27094,349.379,27.46753,41.536682,0.4449044,6,-1,-1
0.0,359.56702,52.374195,35.72238,0.44383228,6,-1,-1
695.2513,310.4536,5.4642944,13.234955,0.43909734,1,-1,-1
993.3691,1013.996,27.960022,32.79834,0.437595,6,-1,-1
58.56192,722.3726,34.272484,46.725403,0.4353659,6,-1,-1
1226.7643,90.08188,36.798706,21.149307,0.43217456,4,-1,-1
1037.5894,540.57245,30.570435,20.346863,0.4194935,4,-1,-1
1226.6973,90.134125,36.688232,21.035095,0.41852668,5,-1,-1
987.7329,587.10065,11.395996,7.3084717,0.41732368,10,-1,-1
956.9142,503.15543,5.341736,11.735077,0.41532746,1,-1,-1
1201.8477,0.0,35.794678,14.704768,0.41173938,4,-1,-1
1140.5309,937.02814,35.703247,33.60327,0.40876716,4,-1,-1
856.3854,658.8166,32.55493,21.110413,0.39718354,5,-1,-1
245.1895,466.46854,12.44133,18.46524,0.3970358,1,-1,-1
946.31976,577.57983,28.140503,21.872864,0.39652246,5,-1,-1
892.1994,635.12744,10.306519,16.686523,0.39605096,3,-1,-1
1236.5044,3.1166816,36.81787,19.399185,0.3947911,5,-1,-1
477.00388,400.1683,11.759491,14.2890625,0.39354414,10,-1,-1
1188.8401,91.86608,33.631348,16.844368,0.3932858,4,-1,-1
545.86005,0.0,27.645508,32.36078,0.3929741,9,-1,-1
976.07294,597.159,29.95642,20.938843,0.3928732,5,-1,-1
586.39655,348.71234,7.114563,17.061584,0.38705167,1,-1,-1
931.1631,1017.4749,14.259766,18.256165,0.38146618,10,-1,-1
856.4016,659.7985,31.305603,20.77118,0.3788788,4,-1,-1
968.03687,765.3243,17.36444,24.180359,0.3787142,8,-1,-1
766.631,499.9872,20.502136,41.033417,0.37671316,4,-1,-1
792.5667,830.93097,22.83075,36.368347,0.37552118,5,-1,-1
1302.217,36.929977,31.216187,13.656021,0.37459084,4,-1,-1
757.8992,850.9009,16.206726,34.069153,0.37438643,4,-1,-1
551.5176,539.0572,7.838196,11.911316,0.3733606,1,-1,-1
481.98062,139.01314,20.63144,50.658173,0.37172502,6,-1,-1
1002.00854,983.1295,59.762817,42.933838,0.37070483,6,-1,-1
923.8321,697.8978,15.402893,13.078674,0.37053397,10,-1,-1
892.7355,1007.58136,7.7425537,10.674622,0.37049472,2,-1,-1
96.203964,33.985332,28.89164,46.105953,0.37027454,6,-1,-1
904.4269,1027.9736,9.2248535,17.05957,0.36995792,10,-1,-1
280.61404,47.425636,19.890717,31.619667,0.36562747,5,-1,-1
367.28036,303.89987,11.289459,15.297211,0.36556992,10,-1,-1
408.07285,354.23694,26.050018,41.624878,0.36493284,5,-1,-1
1139.9333,936.61694,37.06079,35.285828,0.36489812,6,-1,-1
164.4559,30.900501,25.961487,39.725697,0.3635594,4,-1,-1
855.5399,639.4915,30.763062,24.770142,0.3627376,5,-1,-1
546.4454,0.0,27.00531,32.45894,0.35982072,5,-1,-1
1098.2549,0.0,29.572021,13.859652,0.3547817,4,-1,-1
947.05646,696.6581,12.9401245,11.742493,0.35420954,10,-1,-1
1293.4329,844.3378,105.95947,69.03375,0.35420883,6,-1,-1
856.2461,658.5887,32.94635,21.460388,0.3534978,6,-1,-1
15.162244,608.9419,31.846497,39.596985,0.35268134,5,-1,-1
1108.4237,959.9573,84.17163,60.48004,0.34936953,6,-1,-1
893.0405,624.1164,8.4574585,16.738953,0.3489834,2,-1,-1
449.04565,186.30945,9.263245,24.832382,0.3449577,1,-1,-1
1229.4219,72.62507,34.91028,18.141182,0.34421253,5,-1,-1
892.4121,479.56454,17.271545,16.51416,0.34314686,4,-1,-1
770.3619,82.747475,17.482666,43.071327,0.34139282,4,-1,-1
57.48473,722.0721,35.637165,47.13495,0.3395819,4,-1,-1
0.0,224.8252,72.68261,54.353027,0.33857894,5,-1,-1
942.7976,737.6468,34.927917,21.134033,0.33763897,6,-1,-1
942.19775,737.80646,35.009094,21.482178,0.33627284,7,-1,-1
776.9361,631.3961,6.666748,13.349121,0.33618876,3,-1,-1
905.7187,622.59534,29.37738,26.102783,0.33507144,5,-1,-1
893.14795,640.3528,7.4555664,13.266296,0.3324836,3,-1,-1
947.66705,744.34424,32.76892,21.070618,0.33223,7,-1,-1
143.12482,36.43985,27.777466,41.893257,0.3309666,6,-1,-1
774.7793,420.53775,12.414124,20.122253,0.3305785,7,-1,-1
921.9701,654.5268,29.667053,23.370483,0.33051336,5,-1,-1
845.1643,0.0,26.100952,15.608092,0.3301036,4,-1,-1
1140.7802,937.56537,34.876343,33.308594,0.32812244,5,-1,-1
488.27316,560.4831,13.544098,13.640747,0.3279171,1,-1,-1
892.1994,635.12744,10.306519,16.686523,0.32648104,10,-1,-1
323.10025,221.13155,12.018433,10.85788,0.32380962,10,-1,-1
349.44388,25.465496,25.689362,46.750324,0.32349974,6,-1,-1
481.90848,430.89917,10.566589,9.4401245,0.32284656,10,-1,-1
1084.0786,847.4985,30.34436,41.362183,0.322788,4,-1,-1
341.62012,306.43658,13.175568,14.640289,0.31968036,10,-1,-1
502.14877,495.23264,31.510406,63.68161,0.3190242,9,-1,-1
596.7406,84.9442,20.924805,54.58777,0.3187278,9,-1,-1
163.86818,29.693438,26.506195,40.5226,0.31843343,5,-1,-1
952.1501,707.3837,13.500793,10.272583,0.31806648,10,-1,-1
904.4236,76.079285,33.806763,22.300674,0.31615955,4,-1,-1
215.0431,352.4985,69.51305,54.155914,0.31475464,6,-1,-1
988.3898,894.0424,9.016296,17.714783,0.31467542,10,-1,-1
978.3873,816.8758,10.598938,26.127869,0.31459916,1,-1,-1
771.9703,81.999344,14.517761,25.893272,0.3134789,4,-1,-1
933.5926,1015.19446,11.880676,14.178101,0.31187245,10,-1,-1
892.97955,632.9902,8.934814,13.837891,0.31003684,2,-1,-1
905.54614,1027.9083,8.838501,17.79358,0.30831522,1,-1,-1
898.3379,780.8664,45.793884,46.785645,0.3065105,6,-1,-1
776.46796,626.14624,7.103821,14.889282,0.30459905,3,-1,-1
1021.9102,1020.86206,35.282898,26.48523,0.3029005,5,-1,-1
954.91705,754.8013,16.519958,13.2647705,0.30288368,10,-1,-1
1197.8717,37.18551,35.331665,18.682796,0.30221745,5,-1,-1
586.39655,348.71234,7.114563,17.061584,0.29900193,3,-1,-1
484.41852,578.25757,18.319061,13.54248,0.29781955,1,-1,-1
189.65604,231.84276,67.31186,40.92018,0.2971157,5,-1,-1
14.37586,608.5918,32.125275,39.35846,0.2956807,4,-1,-1
501.4723,495.2158,32.96924,66.17551,0.2955382,5,-1,-1
1293.5948,93.34884,33.85791,19.585388,0.29456818,4,-1,-1
808.67694,517.68695,6.720703,18.558105,0.29437184,1,-1,-1
387.72955,355.01465,31.729858,49.739166,0.2941332,4,-1,-1
506.9546,115.921394,22.67688,57.018852,0.29390997,6,-1,-1
838.10864,108.251465,30.980957,22.975418,0.29366326,4,-1,-1
1039.6354,591.29474,5.5789795,9.944702,0.29307866,1,-1,-1
1012.153,994.2061,46.927917,39.534973,0.29233986,5,-1,-1
902.2435,91.459595,34.447327,23.908592,0.28937358,4,-1,-1
954.74866,752.23224,26.095032,17.961487,0.28820956,7,-1,-1
774.7793,420.53775,12.414124,20.122253,0.28783983,8,-1,-1
1220.6024,39.97916,34.107544,17.71487,0.28741294,4,-1,-1
867.5859,704.25354,25.281067,22.64917,0.2872606,4,-1,-1
892.1346,1003.84686,7.939575,11.479614,0.2867717,2,-1,-1
416.0632,89.93823,44.203705,26.74987,0.28600526,7,-1,-1
807.72675,517.7062,7.3413696,17.826538,0.28503913,10,-1,-1
892.3852,1006.4891,8.217834,12.042297,0.28340495,10,-1,-1
776.70483,624.9533,6.460449,11.377014,0.28223282,2,-1,-1
414.80276,88.03163,45.779053,28.84024,0.2820077,8,-1,-1
1295.0975,83.9993,31.989746,12.9627075,0.2807968,10,-1,-1
1265.4236,883.3335,37.998047,31.92926,0.28015697,4,-1,-1
897.21844,102.35114,37.740967,19.215523,0.28000593,4,-1,-1
547.0021,0.0,26.318787,33.44193,0.2792617,6,-1,-1
908.4388,631.9077,29.970276,26.662964,0.27862042,4,-1,-1
893.1593,627.46533,9.327087,17.645996,0.27858922,3,-1,-1
924.8162,671.6556,29.942078,22.707092,0.27645826,5,-1,-1
425.68222,347.69562,28.010773,42.562958,0.27345863,4,-1,-1
180.07364,219.68916,70.65837,42.577988,0.27309895,6,-1,-1
860.3568,704.9803,9.018555,17.198181,0.27307224,1,-1,-1
142.71133,36.7948,29.009033,41.675995,0.27202988,4,-1,-1
1092.3152,585.1524,6.56604,9.384949,0.2715596,1,-1,-1
867.17316,704.10767,26.781494,24.238403,0.2715338,5,-1,-1
838.046,103.75397,31.433899,17.40261,0.27140272,5,-1,-1
327.1324,36.32262,21.053864,33.575344,0.27096325,4,-1,-1
1200.8097,3.8372242,35.453125,18.382135,0.27026224,5,-1,-1
993.74414,1014.2961,26.973083,32.39032,0.26980597,5,-1,-1
995.2792,976.4415,49.918945,34.98706,0.2684033,5,-1,-1
785.66846,17.800623,18.741516,38.29474,0.26782584,5,-1,-1
985.52893,822.335,9.673035,22.557251,0.26667976,1,-1,-1
1006.58374,546.7622,29.322144,21.052917,0.26664242,4,-1,-1
1266.0422,883.6395,40.29016,31.725342,0.2662521,5,-1,-1
151.16902,30.855124,32.71019,44.366814,0.26577836,5,-1,-1
1013.85144,997.25397,44.086426,36.503235,0.2649346,4,-1,-1
931.51843,1017.8497,13.6875,16.956116,0.26457047,3,-1,-1
264.24466,638.14996,66.51819,42.604736,0.26348263,4,-1,-1
844.89075,395.18344,5.304077,10.825867,0.26343867,1,-1,-1
1103.8413,576.27704,7.180176,8.781799,0.2627722,1,-1,-1
1097.2657,67.0203,30.05127,16.162498,0.2598176,5,-1,-1
949.1417,1034.4789,11.65033,14.913452,0.25914395,10,-1,-1
1290.2603,844.62897,109.13208,70.38318,0.25882158,9,-1,-1
944.9068,815.50104,9.41864,17.03595,0.258715,3,-1,-1
822.32404,15.706509,15.685608,33.413425,0.2587108,5,-1,-1
389.91858,356.80426,28.81018,46.64633,0.25857627,6,-1,-1
1135.3191,59.77378,28.836426,12.305145,0.25768512,4,-1,-1
1300.9163,46.649117,30.381104,14.512718,0.25659478,10,-1,-1
923.622,697.592,15.2473755,13.691223,0.25612673,3,-1,-1
913.6295,639.0853,29.629822,23.600159,0.25565434,5,-1,-1
947.66705,744.34424,32.76892,21.070618,0.25538898,4,-1,-1
1008.49603,553.34357,31.088196,21.565918,0.25522804,5,-1,-1
1236.2561,38.90377,29.87622,18.218853,0.25429595,5,-1,-1
1308.5988,25.770296,30.198486,11.580614,0.25418782,4,-1,-1
1136.5818,1.3341157,32.23584,18.496298,0.2519452,5,-1,-1
893.1351,636.9046,8.043396,14.885132,0.25187808,2,-1,-1
478.04272,402.6994,9.886078,12.768616,0.2515906,2,-1,-1
1115.2754,1036.3676,17.175415,13.02478,0.25098073,7,-1,-1
954.4594,752.53644,26.72699,17.39441,0.2507829,10,-1,-1
151.16902,30.855124,32.71019,44.366814,0.249311,6,-1,-1
942.9124,737.6138,34.670288,21.30243,0.2484448,8,-1,-1
970.2144,769.75793,15.016052,19.340881,0.24800125,10,-1,-1
1034.775,972.8379,62.226807,43.83612,0.24764594,6,-1,-1
923.03253,589.4414,5.732971,10.964478,0.24762717,1,-1,-1
892.9527,624.0771,8.801941,17.179565,0.24545786,10,-1,-1
989.2448,824.3423,10.90155,26.204102,0.24412677,1,-1,-1
170.8364,203.37886,75.98329,45.757065,0.244053,9,-1,-1
892.95917,623.7527,8.558472,15.8927,0.24369466,1,-1,-1
481.35388,138.4756,20.311554,51.478683,0.24189663,8,-1,-1
0.0,225.57613,72.534065,53.660233,0.241683,8,-1,-1
170.8364,203.37886,75.98329,45.757065,0.24067259,5,-1,-1
672.9471,901.89996,24.822937,58.233948,0.24063641,5,-1,-1
938.4968,576.4006,5.454773,9.306824,0.23957518,1,-1,-1
163.64867,178.49548,74.22952,39.673767,0.23908591,5,-1,-1
418.58264,64.84703,44.474945,28.768372,0.23866338,5,-1,-1
321.06577,222.66263,15.753174,14.006958,0.2384313,3,-1,-1
959.79395,815.13824,19.270203,35.6073,0.23718914,8,-1,-1
1215.3999,21.757341,33.951538,16.780687,0.23707157,4,-1,-1
337.8646,39.432827,16.964172,29.622639,0.23704934,5,-1,-1
923.03253,589.4414,5.732971,10.964478,0.23678869,10,-1,-1
947.0858,743.8231,33.48889,21.25647,0.23665494,8,-1,-1
0.0,597.24536,28.091936,34.583984,0.23654345,4,-1,-1
1143.3579,920.1674,79.19336,51.00769,0.23612985,6,-1,-1
963.29865,759.4058,17.564453,14.19751,0.23597404,10,-1,-1
776.6372,626.7167,6.867798,14.078491,0.23563093,1,-1,-1
857.88745,665.4306,35.56006,22.455627,0.23562974,4,-1,-1
946.6589,700.58154,14.205872,12.010742,0.23542276,10,-1,-1
1000.87146,434.8354,5.8343506,9.373169,0.23440674,1,-1,-1
838.6983,1008.3474,24.136597,32.378296,0.2339741,5,-1,-1
776.0181,625.1613,7.822693,15.443848,0.23341319,10,-1,-1
1117.185,1036.2258,8.873413,12.206909,0.23266906,2,-1,-1
1240.1078,0.0,32.750732,14.498064,0.23200595,4,-1,-1
312.1437,233.77263,35.93805,25.278,0.231496,5,-1,-1
418.83453,66.54506,43.090668,27.630196,0.2314904,8,-1,-1
1134.1288,53.47511,31.804077,16.70502,0.23127669,5,-1,-1
1263.7686,866.9423,48.081787,47.944763,0.2302512,6,-1,-1
1362.1088,868.0354,37.28357,45.837463,0.23001328,6,-1,-1
546.9488,0.0,26.388367,33.67674,0.22982419,4,-1,-1
1022.06146,1019.15466,36.24005,30.006714,0.22980344,6,-1,-1
0.0,360.7621,50.929783,34.742004,0.22978821,9,-1,-1
1068.0845,590.12976,8.3125,7.9523926,0.22926614,1,-1,-1
886.6249,587.6158,30.414185,23.598022,0.22846046,4,-1,-1
276.84897,527.3138,25.889374,37.58075,0.22810334,5,-1,-1
282.62775,587.37836,28.07605,32.061157,0.22705945,5,-1,-1
1114.8765,1035.952,17.886353,13.440308,0.22704655,4,-1,-1
0.0,342.9272,45.16319,28.110382,0.2270216,5,-1,-1
1197.1792,53.5303,34.39258,18.79192,0.22675267,5,-1,-1
341.7893,31.578577,25.201172,38.099846,0.22637367,5,-1,-1
837.905,103.58762,31.700928,17.976212,0.2252244,6,-1,-1
56.17444,39.012516,25.829071,43.550175,0.22413895,7,-1,-1
993.3691,1013.996,27.960022,32.79834,0.2238783,8,-1,-1
838.43884,88.44665,29.88092,18.655945,0.22373408,5,-1,-1
1228.7607,57.648922,33.403564,17.268345,0.22351745,5,-1,-1
321.2403,36.34119,18.778015,35.957638,0.22300187,5,-1,-1
744.2276,395.9319,22.989319,54.449005,0.22284406,9,-1,-1
151.23369,31.26276,31.419296,43.92348,0.22281927,4,-1,-1
978.10785,816.39655,12.765625,27.305542,0.22250205,10,-1,-1
1063.794,837.93286,9.506226,19.445374,0.22242719,1,-1,-1
349.44388,25.465496,25.689362,46.750324,0.22119531,9,-1,-1
1054.5758,1003.8646,9.174072,10.59021,0.2209202,10,-1,-1
1092.9152,582.58453,6.858032,8.242249,0.22082531,1,-1,-1
1195.9363,83.51695,30.490234,16.28312,0.22050488,4,-1,-1
884.6678,762.4382,33.151123,25.718079,0.22028315,5,-1,-1
940.6945,718.7962,32.885193,23.88855,0.22000003,5,-1,-1
327.05096,36.155685,21.792358,34.944603,0.21799046,5,-1,-1
1135.618,63.73329,30.681274,15.507156,0.21720582,5,-1,-1
946.0888,696.93427,13.494202,11.337463,0.21712375,3,-1,-1
320.76447,228.26036,15.475464,11.655701,0.21685427,10,-1,-1
27.38417,362.46295,89.48821,51.1008,0.21666706,9,-1,-1
445.6729,161.24362,8.741272,19.665802,0.2165772,1,-1,-1
1119.6038,1041.2709,10.472046,8.12146,0.21648693,2,-1,-1
1006.9528,547.9788,28.880432,20.708313,0.21637812,5,-1,-1
1086.9111,592.2947,7.9503174,8.145325,0.21636838,1,-1,-1
855.5399,639.4915,30.763062,24.770142,0.21616715,6,-1,-1
0.0,596.7333,29.93142,37.01715,0.21576524,6,-1,-1
495.51526,543.39197,11.315765,17.499329,0.21563753,1,-1,-1
943.64307,736.60077,33.832886,22.02472,0.2152681,5,-1,-1
1200.5538,20.410961,34.036987,18.171875,0.21422714,5,-1,-1
1235.926,3.2131584,37.565063,19.466402,0.21400529,6,-1,-1
1070.7966,1002.0558,31.931274,24.805542,0.21385637,5,-1,-1
1211.5265,1.4082371,36.654907,18.12629,0.21328002,4,-1,-1
0.0,342.38535,45.015083,29.188568,0.21269137,9,-1,-1
986.37573,586.85016,8.294983,8.699951,0.21201745,10,-1,-1
1310.2964,21.470781,28.440918,10.595343,0.2104105,4,-1,-1
586.56665,348.77213,6.9000244,16.791168,0.21015722,10,-1,-1
370.38443,360.56354,23.28189,40.926636,0.20954782,5,-1,-1
904.4269,1027.9736,9.2248535,17.05957,0.20922843,3,-1,-1
481.94827,138.80208,20.749237,51.467773,0.20908561,5,-1,-1
336.1806,579.1452,21.23291,31.781982,0.20855162,5,-1,-1
14.812257,609.2108,31.746052,39.016296,0.20823318,8,-1,-1
838.65137,50.293385,33.1922,20.633419,0.2081711,5,-1,-1
673.5238,901.4718,22.580688,60.227356,0.20790851,4,-1,-1
838.43884,88.44665,29.88092,18.655945,0.20724896,6,-1,-1
906.80786,622.78296,28.828918,25.332703,0.20677227,6,-1,-1
932.56793,1024.9594,13.304749,12.033203,0.20664471,10,-1,-1
948.23816,708.93713,17.537048,12.651855,0.20662344,3,-1,-1
1138.4443,35.522762,30.642578,19.360989,0.2063595,5,-1,-1
1310.4769,899.8246,37.58252,21.21643,0.20620441,5,-1,-1
955.1988,710.7992,10.019592,10.515686,0.20543829,10,-1,-1
587.0073,349.3853,6.4837646,15.280182,0.20508623,2,-1,-1
144.85225,39.19736,30.705597,40.620167,0.20500901,5,-1,-1
963.64764,750.4508,17.930725,14.158325,0.2048049,10,-1,-1
1263.8395,865.81055,47.831055,49.08551,0.20467606,9,-1,-1
892.95087,623.5832,8.78772,15.366089,0.20457667,3,-1,-1
770.3619,82.747475,17.482666,43.071327,0.2037668,6,-1,-1
671.84607,826.9898,19.54071,36.44861,0.20349035,6,-1,-1
954.805,751.4175,26.439697,18.496399,0.20238659,4,-1,-1
258.79608,190.10161,73.33261,43.14308,0.20198962,5,-1,-1
1115.4291,1036.337,16.721924,13.055298,0.20181373,1,-1,-1
1099.2379,83.765434,32.152832,15.309364,0.2017737,4,-1,-1
483.84552,579.5022,10.475342,11.21344,0.20173088,1,-1,-1
989.48126,900.3894,8.254089,13.508301,0.20056489,10,-1,-1
744.7615,394.92892,21.51233,56.444336,0.20011446,4,-1,-1
918.59674,646.6744,31.124512,25.473938,0.199925,4,-1,-1
482.82718,430.75302,8.72467,9.174042,0.19972858,2,-1,-1
1204.8646,899.1355,55.91223,38.212585,0.19843844,6,-1,-1
1307.9677,0.0,34.61023,11.849392,0.19827828,5,-1,-1
988.96674,896.97046,8.919006,19.256409,0.19791576,1,-1,-1
481.19354,138.83292,20.512085,50.55478,0.19753316,7,-1,-1
984.7211,585.4762,13.106384,11.127747,0.19737384,10,-1,-1
777.10614,632.55493,6.378296,12.253784,0.19729665,1,-1,-1
539.9396,42.839767,29.927673,88.30591,0.1970751,5,-1,-1
367.1151,565.78394,24.452942,29.642029,0.19683757,4,-1,-1
888.79004,1001.00665,9.23407,14.591858,0.19681361,10,-1,-1
302.8696,404.36536,69.63742,40.769135,0.19663474,6,-1,-1
986.4568,586.99225,9.366089,7.943054,0.19638678,1,-1,-1
673.68365,901.93585,22.23706,59.209778,0.19629952,9,-1,-1
8.063305,297.4486,101.44313,47.908203,0.19487742,9,-1,-1
515.5817,360.0334,11.781433,23.1221,0.19434959,7,-1,-1
946.12885,817.627,7.1258545,13.6814575,0.19426304,10,-1,-1
0.0,277.0017,25.964823,36.010803,0.1939685,6,-1,-1
708.5815,1022.26556,7.012085,17.848816,0.19376436,1,-1,-1
993.58417,1013.9491,27.346558,32.843384,0.19366652,4,-1,-1
859.0622,666.5226,34.5578,23.095581,0.19361737,5,-1,-1
273.7502,605.66254,20.212494,30.324585,0.19329736,4,-1,-1
151.5627,150.86803,91.18045,59.106354,0.19320586,5,-1,-1
1302.8353,88.67897,24.643188,9.872932,0.19221696,10,-1,-1
1295.8558,64.82323,32.695435,15.011253,0.1918844,10,-1,-1
350.15695,24.960283,24.652466,47.853905,0.19162214,4,-1,-1
966.2672,762.3701,16.077454,15.687134,0.19148308,10,-1,-1
5.6809063,296.9386,105.05387,49.310394,0.19140086,5,-1,-1
0.0,343.86282,43.94047,28.37497,0.1911056,4,-1,-1
445.36575,187.03165,10.373322,21.832245,0.19013834,1,-1,-1
890.72955,999.0963,9.745728,19.357971,0.18979478,2,-1,-1
434.89758,187.86057,21.109009,24.26094,0.18953034,7,-1,-1
893.6992,480.0834,16.676514,15.2300415,0.18912464,5,-1,-1
860.1201,673.5833,33.44751,20.90149,0.18856436,6,-1,-1
868.9407,709.2447,29.644592,25.445007,0.1872485,6,-1,-1
1237.7562,23.619118,30.138062,15.522617,0.1872307,5,-1,-1
837.23315,95.701,30.38507,21.290497,0.18708536,4,-1,-1
353.85345,616.37573,25.662231,33.55664,0.18693253,4,-1,-1
58.187748,722.2115,34.74789,47.046814,0.1868718,5,-1,-1
263.16766,159.54655,35.994904,21.460129,0.18678737,6,-1,-1
957.3382,812.4859,21.123535,37.137695,0.18639126,10,-1,-1
954.5226,751.7733,26.512695,18.533508,0.18630332,8,-1,-1
55.709415,39.150616,25.942852,43.513195,0.18628299,8,-1,-1
1088.9432,585.68805,7.350342,9.154785,0.18562213,1,-1,-1
626.9909,1035.4084,20.55835,13.983887,0.18531322,4,-1,-1
189.57208,231.6037,67.87964,40.372894,0.18511364,4,-1,-1
954.91705,754.8013,16.519958,13.2647705,0.18472573,7,-1,-1
418.58264,64.84703,44.474945,28.768372,0.18469322,7,-1,-1
1066.4558,526.02136,35.53296,23.760925,0.18419835,5,-1,-1
959.84906,815.2913,19.070007,35.030396,0.18397984,7,-1,-1
891.2285,1002.9046,9.901672,16.242065,0.18377382,3,-1,-1
0.0,352.9854,49.326916,42.30356,0.18349597,4,-1,-1
0.0,224.8252,72.68261,54.353027,0.18320256,4,-1,-1
1097.1013,67.66101,31.866089,21.685463,0.18302965,6,-1,-1
163.86818,29.693438,26.506195,40.5226,0.18209198,6,-1,-1
1161.3466,557.4611,7.5634766,9.807739,0.18203157,1,-1,-1
965.64813,762.6037,16.692749,14.889648,0.1810903,7,-1,-1
1186.57,952.8136,31.730103,23.341797,0.1809833,5,-1,-1
1098.4924,69.57262,31.75293,25.721626,0.18093449,4,-1,-1
1362.481,873.2837,36.911377,41.09668,0.18088427,4,-1,-1
488.25998,560.4624,13.327057,13.542053,0.18076372,2,-1,-1
207.58253,459.52905,16.254807,27.746674,0.18065217,1,-1,-1
1097.4677,581.96826,5.97583,8.47937,0.18050325,1,-1,-1
641.78564,987.89935,6.343933,13.278564,0.18035609,1,-1,-1
429.48627,438.7787,32.528503,23.069153,0.1798462,4,-1,-1
641.8161,981.2192,6.878845,16.485535,0.17976296,1,-1,-1
901.69806,587.5833,11.266174,7.387268,0.17975658,10,-1,-1
444.2288,185.94832,13.725647,25.590363,0.17974254,7,-1,-1
339.5436,310.79718,16.849396,13.230286,0.17971945,10,-1,-1
368.6708,306.4865,6.8485107,12.340546,0.17968449,10,-1,-1
777.6747,637.41364,6.062134,9.5,0.17929575,3,-1,-1
1304.8865,859.4358,67.859985,53.527405,0.17923436,9,-1,-1
1068.176,852.57336,22.038574,29.549194,0.17909461,5,-1,-1
260.5088,274.86768,26.071136,28.53775,0.17894244,4,-1,-1
907.744,57.28519,31.770813,20.450077,0.17885166,5,-1,-1
904.6368,590.86005,13.059204,7.7764893,0.17859131,10,-1,-1
414.73624,88.119514,46.091553,28.300781,0.17857015,5,-1,-1
503.4282,82.60921,29.373383,91.93971,0.17855993,6,-1,-1
1296.0166,64.3704,33.60486,16.615028,0.17823589,4,-1,-1
905.5495,67.39749,33.495483,20.135483,0.17805746,5,-1,-1
1296.4137,85.5067,21.907959,8.913132,0.17758992,10,-1,-1
942.70953,607.00806,31.653076,23.776917,0.17748398,5,-1,-1
1110.9513,975.95355,34.653564,21.225464,0.17651212,4,-1,-1
1232.3722,909.371,89.5094,53.514282,0.17650023,9,-1,-1
323.75076,221.1865,10.982971,10.637924,0.1764743,2,-1,-1
892.3852,1006.4891,8.217834,12.042297,0.17606014,1,-1,-1
366.71664,564.3428,30.093994,30.277344,0.17601728,5,-1,-1
450.87387,195.26205,6.962677,17.050552,0.17505035,1,-1,-1
