1158.0775,1.1533141,240.87231,114.9584,0.9835428,9,-1,-1
1034.5491,568.6451,359.52832,197.85907,0.9093697,6,-1,-1
477.00916,710.24194,62.199524,26.65747,0.7792549,10,-1,-1
492.3728,694.15424,57.34674,26.009338,0.6709591,10,-1,-1
572.685,545.1087,43.70465,22.752136,0.65870804,10,-1,-1
372.6926,726.00433,20.726898,32.514893,0.5365926,1,-1,-1
490.04974,735.3892,50.721313,23.705627,0.51948786,10,-1,-1
536.72003,484.55923,50.52954,25.006775,0.49820864,10,-1,-1
490.7467,645.79156,54.493958,23.56781,0.44322783,10,-1,-1
543.6526,466.60785,33.072388,21.04068,0.42943907,10,-1,-1
539.60425,512.2853,48.070923,21.514465,0.42788434,10,-1,-1
502.28592,674.11847,55.313812,23.65924,0.42129302,10,-1,-1
499.89774,629.7007,38.410187,21.642883,0.42055488,10,-1,-1
502.28592,674.11847,55.313812,23.65924,0.40348125,3,-1,-1
1278.9447,574.2774,115.40906,49.18872,0.3742004,6,-1,-1
1279.338,574.2124,114.10181,49.203674,0.36270213,8,-1,-1
490.28662,723.02405,50.618164,22.291687,0.3393481,10,-1,-1
1044.6163,568.4607,354.3335,209.15546,0.32445675,9,-1,-1
474.22147,737.45447,50.634552,23.569397,0.32039097,10,-1,-1
528.1311,526.1515,44.081055,20.619812,0.3134487,10,-1,-1
546.6284,380.4566,20.694092,28.923279,0.29984337,1,-1,-1
486.1733,703.6729,63.793,26.015198,0.29396355,10,-1,-1
1279.338,574.2124,114.10181,49.203674,0.27960533,7,-1,-1
506.68115,604.59534,30.385254,21.533936,0.27135783,10,-1,-1
565.69745,371.75958,23.753723,25.370117,0.26237735,1,-1,-1
646.88403,358.83154,48.112366,21.802582,0.26233292,7,-1,-1
597.96747,523.79865,33.820984,21.014832,0.25896525,3,-1,-1
570.726,381.39145,27.789368,24.775269,0.25485212,1,-1,-1
532.23224,516.9151,43.419434,21.575317,0.24739921,10,-1,-1
591.1742,503.2903,40.380554,20.064484,0.24704659,3,-1,-1
539.67896,493.11472,48.415283,23.31015,0.23726735,10,-1,-1
662.28687,341.12234,43.318542,21.146088,0.23603114,10,-1,-1
654.47974,357.3734,46.55603,22.095032,0.23162517,10,-1,-1
480.69662,418.93942,20.971191,27.565704,0.2253955,1,-1,-1
594.9547,529.28577,33.43341,22.171875,0.22018409,3,-1,-1
572.685,545.1087,43.70465,22.752136,0.2144433,3,-1,-1
529.6669,663.15356,43.29065,20.923279,0.20237172,10,-1,-1
409.16376,750.186,17.410309,33.608643,0.19960171,1,-1,-1
543.77924,451.64722,30.621216,22.784668,0.19749865,10,-1,-1
525.1234,564.2464,23.028442,32.481445,0.19405016,3,-1,-1
600.4047,516.86224,36.194702,19.567566,0.19177401,3,-1,-1
515.82043,680.7105,51.051453,20.77893,0.19128862,3,-1,-1
515.82043,680.7105,51.051453,20.77893,0.18986174,10,-1,-1
501.30634,614.7581,33.306824,21.618164,0.18858725,10,-1,-1
543.87213,471.78192,41.23761,24.791534,0.18608817,10,-1,-1
502.20627,674.20703,56.315277,24.061218,0.18168664,7,-1,-1
578.5582,554.1841,38.285706,20.515137,0.17510945,10,-1,-1
490.7674,645.4535,54.716675,23.981812,0.16918737,7,-1,-1
525.7945,528.9095,44.59143,21.806824,0.16851643,3,-1,-1
547.4922,392.15442,21.24054,30.871552,0.16503063,1,-1,-1
564.0599,382.2107,24.149048,28.777588,0.16303456,1,-1,-1
532.897,317.8237,15.972412,36.050568,0.1628299,1,-1,-1
490.7674,645.4535,54.716675,23.981812,0.16233042,4,-1,-1
491.15344,694.65857,59.868774,27.141235,0.1616498,3,-1,-1
529.6367,524.229,45.941345,20.04181,0.16034108,3,-1,-1
539.8983,509.72083,46.703125,21.254883,0.1569305,3,-1,-1
637.98016,380.84647,41.66571,19.895966,0.15559042,10,-1,-1
472.3325,417.6016,23.94403,25.635315,0.15477669,1,-1,-1
532.14014,515.7964,47.84265,20.194641,0.15046516,3,-1,-1
543.6271,567.83075,33.53418,20.513367,0.14963701,3,-1,-1
400.52127,705.1038,23.305634,25.568665,0.14548662,1,-1,-1
500.24457,628.1163,37.69806,21.303528,0.14536956,3,-1,-1
543.6271,567.83075,33.53418,20.513367,0.14531961,10,-1,-1
504.80444,689.94855,54.50238,22.065857,0.144907,10,-1,-1
664.99603,343.8926,42.392517,22.220062,0.14482072,2,-1,-1
486.83282,689.334,44.70453,26.170044,0.1445767,10,-1,-1
639.04486,380.88794,42.896545,20.230255,0.14415106,7,-1,-1
577.5607,345.28296,26.986267,27.998016,0.14296973,1,-1,-1
566.4268,364.2618,25.615845,24.572083,0.14056265,1,-1,-1
525.5467,564.1651,23.195496,32.96936,0.1389395,10,-1,-1
557.0033,375.2792,21.209473,27.41098,0.13892114,1,-1,-1
494.08588,642.7726,47.21521,22.519592,0.13868284,3,-1,-1
641.7096,373.02222,47.66284,20.638733,0.13612223,7,-1,-1
593.7994,490.71866,42.012512,18.496826,0.13463292,10,-1,-1
498.951,679.2003,47.02649,24.99237,0.13454169,10,-1,-1
506.68115,604.59534,30.385254,21.533936,0.13386837,3,-1,-1
590.67456,503.71936,39.330017,21.127197,0.13327238,10,-1,-1
560.1545,399.02402,29.16681,23.821869,0.13228011,1,-1,-1
498.951,679.2003,47.02649,24.99237,0.13098013,3,-1,-1
571.7426,326.7148,23.323792,28.923615,0.13092715,1,-1,-1
578.74554,443.1687,32.37256,21.649567,0.13004917,10,-1,-1
566.9309,393.92856,28.268616,24.883179,0.12861973,1,-1,-1
536.7979,484.86368,49.65503,24.884674,0.12821266,7,-1,-1
529.6669,663.15356,43.29065,20.923279,0.12794319,3,-1,-1
602.22736,499.16516,37.33307,21.197021,0.12718391,3,-1,-1
533.4772,564.70447,33.131042,23.612305,0.12512586,3,-1,-1
537.5073,486.53436,48.143555,26.454407,0.121230036,8,-1,-1
536.71936,572.49884,31.238342,20.91687,0.121082515,3,-1,-1
579.5147,445.3956,33.667114,20.150696,0.120308846,3,-1,-1
504.80444,689.94855,54.50238,22.065857,0.1191431,3,-1,-1
549.42267,446.75323,31.851807,22.595154,0.11880681,10,-1,-1
581.64484,539.7215,40.315125,22.449524,0.11597684,3,-1,-1
533.4772,564.70447,33.131042,23.612305,0.11565715,10,-1,-1
547.3427,447.87244,32.244934,20.593506,0.11341146,3,-1,-1
564.54004,332.90762,22.65094,29.755463,0.11223793,1,-1,-1
543.9505,466.82623,32.491516,20.780975,0.112167746,3,-1,-1
538.7556,490.69354,45.525208,24.397095,0.10994026,3,-1,-1
526.0404,392.30695,17.973633,31.68222,0.10901877,1,-1,-1
763.61365,609.32434,73.39014,47.845703,0.10808095,8,-1,-1
603.3584,505.2533,40.41388,21.12793,0.10770625,3,-1,-1
556.7899,423.26492,29.049866,22.83255,0.107471585,1,-1,-1
557.0652,385.47412,21.18457,29.883636,0.10611543,1,-1,-1
662.9385,343.79163,42.829773,20.153656,0.10595849,7,-1,-1
761.53046,610.16,77.15045,47.769287,0.105306864,3,-1,-1
555.70935,333.12747,20.582153,28.85556,0.10508868,1,-1,-1
578.5203,565.1761,36.2713,19.346375,0.10495943,10,-1,-1
482.55493,460.74796,17.966309,30.644562,0.104584664,1,-1,-1
621.7969,329.94772,23.408203,27.41565,0.10401499,2,-1,-1
1279.4092,574.3221,113.742065,49.194397,0.10335457,2,-1,-1
570.99634,335.56644,26.215149,29.265991,0.10312131,1,-1,-1
643.56744,360.28693,44.708862,21.597229,0.10285181,10,-1,-1
646.2254,373.19528,46.9953,19.287354,0.101433545,10,-1,-1
550.23914,326.6229,19.168701,31.766174,0.10141832,1,-1,-1
525.7582,664.46826,46.445435,21.157959,0.10136795,7,-1,-1
471.8364,738.09143,44.765656,23.831116,0.10064787,3,-1,-1
664.8865,354.92728,41.486755,24.033356,0.10041255,2,-1,-1
576.3845,345.87704,28.035706,26.729034,0.09999871,10,-1,-1
526.7403,533.4263,44.37848,21.904968,0.09994605,10,-1,-1
576.161,371.66443,28.346252,26.096802,0.098923594,1,-1,-1
501.30634,614.7581,33.306824,21.618164,0.09866476,3,-1,-1
572.44904,351.22687,26.430176,28.671509,0.098422706,1,-1,-1
602.22736,499.16516,37.33307,21.197021,0.09804466,10,-1,-1
619.30853,333.21268,25.13684,26.249176,0.09528679,10,-1,-1
223.79636,152.53201,149.66693,66.98607,0.09473297,9,-1,-1
511.40387,336.49655,16.812622,35.23288,0.093832254,1,-1,-1
601.7107,483.135,37.1615,18.697296,0.093509555,10,-1,-1
555.79205,423.4805,29.88208,21.473267,0.09207028,10,-1,-1
612.42004,440.28036,19.740479,30.66623,0.091231495,2,-1,-1
527.7239,528.6849,43.17456,21.590576,0.090476274,7,-1,-1
536.71936,572.49884,31.238342,20.91687,0.08927557,10,-1,-1
593.7994,490.71866,42.012512,18.496826,0.08924243,3,-1,-1
474.26874,715.66284,51.393433,28.546448,0.088905245,10,-1,-1
667.6875,332.71927,41.763367,18.40564,0.085998654,10,-1,-1
500.44717,715.0494,48.425262,23.774231,0.085865796,10,-1,-1
507.7841,602.68335,29.328094,22.533325,0.08580065,8,-1,-1
513.2935,704.89453,42.639282,23.488464,0.08546272,10,-1,-1
404.51666,743.54144,24.211853,26.544373,0.08490187,1,-1,-1
642.32056,454.76663,19.38263,35.41342,0.08472973,1,-1,-1
617.23413,416.0355,27.03302,24.641205,0.08382544,2,-1,-1
485.6738,766.4312,42.980988,19.573181,0.082206875,3,-1,-1
515.82043,680.7105,51.051453,20.77893,0.081366956,7,-1,-1
581.64484,539.7215,40.315125,22.449524,0.08091888,10,-1,-1
1276.7277,578.01697,114.64929,42.122437,0.08002633,1,-1,-1
668.3414,331.41736,40.514465,18.276733,0.07998401,2,-1,-1
539.8983,509.72083,46.703125,21.254883,0.07949409,7,-1,-1
617.00385,334.4704,24.255188,26.469574,0.07885024,1,-1,-1
615.52,333.7038,23.85138,27.840729,0.07777345,2,-1,-1
576.3845,345.87704,28.035706,26.729034,0.07756922,2,-1,-1
582.299,326.42783,28.771973,23.74002,0.07738984,10,-1,-1
536.3056,485.03424,50.660828,25.061218,0.07728803,4,-1,-1
580.1522,328.77762,26.407166,27.644531,0.077218086,1,-1,-1
529.5011,676.3606,43.272522,20.164001,0.076964855,3,-1,-1
584.4193,514.4749,41.530823,20.445984,0.07677519,3,-1,-1
578.5582,554.1841,38.285706,20.515137,0.07648739,3,-1,-1
589.1494,325.53943,24.765503,26.284546,0.07560235,1,-1,-1
409.16376,750.186,17.410309,33.608643,0.07436031,2,-1,-1
546.6284,380.4566,20.694092,28.923279,0.07415357,2,-1,-1
620.6708,329.53146,24.912964,25.4646,0.07394031,1,-1,-1
566.2515,371.98917,28.035645,24.337738,0.073622465,2,-1,-1
486.83282,689.334,44.70453,26.170044,0.07359627,3,-1,-1
581.0496,323.53244,30.67389,21.503815,0.07353896,3,-1,-1
500.29053,629.34686,37.593384,21.350586,0.07353869,8,-1,-1
482.3886,696.53467,52.104797,28.916931,0.07352051,10,-1,-1
502.20627,674.20703,56.315277,24.061218,0.07305288,4,-1,-1
464.53268,371.14526,19.839233,34.370575,0.072882235,1,-1,-1
640.9793,385.2127,41.967712,20.333588,0.07248685,3,-1,-1
649.67865,358.43817,48.92285,22.152191,0.07234186,4,-1,-1
565.537,351.385,22.267212,31.059418,0.07218343,1,-1,-1
584.8768,377.5251,27.080322,26.127625,0.071828514,1,-1,-1
491.16064,715.82733,57.79596,21.84552,0.07179478,3,-1,-1
599.0409,474.18878,33.790955,19.397034,0.07167795,10,-1,-1
545.1665,520.2678,46.192017,19.763062,0.07153177,3,-1,-1
490.28635,645.631,54.952606,23.738342,0.07147497,8,-1,-1
603.78094,401.02896,34.040344,19.671173,0.07071996,3,-1,-1
578.92365,445.41464,34.280457,20.372925,0.070616215,2,-1,-1
321.23093,703.2827,43.11966,18.2854,0.07053602,4,-1,-1
576.3845,345.87704,28.035706,26.729034,0.07029855,3,-1,-1
624.3927,420.67563,32.431824,20.513336,0.06906548,2,-1,-1
580.71173,573.4759,33.300476,18.832214,0.06904277,10,-1,-1
473.28708,426.31464,24.51471,25.297058,0.069039196,1,-1,-1
537.56714,316.81635,20.867981,30.60019,0.068562716,1,-1,-1
513.5454,698.40826,47.17096,22.833984,0.068549156,3,-1,-1
546.207,471.56442,40.829163,20.96997,0.06838301,3,-1,-1
656.3666,400.91605,19.278687,30.420166,0.0683617,1,-1,-1
541.5123,556.6785,32.2536,24.755615,0.06832135,3,-1,-1
585.2018,412.15515,23.501892,26.191284,0.06699842,1,-1,-1
530.5086,555.9265,35.17456,23.287598,0.0663248,10,-1,-1
588.11194,337.80508,22.226868,31.801636,0.066307515,1,-1,-1
570.7002,327.13437,24.853455,25.976013,0.06610277,10,-1,-1
570.726,381.39145,27.789368,24.775269,0.06559673,2,-1,-1
578.74554,443.1687,32.37256,21.649567,0.06548369,1,-1,-1
597.12506,524.14453,35.42572,21.327087,0.0650118,10,-1,-1
614.26996,439.33713,18.367126,32.993073,0.06493315,1,-1,-1
542.11597,375.70514,20.639893,28.863129,0.06486583,1,-1,-1
578.5203,565.1761,36.2713,19.346375,0.06483808,3,-1,-1
538.0454,512.92413,48.35388,20.731445,0.06449309,4,-1,-1
642.90314,429.59985,24.241455,24.354065,0.0643273,2,-1,-1
583.8999,439.40994,33.170776,22.01709,0.06397012,2,-1,-1
480.69662,418.93942,20.971191,27.565704,0.06394735,2,-1,-1
589.20306,365.81833,21.086731,32.141876,0.06382942,1,-1,-1
608.84503,357.58777,26.512268,24.853668,0.06371614,10,-1,-1
531.91125,514.8303,49.86444,21.224976,0.06363168,7,-1,-1
539.8983,509.72083,46.703125,21.254883,0.06328693,8,-1,-1
582.95355,351.74988,25.514038,28.140991,0.06319618,1,-1,-1
555.95734,423.27112,30.444336,22.291626,0.063082814,3,-1,-1
603.78094,401.02896,34.040344,19.671173,0.06295854,10,-1,-1
530.07886,663.0589,42.87433,21.376709,0.06283429,4,-1,-1
483.95688,424.57715,20.699371,28.587524,0.06183082,1,-1,-1
490.28635,645.631,54.952606,23.738342,0.061312854,1,-1,-1
606.50244,357.95135,26.4776,25.561554,0.061306894,3,-1,-1
555.79205,423.4805,29.88208,21.473267,0.060919613,2,-1,-1
551.11383,442.67892,35.01013,20.010529,0.060758233,3,-1,-1
321.23093,703.2827,43.11966,18.2854,0.060734153,10,-1,-1
649.76917,358.29968,48.980896,23.120483,0.06060496,8,-1,-1
499.89774,629.7007,38.410187,21.642883,0.06057629,4,-1,-1
552.2304,325.83643,22.709595,28.220154,0.060286075,10,-1,-1
506.68115,604.59534,30.385254,21.533936,0.060147792,7,-1,-1
1041.2803,608.787,19.852295,40.36383,0.060013324,2,-1,-1
556.0036,395.03265,22.485779,29.878906,0.05921805,1,-1,-1
662.3723,340.2866,44.00055,20.871887,0.05914104,1,-1,-1
641.51245,453.18353,21.921936,31.815643,0.05913031,2,-1,-1
541.47833,395.30814,21.582275,29.720795,0.059084892,1,-1,-1
578.71625,386.66574,24.253662,32.06372,0.059036463,1,-1,-1
545.1665,520.2678,46.192017,19.763062,0.058468074,10,-1,-1
580.1681,572.7695,30.377686,21.394226,0.05842173,3,-1,-1
544.23956,323.94754,19.42334,32.396606,0.058316857,1,-1,-1
532.14014,515.7964,47.84265,20.194641,0.058152616,8,-1,-1
563.8104,722.19763,24.853394,23.997253,0.0579547,10,-1,-1
526.2951,686.1466,39.31378,22.034485,0.057841122,3,-1,-1
594.4396,530.30585,34.269897,21.19757,0.057510436,10,-1,-1
501.30634,614.7581,33.306824,21.618164,0.057398796,8,-1,-1
537.25977,484.50006,50.294006,25.038239,0.05731371,1,-1,-1
519.8567,537.48926,40.19104,20.989258,0.057297885,10,-1,-1
637.09845,404.58224,27.235535,24.185974,0.057278782,2,-1,-1
652.35693,372.46848,48.081604,20.234161,0.05722639,3,-1,-1
569.73773,362.18872,28.26294,23.49353,0.05720988,2,-1,-1
539.55615,483.04022,49.398987,24.121918,0.057007074,3,-1,-1
569.68896,336.75156,26.896362,26.067932,0.05685097,10,-1,-1
613.9008,341.86475,24.509277,26.789856,0.056848317,1,-1,-1
508.51675,724.34717,47.442047,18.689331,0.056711555,10,-1,-1
630.5152,411.77902,26.602112,24.153229,0.056517154,2,-1,-1
576.28906,505.86862,40.922546,20.255035,0.056087792,3,-1,-1
484.73547,766.78455,43.00836,19.12262,0.05608684,10,-1,-1
543.75977,466.89435,31.748352,21.458374,0.05603218,1,-1,-1
558.8239,414.86386,29.291016,24.260376,0.056030065,1,-1,-1
572.0805,322.6607,30.461548,22.198486,0.055834293,10,-1,-1
418.54865,671.1916,21.258728,28.017212,0.055489033,1,-1,-1
391.83057,596.0663,24.962341,33.902954,0.05536878,1,-1,-1
472.3325,417.6016,23.94403,25.635315,0.05489579,2,-1,-1
619.30853,333.21268,25.13684,26.249176,0.054873914,3,-1,-1
588.1045,322.55896,29.333618,22.657654,0.054801285,10,-1,-1
642.8814,405.5044,27.189941,23.306,0.0546664,1,-1,-1
664.8865,354.92728,41.486755,24.033356,0.054611593,7,-1,-1
569.54974,514.1794,42.134277,20.86969,0.054606855,3,-1,-1
586.1193,335.17633,25.776855,26.777344,0.054501027,10,-1,-1
547.4922,392.15442,21.24054,30.871552,0.054279894,2,-1,-1
637.21783,380.14407,44.884827,21.926819,0.054220468,4,-1,-1
533.31366,555.0125,29.209045,27.81903,0.054188937,3,-1,-1
616.9021,313.83908,35.623474,17.59549,0.05412799,10,-1,-1
582.95355,351.74988,25.514038,28.140991,0.053928554,3,-1,-1
654.9645,386.87415,46.183777,20.103516,0.053889185,3,-1,-1
563.8104,722.19763,24.853394,23.997253,0.05378589,3,-1,-1
606.50244,357.95135,26.4776,25.561554,0.05376807,7,-1,-1
612.9775,344.42358,25.956726,24.651672,0.05364746,10,-1,-1
645.8769,386.14258,45.11621,20.417816,0.05349067,10,-1,-1
366.79153,687.2591,20.606415,27.932861,0.053286076,1,-1,-1
599.90015,380.08972,29.499512,21.494812,0.053187728,3,-1,-1
570.9346,327.12326,27.814087,24.420929,0.053076595,3,-1,-1
620.6708,329.53146,24.912964,25.4646,0.052889884,7,-1,-1
499.9545,629.016,38.572174,22.02948,0.052746058,2,-1,-1
529.6669,663.15356,43.29065,20.923279,0.052365094,8,-1,-1
499.89774,629.7007,38.410187,21.642883,0.052018404,7,-1,-1
530.25824,536.1461,43.62561,21.227356,0.051935315,3,-1,-1
409.24313,763.36414,23.535156,23.282532,0.051840246,1,-1,-1
519.38135,648.8422,52.01483,20.673767,0.05175525,3,-1,-1
619.7785,324.92673,26.946838,25.805725,0.050989836,10,-1,-1
632.20966,407.0827,23.266968,29.664612,0.050630838,1,-1,-1
601.7107,483.135,37.1615,18.697296,0.050581455,3,-1,-1
501.25208,706.54224,54.618774,21.419678,0.050438583,3,-1,-1
368.82135,729.6173,19.206787,36.59485,0.05020109,1,-1,-1
602.7921,370.18008,28.463928,23.730042,0.05010724,3,-1,-1
