477.62122,338.12515,48.066772,61.80536,0.8545896,4,-1,-1
780.44775,468.6761,98.56622,58.92993,0.6356208,4,-1,-1
479.01837,218.18706,147.0611,140.24358,0.6127845,6,-1,-1
548.2543,405.48267,95.578186,63.555237,0.5948254,4,-1,-1
89.623146,404.37817,42.513252,43.350494,0.4108387,1,-1,-1
925.27106,461.2773,180.18036,119.775116,0.39577883,6,-1,-1
546.34827,401.0281,167.38629,82.290375,0.37212533,4,-1,-1
1110.1981,689.37415,66.2937,47.7619,0.3527163,10,-1,-1
479.53763,217.76616,142.7385,138.17674,0.3030436,9,-1,-1
609.255,232.15742,39.384094,41.162674,0.28470752,4,-1,-1
479.53763,217.76616,142.7385,138.17674,0.23980865,5,-1,-1
621.3146,416.71484,121.54614,78.227264,0.22324896,4,-1,-1
878.0692,620.28,19.829285,29.126648,0.19357398,1,-1,-1
1111.7986,688.1639,58.67993,42.9494,0.18493861,3,-1,-1
779.26935,468.7423,103.09393,57.694458,0.18211323,5,-1,-1
548.43646,403.79895,97.24768,64.27069,0.17866096,5,-1,-1
154.56439,512.5846,97.47113,71.42853,0.17623535,4,-1,-1
477.62122,338.12515,48.066772,61.80536,0.1761755,1,-1,-1
780.5269,468.39227,98.48364,59.60486,0.172889,10,-1,-1
679.253,263.18857,39.790222,47.75168,0.17251927,4,-1,-1
1323.2578,740.64716,24.782959,30.188782,0.16602102,1,-1,-1
241.37743,229.01544,61.831436,34.665833,0.15672448,4,-1,-1
1112.1152,688.8519,42.532837,39.622864,0.1545806,1,-1,-1
560.1671,403.08395,178.1756,88.822235,0.15042293,9,-1,-1
563.6914,405.04507,172.87878,85.92798,0.14833415,5,-1,-1
257.69354,302.87415,18.686096,25.861725,0.14310727,1,-1,-1
1105.7347,687.71643,66.05957,51.047485,0.14186811,1,-1,-1
1319.496,741.8744,33.01123,44.207703,0.13738167,1,-1,-1
1113.8645,690.01447,31.443237,36.82965,0.13633302,2,-1,-1
876.9026,621.2322,21.320862,27.889587,0.13555443,2,-1,-1
869.6087,0.0,30.555603,10.188395,0.13422391,4,-1,-1
1111.7986,688.1639,58.67993,42.9494,0.13393956,7,-1,-1
816.9853,749.2405,24.910217,38.303467,0.1323705,1,-1,-1
1323.8383,740.6484,24.51538,28.357178,0.12863502,2,-1,-1
89.50737,404.0835,42.705215,43.937744,0.12706852,2,-1,-1
822.6589,751.38196,18.494202,21.283752,0.12302676,1,-1,-1
1112.2423,689.32837,60.204346,40.50763,0.12256625,8,-1,-1
1112.2659,686.5713,55.469727,44.662292,0.12101215,2,-1,-1
240.18022,516.51544,19.763779,32.582275,0.119938105,1,-1,-1
609.3029,231.14084,38.79016,42.369446,0.11841813,5,-1,-1
1147.8491,700.3761,28.10376,47.60254,0.11673802,1,-1,-1
11.466539,136.92569,12.82596,23.615372,0.11194816,1,-1,-1
80.03128,227.03085,50.76158,34.64612,0.11163801,3,-1,-1
558.1387,401.91812,177.88019,88.679474,0.1114915,6,-1,-1
942.6053,62.970814,23.411804,28.082989,0.109491825,1,-1,-1
234.13747,515.2294,27.280136,36.64337,0.108563095,4,-1,-1
0.0,507.14795,23.291832,43.136536,0.10765207,4,-1,-1
1112.67,688.8004,37.43213,40.010864,0.10755563,10,-1,-1
780.44775,468.6761,98.56622,58.92993,0.107352585,1,-1,-1
862.995,0.0,42.86566,15.693369,0.1043331,4,-1,-1
822.6589,751.38196,18.494202,21.283752,0.10360807,2,-1,-1
88.97625,404.02695,43.64382,44.489746,0.10320008,10,-1,-1
90.84342,404.19702,42.39425,46.111725,0.10294914,4,-1,-1
815.46893,750.7941,27.52069,36.749817,0.099675804,10,-1,-1
602.5603,346.3139,96.744446,72.406525,0.09846172,4,-1,-1
1141.47,476.95416,47.619263,30.607605,0.09642601,1,-1,-1
124.26102,702.20197,19.260025,42.47986,0.09610051,1,-1,-1
1108.9032,690.3975,26.315552,37.81195,0.09588009,1,-1,-1
285.0136,425.281,115.48807,44.488464,0.095592946,4,-1,-1
1126.7595,689.8353,31.209106,36.74286,0.09543902,2,-1,-1
779.73926,470.25977,103.83838,56.609924,0.09489632,7,-1,-1
153.96371,513.66235,98.152954,69.03595,0.09465721,6,-1,-1
1319.496,741.8744,33.01123,44.207703,0.093283415,10,-1,-1
778.9881,470.07852,105.71265,56.787445,0.09232482,6,-1,-1
877.3911,620.9876,29.422913,60.44153,0.09191176,1,-1,-1
1116.9917,692.5038,50.673218,29.685242,0.090421975,10,-1,-1
1109.4243,688.80634,68.004395,50.09131,0.090202,4,-1,-1
82.66238,227.11818,24.294624,32.751907,0.08913368,3,-1,-1
928.53644,474.7957,165.74774,109.46646,0.08774504,7,-1,-1
318.0852,426.5885,80.052246,30.774445,0.08681354,4,-1,-1
219.64136,151.26059,17.473373,33.031967,0.086474925,1,-1,-1
448.42502,645.7595,13.481018,36.475464,0.08616164,1,-1,-1
1137.7144,698.1635,41.36328,49.55066,0.083901405,10,-1,-1
1320.1266,742.2755,30.63269,41.66449,0.08353874,2,-1,-1
874.2824,622.6562,23.402954,42.651,0.08251655,1,-1,-1
0.0,462.86734,19.951984,27.82248,0.08245736,1,-1,-1
927.15704,470.63977,172.6048,113.86041,0.08219278,4,-1,-1
606.338,330.1839,80.47943,67.44034,0.08217454,4,-1,-1
793.3473,770.0046,11.494324,17.539368,0.081697166,1,-1,-1
603.3825,198.1131,48.73407,79.78131,0.080756366,4,-1,-1
326.55493,426.6388,71.10776,31.389038,0.080468774,10,-1,-1
1201.4082,485.6154,71.06763,37.490326,0.07799947,10,-1,-1
1116.7964,692.361,23.740112,29.30127,0.07791868,1,-1,-1
1147.8491,700.3761,28.10376,47.60254,0.07715663,2,-1,-1
1127.0405,695.694,35.539062,45.144226,0.07708037,1,-1,-1
154.56439,512.5846,97.47113,71.42853,0.07672745,5,-1,-1
82.92382,227.07402,22.2723,31.354446,0.07645294,1,-1,-1
918.43713,65.3334,21.903625,28.283478,0.07551858,1,-1,-1
609.0613,230.85107,37.87268,41.83185,0.075301975,10,-1,-1
824.6098,760.1401,21.63855,27.40387,0.073960096,1,-1,-1
478.41852,338.70566,46.1839,61.8349,0.073598236,5,-1,-1
83.34455,227.3105,20.825111,29.826035,0.07322341,2,-1,-1
779.73926,470.25977,103.83838,56.609924,0.07318288,8,-1,-1
1325.695,755.7233,19.76233,31.820618,0.07296994,1,-1,-1
571.73474,391.12598,215.65979,105.44949,0.07296184,4,-1,-1
89.623146,404.37817,42.513252,43.350494,0.07289311,3,-1,-1
147.28879,506.918,105.18875,78.82706,0.07255125,9,-1,-1
477.6896,338.1821,48.451508,61.56363,0.07248053,10,-1,-1
680.5681,281.74902,31.556458,29.403473,0.072431445,4,-1,-1
80.03128,227.03085,50.76158,34.64612,0.072363764,10,-1,-1
1320.1266,742.2755,30.63269,41.66449,0.07169995,3,-1,-1
1138.5552,477.0303,49.5188,30.901367,0.07150349,10,-1,-1
1201.3339,483.80173,75.191895,42.82602,0.0704709,1,-1,-1
1322.8291,740.5207,26.77832,28.09607,0.06975469,10,-1,-1
817.7287,750.6996,22.901428,34.245117,0.06972733,2,-1,-1
0.0,462.46002,20.127668,28.929352,0.06905776,10,-1,-1
1133.8356,691.227,41.391357,37.98468,0.068709165,10,-1,-1
1113.8645,690.01447,31.443237,36.82965,0.06866816,3,-1,-1
257.521,303.1447,18.75055,25.42923,0.06794852,10,-1,-1
201.64359,361.25128,19.482086,32.341583,0.0673711,1,-1,-1
939.7555,502.24637,143.97156,74.446686,0.06732729,6,-1,-1
605.519,334.95557,53.983154,49.957428,0.06714487,4,-1,-1
0.0,504.47775,24.179644,38.62387,0.065778166,10,-1,-1
362.9431,513.4767,25.880707,39.705505,0.065748096,1,-1,-1
584.44763,26.275045,8.812073,13.15299,0.06547162,1,-1,-1
1315.6136,740.50616,76.11536,47.03778,0.06522757,4,-1,-1
1283.912,181.45215,5.647339,12.953323,0.06501925,1,-1,-1
257.70685,303.30856,18.316895,24.954285,0.06469345,2,-1,-1
679.253,263.18857,39.790222,47.75168,0.06439045,5,-1,-1
1134.9062,689.7544,40.68811,46.407227,0.064068764,2,-1,-1
815.46893,750.7941,27.52069,36.749817,0.06387156,3,-1,-1
926.91187,474.65408,172.03271,107.82144,0.063765615,8,-1,-1
809.46545,741.1983,41.579407,46.345642,0.06355828,1,-1,-1
1134.9062,689.7544,40.68811,46.407227,0.063536644,1,-1,-1
546.8868,405.03244,128.41846,67.554016,0.0629988,6,-1,-1
545.8655,404.20523,140.75238,70.96683,0.06268534,1,-1,-1
1129.1688,692.06396,28.116333,31.216797,0.062625945,1,-1,-1
164.51321,534.53406,11.418884,24.683167,0.061884373,1,-1,-1
1322.0995,749.7682,19.41919,32.012817,0.06180057,1,-1,-1
267.56897,477.042,12.716949,28.239319,0.06157121,1,-1,-1
609.0613,230.85107,37.87268,41.83185,0.061552882,1,-1,-1
0.0,490.29993,46.863815,39.058838,0.061412096,4,-1,-1
788.66516,595.4907,16.980835,24.4458,0.061312765,1,-1,-1
1137.7144,698.1635,41.36328,49.55066,0.061294317,3,-1,-1
97.488434,417.08652,14.442673,17.085052,0.06077084,2,-1,-1
80.03128,227.03085,50.76158,34.64612,0.06049186,7,-1,-1
676.29926,238.2464,56.87726,74.397705,0.060463578,4,-1,-1
425.74667,463.26212,83.75345,38.710052,0.05964893,4,-1,-1
362.2459,513.0278,28.138763,40.019714,0.059329033,4,-1,-1
1323.8383,740.6484,24.51538,28.357178,0.05928731,3,-1,-1
572.44763,222.67075,61.602417,50.79135,0.059253722,4,-1,-1
1139.6724,585.51117,33.243164,17.38208,0.059028268,10,-1,-1
1141.2699,476.34683,48.33362,32.12497,0.058915377,2,-1,-1
1191.2445,79.85398,6.4017334,16.179672,0.058914185,1,-1,-1
131.13869,555.17633,40.406403,41.887146,0.058517724,4,-1,-1
819.9361,751.43665,20.427979,23.970581,0.058289766,10,-1,-1
1306.3771,738.93945,62.76245,48.604492,0.05825883,1,-1,-1
876.9026,621.2322,21.320862,27.889587,0.057406068,10,-1,-1
613.347,241.24356,22.455933,31.214905,0.05738771,4,-1,-1
8.588587,135.52946,19.956398,31.440063,0.057219088,1,-1,-1
216.04944,313.3229,15.7282715,32.134277,0.057135552,1,-1,-1
240.18022,516.51544,19.763779,32.582275,0.05697143,10,-1,-1
1332.3932,745.20245,24.983398,40.11786,0.056908965,1,-1,-1
609.1112,219.11885,70.09186,55.013596,0.056687713,4,-1,-1
1147.7639,693.375,23.163574,35.793823,0.056446016,2,-1,-1
606.06006,334.36234,50.020874,51.864777,0.05620876,10,-1,-1
201.64359,361.25128,19.482086,32.341583,0.05613655,2,-1,-1
1330.0609,746.0288,15.845825,30.58368,0.056058586,1,-1,-1
1371.1542,168.47784,6.4034424,15.725357,0.05585003,1,-1,-1
873.30786,69.01296,11.027039,19.430092,0.055725724,1,-1,-1
240.18022,516.51544,19.763779,32.582275,0.05533877,2,-1,-1
480.36728,217.83176,143.16776,141.45465,0.05526793,4,-1,-1
596.3794,329.0926,131.37128,111.62033,0.055158645,4,-1,-1
128.50658,497.69815,135.31133,103.95651,0.055114597,4,-1,-1
129.33537,531.1979,98.1452,67.599976,0.054810017,4,-1,-1
233.67258,515.3518,27.740692,36.753723,0.054614842,5,-1,-1
1323.6312,746.66547,16.997803,29.281738,0.054473758,2,-1,-1
816.9728,764.0012,20.109192,23.542725,0.05446151,1,-1,-1
1317.9082,746.46277,17.333496,33.07959,0.05443558,1,-1,-1
780.44775,468.6761,98.56622,58.92993,0.054358184,3,-1,-1
751.02814,82.71922,52.61151,45.65544,0.054048747,4,-1,-1
13.571422,142.98392,7.819812,15.325607,0.053949803,1,-1,-1
879.5267,626.24426,14.376343,30.164795,0.05394709,1,-1,-1
1324.8518,754.07446,45.2782,33.469482,0.053934902,1,-1,-1
1131.9583,698.10046,27.77356,40.333435,0.053720564,2,-1,-1
0.0,462.46002,20.127668,28.929352,0.053676426,4,-1,-1
362.9431,513.4767,25.880707,39.705505,0.05361405,10,-1,-1
1329.7377,739.4912,27.194824,28.595703,0.05353731,1,-1,-1
0.0,507.14795,23.291832,43.136536,0.053442746,1,-1,-1
1140.4275,699.46106,17.338623,26.486938,0.053231627,2,-1,-1
1117.559,691.8521,19.090576,30.251709,0.052571595,2,-1,-1
1126.7595,689.8353,31.209106,36.74286,0.052295,3,-1,-1
856.3243,154.43222,16.89856,31.595047,0.05209908,1,-1,-1
103.13973,417.2415,9.377075,10.077332,0.051989496,1,-1,-1
820.46765,755.6604,16.250854,23.599487,0.051977724,1,-1,-1
927.15704,470.63977,172.6048,113.86041,0.05182284,5,-1,-1
82.66238,227.11818,24.294624,32.751907,0.051585793,10,-1,-1
1268.3958,270.29153,5.630127,11.727753,0.051246017,1,-1,-1
618.66473,397.56772,116.01373,71.32541,0.05121407,4,-1,-1
1329.6797,745.78394,16.95996,29.75055,0.05103755,2,-1,-1
1147.7639,693.375,23.163574,35.793823,0.050525814,1,-1,-1
