618.5149,303.037,89.448364,74.29062,0.99999857,4,-1,-1
420.5029,332.30737,80.891205,68.61804,0.9999878,4,-1,-1
932.3204,460.6651,120.58429,96.86218,0.9999395,4,-1,-1
531.76843,353.0363,95.07092,77.885284,0.99983764,4,-1,-1
600.4169,240.68074,72.35327,59.84279,0.999756,5,-1,-1
594.28394,561.7264,114.59296,99.89526,0.99974674,4,-1,-1
555.0619,264.80255,72.52161,57.155334,0.99966574,4,-1,-1
1188.7622,670.4775,91.549805,114.26434,0.9994253,5,-1,-1
0.14762685,235.09337,62.203037,71.27901,0.9981396,4,-1,-1
1118.5098,776.78937,95.36572,125.14447,0.99727213,4,-1,-1
847.58563,524.66095,123.88489,106.40332,0.99169993,4,-1,-1
1273.2734,530.1683,77.005615,88.734436,0.99100626,5,-1,-1
354.6909,223.0214,57.21805,54.85022,0.99037063,4,-1,-1
513.8356,158.5857,57.913086,46.629272,0.9733745,6,-1,-1
867.5674,286.51468,47.895752,43.534424,0.85113525,4,-1,-1
559.80597,134.12238,43.4646,43.276062,0.7571107,6,-1,-1
560.3477,133.8254,43.713074,43.317123,0.56136054,4,-1,-1
843.188,274.70392,24.774414,46.036774,0.53220326,1,-1,-1
393.14737,835.2292,37.910767,42.65393,0.3765611,1,-1,-1
848.59174,520.15656,122.93988,113.53815,0.31942278,5,-1,-1
428.5483,148.62178,102.897125,76.795044,0.31124213,6,-1,-1
834.128,270.16208,30.91858,39.258636,0.26862115,1,-1,-1
265.32935,557.1362,65.82904,56.886353,0.24575853,1,-1,-1
868.0322,286.44446,47.898438,44.153107,0.20639649,10,-1,-1
560.3477,133.8254,43.713074,43.317123,0.19545496,5,-1,-1
266.19717,558.6482,62.512085,53.425903,0.18206543,2,-1,-1
1196.2645,130.7467,25.900757,50.474823,0.16885093,1,-1,-1
843.01825,274.22086,25.416748,46.027496,0.1664612,2,-1,-1
843.01825,274.22086,25.416748,46.027496,0.16142929,10,-1,-1
265.12003,557.1605,66.28021,56.330383,0.15266931,10,-1,-1
1195.6882,474.5456,31.042114,28.8891,0.122921646,1,-1,-1
969.94324,356.02267,31.47644,33.440918,0.117384195,5,-1,-1
405.50046,844.4898,28.158142,38.449524,0.117382675,1,-1,-1
1165.1343,482.11664,30.938965,28.1875,0.11657372,1,-1,-1
263.4342,569.788,143.5437,149.59326,0.11258677,4,-1,-1
1100.454,439.49872,30.740479,29.160034,0.110554665,4,-1,-1
968.07666,355.67715,29.220398,33.786957,0.10988596,4,-1,-1
759.68024,218.77892,21.477844,48.867905,0.10740405,1,-1,-1
752.1548,614.80237,39.778625,38.580994,0.10719052,10,-1,-1
262.39908,559.0147,40.36963,49.66327,0.106194764,1,-1,-1
868.0322,286.44446,47.898438,44.153107,0.10409391,7,-1,-1
1098.9099,199.2991,34.173218,32.14531,0.1013079,10,-1,-1
995.38934,370.54846,30.157898,31.879425,0.096333355,5,-1,-1
843.01825,274.22086,25.416748,46.027496,0.09617874,3,-1,-1
1064.6545,407.9187,33.924316,31.844421,0.09415862,5,-1,-1
869.06165,287.22534,46.082336,42.785522,0.09285542,1,-1,-1
1155.7311,471.58765,30.289185,29.351837,0.09003824,1,-1,-1
1195.9993,131.11006,25.7417,49.856064,0.089791596,2,-1,-1
1064.3965,406.61447,33.078125,32.83542,0.08929041,4,-1,-1
263.4342,569.788,143.5437,149.59326,0.08820212,5,-1,-1
995.38934,370.54846,30.157898,31.879425,0.087402076,4,-1,-1
589.2274,249.5566,68.9267,57.91893,0.08598772,4,-1,-1
290.55896,569.40436,43.597565,43.279175,0.08223957,1,-1,-1
216.26521,593.18024,32.518387,38.17273,0.08147168,1,-1,-1
834.128,270.16208,30.91858,39.258636,0.08045101,2,-1,-1
824.1204,260.7581,26.835327,39.611786,0.07952878,1,-1,-1
834.128,270.16208,30.91858,39.258636,0.079452366,3,-1,-1
1001.6634,382.11057,31.938171,30.654816,0.077278495,1,-1,-1
404.4877,830.59937,37.26001,39.11078,0.07724264,1,-1,-1
1190.2327,474.717,32.421753,27.260284,0.07712585,10,-1,-1
262.7921,502.12842,36.10089,31.887268,0.076839805,1,-1,-1
259.23645,569.7424,49.429657,40.68933,0.07402867,2,-1,-1
524.9936,161.17331,50.957764,42.606155,0.07381648,4,-1,-1
1001.3632,378.6831,30.380554,30.10733,0.07368207,10,-1,-1
1166.5922,467.63113,27.331543,33.740204,0.073635936,1,-1,-1
1155.7311,471.58765,30.289185,29.351837,0.07308635,10,-1,-1
250.74857,172.70534,32.074554,37.315445,0.07230121,10,-1,-1
1001.3632,378.6831,30.380554,30.10733,0.07219854,5,-1,-1
995.38934,370.54846,30.157898,31.879425,0.07109949,8,-1,-1
1001.3632,378.6831,30.380554,30.10733,0.070658654,4,-1,-1
1176.1995,476.27728,30.95288,29.785492,0.07011637,1,-1,-1
1100.454,439.49872,30.740479,29.160034,0.06994265,5,-1,-1
1166.349,476.42178,29.604004,30.041962,0.06989789,10,-1,-1
262.4606,551.36536,33.827362,48.931763,0.068305075,2,-1,-1
1173.054,121.92442,24.128174,50.592438,0.06781596,1,-1,-1
867.52026,286.51297,47.846313,43.356384,0.06750056,8,-1,-1
290.55896,569.40436,43.597565,43.279175,0.06743798,10,-1,-1
1086.2898,229.94852,33.06555,31.794617,0.0672282,10,-1,-1
1001.3632,378.6831,30.380554,30.10733,0.06718835,8,-1,-1
974.6941,359.26523,32.87805,33.66165,0.066658825,4,-1,-1
834.128,270.16208,30.91858,39.258636,0.06662026,10,-1,-1
292.02707,516.17114,30.815552,36.887756,0.06627655,1,-1,-1
284.67758,509.6684,29.6221,37.690247,0.064970106,1,-1,-1
995.38934,370.54846,30.157898,31.879425,0.064632654,10,-1,-1
969.2442,356.8248,32.78253,32.05652,0.0645431,8,-1,-1
962.7121,354.80478,30.088379,32.793823,0.063325286,1,-1,-1
918.3583,546.6888,37.864075,30.266418,0.063203275,2,-1,-1
1177.3531,475.20953,33.241455,27.153442,0.06314945,10,-1,-1
1099.0518,199.26692,33.166504,32.72989,0.06249678,1,-1,-1
752.3968,209.21112,22.550415,46.744873,0.061802417,1,-1,-1
820.50555,261.30112,36.695923,33.654053,0.0615772,3,-1,-1
547.22205,142.99452,49.369568,44.734146,0.061409295,6,-1,-1
983.7011,359.62015,31.672241,33.59549,0.061210036,5,-1,-1
171.96666,458.78375,81.64827,95.47406,0.059824884,1,-1,-1
555.281,264.52948,72.1936,57.708984,0.059780627,5,-1,-1
264.64554,557.57104,66.55798,56.191895,0.059443593,3,-1,-1
1098.5327,199.2778,34.382812,32.241165,0.05796534,7,-1,-1
251.08543,497.98355,43.223434,29.533844,0.057389736,1,-1,-1
268.56723,180.03792,33.320496,31.244858,0.057305157,10,-1,-1
1187.319,656.8306,98.82593,133.72894,0.057212383,9,-1,-1
1172.3983,125.063065,24.38684,47.644775,0.056972772,2,-1,-1
272.85028,503.83176,38.075348,32.216522,0.056699634,1,-1,-1
1140.9583,193.15234,43.066406,43.831085,0.05669552,1,-1,-1
1087.9261,231.0218,36.833496,31.236069,0.05644533,7,-1,-1
964.82904,357.8753,33.69641,30.004242,0.055124164,7,-1,-1
1100.454,439.49872,30.740479,29.160034,0.054623544,1,-1,-1
956.4274,345.66583,29.47998,29.371368,0.05432424,4,-1,-1
1050.0348,404.28293,39.10437,33.2453,0.054124236,5,-1,-1
252.52182,563.4403,30.53543,42.909668,0.053624034,1,-1,-1
1047.0741,394.3736,46.936157,28.778564,0.053563595,4,-1,-1
1137.7185,195.43439,45.682495,41.7265,0.0532462,10,-1,-1
820.50555,261.30112,36.695923,33.654053,0.053013325,2,-1,-1
382.41263,833.4562,35.011627,44.45569,0.05300972,1,-1,-1
418.4905,832.858,36.49829,36.43805,0.052752405,1,-1,-1
263.73785,569.83044,148.16501,163.29065,0.05219993,6,-1,-1
263.81506,581.2658,56.796814,38.158386,0.051656276,2,-1,-1
995.38934,370.54846,30.157898,31.879425,0.05138421,1,-1,-1
1099.0518,199.26692,33.166504,32.72989,0.050881624,8,-1,-1
355.7288,218.942,55.18625,58.10884,0.050820112,5,-1,-1
1043.407,399.54218,42.566772,33.39377,0.050373554,4,-1,-1
266.6286,500.69293,33.778503,34.00659,0.05036956,10,-1,-1
