406.16357,64.543396,13.61731,24.696404,0.88221526,1,-1,-1
509.27997,175.80096,12.5703125,25.628922,0.84450364,1,-1,-1
633.8249,336.32254,13.064087,20.735718,0.80729467,1,-1,-1
502.67154,178.81439,12.039337,25.488861,0.7926251,1,-1,-1
623.29834,301.51172,13.015381,19.794586,0.7657373,1,-1,-1
450.96524,169.16452,28.980103,18.868149,0.7450971,3,-1,-1
664.02606,341.03964,11.151184,23.03653,0.73879075,1,-1,-1
200.73935,444.22,25.668228,22.53241,0.72965807,1,-1,-1
649.41486,328.50348,11.407898,19.317963,0.728191,1,-1,-1
450.72134,181.5998,26.082458,20.558487,0.70674753,3,-1,-1
410.3781,115.34204,13.202118,26.093857,0.68244106,1,-1,-1
632.3429,329.52747,12.983948,22.521759,0.67277884,1,-1,-1
432.06998,181.81276,19.878052,27.961533,0.663749,3,-1,-1
103.17786,263.85486,17.99591,25.81601,0.6533011,1,-1,-1
630.5598,320.85193,12.354675,20.648438,0.65310866,1,-1,-1
448.62735,188.0526,24.693848,20.657043,0.6481158,3,-1,-1
397.37576,117.75985,13.737457,23.709038,0.6225722,1,-1,-1
460.67847,132.06953,13.38559,20.943146,0.6139671,1,-1,-1
412.509,101.73725,11.484253,20.900803,0.5634237,1,-1,-1
459.49194,639.43427,17.057953,27.414795,0.53402257,2,-1,-1
397.64984,107.677864,11.363159,22.158012,0.49984872,1,-1,-1
381.22864,301.68018,15.922974,28.112122,0.46656787,2,-1,-1
418.48624,106.54039,13.3836975,20.43911,0.46585128,1,-1,-1
458.6023,640.3019,21.319,39.70874,0.4516188,3,-1,-1
335.33002,15.846928,21.852234,20.625175,0.43092784,3,-1,-1
382.4038,305.7744,15.207123,28.919342,0.42401996,3,-1,-1
480.92667,155.01636,21.953522,22.652893,0.39230287,3,-1,-1
772.5629,375.6589,9.745728,17.12439,0.3914332,1,-1,-1
436.27792,187.13586,22.210724,22.281754,0.3874623,3,-1,-1
418.24048,180.63033,13.465698,31.778976,0.3864231,3,-1,-1
942.53723,318.1316,8.7146,9.977509,0.38404775,2,-1,-1
411.87234,99.847115,9.373749,17.17237,0.37461507,1,-1,-1
412.7756,107.42113,13.278534,24.329193,0.3531009,1,-1,-1
407.18808,104.11709,9.916473,18.659126,0.33295935,1,-1,-1
399.8677,106.07597,10.098175,16.820053,0.32383132,1,-1,-1
336.1949,14.78716,18.974182,21.121635,0.31610125,2,-1,-1
627.66406,315.5796,14.398804,21.577911,0.31426144,1,-1,-1
455.17697,175.70816,23.911652,21.671555,0.2935436,3,-1,-1
412.2251,99.75371,10.6085205,16.868584,0.28017926,2,-1,-1
404.90836,108.7253,13.358185,21.151237,0.27322325,1,-1,-1
638.6722,339.58295,8.966187,16.775482,0.26976866,1,-1,-1
336.1949,14.78716,18.974182,21.121635,0.26644742,1,-1,-1
381.06625,300.56857,15.884888,31.635101,0.26395184,1,-1,-1
448.42078,187.19133,24.398254,21.87143,0.25383312,10,-1,-1
852.96063,453.04214,12.999207,19.813477,0.25247657,1,-1,-1
721.31335,350.31564,14.806763,22.708618,0.24975652,1,-1,-1
103.17786,263.85486,17.99591,25.81601,0.24847108,2,-1,-1
418.48206,181.77464,13.147369,30.71106,0.24218658,10,-1,-1
459.58218,638.8607,17.196625,29.34729,0.23672894,1,-1,-1
718.483,357.97552,12.419739,19.433746,0.23667368,1,-1,-1
450.96524,169.16452,28.980103,18.868149,0.23520815,10,-1,-1
443.9748,188.64864,11.3341675,21.198181,0.23065594,3,-1,-1
418.24048,180.63033,13.465698,31.778976,0.22557071,1,-1,-1
417.36395,105.79766,8.713898,17.470146,0.22200778,1,-1,-1
405.38998,107.99914,8.798401,15.72406,0.21609649,1,-1,-1
431.768,182.43594,21.223389,27.999954,0.21592948,10,-1,-1
450.72134,181.5998,26.082458,20.558487,0.20512587,10,-1,-1
334.4698,12.913645,21.118866,22.705751,0.20418873,10,-1,-1
405.3461,117.36648,14.289276,26.7705,0.20352703,1,-1,-1
383.3435,306.13104,9.9114685,18.624329,0.20263529,2,-1,-1
632.0216,315.11005,8.583496,18.21753,0.20141429,1,-1,-1
399.3544,105.76147,10.822571,18.297493,0.20044932,2,-1,-1
330.42142,3.5032399,31.567047,33.926384,0.19975927,3,-1,-1
449.41107,183.17236,14.2404785,23.280548,0.19287094,3,-1,-1
411.0706,102.0388,14.671753,21.409904,0.190552,2,-1,-1
408.1301,98.40577,11.434479,20.709206,0.1889632,1,-1,-1
530.76624,147.33327,15.574524,25.133484,0.1889528,1,-1,-1
402.3885,156.76498,22.123077,49.733734,0.1865722,8,-1,-1
541.6728,168.14491,16.538696,25.109848,0.18583304,1,-1,-1
419.14328,106.72435,12.492065,20.042221,0.18185914,2,-1,-1
378.02893,295.69434,23.633392,42.481934,0.1813724,3,-1,-1
339.4339,15.92682,11.591034,16.927189,0.18088382,2,-1,-1
406.99994,104.64951,10.052643,17.699158,0.18002433,2,-1,-1
814.6268,426.65836,9.852966,12.148621,0.1785363,1,-1,-1
460.91714,184.37201,15.546326,16.842361,0.17795354,3,-1,-1
398.13553,118.74322,9.093842,17.281425,0.17673746,1,-1,-1
430.10968,181.40964,13.825287,24.902008,0.1744549,3,-1,-1
396.45554,109.32723,8.823059,17.631195,0.17283264,1,-1,-1
448.33374,165.5855,27.697906,35.050385,0.16774201,3,-1,-1
461.06732,132.12622,13.140259,20.665726,0.16633973,2,-1,-1
407.87085,173.81781,20.435852,38.397263,0.16551018,3,-1,-1
406.152,100.421455,22.582245,20.97052,0.16480052,1,-1,-1
401.9235,155.92696,23.050842,51.112686,0.16239914,7,-1,-1
421.19437,109.6172,7.831482,16.451492,0.16188508,1,-1,-1
487.74106,158.80916,18.292572,22.743683,0.16187906,3,-1,-1
397.89612,118.779526,13.044891,21.193878,0.16143999,2,-1,-1
431.59216,182.04648,21.707123,27.95784,0.1591942,7,-1,-1
409.5495,99.471725,9.539856,14.816666,0.15817252,2,-1,-1
402.35294,112.407425,8.7170105,17.214172,0.15629697,1,-1,-1
405.38998,107.99914,8.798401,15.72406,0.1523051,2,-1,-1
416.3991,104.0339,8.770447,16.051949,0.15178931,2,-1,-1
789.8421,390.80118,8.067261,12.012451,0.1506204,1,-1,-1
641.89,330.36945,15.406067,23.31839,0.15059012,1,-1,-1
343.0315,8.176726,18.878204,24.582737,0.14568618,3,-1,-1
665.2156,340.18295,8.294006,16.077423,0.14442822,1,-1,-1
935.01324,519.65045,9.108948,12.188232,0.14019695,1,-1,-1
462.06113,645.90155,13.7659,29.716858,0.14016423,3,-1,-1
779.33453,408.0379,10.832214,12.535492,0.13846403,1,-1,-1
656.5291,332.38403,13.868469,24.354858,0.13802072,1,-1,-1
409.71967,115.96999,12.569031,26.220741,0.13784805,2,-1,-1
942.6157,318.32898,8.447388,9.6605835,0.13749391,1,-1,-1
461.8563,133.1195,8.270874,16.626328,0.13528568,1,-1,-1
379.2753,300.65054,13.627136,22.554688,0.13481602,2,-1,-1
409.44934,100.434105,15.988098,20.83934,0.13411602,3,-1,-1
336.43143,16.030977,10.5372925,15.505228,0.1325371,2,-1,-1
417.95517,108.14809,13.778564,19.639297,0.13117698,3,-1,-1
664.8598,341.36057,8.938477,20.559235,0.13001496,2,-1,-1
542.21954,167.8269,15.278931,25.34938,0.12931305,3,-1,-1
807.8321,404.18167,8.1432495,12.238007,0.12903792,1,-1,-1
443.90546,638.57117,31.639008,40.859497,0.12845814,3,-1,-1
398.38406,111.6982,8.413422,19.012924,0.12610126,2,-1,-1
459.44394,189.60904,16.958893,20.054,0.12488595,3,-1,-1
570.9861,201.17328,14.505127,17.692429,0.124854535,1,-1,-1
528.92004,0.0,65.35217,18.425907,0.124712855,6,-1,-1
402.54813,106.08746,8.378143,12.929359,0.1245707,2,-1,-1
409.25357,109.789696,8.280579,16.650017,0.12401983,1,-1,-1
408.1164,100.74728,18.843689,19.848602,0.12370059,10,-1,-1
407.9977,115.27502,16.410095,25.883324,0.12235764,3,-1,-1
339.4339,15.92682,11.591034,16.927189,0.121489674,1,-1,-1
400.45047,150.77138,19.305786,40.519897,0.12004796,8,-1,-1
632.5767,337.29388,9.615112,16.855713,0.119926155,1,-1,-1
59.536793,125.77765,58.193188,114.803955,0.119516164,6,-1,-1
333.87463,0.0,20.278687,30.650183,0.11795318,3,-1,-1
717.20605,362.5122,9.799316,14.432556,0.11635241,1,-1,-1
582.47656,0.0,7.210327,7.5616975,0.115662634,1,-1,-1
379.53464,288.1803,16.992432,36.539734,0.11562753,2,-1,-1
461.06732,132.12622,13.140259,20.665726,0.11488426,10,-1,-1
459.43903,639.8275,16.83722,25.67804,0.11472541,3,-1,-1
528.92004,0.0,65.35217,18.425907,0.114436656,4,-1,-1
335.86795,16.17921,10.588257,17.518501,0.11428931,1,-1,-1
409.77194,114.012054,8.562683,18.120956,0.11344734,1,-1,-1
381.6712,303.51215,15.216705,28.224152,0.11313477,10,-1,-1
449.02713,177.4814,19.614716,21.499756,0.11295354,3,-1,-1
768.7095,374.21213,16.604431,23.523712,0.11266264,1,-1,-1
333.52948,10.681635,16.129272,22.496244,0.11135426,1,-1,-1
846.8971,449.39587,18.184998,26.074707,0.11124399,1,-1,-1
662.7029,342.93582,8.792114,17.900146,0.110242635,1,-1,-1
418.16086,180.73402,13.926941,31.545197,0.109779894,7,-1,-1
403.13312,157.51964,16.861603,32.698578,0.108890474,1,-1,-1
927.1492,532.6152,9.361084,11.794861,0.10877976,1,-1,-1
398.89117,113.436195,7.8762817,15.691277,0.10848808,1,-1,-1
462.31647,646.58246,14.034027,27.936646,0.10833818,2,-1,-1
413.67426,123.53546,11.139282,18.315903,0.10768351,1,-1,-1
413.14197,115.35736,7.9209595,19.095673,0.106705785,1,-1,-1
415.6968,101.53079,8.93222,15.267517,0.10643819,1,-1,-1
509.4866,175.6036,12.184906,25.74234,0.10635716,4,-1,-1
427.92258,182.4542,39.90518,27.688263,0.106092274,3,-1,-1
330.63016,0.0,29.82373,33.71734,0.1057657,10,-1,-1
402.70273,112.02497,8.033966,18.032463,0.10560003,2,-1,-1
338.56442,11.226056,13.784912,22.017048,0.1048308,3,-1,-1
432.09378,174.48166,25.036835,25.919754,0.103733,3,-1,-1
333.55527,0.0,20.25061,25.753359,0.10371959,2,-1,-1
333.52948,10.681635,16.129272,22.496244,0.10337761,2,-1,-1
497.11356,174.4484,14.767548,27.167358,0.10289493,1,-1,-1
413.66254,108.484146,7.559265,17.952675,0.102336675,1,-1,-1
575.2635,0.0,7.3131104,7.879972,0.10214287,1,-1,-1
353.4091,6.881734,12.250153,22.483982,0.10212731,3,-1,-1
408.36807,114.822014,15.321472,27.808723,0.1019263,10,-1,-1
487.74106,158.80916,18.292572,22.743683,0.10184562,1,-1,-1
441.62668,187.11473,13.991821,22.89952,0.101023465,10,-1,-1
432.1022,182.62996,20.793945,27.849487,0.10101983,1,-1,-1
297.53784,759.0242,44.751953,28.519775,0.10045096,4,-1,-1
453.88574,163.79964,20.883453,20.786911,0.09975162,3,-1,-1
450.96524,169.16452,28.980103,18.868149,0.099291325,4,-1,-1
665.3561,391.68787,17.285461,35.337433,0.098980725,5,-1,-1
402.3885,156.76498,22.123077,49.733734,0.098839164,3,-1,-1
395.96082,100.84926,15.941284,22.721245,0.0984495,1,-1,-1
400.45047,150.77138,19.305786,40.519897,0.09719217,7,-1,-1
636.02277,339.2719,8.19342,16.126587,0.0968512,1,-1,-1
200.74924,445.26807,25.157654,20.568085,0.096687526,2,-1,-1
665.3561,391.68787,17.285461,35.337433,0.09534961,4,-1,-1
575.5844,0.0,6.2387085,7.916567,0.09462556,2,-1,-1
401.6742,124.11534,9.996521,16.794022,0.09457716,1,-1,-1
918.40436,518.14746,11.106628,10.477783,0.094210505,1,-1,-1
347.10498,14.428471,12.038879,21.7393,0.093945086,3,-1,-1
621.55695,300.20547,20.129333,26.990082,0.09377909,1,-1,-1
630.26666,310.472,13.932983,20.286194,0.093634576,1,-1,-1
448.42078,187.19133,24.398254,21.87143,0.09330732,4,-1,-1
502.22534,178.95885,8.660156,18.275024,0.09297839,1,-1,-1
332.78598,0.0,23.779266,33.34037,0.092760235,1,-1,-1
461.63657,133.16847,8.425995,16.012863,0.092665315,2,-1,-1
634.2808,326.8692,9.865967,16.420105,0.0917213,1,-1,-1
406.13986,116.254486,8.373138,18.538895,0.09148675,1,-1,-1
393.8733,106.14199,12.231476,25.511467,0.09131372,1,-1,-1
406.6105,170.9504,22.055756,41.70755,0.09078264,7,-1,-1
379.44937,305.01648,14.496338,22.881287,0.09059301,3,-1,-1
653.8265,331.96933,7.5426636,15.399078,0.090115696,1,-1,-1
693.42175,303.89285,9.573914,13.667694,0.08990398,1,-1,-1
386.51593,309.82684,9.485352,18.896973,0.08967686,2,-1,-1
783.5912,407.96393,10.297791,11.379913,0.08965492,1,-1,-1
398.65598,121.33532,8.108704,15.606316,0.08955029,2,-1,-1
611.0616,286.45084,11.083557,14.898956,0.0893524,1,-1,-1
528.92004,0.0,65.35217,18.425907,0.08933297,10,-1,-1
403.71628,104.650734,16.109314,17.774384,0.08932564,3,-1,-1
451.10526,181.74963,25.280151,20.926208,0.08899599,7,-1,-1
406.3026,112.39309,8.359497,17.942162,0.088977665,2,-1,-1
510.25415,126.74742,17.291443,20.322693,0.08893642,1,-1,-1
450.08417,184.97337,22.324005,23.48436,0.08872932,1,-1,-1
480.54974,153.6853,21.382843,22.686432,0.08869183,1,-1,-1
379.53464,288.1803,16.992432,36.539734,0.08827001,1,-1,-1
378.02893,295.69434,23.633392,42.481934,0.088184476,2,-1,-1
606.2422,212.82773,23.91803,26.385391,0.08810431,1,-1,-1
450.88065,169.4793,28.906372,18.66957,0.08765063,7,-1,-1
450.38086,166.97684,14.546509,23.193466,0.08753461,3,-1,-1
411.04727,102.70808,6.674347,14.207802,0.087251246,1,-1,-1
403.0104,172.05591,7.2664185,17.658188,0.08724049,2,-1,-1
214.35509,335.95383,15.671585,30.34613,0.08722696,1,-1,-1
570.9861,201.17328,14.505127,17.692429,0.08672887,2,-1,-1
582.47656,0.0,7.210327,7.5616975,0.08670196,2,-1,-1
455.53293,158.13072,32.85614,23.041336,0.08640319,3,-1,-1
409.31488,69.54643,8.866882,18.914436,0.08615801,1,-1,-1
418.24048,180.63033,13.465698,31.778976,0.08613378,8,-1,-1
407.82352,174.55254,21.25299,37.777084,0.08575553,8,-1,-1
449.41446,169.96443,30.149048,20.528168,0.08559173,1,-1,-1
657.31464,338.84445,16.70758,27.087036,0.08553776,1,-1,-1
455.1488,186.19919,18.597076,13.072983,0.08545521,3,-1,-1
412.68692,107.660904,15.031555,22.888428,0.0852747,3,-1,-1
459.67178,642.6853,17.91568,34.954163,0.085196674,7,-1,-1
383.53375,306.0747,11.239563,20.749146,0.0850763,1,-1,-1
382.0979,305.85303,15.886475,29.253204,0.08492416,7,-1,-1
449.41446,169.96443,30.149048,20.528168,0.08435857,2,-1,-1
448.42496,187.90999,24.444855,20.774857,0.08424154,7,-1,-1
202.87825,445.86816,14.377762,19.001434,0.08393696,1,-1,-1
502.67154,178.81439,12.039337,25.488861,0.08346802,4,-1,-1
333.1329,18.999445,18.47528,13.618326,0.08330786,3,-1,-1
417.95517,108.14809,13.778564,19.639297,0.08321285,10,-1,-1
893.34375,489.9627,12.481079,25.897278,0.08314106,1,-1,-1
147.3915,482.89026,37.017593,47.63556,0.083087325,7,-1,-1
763.6757,398.71042,9.367737,11.623779,0.08299601,1,-1,-1
393.2085,113.559235,14.47583,27.568863,0.08297092,1,-1,-1
529.3634,0.0,64.64502,19.161911,0.0826658,7,-1,-1
458.11612,643.06085,14.703766,18.313538,0.08256537,2,-1,-1
577.7923,0.0,7.1636963,8.404459,0.082564235,1,-1,-1
816.86273,423.9522,9.709534,13.229218,0.08234903,1,-1,-1
951.00867,311.16013,7.149658,8.796936,0.082107425,2,-1,-1
453.3708,180.97177,19.472748,25.023712,0.08196616,2,-1,-1
335.05,14.340024,20.220581,21.15569,0.08194965,7,-1,-1
403.13147,106.06623,7.1523438,12.457298,0.081656694,1,-1,-1
460.67847,132.06953,13.38559,20.943146,0.08149147,3,-1,-1
650.12256,328.50076,10.155945,18.15445,0.0812273,2,-1,-1
963.026,296.26636,9.612671,10.979004,0.08096874,2,-1,-1
606.4943,280.44293,16.528381,20.941406,0.08083668,3,-1,-1
477.89746,144.0241,23.350098,27.831863,0.08067191,3,-1,-1
528.92004,0.0,65.35217,18.425907,0.08050367,3,-1,-1
344.13574,0.26034743,19.605255,24.085266,0.0799585,3,-1,-1
103.17786,263.85486,17.99591,25.81601,0.07972342,4,-1,-1
407.4589,118.976616,11.221405,17.042427,0.079675645,1,-1,-1
600.318,210.55013,20.082703,21.13881,0.0796597,1,-1,-1
632.62573,325.46725,8.163269,14.832855,0.07897177,1,-1,-1
378.4878,8.395385,22.120636,22.994469,0.07875189,1,-1,-1
492.6529,165.55142,13.413239,23.313278,0.07857445,1,-1,-1
446.97736,187.31813,20.773987,13.610718,0.078433365,3,-1,-1
409.08774,109.742294,8.750916,16.325012,0.077920526,2,-1,-1
396.28934,109.86198,8.822296,16.620407,0.07781017,2,-1,-1
407.87085,173.81781,20.435852,38.397263,0.0777877,10,-1,-1
406.39075,106.970924,7.0471497,11.342331,0.07742819,2,-1,-1
509.24606,175.77866,12.386688,25.754425,0.0774208,2,-1,-1
667.5906,341.57614,8.971619,17.423553,0.077282816,1,-1,-1
403.67737,109.71017,6.359436,15.84256,0.077194154,1,-1,-1
409.77194,114.012054,8.562683,18.120956,0.076779485,2,-1,-1
148.02196,482.78543,36.325012,48.13852,0.076497436,8,-1,-1
577.97144,0.0,6.89917,7.7901998,0.076464415,2,-1,-1
434.7136,183.38858,11.455322,19.542816,0.076429546,3,-1,-1
623.493,301.489,12.588501,19.533234,0.07619247,2,-1,-1
777.91187,410.307,8.919556,11.920105,0.076129556,1,-1,-1
325.05652,0.0,37.21576,34.63502,0.07586458,7,-1,-1
628.779,316.4015,10.23938,14.418274,0.075843036,1,-1,-1
431.52475,182.2194,21.7948,28.124283,0.07570478,8,-1,-1
453.76855,176.29227,26.147491,19.828857,0.075535,10,-1,-1
411.04727,102.70808,6.674347,14.207802,0.07530087,2,-1,-1
452.51608,182.04205,22.313171,21.041656,0.07525563,4,-1,-1
410.4339,108.33378,6.661438,12.696007,0.07524264,2,-1,-1
465.6247,132.48721,18.638,21.14093,0.07513732,1,-1,-1
464.35596,135.37569,8.030884,18.611526,0.07440856,1,-1,-1
589.04114,187.71098,15.287659,26.349304,0.07439861,1,-1,-1
454.67105,192.99365,16.480377,14.667023,0.07423356,3,-1,-1
774.0693,373.27475,9.2838745,14.391632,0.074139744,1,-1,-1
406.6075,106.416595,6.5812073,12.126587,0.07381457,1,-1,-1
413.73953,104.5389,7.899933,16.277718,0.0737896,2,-1,-1
400.58817,101.36177,10.067566,15.783867,0.07336557,1,-1,-1
412.7756,107.42113,13.278534,24.329193,0.07304907,2,-1,-1
421.3717,108.89639,6.946289,13.597679,0.07304123,2,-1,-1
485.94882,156.64583,13.030273,17.416245,0.072951406,3,-1,-1
459.75543,173.45761,17.832031,12.477005,0.07290441,3,-1,-1
616.517,301.62793,16.501038,22.25595,0.072039336,1,-1,-1
147.3915,482.89026,37.017593,47.63556,0.07200727,10,-1,-1
405.45813,108.25205,13.586914,23.99224,0.07196733,2,-1,-1
406.28616,104.648575,11.107117,17.510216,0.07194403,10,-1,-1
461.76733,647.15686,14.588135,31.874573,0.07190177,1,-1,-1
417.38684,107.17885,9.410492,18.10234,0.07160851,2,-1,-1
482.55637,156.82037,20.410828,21.930237,0.0713515,10,-1,-1
415.23767,101.71124,19.419922,21.024086,0.071266204,1,-1,-1
538.2807,156.66396,16.237305,28.021072,0.071249336,1,-1,-1
573.6832,205.68004,10.80481,16.6165,0.07116243,1,-1,-1
530.7644,147.37819,15.697693,25.07727,0.07110095,2,-1,-1
482.9567,163.64479,21.653503,24.070282,0.070943624,3,-1,-1
459.6764,636.6658,22.779816,42.97583,0.070925325,2,-1,-1
652.5234,297.6083,13.348633,21.253296,0.070904166,1,-1,-1
412.7756,107.42113,13.278534,24.329193,0.070797175,10,-1,-1
502.64728,178.62904,10.886719,24.328552,0.070724726,2,-1,-1
944.31525,314.2494,10.439758,11.795807,0.07071963,2,-1,-1
396.57022,117.39892,8.858246,17.291176,0.07070932,2,-1,-1
423.325,111.01612,8.775024,14.664001,0.0703665,1,-1,-1
459.37277,642.1755,17.999878,35.660217,0.07034689,10,-1,-1
502.66064,178.90614,11.875549,25.445679,0.07008326,3,-1,-1
400.39667,105.56475,6.22583,14.707779,0.07008055,2,-1,-1
452.40253,63.58038,11.437256,25.510006,0.07008007,1,-1,-1
419.47958,112.342514,12.407715,23.365433,0.06980333,1,-1,-1
406.3274,64.46051,13.385773,24.810806,0.069230676,4,-1,-1
633.20654,333.22452,8.368164,14.913055,0.06894559,1,-1,-1
411.46033,99.09356,6.610382,13.217888,0.06885341,1,-1,-1
417.94467,105.895004,6.3951416,10.689941,0.06865898,2,-1,-1
396.4032,113.25671,12.205536,26.780693,0.06850207,10,-1,-1
334.63925,14.196637,21.444275,21.101368,0.0683648,8,-1,-1
377.86816,7.1179028,23.023193,25.239882,0.06806925,3,-1,-1
600.7022,210.24231,18.871704,21.673462,0.067717016,2,-1,-1
354.53702,3.25049,10.507263,18.144144,0.06756204,3,-1,-1
633.31384,341.76367,7.021057,15.59729,0.06746188,1,-1,-1
401.6742,124.11534,9.996521,16.794022,0.06744844,2,-1,-1
403.0104,172.05591,7.2664185,17.658188,0.06741166,1,-1,-1
422.71677,28.33915,12.422394,20.06025,0.06731856,1,-1,-1
842.7581,460.92233,10.469238,15.488617,0.067284435,1,-1,-1
338.3846,21.742598,15.47464,17.068632,0.0671199,3,-1,-1
201.15776,445.01263,24.11531,21.754791,0.06701982,10,-1,-1
396.4032,113.25671,12.205536,26.780693,0.06648809,3,-1,-1
448.06937,187.10362,22.421661,22.328552,0.06603873,2,-1,-1
201.15776,445.01263,24.11531,21.754791,0.06548458,4,-1,-1
623.493,301.489,12.588501,19.533234,0.06527299,4,-1,-1
460.04196,174.863,17.774628,24.804062,0.065167665,2,-1,-1
450.73703,169.10202,28.952057,18.988571,0.06515235,8,-1,-1
408.36206,115.14183,15.175934,25.817337,0.06498578,4,-1,-1
379.53464,288.1803,16.992432,36.539734,0.06477645,3,-1,-1
147.3915,482.89026,37.017593,47.63556,0.06475496,3,-1,-1
403.1484,117.594,7.017029,15.840462,0.06451419,1,-1,-1
457.80423,646.8161,14.464386,24.239746,0.06445345,2,-1,-1
771.6556,381.27322,8.183411,11.642548,0.06420869,1,-1,-1
581.975,227.39221,15.035278,26.260986,0.06409541,1,-1,-1
505.2031,172.46231,21.383453,31.229675,0.0640741,1,-1,-1
631.99225,309.9368,8.668518,15.664459,0.06402463,1,-1,-1
406.8102,100.658646,8.695251,15.707146,0.0639852,1,-1,-1
725.1628,346.97977,17.295471,25.184753,0.06388348,1,-1,-1
628.8032,321.59012,10.368652,14.950623,0.063874304,1,-1,-1
633.94403,336.2018,12.539673,20.817413,0.063738704,2,-1,-1
839.898,437.6584,10.246399,12.284821,0.06330788,1,-1,-1
407.3462,161.01576,11.005035,24.261154,0.06327027,1,-1,-1
379.2753,300.65054,13.627136,22.554688,0.06315076,1,-1,-1
400.7973,106.01993,21.05252,14.921165,0.06302637,10,-1,-1
103.17786,263.85486,17.99591,25.81601,0.06297964,10,-1,-1
345.278,0.0,17.365997,18.098856,0.062796205,1,-1,-1
325.53366,0.0,35.51773,35.12451,0.06265539,8,-1,-1
439.62976,186.03604,15.974457,23.72232,0.062652946,1,-1,-1
528.92004,0.0,65.35217,18.425907,0.06252447,1,-1,-1
459.67178,642.6853,17.91568,34.954163,0.062494904,8,-1,-1
640.8727,343.44092,5.9609985,13.703247,0.062178165,1,-1,-1
431.59216,182.04648,21.707123,27.95784,0.062160164,4,-1,-1
665.75354,340.39636,7.31604,13.807068,0.062006354,2,-1,-1
458.1774,179.86847,22.426575,12.260544,0.0619722,3,-1,-1
347.8116,19.37992,8.992645,16.032423,0.061947614,1,-1,-1
542.38983,168.88889,15.860962,26.303192,0.061926305,10,-1,-1
765.87256,395.2599,8.786133,11.263916,0.061883718,1,-1,-1
454.8338,639.8433,24.386292,41.625793,0.061817676,1,-1,-1
413.24353,179.94449,30.095581,32.916656,0.061737478,3,-1,-1
856.45667,454.86823,12.079285,15.579254,0.061635315,1,-1,-1
401.68372,110.76293,26.286224,31.857521,0.06162724,1,-1,-1
610.7358,286.3577,16.572083,21.272827,0.06148967,1,-1,-1
615.716,223.3229,16.295471,26.9991,0.061444104,1,-1,-1
109.671,266.11963,15.963882,25.69873,0.06135121,1,-1,-1
379.59937,290.60834,24.509644,45.28177,0.06127274,10,-1,-1
418.86963,182.28523,12.550659,30.222214,0.061272293,4,-1,-1
343.0315,8.176726,18.878204,24.582737,0.06124991,1,-1,-1
509.05536,176.17563,8.717102,18.155731,0.061099023,1,-1,-1
448.97598,171.86891,21.269043,13.572433,0.06102869,3,-1,-1
277.9521,0.0,20.190796,10.781031,0.060973138,1,-1,-1
626.2151,326.535,16.190063,22.179077,0.06093386,1,-1,-1
399.77423,106.47439,7.0863953,11.826538,0.060894072,1,-1,-1
458.89417,181.59685,23.1745,24.545807,0.06083837,3,-1,-1
413.17722,103.579735,10.5971985,17.436172,0.060758024,10,-1,-1
413.7937,101.130104,6.48761,12.743401,0.06074673,2,-1,-1
566.128,199.15497,21.471863,25.900253,0.060529172,1,-1,-1
58.777206,133.72311,51.426216,106.47026,0.060412705,7,-1,-1
200.73935,444.22,25.668228,22.53241,0.060287654,3,-1,-1
949.9541,313.2517,8.214233,10.999664,0.06013769,2,-1,-1
624.68317,299.8011,9.072266,16.082367,0.060068905,1,-1,-1
462.84857,637.94415,12.197723,21.303223,0.060006917,2,-1,-1
811.9232,429.2806,10.059326,10.748779,0.059892803,1,-1,-1
402.64694,98.48133,28.785309,27.273872,0.059802085,10,-1,-1
456.52628,168.20403,15.0946045,21.330261,0.059745133,3,-1,-1
633.7957,318.30478,9.619995,16.934692,0.05952263,1,-1,-1
404.76157,108.63598,14.041504,22.750175,0.059440196,10,-1,-1
937.0889,311.039,5.755005,10.324371,0.059277624,2,-1,-1
580.3813,0.0,12.0720825,10.781606,0.059250653,1,-1,-1
612.0013,275.39362,15.871887,25.839508,0.059052557,1,-1,-1
449.63318,185.0356,23.414246,23.138779,0.05851832,8,-1,-1
103.55766,264.89636,8.561676,14.965637,0.05849603,2,-1,-1
483.90448,86.37891,15.523895,19.275627,0.05832261,1,-1,-1
442.77786,177.38225,12.915924,25.568329,0.05827096,3,-1,-1
666.32477,345.1206,6.04303,16.918854,0.058254153,1,-1,-1
611.0656,285.44177,10.825928,16.640106,0.05815074,3,-1,-1
626.5712,335.37955,17.288574,21.510284,0.05814737,1,-1,-1
488.08636,161.073,10.150848,17.65332,0.058139354,3,-1,-1
347.89102,18.093357,8.869202,16.049194,0.058100462,2,-1,-1
328.9461,0.0,32.565125,20.102333,0.05805728,3,-1,-1
508.0977,181.7948,7.9726257,20.909363,0.057987273,1,-1,-1
439.8918,187.36803,16.06363,22.589142,0.057856828,2,-1,-1
650.9475,324.13785,15.095825,23.863007,0.057753086,1,-1,-1
512.5037,178.39517,6.7557983,20.406586,0.057587564,1,-1,-1
758.4332,399.1508,11.030823,13.149109,0.05754718,1,-1,-1
376.60498,304.92297,25.366425,19.398987,0.05751425,2,-1,-1
58.777206,133.72311,51.426216,106.47026,0.057473958,8,-1,-1
404.76157,108.63598,14.041504,22.750175,0.05744326,3,-1,-1
774.671,380.73416,6.866028,13.003998,0.057113618,1,-1,-1
386.24106,312.20703,16.33603,22.527435,0.057000786,3,-1,-1
101.94628,263.92386,12.114372,21.139587,0.056884408,1,-1,-1
396.54514,119.41936,7.9070435,13.815079,0.056763142,1,-1,-1
456.67355,182.38785,20.996368,19.566788,0.056548655,1,-1,-1
961.0443,297.20352,8.592407,11.163605,0.056491315,2,-1,-1
738.4357,380.11917,9.057495,11.843048,0.056449503,1,-1,-1
407.0434,123.89028,8.725037,19.27729,0.056315392,1,-1,-1
468.01074,138.0561,8.995911,15.962906,0.05596885,1,-1,-1
725.87744,351.25403,10.60907,16.41092,0.055769622,1,-1,-1
410.5362,160.16248,7.8102417,19.22853,0.05564183,2,-1,-1
415.05164,109.635506,9.526581,17.60646,0.055548877,3,-1,-1
455.56528,128.78673,15.508728,23.59169,0.05540961,1,-1,-1
665.3561,391.68787,17.285461,35.337433,0.055308044,6,-1,-1
109.7449,268.76102,9.215622,19.366943,0.055237293,2,-1,-1
603.99805,211.51245,22.837524,25.074677,0.054973274,2,-1,-1
332.1745,0.0,16.272614,25.475578,0.054965824,1,-1,-1
406.8102,100.658646,8.695251,15.707146,0.054774165,2,-1,-1
918.40436,518.14746,11.106628,10.477783,0.054585308,2,-1,-1
471.25342,138.90616,9.484863,14.484085,0.054454893,1,-1,-1
493.01233,163.10889,11.328552,16.932755,0.054446995,3,-1,-1
633.94403,336.2018,12.539673,20.817413,0.0544374,4,-1,-1
663.86566,341.01596,11.099243,23.077545,0.054353684,4,-1,-1
487.74106,158.80916,18.292572,22.743683,0.05434537,2,-1,-1
330.15573,0.0,30.398804,35.812393,0.05412203,2,-1,-1
636.1523,339.4671,14.542053,20.898468,0.054091364,1,-1,-1
406.14737,159.81885,12.870239,28.20253,0.054077744,2,-1,-1
398.56387,105.29768,12.285095,20.460732,0.053890705,3,-1,-1
492.75232,167.1484,13.666748,20.490326,0.053841054,3,-1,-1
666.4001,390.32996,18.159424,35.668182,0.0538193,1,-1,-1
377.07126,5.9343886,24.43045,26.88497,0.053788483,10,-1,-1
529.3634,0.0,64.64502,19.161911,0.05375877,8,-1,-1
145.89667,516.68524,12.344376,23.235718,0.053700745,1,-1,-1
606.4943,280.44293,16.528381,20.941406,0.053549945,1,-1,-1
787.02924,391.57855,8.74707,10.441193,0.053497016,1,-1,-1
417.55234,111.75954,7.9533997,17.811249,0.053450823,1,-1,-1
667.46405,341.01846,8.796997,18.60727,0.05338359,2,-1,-1
336.811,0.0,18.83136,16.493387,0.053278595,1,-1,-1
153.56607,480.01028,30.285446,30.773956,0.053236544,10,-1,-1
297.53784,759.0242,44.751953,28.519775,0.05322942,5,-1,-1
418.92572,53.260513,18.18161,23.61322,0.05312243,1,-1,-1
463.5792,633.81915,27.125763,46.9787,0.053076744,3,-1,-1
64.724945,151.24693,31.219048,77.10762,0.052936614,6,-1,-1
719.78094,365.78265,7.5595093,13.390808,0.052904785,1,-1,-1
384.4564,306.57764,18.949615,23.797241,0.052721858,2,-1,-1
651.54285,330.0085,6.9935913,14.725128,0.05271855,1,-1,-1
57.883892,128.33209,55.52496,108.72073,0.05263999,4,-1,-1
454.4619,53.59566,14.024994,31.347034,0.052627414,1,-1,-1
653.7973,297.0783,9.719788,14.972076,0.052609354,1,-1,-1
334.7752,0.0,17.785736,27.440254,0.052476287,10,-1,-1
408.98322,65.18142,8.6475525,21.459229,0.052456528,2,-1,-1
401.8949,106.60549,19.185394,13.52961,0.052417874,1,-1,-1
484.27985,86.550606,14.910431,19.244812,0.05213535,2,-1,-1
344.81277,14.957196,14.644653,20.392479,0.052079886,2,-1,-1
403.7395,165.5119,16.51529,34.474274,0.052012473,7,-1,-1
492.75232,167.1484,13.666748,20.490326,0.051965296,2,-1,-1
401.50522,152.22816,17.999146,37.679688,0.05186847,3,-1,-1
541.9705,167.92259,16.118958,25.40596,0.051825464,2,-1,-1
718.272,358.1451,12.613647,19.526886,0.05178085,2,-1,-1
411.41254,99.774506,6.192566,11.38401,0.05177024,2,-1,-1
792.53735,390.00555,8.590942,13.412781,0.051755637,1,-1,-1
855.356,454.84625,16.408203,24.380646,0.051688492,1,-1,-1
828.38104,424.8125,10.503784,13.412384,0.05150324,1,-1,-1
582.41046,200.39793,17.787292,22.96074,0.051498592,1,-1,-1
450.65152,189.77206,9.927246,19.09526,0.0514687,3,-1,-1
453.80878,650.08575,33.48523,26.318115,0.051406533,3,-1,-1
454.1477,638.8485,30.242249,22.647095,0.051359445,2,-1,-1
429.3624,186.86736,10.804291,23.388046,0.05120322,3,-1,-1
941.75336,314.3367,8.057922,11.91568,0.051172614,2,-1,-1
396.98236,115.17697,6.597534,13.162476,0.051145107,1,-1,-1
344.27646,18.68826,9.147095,15.962997,0.051130086,1,-1,-1
528.92004,0.0,65.35217,18.425907,0.051128864,5,-1,-1
401.2544,101.73817,8.388855,15.256767,0.051053524,2,-1,-1
392.68655,109.29552,24.161804,33.359924,0.050981075,1,-1,-1
841.6485,455.80615,16.85614,20.627869,0.050952286,1,-1,-1
260.44672,178.6195,18.241333,34.06491,0.050769776,1,-1,-1
814.81244,427.02066,9.455078,11.547211,0.050712198,2,-1,-1
665.8108,336.198,7.3340454,14.679169,0.050587982,1,-1,-1
504.4989,179.75981,7.3518066,17.78415,0.050203323,2,-1,-1
661.031,329.85748,13.356689,25.601166,0.050084352,1,-1,-1
401.9275,99.26998,30.421722,25.188889,0.05004981,3,-1,-1
344.27646,18.68826,9.147095,15.962997,0.05004254,2,-1,-1
