944.5683,564.28107,46.528137,35.676025,0.82729375,4,-1,-1
678.65436,450.64056,42.836304,20.548462,0.7669574,4,-1,-1
921.7609,545.8483,52.73413,36.71216,0.76484,4,-1,-1
846.7978,491.62128,44.981567,29.998657,0.73247933,4,-1,-1
815.0885,465.99854,40.022278,27.760162,0.7136915,4,-1,-1
644.7836,470.18552,43.122864,28.612488,0.7046919,4,-1,-1
487.30493,433.42,38.52527,21.50415,0.69179463,4,-1,-1
498.81592,443.56595,44.085876,25.476562,0.6882464,4,-1,-1
962.34875,579.7012,50.206482,44.30194,0.6829784,4,-1,-1
479.15253,420.64243,39.608765,21.1792,0.64216405,4,-1,-1
640.5595,417.12732,38.4187,21.226135,0.5797992,4,-1,-1
638.8503,461.756,43.710754,30.7901,0.56119716,4,-1,-1
758.77545,514.60675,36.637756,25.818665,0.5593152,4,-1,-1
540.60004,494.35504,46.05078,23.677734,0.5586618,4,-1,-1
466.16095,410.05728,40.48178,21.617432,0.5450946,4,-1,-1
634.8154,601.45966,54.64087,34.975952,0.54153633,4,-1,-1
624.07367,588.14087,44.54419,29.582947,0.52592206,4,-1,-1
769.0012,530.4995,42.387085,28.375732,0.516074,4,-1,-1
633.51056,456.3585,39.444824,27.337585,0.5152002,4,-1,-1
610.03876,573.429,47.34961,29.503662,0.5082384,4,-1,-1
830.63513,476.76483,42.835815,30.699463,0.5071043,4,-1,-1
743.02997,505.29428,33.259705,20.88974,0.50598985,4,-1,-1
678.5183,437.31635,27.93103,17.330353,0.4942907,4,-1,-1
754.847,421.8668,33.501648,27.511963,0.48963195,4,-1,-1
725.16675,397.36188,38.023926,26.986755,0.48449227,4,-1,-1
580.6429,537.0498,47.79547,31.579407,0.47650555,4,-1,-1
821.1382,471.57333,44.494812,29.776093,0.47255725,4,-1,-1
656.6664,354.14267,34.187378,22.301086,0.45598462,4,-1,-1
730.57556,697.4456,54.87732,43.45703,0.45514148,4,-1,-1
835.801,486.4087,45.431763,30.275146,0.42602086,4,-1,-1
768.405,530.2036,41.976746,28.931091,0.37071294,5,-1,-1
831.2022,476.11365,42.194885,32.370148,0.36122316,5,-1,-1
601.1525,563.28046,44.66577,25.986145,0.35949653,4,-1,-1
656.36786,354.58774,34.327698,21.762115,0.35614508,5,-1,-1
636.30176,601.65594,52.908447,33.966736,0.34751338,5,-1,-1
492.06412,435.9388,41.777313,27.314514,0.33890414,4,-1,-1
724.98444,396.96686,38.73236,27.436829,0.3354311,5,-1,-1
707.41925,677.6275,51.04712,39.428345,0.33354032,4,-1,-1
625.08954,608.65826,139.29816,127.69672,0.331975,9,-1,-1
817.23035,467.19095,43.210266,29.128845,0.32589722,5,-1,-1
581.1475,536.75464,46.76013,31.295654,0.31279504,5,-1,-1
601.5309,567.4498,60.787292,47.66333,0.30692178,4,-1,-1
708.1282,678.1272,50.48712,38.076782,0.3044101,5,-1,-1
679.94183,437.76993,26.87854,16.909027,0.292593,10,-1,-1
962.36615,581.11444,51.626465,42.400818,0.27817732,5,-1,-1
645.245,468.51797,41.02466,29.746704,0.2707236,5,-1,-1
919.6723,545.4464,54.639038,36.93579,0.26521298,5,-1,-1
633.51056,456.3585,39.444824,27.337585,0.25392133,5,-1,-1
631.89105,593.61597,47.834717,31.850159,0.25117785,4,-1,-1
619.9727,580.069,44.335144,27.111145,0.2505229,4,-1,-1
614.76385,571.21375,36.731934,17.844482,0.24312493,4,-1,-1
758.8367,524.22345,45.684814,30.579346,0.23440796,4,-1,-1
846.7978,491.62128,44.981567,29.998657,0.23179504,5,-1,-1
625.1088,588.9711,43.433655,28.466492,0.23022377,5,-1,-1
638.71356,461.37186,42.191406,29.023865,0.22782484,5,-1,-1
540.1443,494.2425,47.163757,25.096252,0.2227822,5,-1,-1
1097.5748,276.22192,19.687744,27.75238,0.22031224,1,-1,-1
855.00507,393.14355,63.688843,34.351135,0.21187171,4,-1,-1
730.1857,697.25476,54.64032,42.86554,0.20598719,5,-1,-1
592.35657,556.3031,63.502075,46.040894,0.19965562,4,-1,-1
498.79544,444.10638,43.914825,24.578827,0.19946459,5,-1,-1
479.2765,420.4762,39.65619,21.92453,0.1990327,5,-1,-1
760.9201,515.9016,33.995117,22.09967,0.19575784,5,-1,-1
166.62698,114.938896,32.40486,15.990135,0.19532892,4,-1,-1
1097.8906,286.65628,14.918457,16.74942,0.19464475,1,-1,-1
603.95135,570.8292,58.12732,44.140137,0.19389391,5,-1,-1
664.511,447.89734,45.856323,22.025146,0.19389343,4,-1,-1
765.09845,283.1598,52.402466,24.22055,0.1934129,4,-1,-1
640.7517,417.3273,38.195007,21.01654,0.18368343,5,-1,-1
1097.8843,275.7826,19.152344,28.450806,0.18116426,10,-1,-1
609.4067,567.80676,44.024414,26.181152,0.18003672,5,-1,-1
487.16797,433.0625,38.378296,21.808624,0.18001449,5,-1,-1
944.915,564.4994,46.190247,36.16754,0.17990163,5,-1,-1
579.6714,547.421,50.124878,32.840393,0.17754489,4,-1,-1
741.78564,505.27606,33.94879,21.488892,0.17670915,5,-1,-1
103.32676,108.61732,41.51423,21.54905,0.16782564,4,-1,-1
721.563,230.29073,33.64508,23.283249,0.16712931,4,-1,-1
618.8439,579.0204,36.51703,17.828247,0.16397479,4,-1,-1
729.442,364.8337,44.794373,23.923523,0.16353497,4,-1,-1
212.65686,360.00024,49.533203,27.002045,0.16232136,4,-1,-1
626.1074,417.14737,12.040894,18.483734,0.16053015,1,-1,-1
61.516678,72.21601,33.08033,34.938324,0.15875497,4,-1,-1
664.4893,435.72876,40.43036,23.309906,0.15518576,4,-1,-1
601.7013,563.654,42.885925,24.70514,0.15045044,5,-1,-1
571.6108,92.37114,23.085632,14.33889,0.14982563,3,-1,-1
62.54054,69.59255,27.0676,23.281906,0.14866513,4,-1,-1
616.0908,358.3712,26.013367,18.46347,0.14661244,4,-1,-1
835.801,486.4087,45.431763,30.275146,0.14574581,5,-1,-1
612.4959,575.01953,44.059753,27.168396,0.1455192,5,-1,-1
713.7806,696.1892,71.80725,70.42609,0.14402935,4,-1,-1
467.07928,411.18448,38.29425,18.854095,0.14220408,5,-1,-1
754.847,421.8668,33.501648,27.511963,0.14166516,5,-1,-1
404.98526,442.1587,9.32132,14.177826,0.14164847,1,-1,-1
561.5205,5.879221,19.395325,20.303541,0.14153692,4,-1,-1
831.54425,594.38055,104.78418,93.004944,0.13712975,6,-1,-1
590.62286,170.13995,24.798462,19.508621,0.13623914,4,-1,-1
742.87274,505.14993,32.77655,19.577911,0.13421601,10,-1,-1
631.89105,593.61597,47.834717,31.850159,0.13401997,5,-1,-1
855.00507,393.14355,63.688843,34.351135,0.13271001,5,-1,-1
404.8532,441.3152,9.759674,14.490967,0.13092923,10,-1,-1
588.3178,556.1328,47.360657,34.17151,0.13057742,4,-1,-1
432.6231,745.4612,52.773285,34.42212,0.13030246,4,-1,-1
1098.3326,292.57535,12.012939,9.921753,0.12862888,1,-1,-1
966.1216,524.863,18.085144,13.723572,0.1262466,10,-1,-1
680.8265,450.888,40.735046,19.829254,0.12153536,10,-1,-1
600.83673,585.9283,53.811646,32.92102,0.11755422,4,-1,-1
569.77454,538.6658,67.32495,49.59668,0.11539465,4,-1,-1
808.6299,705.82654,38.213867,35.964783,0.11356568,4,-1,-1
776.86176,530.02655,31.737793,19.475037,0.113178015,4,-1,-1
457.20337,0.0,89.183044,61.689888,0.11311206,9,-1,-1
254.98242,122.694275,22.82019,15.069916,0.11266136,4,-1,-1
792.74384,614.78754,16.916565,25.261536,0.11201614,1,-1,-1
439.68066,579.91583,45.642487,21.793213,0.11061162,4,-1,-1
495.48776,440.19012,31.06186,17.935913,0.11038923,4,-1,-1
492.06412,435.9388,41.777313,27.314514,0.110378385,5,-1,-1
179.71162,113.375046,21.78894,14.368469,0.11037415,4,-1,-1
843.3067,573.6721,8.347778,14.15802,0.10989499,1,-1,-1
766.226,283.57642,50.270264,23.53711,0.10877484,5,-1,-1
635.29584,601.836,54.026917,34.45703,0.108614385,10,-1,-1
620.8412,580.8254,44.4198,28.343689,0.106470376,5,-1,-1
966.4142,524.83093,16.723816,13.096924,0.10590339,1,-1,-1
614.7529,584.2922,39.015747,17.692017,0.1042279,4,-1,-1
1089.1771,324.79984,17.0708,15.934998,0.10293934,10,-1,-1
678.65436,450.64056,42.836304,20.548462,0.102486014,5,-1,-1
246.30121,426.04614,11.61438,19.006653,0.102173746,1,-1,-1
768.2466,530.831,42.408813,27.895325,0.101683706,6,-1,-1
1079.2743,374.63986,9.40564,16.776794,0.101385266,1,-1,-1
725.8419,397.0307,38.412964,27.14392,0.10118815,6,-1,-1
592.35657,556.3031,63.502075,46.040894,0.100970834,5,-1,-1
582.6499,506.56735,9.338562,12.6716,0.10076448,1,-1,-1
116.5949,110.588005,37.641685,20.373146,0.10061729,4,-1,-1
538.5938,518.7553,51.71289,26.130615,0.100379884,4,-1,-1
847.36255,491.17883,45.269165,30.35028,0.10029885,1,-1,-1
633.5844,456.69955,39.28601,27.13507,0.10000971,6,-1,-1
709.7923,357.07834,19.983398,18.200562,0.09964526,4,-1,-1
426.92303,737.464,48.049957,35.495483,0.09945023,4,-1,-1
629.50006,585.4118,35.69153,17.399658,0.09918043,4,-1,-1
756.15894,521.4128,46.60669,32.898132,0.09872091,5,-1,-1
1098.7826,191.9588,32.876465,16.358063,0.09767318,1,-1,-1
333.70718,581.87854,10.906494,11.48468,0.0975357,1,-1,-1
930.6277,516.65924,9.176697,11.989746,0.097296685,2,-1,-1
191.72194,171.32568,25.66301,16.572021,0.09642777,4,-1,-1
390.35068,440.17514,13.847168,13.259674,0.09637451,10,-1,-1
496.45123,379.40005,11.365997,12.671936,0.096349835,2,-1,-1
966.1216,524.863,18.085144,13.723572,0.094987065,3,-1,-1
176.76811,119.169655,23.9841,13.644539,0.094888,4,-1,-1
678.9256,437.16772,27.352722,17.559937,0.09485558,5,-1,-1
496.57187,380.5419,9.956512,14.951141,0.09477514,10,-1,-1
1097.5748,276.22192,19.687744,27.75238,0.09428212,4,-1,-1
541.64215,501.49493,41.39923,24.404541,0.09404561,4,-1,-1
526.1883,506.9738,95.850586,61.767487,0.09387514,9,-1,-1
966.80396,525.6005,12.729248,10.805542,0.09242442,2,-1,-1
1098.7826,191.9588,32.876465,16.358063,0.09216502,10,-1,-1
929.4371,509.51248,10.931824,14.764557,0.09159416,10,-1,-1
187.17609,289.81943,23.256989,12.1276245,0.0914416,4,-1,-1
706.46063,640.79626,7.80542,12.432312,0.090964824,1,-1,-1
393.83194,439.4899,10.075195,13.88385,0.09058958,1,-1,-1
638.8503,461.756,43.710754,30.7901,0.09052947,6,-1,-1
98.81269,70.668945,45.313225,22.600601,0.09037873,4,-1,-1
929.56757,512.6775,10.950745,13.029724,0.08992085,2,-1,-1
1324.6177,356.9378,32.169556,18.566864,0.08980581,10,-1,-1
625.96674,608.08496,137.1897,131.9975,0.08929244,6,-1,-1
525.31067,504.15985,50.09082,26.070251,0.08908522,4,-1,-1
540.99445,494.00302,45.526184,24.880768,0.088656515,10,-1,-1
615.9364,572.18304,34.72223,15.872253,0.08857244,5,-1,-1
588.25476,570.57495,48.50287,36.95636,0.08810085,4,-1,-1
1096.5743,170.94073,35.563477,15.054703,0.087874204,10,-1,-1
944.6853,563.7097,46.14325,36.617554,0.087831676,1,-1,-1
760.9601,288.86124,14.815063,14.492432,0.0877099,10,-1,-1
386.89053,437.456,24.62265,16.864807,0.08755416,4,-1,-1
679.94183,437.76993,26.87854,16.909027,0.08725017,8,-1,-1
1111.1788,275.5192,6.7834473,6.605774,0.087230235,1,-1,-1
657.9671,584.55914,7.10614,14.994873,0.08678472,1,-1,-1
469.40036,405.60306,34.69931,17.57547,0.086717695,4,-1,-1
497.30075,760.78925,39.411713,26.7547,0.086437404,4,-1,-1
702.4823,228.12563,49.411987,28.306778,0.08618784,4,-1,-1
626.89233,584.53723,35.24536,17.527649,0.08565149,5,-1,-1
1098.1127,285.56128,14.631958,18.167847,0.085332274,10,-1,-1
656.6239,353.14496,35.66516,23.930267,0.08508474,6,-1,-1
982.2841,409.19275,7.908264,9.361176,0.084894925,1,-1,-1
405.07132,441.02585,9.189392,14.652069,0.08443117,2,-1,-1
679.6259,450.76373,42.24707,20.81488,0.08390796,1,-1,-1
496.57187,380.5419,9.956512,14.951141,0.08330202,1,-1,-1
254.05043,449.83896,14.26033,10.57251,0.08321002,1,-1,-1
176.35222,295.54385,6.9577026,12.330078,0.08304635,1,-1,-1
591.3684,547.6179,49.47638,31.766357,0.08303949,5,-1,-1
967.3918,525.51245,10.20697,10.510864,0.08265945,1,-1,-1
662.6985,448.0902,32.075867,16.386047,0.082246035,4,-1,-1
1098.2354,291.76233,12.278442,11.3159485,0.082166106,2,-1,-1
1081.475,362.18365,17.186646,15.633392,0.08141646,10,-1,-1
593.06586,169.43988,42.65497,22.936386,0.08094469,4,-1,-1
466.78235,409.77835,39.623627,22.632965,0.08083537,10,-1,-1
1004.876,549.817,17.224487,20.667725,0.08024436,10,-1,-1
1114.319,209.49457,12.485352,17.632416,0.08022106,1,-1,-1
633.5844,456.69955,39.28601,27.13507,0.080051124,8,-1,-1
1051.7942,482.74756,22.388794,17.185883,0.079975724,10,-1,-1
1335.685,609.47815,29.285522,17.043335,0.07989016,4,-1,-1
821.5839,725.64557,33.85852,31.93158,0.07944432,4,-1,-1
928.0729,508.69037,14.443787,20.240173,0.079357326,1,-1,-1
165.59546,114.409706,33.5204,16.964943,0.07910669,5,-1,-1
175.77655,112.78879,34.478836,19.854782,0.07906222,4,-1,-1
260.46152,144.31047,24.398651,13.5911255,0.07901037,4,-1,-1
560.5958,527.3621,68.750916,44.338745,0.07873011,4,-1,-1
493.28497,376.17868,16.604004,18.693115,0.078630984,10,-1,-1
776.65936,216.0666,34.402405,19.029388,0.078378975,4,-1,-1
499.37946,378.83508,10.505402,12.033813,0.078329,10,-1,-1
219.2381,309.50757,32.664276,15.949646,0.07777265,4,-1,-1
726.4285,393.43213,39.966064,31.584137,0.07762104,9,-1,-1
571.10297,97.22309,21.974854,12.828842,0.0770559,3,-1,-1
643.77167,417.5741,35.06372,18.81839,0.07698274,10,-1,-1
920.74994,545.32855,54.07556,37.48883,0.076783925,1,-1,-1
1019.73773,420.46677,51.074158,25.890778,0.07657164,4,-1,-1
754.7272,421.786,33.42798,27.192352,0.07629812,6,-1,-1
561.84863,2.1137712,28.996521,20.627298,0.07615751,4,-1,-1
977.77234,528.13007,9.832703,10.776245,0.076144874,1,-1,-1
202.69173,156.01662,30.11882,15.987854,0.07606441,4,-1,-1
590.4531,174.9473,11.834106,13.349365,0.07582769,1,-1,-1
965.6223,523.2555,31.694702,18.260681,0.07552698,10,-1,-1
656.58685,352.00192,35.79126,24.795593,0.075416744,9,-1,-1
831.2711,476.7841,42.773376,30.156128,0.07524893,1,-1,-1
552.4473,545.08704,49.80133,33.42389,0.07433084,4,-1,-1
616.4964,570.9246,36.090027,18.233948,0.0742189,10,-1,-1
974.33795,413.63403,43.191833,31.010315,0.073913336,4,-1,-1
676.84674,433.7786,42.354187,24.597565,0.073608845,4,-1,-1
847.27856,491.3171,44.935303,30.260529,0.07338947,6,-1,-1
189.40971,107.629715,26.800842,13.967087,0.07334939,4,-1,-1
244.4992,429.35605,15.92804,21.046661,0.07334164,1,-1,-1
667.7404,443.93356,46.203796,25.551117,0.07319561,5,-1,-1
530.6056,508.80096,88.99542,56.7547,0.07303968,5,-1,-1
432.34015,751.01135,30.521057,26.579407,0.07295805,4,-1,-1
560.6775,5.9638815,21.865845,19.672764,0.07274687,10,-1,-1
574.05414,541.50134,59.03888,41.349,0.07259178,5,-1,-1
616.2362,564.18164,45.422546,30.210205,0.07220039,4,-1,-1
500.12454,379.28064,9.328552,10.565399,0.07219434,2,-1,-1
430.04285,745.815,97.97186,41.728943,0.07175073,4,-1,-1
430.94287,548.8387,44.70752,27.916687,0.07165468,4,-1,-1
1006.4492,418.17447,47.552002,28.77414,0.071567595,4,-1,-1
536.99603,530.3541,53.069824,30.09198,0.07113612,4,-1,-1
214.07744,368.4364,32.775757,17.79712,0.071071506,4,-1,-1
831.59314,593.8717,104.06854,93.88269,0.07101616,9,-1,-1
920.6739,545.4622,53.927063,36.61725,0.07098159,6,-1,-1
621.69604,417.1672,26.852844,23.312164,0.07096416,4,-1,-1
1043.2786,425.70288,35.60962,35.271576,0.07082793,4,-1,-1
636.14764,601.63617,52.84857,34.25525,0.07072538,1,-1,-1
247.86922,433.352,9.459579,12.201355,0.07052007,1,-1,-1
334.08383,582.083,10.154999,11.118042,0.070421845,2,-1,-1
456.26807,570.16125,32.05414,20.335266,0.07010049,4,-1,-1
678.1861,437.54865,28.248901,17.265533,0.070049256,7,-1,-1
588.3178,556.1328,47.360657,34.17151,0.069976866,5,-1,-1
557.12866,434.98422,15.80542,15.716156,0.06997377,10,-1,-1
497.69186,382.69208,7.0816345,11.604492,0.069553435,2,-1,-1
677.7729,437.11218,28.756226,17.547302,0.069477946,1,-1,-1
644.9725,572.5889,6.560974,11.706482,0.06945637,1,-1,-1
975.7669,426.75198,8.710815,11.250458,0.069455,1,-1,-1
270.8162,468.80823,21.121307,12.99234,0.069309115,1,-1,-1
644.44336,470.75577,43.65692,28.571838,0.069200695,1,-1,-1
103.32676,108.61732,41.51423,21.54905,0.068900555,5,-1,-1
186.00362,111.31813,27.922073,14.813164,0.06866604,4,-1,-1
270.4532,468.2083,21.587677,13.672028,0.068587095,10,-1,-1
972.7175,526.3157,12.939758,10.729797,0.068537444,1,-1,-1
154.27802,112.07839,43.351334,22.668999,0.06837797,4,-1,-1
466.67514,0.0,76.52219,35.8728,0.06813872,9,-1,-1
95.81501,75.41986,29.878777,15.90786,0.06807259,4,-1,-1
403.4327,444.05588,7.7851257,10.983582,0.06803423,1,-1,-1
478.72763,420.56158,39.661407,20.915863,0.06798926,10,-1,-1
161.74101,113.86204,25.87117,15.307045,0.067864776,4,-1,-1
496.09668,411.77136,8.920258,13.525269,0.06778067,1,-1,-1
967.12775,525.91016,11.253906,9.97937,0.067742646,10,-1,-1
1315.7065,365.94705,38.16443,38.25772,0.067615,10,-1,-1
853.20526,389.54526,66.307434,35.203888,0.06760216,6,-1,-1
401.6554,427.2518,9.603699,14.001831,0.06746119,1,-1,-1
240.27574,105.52727,27.693619,14.640259,0.06742367,4,-1,-1
245.70918,427.94763,13.08046,21.917328,0.06739196,10,-1,-1
436.93475,568.49365,49.45166,25.614868,0.06738293,4,-1,-1
326.1765,569.68097,8.662231,8.536133,0.06732169,1,-1,-1
526.1883,506.9738,95.850586,61.767487,0.06730056,4,-1,-1
685.24414,439.04605,19.347961,16.108276,0.06729123,2,-1,-1
853.2694,389.8323,71.222534,42.436493,0.067216575,9,-1,-1
745.4764,494.21234,37.731873,33.89435,0.06714764,4,-1,-1
598.25964,557.98224,36.395935,17.715271,0.06702855,4,-1,-1
1355.1116,400.36636,21.693481,21.923187,0.067028284,10,-1,-1
119.69606,107.62145,28.412262,16.990639,0.06684396,4,-1,-1
935.99146,460.71042,35.205933,25.979065,0.06664607,4,-1,-1
818.2834,468.6439,41.820618,28.21759,0.0666343,6,-1,-1
478.76993,420.24606,39.721832,22.010223,0.066601515,6,-1,-1
706.1354,360.28888,28.015564,20.043945,0.06645772,4,-1,-1
603.95135,570.8292,58.12732,44.140137,0.06612116,6,-1,-1
181.41147,108.75878,24.520569,14.33551,0.066052794,4,-1,-1
739.002,313.1052,48.51288,23.64981,0.06596944,4,-1,-1
1055.0297,424.9934,22.461182,18.410217,0.06583437,4,-1,-1
559.4364,524.4571,67.93872,40.62683,0.0655829,5,-1,-1
481.7901,430.50156,35.062805,19.744415,0.06552863,4,-1,-1
212.36137,360.3316,48.766983,26.57367,0.06549251,5,-1,-1
525.1784,515.9358,49.610596,27.445862,0.06529167,4,-1,-1
729.442,364.8337,44.794373,23.923523,0.06513825,5,-1,-1
698.61536,702.8726,47.843323,37.813965,0.065056026,4,-1,-1
1039.8365,422.5872,35.187378,21.827301,0.0649831,4,-1,-1
715.3185,698.2677,67.93323,68.02411,0.06479624,5,-1,-1
346.3581,613.533,13.152039,10.164551,0.06455436,4,-1,-1
153.716,100.76713,25.875397,13.323387,0.0644362,4,-1,-1
935.92206,462.52466,18.457214,22.490692,0.06441611,4,-1,-1
540.2787,494.2277,47.053894,24.388336,0.06438029,1,-1,-1
602.68854,173.50983,24.85907,21.151505,0.06435144,4,-1,-1
340.3563,596.56006,12.138641,11.159546,0.064290166,10,-1,-1
605.07227,564.5271,35.961792,21.756348,0.06418383,10,-1,-1
530.6056,508.80096,88.99542,56.7547,0.06407976,6,-1,-1
605.4596,549.011,47.8515,34.558655,0.06402516,4,-1,-1
741.38104,505.01425,34.001892,22.120514,0.06394744,8,-1,-1
393.69083,439.62598,10.456787,13.460144,0.063865066,2,-1,-1
830.98975,476.5725,41.621887,29.872375,0.06378347,6,-1,-1
972.59485,408.00272,75.57312,38.15744,0.063762784,4,-1,-1
775.65765,747.5479,75.18445,39.996033,0.063730925,4,-1,-1
580.7133,195.24368,22.12378,11.605209,0.06357315,10,-1,-1
933.54834,401.39066,48.33307,29.80716,0.06326792,4,-1,-1
574.7533,410.06775,10.074646,14.827576,0.06311566,1,-1,-1
686.0904,435.6725,17.837585,15.272339,0.063106775,10,-1,-1
66.25653,86.32598,30.55043,19.485352,0.06307298,4,-1,-1
604.346,578.9814,41.156128,20.238098,0.063034266,4,-1,-1
645.0801,471.2033,42.09027,27.428864,0.06291357,6,-1,-1
318.13266,554.20337,8.400421,11.36261,0.06268141,1,-1,-1
170.19691,14.757854,17.915588,12.957809,0.06254926,4,-1,-1
768.00964,291.69308,6.73938,10.917786,0.062482476,1,-1,-1
629.0884,591.74927,38.275146,25.05658,0.062382847,10,-1,-1
1182.6576,738.3885,147.71753,49.155457,0.062322885,4,-1,-1
1362.4623,0.0,37.05847,19.197184,0.06221828,4,-1,-1
931.9623,515.11,6.7491455,10.107178,0.06195566,2,-1,-1
570.79987,92.89289,22.687805,14.680481,0.061589092,10,-1,-1
1318.5247,354.71036,37.9209,35.299377,0.061480373,10,-1,-1
1314.0664,381.1355,35.615723,18.26239,0.061314166,10,-1,-1
225.22627,83.87533,37.337906,13.958527,0.06128949,4,-1,-1
775.65765,747.5479,75.18445,39.996033,0.061276287,5,-1,-1
741.6794,505.5759,33.39917,20.686615,0.06117624,7,-1,-1
963.0884,580.4715,51.01123,44.610962,0.0611704,9,-1,-1
1100.418,289.24695,11.903809,10.218506,0.061081976,1,-1,-1
633.5777,456.4417,39.121643,27.374146,0.0610722,7,-1,-1
773.3552,745.4533,78.99689,42.090637,0.061065406,9,-1,-1
680.6301,450.7498,41.140747,20.499115,0.06100732,7,-1,-1
494.98904,379.9,22.072723,17.010681,0.060973763,10,-1,-1
403.0668,437.74475,7.926239,14.200409,0.060900837,1,-1,-1
444.0086,590.2678,60.078827,28.610779,0.06085038,4,-1,-1
579.72156,200.57912,23.332642,12.648499,0.060839325,10,-1,-1
627.2295,416.73224,7.9437256,13.358643,0.06079635,1,-1,-1
1147.3079,25.158642,24.622437,29.53741,0.06073433,1,-1,-1
214.1495,369.61804,47.367462,25.404236,0.06058079,4,-1,-1
626.1074,417.14737,12.040894,18.483734,0.060545474,10,-1,-1
593.4064,175.7113,27.181335,16.46289,0.06022364,4,-1,-1
721.7577,230.07805,33.35724,23.491089,0.06017995,5,-1,-1
691.99615,686.2307,64.779175,48.56305,0.0600951,4,-1,-1
1223.3318,581.9057,22.126587,20.072754,0.06009358,4,-1,-1
340.86533,596.905,11.382751,10.635437,0.060038805,1,-1,-1
570.1266,558.0799,46.711426,32.699036,0.06002426,4,-1,-1
1309.5209,398.01044,31.469849,17.993042,0.059976608,4,-1,-1
757.19727,212.49762,54.343018,25.949982,0.05994314,4,-1,-1
982.2841,409.19275,7.908264,9.361176,0.059929907,2,-1,-1
928.0729,508.69037,14.443787,20.240173,0.05989352,2,-1,-1
489.91672,411.61365,17.28305,14.398804,0.05985704,1,-1,-1
952.3928,403.0171,51.4718,34.133545,0.059744954,4,-1,-1
540.2976,493.85144,45.180176,25.479187,0.05969724,6,-1,-1
269.1983,215.49748,29.365692,23.769867,0.05946642,4,-1,-1
245.25986,426.5135,20.08496,30.261444,0.059440285,10,-1,-1
1086.2928,344.74417,13.741577,15.404724,0.059351176,10,-1,-1
961.92084,522.2293,27.361206,19.604004,0.059262544,3,-1,-1
281.63675,256.9896,36.155,31.977966,0.059182167,4,-1,-1
589.05896,172.13553,14.974731,16.868683,0.059149146,4,-1,-1
815.30914,465.86914,39.7558,27.734589,0.05909452,1,-1,-1
213.0202,93.25114,33.515945,13.268173,0.058989644,4,-1,-1
583.14716,502.0871,8.171326,13.893372,0.05885622,1,-1,-1
765.50934,283.0426,51.78894,24.086853,0.058776528,6,-1,-1
594.0034,443.83923,18.26654,12.167511,0.058612317,3,-1,-1
61.516678,72.21601,33.08033,34.938324,0.058603942,5,-1,-1
602.04126,444.296,12.347473,12.671295,0.058591515,1,-1,-1
182.51659,288.68466,32.263016,17.92163,0.05834222,4,-1,-1
760.5938,288.30692,15.27417,15.174835,0.058320314,1,-1,-1
247.24202,432.726,10.508713,13.529572,0.058270097,2,-1,-1
971.76416,526.65027,14.319275,10.400574,0.058248848,10,-1,-1
590.97925,215.30731,19.967651,13.291168,0.05823785,10,-1,-1
1229.7767,456.70462,23.810303,26.991394,0.05818945,4,-1,-1
499.37946,378.83508,10.505402,12.033813,0.058175832,1,-1,-1
721.3308,364.15594,38.57733,19.100494,0.058077127,4,-1,-1
974.4668,409.6011,12.739075,8.197937,0.05787009,1,-1,-1
592.00653,537.0971,35.97278,17.233398,0.057758212,4,-1,-1
679.94183,437.76993,26.87854,16.909027,0.05775711,3,-1,-1
1092.6256,324.71988,13.203857,12.159454,0.057671934,1,-1,-1
624.7609,588.99084,44.401062,29.07312,0.057553887,1,-1,-1
1004.876,549.817,17.224487,20.667725,0.057519913,1,-1,-1
589.7107,587.94434,36.58972,31.966187,0.057499766,4,-1,-1
488.1172,433.72073,37.490906,21.269897,0.057496578,10,-1,-1
432.6231,745.4612,52.773285,34.42212,0.05746767,5,-1,-1
688.2741,440.34494,15.012695,14.629883,0.057156265,10,-1,-1
962.6896,522.3153,23.757935,19.049194,0.05712965,1,-1,-1
556.11163,523.7922,72.58661,44.970093,0.057121485,9,-1,-1
262.94794,167.73138,23.676666,27.439713,0.057011604,4,-1,-1
385.63004,436.39856,20.973633,15.936401,0.056973875,10,-1,-1
451.59268,576.5637,55.9711,26.550049,0.05689609,4,-1,-1
959.6003,578.05664,53.719666,43.183716,0.05689594,1,-1,-1
1097.1003,285.05197,17.275635,17.977753,0.056886733,2,-1,-1
489.90204,0.0,56.610107,24.340574,0.05683744,9,-1,-1
275.55292,483.04117,12.408234,9.8211975,0.056827188,1,-1,-1
254.34407,122.46912,24.168442,14.986877,0.05681488,5,-1,-1
754.7272,421.786,33.42798,27.192352,0.056804717,7,-1,-1
493.73862,378.20618,20.682465,17.26413,0.056735605,4,-1,-1
494.47885,375.6777,25.656647,16.060333,0.05665365,10,-1,-1
592.8473,215.46942,14.666077,13.305206,0.056593537,2,-1,-1
1095.0212,473.191,25.168701,21.062836,0.05652225,4,-1,-1
433.9163,557.95624,31.53421,17.07135,0.05640301,4,-1,-1
258.47925,451.3672,11.032471,10.632996,0.056378037,1,-1,-1
768.43134,530.28455,41.95099,28.47113,0.056322545,8,-1,-1
549.6368,383.25183,13.780334,23.420563,0.056165487,1,-1,-1
644.74,577.28955,6.4264526,8.748108,0.056085765,1,-1,-1
747.02014,284.8264,58.646667,25.33313,0.05604309,4,-1,-1
561.18146,5.993748,20.452759,19.823208,0.055983007,5,-1,-1
404.7232,441.59122,10.220734,14.368408,0.055897087,4,-1,-1
683.3447,690.15674,60.661987,32.61682,0.055803597,4,-1,-1
929.0785,515.4825,7.562805,9.35321,0.055777073,2,-1,-1
466.94125,595.53186,42.754425,24.729858,0.055618316,4,-1,-1
635.5099,449.82352,49.88202,28.681488,0.055538535,4,-1,-1
1051.6929,482.2081,23.332764,18.509003,0.05542332,4,-1,-1
974.94885,426.5972,14.588928,14.761169,0.055362195,1,-1,-1
62.83086,69.23707,26.734325,24.837662,0.05532199,5,-1,-1
567.8398,405.14243,12.733032,15.438751,0.055040658,1,-1,-1
592.9545,215.37837,12.399414,12.807785,0.05486092,1,-1,-1
449.28827,448.00256,49.440277,26.470703,0.054855555,4,-1,-1
647.7568,735.85284,71.711975,51.6911,0.054833174,4,-1,-1
1259.2719,547.90594,29.1781,19.435486,0.054731727,4,-1,-1
614.81836,600.9369,54.87207,34.422546,0.054674476,4,-1,-1
139.23866,155.52597,21.693329,21.806213,0.054668933,4,-1,-1
424.08447,744.90546,7.8731995,8.226318,0.054659903,1,-1,-1
249.1568,431.70932,7.45343,9.841736,0.05462393,1,-1,-1
160.35304,103.36002,18.099533,9.237305,0.054567546,4,-1,-1
973.37683,405.1038,41.753296,28.88324,0.054519832,4,-1,-1
528.1956,332.15158,38.825745,20.884186,0.054475516,4,-1,-1
592.2181,215.26001,25.688171,14.268204,0.054379493,4,-1,-1
1055.787,481.7921,9.924072,12.312775,0.054372966,1,-1,-1
1203.9417,594.94165,8.494751,13.658997,0.054369867,1,-1,-1
601.79504,564.91736,32.470642,16.063538,0.054344267,4,-1,-1
478.51694,420.33514,40.242523,21.405884,0.0542309,1,-1,-1
718.2035,173.02002,68.305786,29.956635,0.054175258,4,-1,-1
630.7588,418.3766,12.4991455,17.07431,0.054056823,1,-1,-1
1089.8318,146.24062,57.252075,22.554031,0.053980798,10,-1,-1
1055.9545,296.44537,14.933716,9.43158,0.053838074,1,-1,-1
1055.3009,483.0139,12.807861,14.886719,0.053827137,10,-1,-1
920.97125,544.84845,51.581177,37.56067,0.053467274,8,-1,-1
528.7245,509.8948,36.238037,17.829926,0.053453416,4,-1,-1
583.1764,548.71857,39.131226,17.574524,0.053383023,4,-1,-1
550.88763,359.67664,89.89508,63.63983,0.053312004,9,-1,-1
759.9829,287.53677,16.857727,16.025513,0.05321145,4,-1,-1
766.3387,291.24542,9.201416,11.614685,0.05318448,10,-1,-1
248.03708,423.86823,9.024353,13.661224,0.053144127,1,-1,-1
640.3784,417.2252,38.447693,20.946014,0.053105652,6,-1,-1
624.8204,599.2714,36.896484,17.245972,0.0529837,4,-1,-1
236.1943,310.68082,29.012482,14.38385,0.05287251,4,-1,-1
194.66206,2.5281365,25.415146,14.550975,0.052782267,4,-1,-1
498.10242,409.2653,8.631561,12.442413,0.052734286,1,-1,-1
633.2835,456.81552,39.294434,27.028442,0.052692503,1,-1,-1
970.3291,527.2868,18.473877,13.519592,0.052657247,1,-1,-1
754.10425,287.90002,29.937805,19.34256,0.05263883,4,-1,-1
262.36148,165.19456,23.618622,13.940216,0.05257055,4,-1,-1
633.19727,599.7002,55.923462,36.834045,0.052542448,9,-1,-1
495.29453,441.4671,44.5419,25.675018,0.05251816,10,-1,-1
808.6299,705.82654,38.213867,35.964783,0.052450567,5,-1,-1
526.3487,534.6926,46.2511,26.255737,0.0523957,4,-1,-1
333.7378,583.4285,19.194092,21.499207,0.052378476,4,-1,-1
487.69382,433.4046,38.191193,21.455536,0.052376658,6,-1,-1
270.3906,467.0791,21.552338,13.963806,0.052369446,4,-1,-1
494.6595,378.31885,9.019745,14.335419,0.05235693,1,-1,-1
220.68552,146.86359,24.11737,19.18808,0.052303046,4,-1,-1
410.49908,468.5264,7.904419,14.519531,0.05229944,1,-1,-1
975.38715,426.25726,24.360046,17.69873,0.052284986,4,-1,-1
249.88803,438.35474,19.096771,20.612122,0.052262038,1,-1,-1
762.9779,524.42444,33.225525,19.796265,0.052223414,4,-1,-1
471.4812,384.4188,12.896393,13.910431,0.052113324,10,-1,-1
592.35657,556.3031,63.502075,46.040894,0.05204135,6,-1,-1
466.16095,410.05728,40.48178,21.617432,0.05203992,6,-1,-1
773.2818,747.3235,80.29401,40.22046,0.05202228,6,-1,-1
499.12766,443.9852,43.923065,25.166779,0.051999837,6,-1,-1
172.79274,107.70461,26.65532,14.581757,0.051963925,4,-1,-1
340.86533,596.905,11.382751,10.635437,0.051882148,2,-1,-1
626.1074,417.14737,12.040894,18.483734,0.051673084,3,-1,-1
346.75436,612.0588,13.238098,12.096924,0.051662624,10,-1,-1
1110.6252,275.7846,7.8050537,11.371887,0.051632375,1,-1,-1
560.03613,6.8851743,33.476807,23.49942,0.051556587,4,-1,-1
963.0884,580.4715,51.01123,44.610962,0.05154541,6,-1,-1
835.801,486.4087,45.431763,30.275146,0.05146146,6,-1,-1
256.44724,442.80585,15.325928,14.634491,0.051420987,1,-1,-1
873.3983,397.04565,60.928467,35.629974,0.05139938,4,-1,-1
439.9513,456.58243,40.226288,26.523926,0.05137369,4,-1,-1
247.513,426.30283,9.439941,16.417572,0.051294863,10,-1,-1
498.88068,444.75815,44.227722,24.53009,0.051266044,1,-1,-1
847.30365,495.17426,26.600525,24.857422,0.05121076,4,-1,-1
821.1382,471.57333,44.494812,29.776093,0.051137745,1,-1,-1
724.3413,711.2714,58.917664,39.927673,0.051059783,4,-1,-1
768.2466,530.831,42.408813,27.895325,0.05104658,9,-1,-1
920.6739,545.4622,53.927063,36.61725,0.05102992,10,-1,-1
620.402,566.587,30.44757,17.424194,0.050982445,4,-1,-1
397.52026,440.45575,10.074829,13.615387,0.050961018,1,-1,-1
534.73584,517.57153,132.99121,96.002686,0.050935477,9,-1,-1
944.504,563.8544,46.191467,35.829346,0.050929368,10,-1,-1
181.69742,121.11949,17.776123,9.186081,0.05090019,4,-1,-1
219.77,86.7293,40.114456,15.844574,0.050833255,4,-1,-1
928.21857,507.53027,15.017944,21.56427,0.050573796,10,-1,-1
