320.6123,942.3697,96.624664,100.78241,0.9999969,4,-1,-1
373.34692,953.1015,92.77823,95.586,0.9999698,4,-1,-1
633.8654,824.0566,75.84918,56.68347,0.9999632,4,-1,-1
1061.4342,731.8953,240.13501,138.94385,0.99989986,9,-1,-1
510.5522,802.1523,46.41565,63.369995,0.99959165,4,-1,-1
726.04675,704.85815,60.02014,35.51819,0.99790394,4,-1,-1
1095.8495,1008.34314,98.65698,40.34436,0.98999625,4,-1,-1
1358.9647,867.4271,40.16028,41.41913,0.9899577,4,-1,-1
813.821,648.6118,38.809998,32.283752,0.98460495,4,-1,-1
1306.9744,776.6522,89.95007,47.017273,0.9660176,4,-1,-1
682.1337,591.9063,66.22058,30.453064,0.76730144,6,-1,-1
447.09442,567.6063,42.699707,23.390625,0.6658381,4,-1,-1
0.0,448.41568,34.091145,27.499817,0.5090763,4,-1,-1
1307.8397,772.0354,68.18494,30.899048,0.5031937,4,-1,-1
889.2142,678.33,36.385742,36.945312,0.44811553,4,-1,-1
374.26834,537.1643,50.136017,23.112427,0.40512636,4,-1,-1
527.236,592.09155,46.80487,20.64154,0.4004226,4,-1,-1
700.2803,653.9599,36.791016,28.83899,0.3857052,4,-1,-1
542.19806,568.833,46.61017,25.970032,0.35050765,5,-1,-1
596.5948,612.2024,50.510376,22.258545,0.33153832,4,-1,-1
540.45465,568.59064,46.77539,26.33496,0.32877028,4,-1,-1
391.30756,530.34283,42.797363,24.719421,0.2912504,4,-1,-1
817.311,541.83875,47.457153,24.918335,0.28313643,5,-1,-1
378.49783,532.0703,48.194183,24.22583,0.2821582,5,-1,-1
222.60855,927.43463,31.212112,35.46875,0.2758099,10,-1,-1
567.62,606.0377,45.81665,24.415527,0.2585741,4,-1,-1
1306.7147,775.6919,88.918945,48.158752,0.24894285,5,-1,-1
825.6422,530.09845,43.996704,25.491882,0.24530354,5,-1,-1
571.6054,608.1242,49.808716,24.5755,0.24282274,5,-1,-1
577.0498,608.99005,55.116028,24.63855,0.24258369,4,-1,-1
257.4002,507.35205,41.335876,21.167175,0.24019495,4,-1,-1
830.7628,513.8031,53.80664,30.72644,0.23465165,5,-1,-1
548.328,578.11414,44.880676,24.369385,0.23199522,4,-1,-1
557.6028,591.8835,44.065735,25.718384,0.22509456,4,-1,-1
590.1333,610.6934,54.615112,23.528076,0.22495103,5,-1,-1
816.5281,541.9266,47.32184,25.463318,0.22086522,4,-1,-1
303.22986,480.20724,41.57007,25.868774,0.21729907,5,-1,-1
527.781,873.05273,26.471313,39.52295,0.21471366,10,-1,-1
526.557,876.6791,26.745178,37.396484,0.21118814,2,-1,-1
807.7535,563.9018,36.522034,29.376038,0.20745763,4,-1,-1
533.87225,584.34906,45.59253,22.643555,0.20268393,4,-1,-1
700.5193,653.1479,36.435913,30.214539,0.20260501,7,-1,-1
700.76245,654.1686,37.111816,29.741333,0.2022967,5,-1,-1
527.781,873.05273,26.471313,39.52295,0.20190465,1,-1,-1
1131.4454,727.7457,43.007324,26.235107,0.2018401,10,-1,-1
311.4896,520.11816,35.10904,27.184387,0.19855887,4,-1,-1
748.06506,610.9378,39.126587,26.058838,0.19782221,4,-1,-1
798.33844,565.1347,31.118347,30.967896,0.195555,4,-1,-1
236.64314,538.5564,41.13588,24.09198,0.19523507,4,-1,-1
327.34796,530.59204,38.81198,23.416382,0.19348216,4,-1,-1
875.416,604.58466,25.877563,39.796265,0.19186845,4,-1,-1
700.2803,653.9599,36.791016,28.83899,0.19181728,8,-1,-1
657.64526,639.35657,33.99231,29.95111,0.19098726,8,-1,-1
548.328,578.11414,44.880676,24.369385,0.18560496,5,-1,-1
979.04553,545.9987,38.881897,28.26056,0.18409213,10,-1,-1
555.0345,689.687,41.7724,24.197205,0.18329895,7,-1,-1
562.0923,604.14966,42.81659,24.052246,0.18312529,5,-1,-1
555.85266,689.80054,41.291504,24.182129,0.18114343,8,-1,-1
379.85623,891.5601,22.42273,39.35669,0.18062642,1,-1,-1
825.6422,530.09845,43.996704,25.491882,0.17471698,4,-1,-1
222.67494,927.9435,31.66951,35.008545,0.17250451,3,-1,-1
656.8878,640.1943,34.883484,29.42871,0.1709823,5,-1,-1
559.2255,570.9628,43.720764,27.161621,0.16807348,5,-1,-1
366.33328,550.8893,42.37616,20.940247,0.1674951,4,-1,-1
303.33566,480.23993,43.49707,24.371613,0.16265461,6,-1,-1
807.7535,563.9018,36.522034,29.376038,0.16048163,5,-1,-1
654.38416,577.7667,51.00415,25.703857,0.15396348,4,-1,-1
657.64526,639.35657,33.99231,29.95111,0.15320113,4,-1,-1
327.34796,530.59204,38.81198,23.416382,0.151474,5,-1,-1
519.38086,900.1269,22.420654,39.87793,0.15130338,1,-1,-1
829.85565,514.89026,51.035095,29.498108,0.14925086,6,-1,-1
519.38086,900.1269,22.420654,39.87793,0.14784405,10,-1,-1
798.33844,565.1347,31.118347,30.967896,0.14684457,5,-1,-1
1016.22455,498.3163,43.180237,23.071747,0.14667314,4,-1,-1
889.0397,678.92175,37.42456,35.03833,0.14604676,7,-1,-1
396.5046,528.93146,38.05716,26.397888,0.1445576,5,-1,-1
816.3812,533.0821,42.93927,26.992615,0.14420491,5,-1,-1
988.89905,547.05835,35.822144,27.41681,0.14244899,3,-1,-1
560.32623,593.2496,42.154663,25.90033,0.14113075,5,-1,-1
681.8874,591.7502,62.75952,29.763184,0.1410653,5,-1,-1
831.59186,523.73914,48.325684,26.77893,0.13968563,4,-1,-1
303.22986,480.20724,41.57007,25.868774,0.13756883,9,-1,-1
888.8262,678.20856,37.186707,35.346375,0.13570634,8,-1,-1
839.8808,509.2067,51.929626,27.595184,0.13553748,5,-1,-1
1010.32214,548.9183,38.61194,25.492676,0.13548568,3,-1,-1
656.8878,640.1943,34.883484,29.42871,0.13548216,7,-1,-1
0.0,456.37808,31.79806,29.80478,0.13221315,4,-1,-1
809.1963,547.2534,40.03528,28.27008,0.13213018,4,-1,-1
555.0345,689.687,41.7724,24.197205,0.1312542,10,-1,-1
816.3812,533.0821,42.93927,26.992615,0.12952954,4,-1,-1
524.0874,884.2133,27.416382,38.0802,0.12894711,1,-1,-1
559.62213,603.43964,39.964355,24.053162,0.12880403,4,-1,-1
1010.32214,548.9183,38.61194,25.492676,0.12860626,10,-1,-1
526.69714,879.2895,24.972229,40.231445,0.12860113,3,-1,-1
839.8808,509.2067,51.929626,27.595184,0.12825143,6,-1,-1
379.38202,548.5965,43.905,21.653992,0.12669638,4,-1,-1
681.8874,591.7502,62.75952,29.763184,0.12559494,4,-1,-1
1013.5633,486.37134,47.54413,22.593842,0.12410653,4,-1,-1
303.32626,479.5263,40.953674,26.047821,0.12348968,4,-1,-1
355.62994,539.02747,49.60974,25.083313,0.12249768,4,-1,-1
366.55588,536.28516,49.880646,24.901611,0.12224978,5,-1,-1
311.04498,523.65643,36.827118,25.635376,0.12070209,5,-1,-1
533.1572,582.6892,42.11914,25.560425,0.11971241,5,-1,-1
559.2255,570.9628,43.720764,27.161621,0.119220495,4,-1,-1
554.7742,690.17816,40.966614,25.346985,0.11919749,3,-1,-1
537.19415,540.34326,46.418457,28.30896,0.11848599,6,-1,-1
816.5281,541.9266,47.32184,25.463318,0.117556274,6,-1,-1
1047.8396,505.48834,27.264893,35.083008,0.11680207,4,-1,-1
809.1963,547.2534,40.03528,28.27008,0.11662024,5,-1,-1
622.73663,621.2975,43.539,24.642944,0.11555827,4,-1,-1
592.9492,560.7826,43.74652,22.067993,0.11441615,4,-1,-1
828.02997,514.475,47.63745,31.476074,0.11416471,9,-1,-1
524.0874,884.2133,27.416382,38.0802,0.11150393,10,-1,-1
331.11035,538.1825,42.738586,21.542786,0.111490965,4,-1,-1
353.72342,529.6456,52.02777,26.012573,0.11084145,5,-1,-1
825.6422,530.09845,43.996704,25.491882,0.1105358,6,-1,-1
817.14874,560.783,40.150085,28.276306,0.109481335,4,-1,-1
545.9345,697.83374,40.602234,25.40503,0.10876751,8,-1,-1
700.76245,654.1686,37.111816,29.741333,0.10851121,6,-1,-1
953.28296,683.09863,41.3125,25.087463,0.10818344,10,-1,-1
527.781,873.05273,26.471313,39.52295,0.10671821,7,-1,-1
879.2443,480.3699,51.32025,20.91336,0.10656786,6,-1,-1
39.48049,456.78543,39.504898,24.05426,0.10597998,4,-1,-1
817.14874,560.783,40.150085,28.276306,0.105422884,5,-1,-1
532.7675,866.288,27.131653,44.469666,0.10525742,2,-1,-1
365.41846,521.70514,50.74768,21.276611,0.10522327,4,-1,-1
380.48108,524.2514,45.073334,25.931458,0.1045492,4,-1,-1
816.3812,533.0821,42.93927,26.992615,0.103298664,6,-1,-1
639.17084,579.0345,49.375366,24.15039,0.1015017,4,-1,-1
556.58923,563.77167,48.338806,23.761414,0.10145113,4,-1,-1
573.3154,561.4297,43.753296,23.309387,0.10081005,4,-1,-1
807.7535,563.9018,36.522034,29.376038,0.099746674,6,-1,-1
1131.1606,727.63824,43.732178,25.52069,0.09870762,8,-1,-1
836.59625,510.4295,55.081726,30.219666,0.097954124,9,-1,-1
331.11035,538.1825,42.738586,21.542786,0.096763164,5,-1,-1
367.68637,522.693,48.10901,25.137207,0.0959903,5,-1,-1
496.28394,651.455,42.13916,29.584167,0.0956139,10,-1,-1
1009.83344,477.52203,46.80487,20.897919,0.09552732,4,-1,-1
524.3357,592.45386,45.441772,21.145874,0.095118076,5,-1,-1
490.78235,572.06354,31.629517,28.22113,0.09502378,4,-1,-1
875.5814,605.4866,25.589417,39.104675,0.094792336,5,-1,-1
545.9345,697.83374,40.602234,25.40503,0.09467384,7,-1,-1
654.38416,577.7667,51.00415,25.703857,0.094560355,5,-1,-1
829.5697,526.2216,51.150208,25.60315,0.094403476,9,-1,-1
1013.5633,486.37134,47.54413,22.593842,0.09421775,5,-1,-1
550.5192,702.0222,38.545105,24.932312,0.09289464,3,-1,-1
837.99,538.0035,45.06421,24.30017,0.09271142,5,-1,-1
519.38086,900.1269,22.420654,39.87793,0.09268987,3,-1,-1
892.90717,665.9976,31.243408,37.243835,0.092437714,4,-1,-1
952.93085,683.6315,42.07184,23.871704,0.09205273,7,-1,-1
1006.9674,844.65533,34.979614,28.015259,0.09169006,3,-1,-1
541.87506,568.2295,45.70044,26.216187,0.09072384,6,-1,-1
988.89905,547.05835,35.822144,27.41681,0.09023127,7,-1,-1
222.60855,927.43463,31.212112,35.46875,0.090002894,1,-1,-1
519.5116,894.51434,23.991516,40.45685,0.08951619,2,-1,-1
257.4002,507.35205,41.335876,21.167175,0.089268595,5,-1,-1
222.60855,927.43463,31.212112,35.46875,0.08827534,2,-1,-1
543.9243,699.5856,35.659485,26.678955,0.08781463,10,-1,-1
1131.1606,727.63824,43.732178,25.52069,0.087650925,7,-1,-1
573.3154,561.4297,43.753296,23.309387,0.08742088,5,-1,-1
1062.265,765.7651,18.433105,50.894287,0.08655986,1,-1,-1
837.99,538.0035,45.06421,24.30017,0.08600354,4,-1,-1
889.2142,678.33,36.385742,36.945312,0.08570346,5,-1,-1
900.45917,652.39996,32.229614,29.925476,0.0856919,4,-1,-1
682.863,591.84094,66.295105,30.864563,0.08530706,9,-1,-1
556.58923,563.77167,48.338806,23.761414,0.0852952,5,-1,-1
849.4044,548.5036,34.470764,30.624329,0.084632725,4,-1,-1
1018.30865,496.8502,43.8631,23.953217,0.084489435,5,-1,-1
654.38416,577.7667,51.00415,25.703857,0.083750665,6,-1,-1
509.901,583.6344,42.64795,22.202454,0.08350006,4,-1,-1
876.9684,483.38156,49.777832,23.311401,0.08337101,5,-1,-1
1047.8396,505.48834,27.264893,35.083008,0.08304697,5,-1,-1
366.33328,550.8893,42.37616,20.940247,0.08297491,5,-1,-1
1012.80115,505.12796,40.815063,22.545807,0.08220649,4,-1,-1
1010.32214,548.9183,38.61194,25.492676,0.08216086,7,-1,-1
590.1333,610.6934,54.615112,23.528076,0.082101166,6,-1,-1
627.06006,623.35614,41.779602,25.962769,0.08209443,5,-1,-1
692.1764,584.81696,66.56354,28.537964,0.081694335,6,-1,-1
335.185,522.7638,37.108215,28.923035,0.08118069,4,-1,-1
798.33844,565.1347,31.118347,30.967896,0.080643535,6,-1,-1
586.7044,560.24164,42.343506,22.32666,0.080360085,5,-1,-1
839.94617,670.6365,35.723877,39.345398,0.080195665,4,-1,-1
239.17627,537.4979,37.57083,25.221436,0.080142975,5,-1,-1
1094.3258,1008.1191,103.17554,40.56842,0.079948336,9,-1,-1
608.9337,613.9979,42.8089,23.763123,0.079413354,5,-1,-1
529.7592,868.2055,28.269043,41.70935,0.07890195,3,-1,-1
760.97754,624.0309,38.92633,27.345154,0.07865515,10,-1,-1
353.72342,529.6456,52.02777,26.012573,0.07832512,4,-1,-1
463.37726,569.579,41.695374,25.2724,0.078255445,4,-1,-1
527.781,873.05273,26.471313,39.52295,0.07817462,8,-1,-1
895.67365,464.86505,40.147705,24.721283,0.07807058,6,-1,-1
577.0498,608.99005,55.116028,24.63855,0.07779977,8,-1,-1
1009.83344,477.52203,46.80487,20.897919,0.07731843,5,-1,-1
657.9684,639.96576,34.095947,29.753052,0.077311605,6,-1,-1
848.8402,528.14404,44.565063,25.808655,0.07700056,4,-1,-1
829.03436,545.29376,44.51544,27.324585,0.076863736,4,-1,-1
393.8353,544.2572,37.861023,25.401184,0.07645047,4,-1,-1
753.6239,607.4236,36.457275,27.706543,0.0764133,5,-1,-1
888.8262,678.20856,37.186707,35.346375,0.076040566,1,-1,-1
423.0966,809.1812,22.789062,40.981506,0.07570067,1,-1,-1
358.3876,510.59473,51.003387,21.035645,0.07569212,4,-1,-1
510.51526,802.0618,46.484985,64.57794,0.07551077,1,-1,-1
535.40076,861.834,26.006897,41.36859,0.07375625,1,-1,-1
816.5281,541.9266,47.32184,25.463318,0.07318774,9,-1,-1
863.987,821.5444,29.800415,30.768494,0.0730094,10,-1,-1
879.2443,480.3699,51.32025,20.91336,0.07275656,9,-1,-1
762.99426,626.46625,35.94348,28.920227,0.07262468,3,-1,-1
892.90717,665.9976,31.243408,37.243835,0.07221207,7,-1,-1
799.71295,805.56354,27.033203,35.749573,0.072099686,1,-1,-1
748.36914,610.9035,40.32184,26.376282,0.072030425,10,-1,-1
829.03436,545.29376,44.51544,27.324585,0.0717271,5,-1,-1
596.5948,612.2024,50.510376,22.258545,0.0713695,8,-1,-1
531.58325,597.8215,41.288757,24.38385,0.07133639,4,-1,-1
756.4237,603.4575,38.509216,27.152039,0.07132006,4,-1,-1
748.05225,622.57874,34.96405,27.596375,0.071068466,4,-1,-1
16.20117,453.5288,43.24398,26.299927,0.070756555,4,-1,-1
383.68796,545.3915,40.5235,22.797363,0.070457935,5,-1,-1
718.46,612.5247,44.010498,25.657898,0.070441425,4,-1,-1
836.59625,510.4295,55.081726,30.219666,0.07012361,4,-1,-1
873.7943,495.599,43.27478,22.775085,0.07011092,4,-1,-1
838.53174,558.40967,32.19867,30.433228,0.06998494,4,-1,-1
535.40076,861.834,26.006897,41.36859,0.069863826,10,-1,-1
857.1426,535.7967,35.249023,26.226318,0.06971419,4,-1,-1
582.1609,555.41064,47.349365,21.8526,0.06957042,4,-1,-1
875.34247,606.28796,25.746216,38.97455,0.06915605,1,-1,-1
13.134034,462.31647,47.646797,24.193604,0.068721265,4,-1,-1
39.48049,456.78543,39.504898,24.05426,0.06838459,8,-1,-1
864.92633,661.3147,23.33429,37.61194,0.06815383,4,-1,-1
352.74103,519.1742,48.096405,22.694702,0.06784043,4,-1,-1
710.9538,623.5658,36.307373,27.55371,0.067798704,4,-1,-1
986.46423,540.1027,38.961304,28.18451,0.06758866,10,-1,-1
863.987,821.5444,29.800415,30.768494,0.067524076,1,-1,-1
353.82492,538.86066,46.08612,27.024841,0.067275375,5,-1,-1
857.42267,507.66116,45.46411,23.426117,0.0671927,4,-1,-1
822.7979,594.61804,23.418396,38.825195,0.06678754,1,-1,-1
298.7574,525.96875,41.30899,23.417175,0.06663743,4,-1,-1
358.11792,554.81665,38.672424,24.474548,0.066324234,4,-1,-1
760.97754,624.0309,38.92633,27.345154,0.06618881,8,-1,-1
635.7446,629.60376,39.975098,28.696777,0.06614879,8,-1,-1
706.17487,583.8013,53.6994,23.886902,0.0660986,4,-1,-1
875.34247,606.28796,25.746216,38.97455,0.0660654,8,-1,-1
357.6171,501.31342,52.14276,20.682983,0.06594938,4,-1,-1
545.8145,687.4773,38.889526,28.499878,0.06584716,8,-1,-1
817.311,541.83875,47.457153,24.918335,0.0657928,1,-1,-1
1359.1837,867.2814,39.941284,41.738586,0.065577626,1,-1,-1
524.6879,892.4242,24.206177,43.297607,0.06507927,3,-1,-1
748.06506,610.9378,39.126587,26.058838,0.065033525,7,-1,-1
1131.4454,727.7457,43.007324,26.235107,0.06484312,3,-1,-1
831.4847,559.8359,39.356567,26.851746,0.06464717,5,-1,-1
446.90564,568.45026,42.970764,23.141418,0.064445674,5,-1,-1
670.7317,580.529,48.6875,26.488525,0.06444186,4,-1,-1
339.14276,519.75616,43.87564,25.44397,0.064418286,5,-1,-1
875.3181,486.46838,45.48761,24.112305,0.06425455,6,-1,-1
764.5397,623.606,34.624634,29.450378,0.06368616,1,-1,-1
850.4391,1021.0536,28.389221,27.633911,0.06363872,1,-1,-1
605.3686,618.0425,48.731384,24.550476,0.0635761,4,-1,-1
627.8035,571.1806,51.13922,25.23822,0.06322542,4,-1,-1
496.28394,651.455,42.13916,29.584167,0.06314412,4,-1,-1
876.2598,484.38672,48.057556,23.027496,0.06314361,4,-1,-1
39.48049,456.78543,39.504898,24.05426,0.06291622,5,-1,-1
1131.4454,727.7457,43.007324,26.235107,0.0628553,1,-1,-1
927.54694,533.7938,24.479797,37.03351,0.06281504,4,-1,-1
899.2339,464.20758,36.891235,26.389984,0.0627937,9,-1,-1
490.78235,572.06354,31.629517,28.22113,0.06272894,5,-1,-1
0.24897516,448.77304,36.768288,29.629395,0.06255087,5,-1,-1
889.2142,678.33,36.385742,36.945312,0.0625011,6,-1,-1
619.0857,560.90924,48.342224,22.413513,0.06248671,4,-1,-1
600.03796,568.5466,46.457092,22.796387,0.062292933,4,-1,-1
873.00824,506.78168,43.086304,23.654175,0.06222108,4,-1,-1
777.66473,620.8592,30.61792,31.95874,0.06216848,1,-1,-1
799.71295,805.56354,27.033203,35.749573,0.061817735,10,-1,-1
899.3291,473.63235,47.01367,25.86145,0.061600626,6,-1,-1
313.54962,533.11426,38.746002,26.612122,0.06143707,4,-1,-1
760.97754,624.0309,38.92633,27.345154,0.061371684,7,-1,-1
755.06537,621.6822,33.33142,28.588806,0.060958266,1,-1,-1
599.07446,555.9763,49.604553,21.70227,0.06083724,4,-1,-1
656.8878,640.1943,34.883484,29.42871,0.06060028,1,-1,-1
965.05756,539.37915,42.391296,27.513794,0.060421467,10,-1,-1
664.9389,572.695,52.227478,26.42163,0.060405433,4,-1,-1
740.36847,611.17596,40.108154,25.91504,0.06021002,5,-1,-1
603.4362,614.03503,46.346863,21.962463,0.060176164,7,-1,-1
622.6896,627.36176,35.917114,28.674194,0.06002739,4,-1,-1
564.94806,607.97455,45.51056,24.214417,0.05998802,8,-1,-1
809.1963,547.2534,40.03528,28.27008,0.05992487,6,-1,-1
971.25696,547.7098,43.94702,27.563293,0.059788615,3,-1,-1
352.74103,519.1742,48.096405,22.694702,0.059782386,5,-1,-1
980.99725,537.6099,30.112732,37.238525,0.059578836,1,-1,-1
849.4044,548.5036,34.470764,30.624329,0.05940163,5,-1,-1
626.9946,624.5681,39.15576,27.009949,0.059334725,8,-1,-1
1131.1606,727.63824,43.732178,25.52069,0.059322536,4,-1,-1
496.372,652.2617,42.49597,28.596191,0.059309393,7,-1,-1
736.716,608.81433,37.341248,29.098083,0.05911392,4,-1,-1
303.03134,510.06866,37.268433,29.378601,0.059053123,4,-1,-1
619.80505,617.64545,47.928955,23.905945,0.058929175,5,-1,-1
888.8262,678.20856,37.186707,35.346375,0.058777183,3,-1,-1
664.9389,572.695,52.227478,26.42163,0.058603913,6,-1,-1
873.7943,495.599,43.27478,22.775085,0.057953417,6,-1,-1
496.372,652.2617,42.49597,28.596191,0.057921976,3,-1,-1
358.3876,510.59473,51.003387,21.035645,0.057666212,5,-1,-1
753.3061,629.51495,38.50183,27.271057,0.057638496,10,-1,-1
