666.94507,741.0355,31.788513,21.67633,0.7519871,1,-1,-1
487.26337,539.0019,20.083466,43.021545,0.7340743,1,-1,-1
563.2411,540.30414,40.57965,36.15039,0.67707574,10,-1,-1
570.5985,608.461,42.049377,26.507996,0.6578549,10,-1,-1
543.1723,530.31433,20.47168,35.40332,0.55094254,10,-1,-1
573.6806,598.7268,34.09265,28.713257,0.5098545,10,-1,-1
572.74493,520.1112,36.743713,22.615234,0.36716527,10,-1,-1
572.3742,619.4289,46.46057,24.51825,0.35915977,10,-1,-1
469.14362,371.57172,18.07483,35.94986,0.31335452,1,-1,-1
416.69214,500.09845,21.461182,43.01184,0.28046846,1,-1,-1
410.62405,558.9243,20.481476,35.818176,0.27129292,1,-1,-1
449.516,570.49554,20.467468,29.7641,0.23780227,1,-1,-1
649.61383,523.1263,42.188904,25.809875,0.235338,10,-1,-1
584.2969,734.2461,40.634094,23.511414,0.23526159,10,-1,-1
649.61383,523.1263,42.188904,25.809875,0.23303527,3,-1,-1
565.7178,523.9,39.279846,27.961914,0.20930761,10,-1,-1
578.94916,633.56415,46.96869,20.2771,0.19282946,10,-1,-1
576.6122,731.85736,42.056152,23.79358,0.17847824,2,-1,-1
573.0888,620.8283,45.178894,23.377808,0.17714122,3,-1,-1
578.94916,633.56415,46.96869,20.2771,0.171341,3,-1,-1
569.8898,625.74255,38.18097,26.352234,0.16256282,10,-1,-1
543.08154,530.3521,20.672852,35.08014,0.15394652,1,-1,-1
481.89865,533.9741,22.015656,36.585876,0.15377605,1,-1,-1
576.6122,731.85736,42.056152,23.79358,0.14891472,1,-1,-1
578.29596,648.9616,54.810486,25.149658,0.13741535,10,-1,-1
571.77496,606.6518,41.58185,27.470886,0.13625869,3,-1,-1
395.0818,501.77478,20.777954,37.127563,0.1341486,1,-1,-1
549.98065,531.8714,31.908325,33.83014,0.1287359,10,-1,-1
581.0454,649.4117,51.99829,24.917725,0.12848046,3,-1,-1
591.04767,661.952,53.19055,24.756165,0.12774834,3,-1,-1
573.1729,590.6237,32.896545,26.374939,0.124109596,10,-1,-1
543.08154,530.3521,20.672852,35.08014,0.1238834,2,-1,-1
551.461,540.20154,37.646545,33.165222,0.12334412,10,-1,-1
586.73126,655.4731,52.340332,26.095398,0.1173262,10,-1,-1
580.1446,639.6389,49.370544,22.453918,0.11580071,3,-1,-1
590.9068,700.4772,24.241394,29.362793,0.11472133,1,-1,-1
561.7496,526.6598,34.88855,39.67694,0.112480044,10,-1,-1
565.37256,477.0074,36.31964,21.160675,0.110325694,10,-1,-1
639.2443,614.6067,37.964905,19.65686,0.10996097,10,-1,-1
572.74493,520.1112,36.743713,22.615234,0.108760595,3,-1,-1
543.08154,530.3521,20.672852,35.08014,0.10806346,3,-1,-1
406.3547,454.498,28.626099,25.783844,0.10800567,1,-1,-1
691.1061,762.2301,28.477112,22.528564,0.107976764,1,-1,-1
590.9068,700.4772,24.241394,29.362793,0.10727954,2,-1,-1
591.307,663.21277,53.625977,24.251831,0.103571445,10,-1,-1
468.75058,370.314,18.162628,35.832947,0.09657362,10,-1,-1
598.6387,671.0622,47.04712,19.276428,0.0943037,3,-1,-1
570.3559,553.3835,37.96704,24.944885,0.09340057,10,-1,-1
580.67377,582.7909,22.601257,30.931763,0.09315011,10,-1,-1
583.34845,516.1848,35.39978,20.94043,0.09083912,10,-1,-1
571.9975,612.0474,29.435852,33.98944,0.090689,10,-1,-1
678.609,741.3013,34.896362,22.584656,0.09068471,1,-1,-1
586.79236,640.50616,48.59619,21.556702,0.090275675,10,-1,-1
637.04297,489.37076,43.634705,19.065063,0.08864784,4,-1,-1
416.49362,500.07367,21.906403,42.178284,0.08779213,2,-1,-1
406.46005,568.2087,22.079529,34.07361,0.08686319,1,-1,-1
570.3824,523.8822,30.94049,30.081116,0.085784286,2,-1,-1
457.52414,375.68372,20.858032,32.91324,0.085121214,1,-1,-1
410.62405,558.9243,20.481476,35.818176,0.0845297,2,-1,-1
674.60443,746.9227,32.667786,21.720337,0.083565,1,-1,-1
693.57635,749.22504,24.804077,24.9682,0.083507836,1,-1,-1
585.8529,735.2174,39.888123,23.278687,0.08299032,3,-1,-1
405.6243,500.7426,23.406067,41.483826,0.08208588,1,-1,-1
569.8898,625.74255,38.18097,26.352234,0.07986069,3,-1,-1
587.23816,723.6336,27.17212,30.487183,0.079232216,2,-1,-1
567.22253,536.65125,33.947815,37.224976,0.078998715,2,-1,-1
572.8556,726.53455,33.16327,26.046753,0.07869983,2,-1,-1
639.2443,614.6067,37.964905,19.65686,0.07743728,3,-1,-1
572.9978,597.9733,36.17566,27.677673,0.07741436,3,-1,-1
583.5202,624.12427,47.64203,22.884949,0.07699421,10,-1,-1
576.84076,509.90503,32.401978,22.44757,0.076735824,10,-1,-1
593.20087,731.6982,34.11731,25.58435,0.075826496,1,-1,-1
581.2901,540.0195,27.318298,34.535828,0.07440722,10,-1,-1
585.95715,625.629,44.807922,20.801514,0.07245681,3,-1,-1
572.8556,726.53455,33.16327,26.046753,0.069547534,1,-1,-1
648.772,534.35754,40.55078,22.910156,0.06756505,3,-1,-1
574.7003,730.3314,40.342712,24.475403,0.06569415,10,-1,-1
566.8116,524.30725,38.32776,27.37262,0.065006495,3,-1,-1
572.74493,520.1112,36.743713,22.615234,0.06448543,4,-1,-1
571.68616,520.0764,37.9834,23.44867,0.06410962,8,-1,-1
468.75058,370.314,18.162628,35.832947,0.063821465,2,-1,-1
595.5619,706.62103,23.000366,31.369995,0.061822534,1,-1,-1
554.9868,553.1571,41.94812,24.373413,0.06155455,10,-1,-1
450.4851,381.7549,18.276215,35.614075,0.0614163,1,-1,-1
572.61444,662.8905,52.53351,24.601501,0.0613707,3,-1,-1
691.06274,763.5954,31.349915,21.314941,0.06135142,10,-1,-1
583.34845,516.1848,35.39978,20.94043,0.058879495,3,-1,-1
667.2058,741.08844,31.375183,21.584473,0.05844924,2,-1,-1
563.57306,525.37177,29.389343,32.115417,0.057840526,1,-1,-1
491.10995,535.5773,22.125336,35.00409,0.057386518,1,-1,-1
564.5272,550.16754,40.024597,27.48529,0.056876928,3,-1,-1
587.23816,723.6336,27.17212,30.487183,0.056194186,1,-1,-1
553.70917,522.93805,35.5636,30.631287,0.0559915,10,-1,-1
567.16785,618.63525,32.35193,28.724426,0.05529639,3,-1,-1
573.5298,637.77295,47.17273,26.831543,0.054557234,10,-1,-1
563.24963,535.128,33.073364,37.06549,0.054528266,1,-1,-1
637.9761,621.2499,37.961853,19.521057,0.05446002,10,-1,-1
586.6648,522.9353,24.08142,32.64557,0.054372072,10,-1,-1
641.4942,580.98956,23.684204,33.754883,0.054283828,1,-1,-1
570.547,651.25806,37.049805,30.30133,0.054044068,3,-1,-1
591.517,700.36414,23.60669,29.787598,0.053740203,10,-1,-1
565.37256,477.0074,36.31964,21.160675,0.053647578,3,-1,-1
595.5619,706.62103,23.000366,31.369995,0.052725106,2,-1,-1
560.74036,535.72546,38.499207,36.428955,0.052071393,3,-1,-1
639.14624,596.107,29.068726,26.0766,0.051787257,10,-1,-1
567.1827,477.5462,39.14978,20.593903,0.051326364,4,-1,-1
593.20087,731.6982,34.11731,25.58435,0.0510388,2,-1,-1
601.4154,631.9014,38.626404,22.757019,0.05102992,10,-1,-1
552.5732,530.23224,27.484436,37.523132,0.050765753,1,-1,-1
692.753,762.07324,28.48413,22.056152,0.05073905,2,-1,-1
422.68005,623.9542,28.82251,25.401794,0.0505625,10,-1,-1
601.4154,631.9014,38.626404,22.757019,0.050552696,3,-1,-1
